home,Team,Team_opp,fg_max,fga_max,3p_max,3pa_max,ft_max,fta_max,fg_max_opp,fga_max_opp,3p_max_opp,3pa_max_opp,ft_max_opp,fta_max_opp,win_rate_5,season_win_rate,opp_win_rate_5,opp_season_win_rate,days_rest,opp_days_rest,won,season
1,0,1,8.0,18.0,6.0,9.0,4.0,5.0,10.0,23.0,4.0,9.0,6.0,8.0,0.5,0.5,0.5,0.5,3.0,3.0,False,2018
0,1,0,10.0,23.0,4.0,9.0,6.0,8.0,8.0,18.0,6.0,9.0,4.0,5.0,0.5,0.5,0.5,0.0,3.0,3.0,True,2018
0,2,3,11.0,23.0,4.0,9.0,5.0,7.0,12.0,19.0,1.0,5.0,6.0,7.0,0.5,0.5,0.5,0.5,3.0,3.0,False,2018
1,3,2,12.0,19.0,1.0,5.0,6.0,7.0,11.0,23.0,4.0,9.0,5.0,7.0,0.5,0.5,0.5,0.0,3.0,3.0,True,2018
0,4,2,13.0,22.0,3.0,5.0,11.0,13.0,7.0,25.0,3.0,7.0,4.0,6.0,0.5,0.5,0.5,0.0,3.0,1.0,True,2018
0,1,15,10.0,23.0,4.0,14.0,7.0,8.0,10.0,17.0,3.0,7.0,3.0,4.0,0.5,1.0,0.5,0.5,1.0,3.0,True,2018
1,5,23,9.0,21.0,3.0,7.0,6.0,7.0,9.0,15.0,4.0,6.0,4.0,9.0,0.5,0.5,0.5,0.5,3.0,3.0,True,2018
1,2,4,7.0,25.0,3.0,7.0,4.0,6.0,13.0,22.0,3.0,5.0,11.0,13.0,0.5,0.0,0.5,1.0,1.0,3.0,False,2018
0,6,22,12.0,22.0,4.0,8.0,8.0,8.0,9.0,19.0,2.0,9.0,8.0,10.0,0.5,0.5,0.5,0.5,3.0,3.0,False,2018
1,7,17,6.0,18.0,2.0,6.0,4.0,4.0,10.0,20.0,4.0,7.0,7.0,10.0,0.5,0.5,0.5,0.5,3.0,3.0,False,2018
0,8,16,9.0,23.0,3.0,9.0,14.0,17.0,9.0,18.0,4.0,9.0,5.0,7.0,0.5,0.5,0.5,0.5,3.0,3.0,False,2018
0,9,13,13.0,26.0,4.0,6.0,3.0,4.0,6.0,14.0,5.0,9.0,8.0,9.0,0.5,0.5,0.5,0.5,3.0,3.0,True,2018
1,10,12,9.0,17.0,3.0,7.0,7.0,8.0,11.0,19.0,2.0,7.0,4.0,4.0,0.5,0.5,0.5,0.5,3.0,3.0,True,2018
1,11,20,7.0,14.0,3.0,5.0,4.0,4.0,8.0,15.0,3.0,5.0,4.0,5.0,0.5,0.5,0.5,0.5,3.0,3.0,True,2018
0,12,10,11.0,19.0,2.0,7.0,4.0,4.0,9.0,17.0,3.0,7.0,7.0,8.0,0.5,0.5,0.5,1.0,3.0,3.0,False,2018
1,13,9,6.0,14.0,5.0,9.0,8.0,9.0,13.0,26.0,4.0,6.0,3.0,4.0,0.5,0.5,0.5,1.0,3.0,3.0,False,2018
1,14,18,10.0,28.0,3.0,6.0,12.0,16.0,9.0,15.0,7.0,11.0,4.0,6.0,0.5,0.5,0.5,0.5,3.0,3.0,True,2018
1,15,1,10.0,17.0,3.0,7.0,3.0,4.0,10.0,23.0,4.0,14.0,7.0,8.0,0.5,0.5,0.5,1.0,3.0,1.0,False,2018
1,16,8,9.0,18.0,4.0,9.0,5.0,7.0,9.0,23.0,3.0,9.0,14.0,17.0,0.5,0.5,0.5,0.0,3.0,3.0,True,2018
0,17,7,10.0,20.0,4.0,7.0,7.0,10.0,6.0,18.0,2.0,6.0,4.0,4.0,0.5,0.5,0.5,0.0,3.0,3.0,True,2018
0,18,14,9.0,15.0,7.0,11.0,4.0,6.0,10.0,28.0,3.0,6.0,12.0,16.0,0.5,0.5,0.5,1.0,3.0,3.0,False,2018
1,19,21,11.0,18.0,4.0,7.0,3.0,3.0,6.0,13.0,2.0,6.0,11.0,13.0,0.5,0.5,0.5,0.5,3.0,3.0,True,2018
0,20,11,8.0,15.0,3.0,5.0,4.0,5.0,7.0,14.0,3.0,5.0,4.0,4.0,0.5,0.5,0.5,1.0,3.0,3.0,False,2018
0,21,19,6.0,13.0,2.0,6.0,11.0,13.0,11.0,18.0,4.0,7.0,3.0,3.0,0.5,0.5,0.5,1.0,3.0,3.0,False,2018
1,22,6,9.0,19.0,2.0,9.0,8.0,10.0,12.0,22.0,4.0,8.0,8.0,8.0,0.5,0.5,0.5,0.0,3.0,3.0,True,2018
0,23,5,9.0,15.0,4.0,6.0,4.0,9.0,9.0,21.0,3.0,7.0,6.0,7.0,0.5,0.5,0.5,1.0,3.0,3.0,False,2018
0,24,29,12.0,23.0,3.0,6.0,4.0,4.0,7.0,19.0,2.0,5.0,6.0,7.0,0.5,0.5,0.5,0.5,3.0,3.0,True,2018
1,25,27,9.0,17.0,6.0,9.0,7.0,8.0,7.0,16.0,4.0,12.0,5.0,6.0,0.5,0.5,0.5,0.5,3.0,3.0,True,2018
1,26,28,9.0,23.0,6.0,13.0,7.0,10.0,11.0,25.0,2.0,7.0,7.0,9.0,0.5,0.5,0.5,0.5,3.0,3.0,True,2018
0,27,25,7.0,16.0,4.0,12.0,5.0,6.0,9.0,17.0,6.0,9.0,7.0,8.0,0.5,0.5,0.5,1.0,3.0,3.0,False,2018
0,28,26,11.0,25.0,2.0,7.0,7.0,9.0,9.0,23.0,6.0,13.0,7.0,10.0,0.5,0.5,0.5,1.0,3.0,3.0,False,2018
1,29,24,7.0,19.0,2.0,5.0,6.0,7.0,12.0,23.0,3.0,6.0,4.0,4.0,0.5,0.5,0.5,1.0,3.0,3.0,False,2018
0,10,6,17.0,22.0,6.0,8.0,4.0,4.0,8.0,16.0,3.0,5.0,6.0,8.0,0.5,1.0,0.5,0.0,2.0,2.0,False,2018
1,7,29,10.0,19.0,4.0,8.0,5.0,8.0,12.0,27.0,4.0,9.0,5.0,7.0,0.5,0.0,0.5,0.0,2.0,1.0,False,2018
1,8,0,15.0,23.0,4.0,8.0,10.0,13.0,13.0,20.0,7.0,13.0,10.0,10.0,0.5,0.0,0.5,0.0,2.0,3.0,False,2018
0,3,4,10.0,16.0,5.0,6.0,7.0,7.0,15.0,22.0,4.0,9.0,4.0,6.0,0.5,1.0,0.5,1.0,3.0,2.0,True,2018
0,0,8,13.0,20.0,7.0,13.0,10.0,10.0,15.0,23.0,4.0,8.0,10.0,13.0,0.5,0.0,0.5,0.0,3.0,2.0,True,2018
1,4,3,15.0,22.0,4.0,9.0,4.0,6.0,10.0,16.0,5.0,6.0,7.0,7.0,0.5,1.0,0.5,1.0,2.0,3.0,False,2018
0,15,13,9.0,15.0,3.0,6.0,4.0,4.0,8.0,18.0,3.0,7.0,7.0,9.0,0.5,0.0,0.5,0.0,2.0,2.0,True,2018
1,22,17,7.0,17.0,2.0,4.0,7.0,9.0,12.0,18.0,3.0,4.0,4.0,4.0,0.5,1.0,0.5,1.0,2.0,2.0,False,2018
1,6,10,8.0,16.0,3.0,5.0,6.0,8.0,17.0,22.0,6.0,8.0,4.0,4.0,0.5,0.0,0.5,0.5,2.0,2.0,True,2018
0,29,7,12.0,27.0,4.0,9.0,5.0,7.0,10.0,19.0,4.0,8.0,5.0,8.0,0.5,0.0,0.5,0.0,1.0,2.0,True,2018
0,17,22,12.0,18.0,3.0,4.0,4.0,4.0,7.0,17.0,2.0,4.0,7.0,9.0,0.5,1.0,0.5,0.5,2.0,2.0,True,2018
0,2,18,7.0,17.0,3.0,7.0,9.0,9.0,7.0,16.0,4.0,7.0,3.0,6.0,0.5,0.0,0.5,0.0,2.0,2.0,True,2018
0,19,14,8.0,21.0,3.0,7.0,4.0,5.0,11.0,19.0,2.0,4.0,9.0,11.0,0.5,1.0,0.5,1.0,2.0,2.0,False,2018
1,23,11,7.0,19.0,3.0,6.0,6.0,8.0,8.0,15.0,4.0,7.0,10.0,11.0,0.5,0.0,0.5,1.0,2.0,2.0,True,2018
0,11,23,8.0,15.0,4.0,7.0,10.0,11.0,7.0,19.0,3.0,6.0,6.0,8.0,0.5,1.0,0.5,0.5,2.0,2.0,False,2018
0,9,21,11.0,21.0,2.0,6.0,3.0,3.0,8.0,17.0,4.0,8.0,10.0,12.0,0.5,1.0,0.5,0.0,2.0,2.0,False,2018
1,14,19,11.0,19.0,2.0,4.0,9.0,11.0,8.0,21.0,3.0,7.0,4.0,5.0,0.5,1.0,0.5,0.5,2.0,2.0,True,2018
1,21,9,8.0,17.0,4.0,8.0,10.0,12.0,11.0,21.0,2.0,6.0,3.0,3.0,0.5,0.0,0.5,0.5,2.0,2.0,True,2018
1,18,2,7.0,16.0,4.0,7.0,3.0,6.0,7.0,17.0,3.0,7.0,9.0,9.0,0.5,0.0,0.5,0.3333333333333333,2.0,2.0,False,2018
1,13,15,8.0,18.0,3.0,7.0,7.0,9.0,9.0,15.0,3.0,6.0,4.0,4.0,0.5,0.0,0.5,0.5,2.0,2.0,False,2018
0,13,1,7.0,17.0,3.0,6.0,4.0,4.0,10.0,19.0,6.0,13.0,7.0,8.0,0.5,0.0,0.5,1.0,1.0,3.0,False,2018
0,26,11,12.0,26.0,3.0,9.0,3.0,6.0,8.0,14.0,5.0,9.0,5.0,6.0,0.5,1.0,0.5,0.5,2.0,1.0,False,2018
0,0,16,11.0,24.0,6.0,11.0,13.0,13.0,8.0,16.0,2.0,6.0,16.0,17.0,0.5,0.5,0.5,1.0,1.0,3.0,False,2018
1,16,0,8.0,16.0,2.0,6.0,16.0,17.0,11.0,24.0,6.0,11.0,13.0,13.0,0.5,1.0,0.5,0.3333333333333333,3.0,1.0,True,2018
1,25,18,8.0,12.0,5.0,10.0,14.0,16.0,7.0,16.0,2.0,7.0,4.0,8.0,0.5,1.0,0.5,0.0,2.0,1.0,True,2018
1,11,26,8.0,14.0,5.0,9.0,5.0,6.0,12.0,26.0,3.0,9.0,3.0,6.0,0.5,0.5,0.5,0.5,1.0,2.0,True,2018
1,20,15,7.0,13.0,3.0,8.0,4.0,6.0,8.0,13.0,2.0,4.0,2.0,3.0,0.5,0.0,0.5,0.5,3.0,1.0,True,2018
0,18,25,7.0,16.0,2.0,7.0,4.0,8.0,8.0,12.0,5.0,10.0,14.0,16.0,0.5,0.0,0.5,1.0,1.0,2.0,False,2018
1,1,13,10.0,19.0,6.0,13.0,7.0,8.0,7.0,17.0,3.0,6.0,4.0,4.0,0.5,1.0,0.5,0.0,3.0,1.0,True,2018
0,19,28,13.0,24.0,3.0,9.0,7.0,7.0,11.0,20.0,3.0,10.0,8.0,10.0,0.5,0.5,0.5,0.0,1.0,2.0,True,2018
0,5,27,12.0,24.0,1.0,3.0,4.0,5.0,7.0,18.0,3.0,8.0,3.0,3.0,0.5,1.0,0.5,0.0,3.0,2.0,True,2018
1,3,10,8.0,17.0,4.0,5.0,7.0,10.0,11.0,16.0,3.0,6.0,4.0,4.0,0.5,1.0,0.5,0.5,1.0,1.0,False,2018
0,17,4,9.0,18.0,3.0,6.0,11.0,12.0,17.0,23.0,3.0,4.0,9.0,13.0,0.5,1.0,0.5,0.5,1.0,1.0,False,2018
1,12,22,9.0,16.0,3.0,6.0,3.0,5.0,10.0,23.0,4.0,8.0,6.0,8.0,0.5,0.0,0.5,0.5,3.0,1.0,True,2018
1,27,5,7.0,18.0,3.0,8.0,3.0,3.0,12.0,24.0,1.0,3.0,4.0,5.0,0.5,0.0,0.5,1.0,2.0,3.0,False,2018
1,4,17,17.0,23.0,3.0,4.0,9.0,13.0,9.0,18.0,3.0,6.0,11.0,12.0,0.5,0.5,0.5,0.6666666666666666,1.0,1.0,True,2018
1,28,19,11.0,20.0,3.0,10.0,8.0,10.0,13.0,24.0,3.0,9.0,7.0,7.0,0.5,0.0,0.5,0.6666666666666666,2.0,1.0,False,2018
1,24,7,7.0,14.0,3.0,8.0,12.0,14.0,5.0,14.0,2.0,5.0,9.0,11.0,0.5,1.0,0.5,0.0,2.0,1.0,True,2018
0,10,3,11.0,16.0,3.0,6.0,4.0,4.0,8.0,17.0,4.0,5.0,7.0,10.0,0.5,0.5,0.5,0.6666666666666666,1.0,1.0,True,2018
0,7,24,5.0,14.0,2.0,5.0,9.0,11.0,7.0,14.0,3.0,8.0,12.0,14.0,0.5,0.0,0.5,1.0,1.0,2.0,False,2018
0,15,20,8.0,13.0,2.0,4.0,2.0,3.0,7.0,13.0,3.0,8.0,4.0,6.0,0.5,0.5,0.5,0.5,1.0,3.0,False,2018
0,22,12,10.0,23.0,4.0,8.0,6.0,8.0,9.0,16.0,3.0,6.0,3.0,5.0,0.5,0.5,0.5,0.5,1.0,3.0,False,2018
1,6,9,7.0,13.0,4.0,7.0,7.0,10.0,5.0,22.0,3.0,7.0,8.0,8.0,0.5,0.5,0.5,0.5,2.0,2.0,True,2018
1,29,8,10.0,18.0,3.0,6.0,4.0,4.0,9.0,18.0,3.0,6.0,8.0,10.0,0.5,0.5,0.5,0.0,2.0,2.0,False,2018
0,9,6,5.0,22.0,3.0,7.0,8.0,8.0,7.0,13.0,4.0,7.0,7.0,10.0,0.5,0.5,0.5,0.6666666666666666,2.0,2.0,False,2018
0,8,29,9.0,18.0,3.0,6.0,8.0,10.0,10.0,18.0,3.0,6.0,4.0,4.0,0.5,0.0,0.5,0.3333333333333333,2.0,2.0,True,2018
1,26,23,12.0,24.0,5.0,8.0,3.0,5.0,11.0,20.0,2.0,7.0,8.0,8.0,0.5,0.5,0.5,0.5,1.0,2.0,False,2018
0,23,26,11.0,20.0,2.0,7.0,8.0,8.0,12.0,24.0,5.0,8.0,3.0,5.0,0.5,0.5,0.5,0.3333333333333333,2.0,1.0,True,2018
0,16,1,8.0,15.0,2.0,5.0,10.0,10.0,8.0,20.0,5.0,15.0,6.0,8.0,0.5,1.0,0.5,1.0,2.0,2.0,True,2018
1,7,15,8.0,16.0,2.0,7.0,5.0,6.0,8.0,16.0,6.0,8.0,5.0,7.0,0.5,0.0,0.5,0.3333333333333333,2.0,2.0,True,2018
0,0,13,9.0,16.0,4.0,10.0,13.0,13.0,7.0,15.0,3.0,7.0,4.0,10.0,0.5,0.3333333333333333,0.5,0.0,2.0,2.0,True,2018
0,25,5,10.0,20.0,3.0,8.0,6.0,9.0,7.0,16.0,3.0,8.0,6.0,7.0,0.5,1.0,0.5,1.0,2.0,2.0,False,2018
1,13,0,7.0,15.0,3.0,7.0,4.0,10.0,9.0,16.0,4.0,10.0,13.0,13.0,0.5,0.0,0.5,0.5,2.0,2.0,False,2018
1,1,16,8.0,20.0,5.0,15.0,6.0,8.0,8.0,15.0,2.0,5.0,10.0,10.0,0.5,1.0,0.5,1.0,2.0,2.0,False,2018
1,4,21,13.0,21.0,5.0,9.0,6.0,8.0,6.0,17.0,3.0,6.0,6.0,9.0,0.5,0.6666666666666666,0.5,0.5,2.0,3.0,True,2018
0,21,4,6.0,17.0,3.0,6.0,6.0,9.0,13.0,21.0,5.0,9.0,6.0,8.0,0.5,0.5,0.5,0.75,3.0,2.0,False,2018
0,15,7,8.0,16.0,6.0,8.0,5.0,7.0,8.0,16.0,2.0,7.0,5.0,6.0,0.5,0.3333333333333333,0.5,0.25,2.0,2.0,False,2018
0,9,12,9.0,17.0,2.0,4.0,7.0,10.0,8.0,17.0,6.0,9.0,4.0,6.0,0.5,0.3333333333333333,0.5,0.5,1.0,2.0,False,2018
1,12,9,8.0,17.0,6.0,9.0,4.0,6.0,9.0,17.0,2.0,4.0,7.0,10.0,0.5,0.5,0.5,0.25,2.0,1.0,True,2018
0,14,20,8.0,17.0,3.0,6.0,13.0,15.0,9.0,15.0,3.0,6.0,8.0,8.0,0.5,1.0,0.5,0.5,3.0,2.0,True,2018
0,18,19,11.0,15.0,3.0,5.0,7.0,8.0,7.0,17.0,3.0,6.0,6.0,6.0,0.5,0.0,0.5,0.6666666666666666,2.0,2.0,True,2018
1,19,18,7.0,17.0,3.0,6.0,6.0,6.0,11.0,15.0,3.0,5.0,7.0,8.0,0.5,0.6666666666666666,0.5,0.25,2.0,2.0,False,2018
1,20,14,9.0,15.0,3.0,6.0,8.0,8.0,8.0,17.0,3.0,6.0,13.0,15.0,0.5,0.5,0.5,1.0,2.0,3.0,False,2018
1,5,25,7.0,16.0,3.0,8.0,6.0,7.0,10.0,20.0,3.0,8.0,6.0,9.0,0.5,1.0,0.5,0.6666666666666666,2.0,2.0,True,2018
0,27,3,8.0,17.0,5.0,9.0,5.0,6.0,13.0,20.0,4.0,7.0,7.0,8.0,0.5,0.0,0.5,0.6666666666666666,3.0,3.0,False,2018
1,23,22,12.0,17.0,4.0,8.0,4.0,6.0,11.0,16.0,5.0,6.0,4.0,4.0,0.5,0.6666666666666666,0.5,0.3333333333333333,2.0,3.0,False,2018
1,2,28,9.0,16.0,4.0,6.0,9.0,9.0,7.0,14.0,1.0,5.0,6.0,9.0,0.5,0.3333333333333333,0.5,0.0,4.0,3.0,True,2018
0,28,2,7.0,14.0,1.0,5.0,6.0,9.0,9.0,16.0,4.0,6.0,9.0,9.0,0.5,0.0,0.5,0.5,3.0,4.0,False,2018
0,22,23,11.0,16.0,5.0,6.0,4.0,4.0,12.0,17.0,4.0,8.0,4.0,6.0,0.5,0.3333333333333333,0.5,0.5,3.0,2.0,True,2018
1,24,11,8.0,17.0,4.0,7.0,4.0,6.0,7.0,20.0,3.0,9.0,2.0,3.0,0.5,1.0,0.5,0.6666666666666666,3.0,3.0,True,2018
0,11,24,7.0,20.0,3.0,9.0,2.0,3.0,8.0,17.0,4.0,7.0,4.0,6.0,0.5,0.6666666666666666,0.5,1.0,3.0,3.0,False,2018
0,6,10,9.0,24.0,4.0,8.0,7.0,8.0,14.0,18.0,5.0,5.0,8.0,10.0,0.5,0.6666666666666666,0.5,0.6666666666666666,2.0,3.0,False,2018
1,10,6,14.0,18.0,5.0,5.0,8.0,10.0,9.0,24.0,4.0,8.0,7.0,8.0,0.5,0.6666666666666666,0.5,0.5,3.0,2.0,True,2018
0,8,17,12.0,23.0,3.0,10.0,12.0,17.0,7.0,16.0,4.0,8.0,6.0,9.0,0.5,0.3333333333333333,0.5,0.6666666666666666,2.0,3.0,False,2018
1,17,8,7.0,16.0,4.0,8.0,6.0,9.0,12.0,23.0,3.0,10.0,12.0,17.0,0.5,0.6666666666666666,0.5,0.25,3.0,2.0,True,2018
1,3,27,13.0,20.0,4.0,7.0,7.0,8.0,8.0,17.0,5.0,9.0,5.0,6.0,0.5,0.6666666666666666,0.5,0.0,3.0,3.0,True,2018
1,29,14,8.0,16.0,3.0,8.0,3.0,3.0,11.0,23.0,2.0,7.0,4.0,6.0,0.5,0.3333333333333333,0.5,1.0,3.0,2.0,True,2018
0,20,21,8.0,20.0,4.0,9.0,2.0,5.0,9.0,15.0,3.0,9.0,9.0,11.0,0.5,0.3333333333333333,0.5,0.3333333333333333,2.0,2.0,False,2018
0,5,12,12.0,20.0,3.0,5.0,9.0,11.0,9.0,16.0,3.0,7.0,6.0,6.0,0.5,1.0,0.5,0.6666666666666666,2.0,2.0,True,2018
1,13,16,8.0,13.0,3.0,6.0,6.0,9.0,9.0,15.0,5.0,8.0,4.0,8.0,0.5,0.0,0.5,1.0,2.0,2.0,True,2018
0,23,19,8.0,16.0,3.0,6.0,6.0,9.0,14.0,24.0,6.0,9.0,3.0,6.0,0.5,0.5,0.5,0.5,1.0,2.0,False,2018
0,14,29,11.0,23.0,2.0,7.0,4.0,6.0,8.0,16.0,3.0,8.0,3.0,3.0,0.5,1.0,0.5,0.5,2.0,3.0,False,2018
1,21,20,9.0,15.0,3.0,9.0,9.0,11.0,8.0,20.0,4.0,9.0,2.0,5.0,0.5,0.3333333333333333,0.5,0.25,2.0,2.0,True,2018
1,19,23,14.0,24.0,6.0,9.0,3.0,6.0,8.0,16.0,3.0,6.0,6.0,9.0,0.5,0.5,0.0,0.4,2.0,1.0,True,2018
0,11,7,7.0,16.0,2.0,7.0,6.0,8.0,12.0,19.0,2.0,4.0,3.0,4.0,0.5,0.5,0.5,0.25,1.0,2.0,False,2018
1,12,5,9.0,16.0,3.0,7.0,6.0,6.0,12.0,20.0,3.0,5.0,9.0,11.0,0.5,0.6666666666666666,0.5,1.0,2.0,2.0,False,2018
1,0,25,11.0,20.0,4.0,11.0,8.0,8.0,9.0,18.0,2.0,8.0,6.0,7.0,0.5,0.5,0.5,0.6666666666666666,2.0,2.0,True,2018
1,7,11,12.0,19.0,2.0,4.0,3.0,4.0,7.0,16.0,2.0,7.0,6.0,8.0,0.5,0.25,0.0,0.4,2.0,1.0,True,2018
1,6,3,7.0,16.0,4.0,10.0,7.0,8.0,12.0,20.0,5.0,11.0,6.0,8.0,0.5,0.5,0.5,0.75,1.0,1.0,True,2018
0,1,18,10.0,20.0,5.0,16.0,10.0,12.0,9.0,18.0,4.0,12.0,4.0,5.0,0.5,0.75,0.5,0.25,2.0,2.0,True,2018
0,22,26,11.0,18.0,5.0,8.0,8.0,8.0,10.0,18.0,3.0,7.0,7.0,10.0,0.5,0.5,0.5,0.3333333333333333,1.0,3.0,False,2018
1,26,22,10.0,18.0,3.0,7.0,7.0,10.0,11.0,18.0,5.0,8.0,8.0,8.0,0.5,0.3333333333333333,0.16,0.4,3.0,1.0,True,2018
1,18,1,9.0,18.0,4.0,12.0,4.0,5.0,10.0,20.0,5.0,16.0,10.0,12.0,0.5,0.25,0.04,0.8,2.0,2.0,False,2018
0,25,0,9.0,18.0,2.0,8.0,6.0,7.0,11.0,20.0,4.0,11.0,8.0,8.0,0.5,0.6666666666666666,0.2,0.6,2.0,2.0,False,2018
0,16,13,9.0,15.0,5.0,8.0,4.0,8.0,8.0,13.0,3.0,6.0,6.0,9.0,0.5,1.0,0.04,0.2,2.0,2.0,False,2018
0,3,6,12.0,20.0,5.0,11.0,6.0,8.0,7.0,16.0,4.0,10.0,7.0,8.0,0.5,0.75,0.04,0.6,1.0,1.0,False,2018
1,27,9,8.0,19.0,2.0,9.0,7.0,10.0,8.0,19.0,5.0,9.0,3.0,5.0,0.5,0.0,0.5,0.25,2.0,3.0,True,2018
0,13,16,9.0,20.0,4.0,8.0,4.0,4.0,8.0,16.0,3.0,8.0,10.0,12.0,0.04,0.2,0.5,0.75,1.0,1.0,False,2018
1,4,2,10.0,21.0,3.0,5.0,6.0,7.0,11.0,18.0,4.0,6.0,6.0,6.0,0.5,0.75,0.5,0.5,3.0,2.0,False,2018
0,2,4,11.0,18.0,4.0,6.0,6.0,6.0,10.0,21.0,3.0,5.0,6.0,7.0,0.5,0.5,0.16,0.6,2.0,3.0,True,2018
0,8,15,14.0,25.0,4.0,8.0,10.0,12.0,5.0,13.0,1.0,6.0,5.0,5.0,0.5,0.25,0.5,0.25,2.0,3.0,True,2018
0,24,17,10.0,16.0,3.0,5.0,8.0,8.0,8.0,19.0,5.0,9.0,7.0,7.0,0.5,1.0,0.5,0.75,2.0,2.0,True,2018
1,15,8,5.0,13.0,1.0,6.0,5.0,5.0,14.0,25.0,4.0,8.0,10.0,12.0,0.5,0.25,0.04,0.4,3.0,2.0,False,2018
1,16,13,8.0,16.0,3.0,8.0,10.0,12.0,9.0,20.0,4.0,8.0,4.0,4.0,0.5,0.75,0.032,0.16666666666666666,1.0,1.0,True,2018
0,9,27,8.0,19.0,5.0,9.0,3.0,5.0,8.0,19.0,2.0,9.0,7.0,10.0,0.5,0.25,0.5,0.25,3.0,2.0,False,2018
1,17,24,8.0,19.0,5.0,9.0,7.0,7.0,10.0,16.0,3.0,5.0,8.0,8.0,0.5,0.75,0.5,1.0,2.0,2.0,False,2018
0,20,9,8.0,17.0,2.0,6.0,6.0,6.0,8.0,16.0,5.0,7.0,4.0,4.0,0.5,0.25,0.0,0.2,2.0,1.0,True,2018
0,14,0,11.0,20.0,7.0,9.0,6.0,6.0,9.0,20.0,4.0,13.0,9.0,9.0,0.5,0.75,0.2,0.6,2.0,2.0,False,2018
1,23,26,12.0,24.0,3.0,7.0,11.0,13.0,10.0,18.0,3.0,6.0,6.0,8.0,0.0,0.4,0.5,0.5,2.0,2.0,True,2018
1,9,20,8.0,16.0,5.0,7.0,4.0,4.0,8.0,17.0,2.0,6.0,6.0,6.0,0.0,0.2,0.04,0.4,1.0,2.0,False,2018
0,5,10,9.0,14.0,1.0,4.0,5.0,5.0,10.0,13.0,4.0,4.0,4.0,4.0,0.5,1.0,0.5,0.75,2.0,3.0,False,2018
1,10,5,10.0,13.0,4.0,4.0,4.0,4.0,9.0,14.0,1.0,4.0,5.0,5.0,0.5,0.75,0.16,0.8,3.0,2.0,True,2018
0,1,21,9.0,22.0,6.0,16.0,7.0,8.0,8.0,22.0,4.0,7.0,6.0,15.0,0.04,0.8,0.5,0.5,2.0,2.0,True,2018
1,21,1,8.0,22.0,4.0,7.0,6.0,15.0,9.0,22.0,6.0,16.0,7.0,8.0,0.5,0.5,0.072,0.8333333333333334,2.0,2.0,False,2018
0,26,23,10.0,18.0,3.0,6.0,6.0,8.0,12.0,24.0,3.0,7.0,11.0,13.0,0.5,0.5,0.04,0.5,2.0,2.0,False,2018
0,25,29,9.0,21.0,3.0,7.0,6.0,9.0,7.0,14.0,1.0,6.0,6.0,8.0,0.5,0.5,0.5,0.5,2.0,2.0,True,2018
1,28,6,13.0,24.0,3.0,6.0,3.0,4.0,6.0,10.0,4.0,6.0,4.0,5.0,0.5,0.0,0.04,0.6,3.0,2.0,True,2018
0,6,28,6.0,10.0,4.0,6.0,4.0,5.0,13.0,24.0,3.0,6.0,3.0,4.0,0.04,0.6,0.5,0.25,2.0,3.0,False,2018
1,0,14,9.0,20.0,4.0,13.0,9.0,9.0,11.0,20.0,7.0,9.0,6.0,6.0,0.2,0.6,0.0,0.6,2.0,2.0,True,2018
1,29,25,7.0,14.0,1.0,6.0,6.0,8.0,9.0,21.0,3.0,7.0,6.0,9.0,0.5,0.5,0.04,0.6,2.0,2.0,False,2018
1,12,2,9.0,15.0,2.0,6.0,7.0,8.0,10.0,23.0,2.0,8.0,6.0,7.0,0.5,0.5,0.2,0.6,3.0,2.0,False,2018
1,24,19,6.0,18.0,6.0,10.0,7.0,10.0,7.0,15.0,3.0,7.0,4.0,6.0,0.5,1.0,0.04,0.6,2.0,3.0,False,2018
1,11,29,9.0,16.0,4.0,7.0,5.0,6.0,7.0,14.0,3.0,6.0,3.0,5.0,0.0,0.4,0.16,0.4,3.0,1.0,True,2018
1,13,18,9.0,17.0,7.0,12.0,6.0,7.0,10.0,19.0,4.0,7.0,4.0,6.0,0.032,0.16666666666666666,0.16,0.2,2.0,3.0,False,2018
0,18,13,10.0,19.0,4.0,7.0,4.0,6.0,9.0,17.0,7.0,12.0,6.0,7.0,0.16,0.2,0.0256,0.14285714285714285,3.0,2.0,True,2018
0,29,11,7.0,14.0,3.0,6.0,3.0,5.0,9.0,16.0,4.0,7.0,5.0,6.0,0.16,0.4,0.04,0.5,1.0,3.0,False,2018
0,3,8,7.0,12.0,5.0,6.0,7.0,7.0,12.0,22.0,4.0,6.0,6.0,6.0,0.16,0.6,0.04,0.4,3.0,2.0,False,2018
1,8,3,12.0,22.0,4.0,6.0,6.0,6.0,7.0,12.0,5.0,6.0,7.0,7.0,0.04,0.4,0.128,0.5,2.0,3.0,True,2018
0,1,16,7.0,19.0,7.0,11.0,6.0,7.0,9.0,12.0,6.0,8.0,4.0,6.0,0.072,0.8333333333333334,0.04,0.8,1.0,2.0,False,2018
1,17,7,9.0,21.0,3.0,8.0,8.0,9.0,11.0,19.0,4.0,7.0,8.0,9.0,0.16,0.6,0.2,0.4,2.0,3.0,True,2018
1,27,26,4.0,16.0,3.0,10.0,6.0,6.0,8.0,16.0,5.0,9.0,4.0,6.0,0.5,0.25,0.16,0.4,2.0,1.0,False,2018
0,26,27,8.0,16.0,5.0,9.0,4.0,6.0,4.0,16.0,3.0,10.0,6.0,6.0,0.16,0.4,0.16,0.2,1.0,2.0,True,2018
0,2,12,10.0,23.0,2.0,8.0,6.0,7.0,9.0,15.0,2.0,6.0,7.0,8.0,0.2,0.6,0.0,0.4,2.0,3.0,True,2018
0,19,24,7.0,15.0,3.0,7.0,4.0,6.0,6.0,18.0,6.0,10.0,7.0,10.0,0.04,0.6,0.16,0.8,3.0,2.0,True,2018
1,16,1,9.0,12.0,6.0,8.0,4.0,6.0,7.0,19.0,7.0,11.0,6.0,7.0,0.04,0.8,0.0576,0.7142857142857143,2.0,1.0,True,2018
0,7,17,11.0,19.0,4.0,7.0,8.0,9.0,9.0,21.0,3.0,8.0,8.0,9.0,0.2,0.4,0.168,0.6666666666666666,3.0,2.0,False,2018
1,22,5,9.0,14.0,3.0,5.0,7.0,8.0,10.0,21.0,2.0,9.0,5.0,7.0,0.16,0.4,0.16,0.8,4.0,2.0,True,2018
1,15,14,7.0,11.0,1.0,5.0,3.0,4.0,7.0,12.0,5.0,7.0,3.0,4.0,0.0,0.2,0.0,0.6,3.0,2.0,False,2018
0,4,9,14.0,21.0,4.0,6.0,6.0,7.0,8.0,20.0,3.0,9.0,10.0,10.0,0.16,0.6,0.0,0.16666666666666666,3.0,2.0,True,2018
0,5,22,10.0,21.0,2.0,9.0,5.0,7.0,9.0,14.0,3.0,5.0,7.0,8.0,0.16,0.8,0.168,0.5,2.0,4.0,False,2018
0,19,0,8.0,18.0,5.0,7.0,5.0,5.0,12.0,19.0,4.0,7.0,5.0,6.0,0.072,0.6666666666666666,0.2,0.6666666666666666,1.0,2.0,True,2018
1,6,20,8.0,12.0,4.0,8.0,9.0,10.0,9.0,16.0,2.0,4.0,8.0,8.0,0.032,0.5,0.04,0.4,2.0,2.0,False,2018
1,9,4,8.0,20.0,3.0,9.0,10.0,10.0,14.0,21.0,4.0,6.0,6.0,7.0,0.0,0.16666666666666666,0.168,0.6666666666666666,2.0,3.0,False,2018
1,21,10,15.0,25.0,2.0,7.0,4.0,9.0,9.0,17.0,3.0,8.0,6.0,9.0,0.16,0.4,0.2,0.8,2.0,2.0,True,2018
0,10,21,9.0,17.0,3.0,8.0,6.0,9.0,15.0,25.0,2.0,7.0,4.0,9.0,0.2,0.8,0.168,0.5,2.0,2.0,False,2018
1,3,28,7.0,15.0,3.0,8.0,9.0,10.0,13.0,27.0,5.0,10.0,7.0,8.0,0.128,0.5,0.5,0.25,1.0,2.0,False,2018
0,28,3,13.0,27.0,5.0,10.0,7.0,8.0,7.0,15.0,3.0,8.0,9.0,10.0,0.5,0.25,0.1024,0.42857142857142855,2.0,1.0,True,2018
1,0,19,12.0,19.0,4.0,7.0,5.0,6.0,8.0,18.0,5.0,7.0,5.0,5.0,0.2,0.6666666666666666,0.09759999999999999,0.7142857142857143,2.0,1.0,False,2018
0,14,15,7.0,12.0,5.0,7.0,3.0,4.0,7.0,11.0,1.0,5.0,3.0,4.0,0.0,0.6,0.0,0.16666666666666666,2.0,3.0,True,2018
0,20,6,9.0,16.0,2.0,4.0,8.0,8.0,8.0,12.0,4.0,8.0,9.0,10.0,0.04,0.4,0.0256,0.42857142857142855,2.0,2.0,True,2018
1,1,18,8.0,21.0,5.0,14.0,10.0,12.0,10.0,15.0,3.0,6.0,7.0,9.0,0.0576,0.7142857142857143,0.168,0.3333333333333333,2.0,2.0,False,2018
1,2,5,10.0,16.0,3.0,7.0,5.0,5.0,6.0,13.0,3.0,4.0,3.0,5.0,0.2,0.6666666666666666,0.128,0.6666666666666666,2.0,1.0,True,2018
1,12,23,14.0,28.0,3.0,8.0,4.0,6.0,7.0,23.0,3.0,5.0,7.0,8.0,0.0,0.4,0.04,0.5,2.0,3.0,False,2018
0,25,17,10.0,20.0,3.0,6.0,5.0,7.0,12.0,23.0,3.0,8.0,9.0,10.0,0.04,0.6,0.168,0.6666666666666666,3.0,2.0,True,2018
1,17,25,12.0,23.0,3.0,8.0,9.0,10.0,10.0,20.0,3.0,6.0,5.0,7.0,0.168,0.6666666666666666,0.072,0.6666666666666666,2.0,3.0,False,2018
0,13,11,7.0,11.0,4.0,6.0,6.0,6.0,9.0,15.0,5.0,9.0,9.0,12.0,0.0256,0.14285714285714285,0.04,0.5,2.0,2.0,False,2018
0,23,12,7.0,23.0,3.0,5.0,7.0,8.0,14.0,28.0,3.0,8.0,4.0,6.0,0.04,0.5,0.0,0.3333333333333333,3.0,2.0,True,2018
0,10,8,9.0,17.0,6.0,10.0,5.0,5.0,13.0,20.0,2.0,7.0,13.0,15.0,0.16,0.6666666666666666,0.072,0.5,1.0,2.0,True,2018
1,8,10,13.0,20.0,2.0,7.0,13.0,15.0,9.0,17.0,6.0,10.0,5.0,5.0,0.072,0.5,0.168,0.7142857142857143,2.0,1.0,False,2018
0,0,24,9.0,14.0,7.0,11.0,6.0,8.0,8.0,15.0,4.0,6.0,10.0,11.0,0.16,0.5714285714285714,0.16,0.8,1.0,2.0,True,2018
1,11,13,9.0,15.0,5.0,9.0,9.0,12.0,7.0,11.0,4.0,6.0,6.0,6.0,0.04,0.5,0.02048,0.125,2.0,2.0,True,2018
1,24,0,8.0,15.0,4.0,6.0,10.0,11.0,9.0,14.0,7.0,11.0,6.0,8.0,0.16,0.8,0.168,0.625,2.0,1.0,False,2018
1,28,20,14.0,26.0,4.0,10.0,9.0,10.0,9.0,16.0,6.0,10.0,6.0,6.0,0.2,0.4,0.072,0.5,1.0,1.0,True,2018
0,20,28,9.0,16.0,6.0,10.0,6.0,6.0,14.0,26.0,4.0,10.0,9.0,10.0,0.072,0.5,0.2,0.5,1.0,1.0,False,2018
1,16,21,6.0,18.0,2.0,8.0,8.0,10.0,7.0,15.0,3.0,7.0,12.0,13.0,0.072,0.8333333333333334,0.168,0.5,2.0,1.0,False,2018
0,21,16,7.0,15.0,3.0,7.0,12.0,13.0,6.0,18.0,2.0,8.0,8.0,10.0,0.168,0.5,0.0576,0.7142857142857143,1.0,2.0,True,2018
0,5,2,6.0,13.0,3.0,4.0,3.0,5.0,10.0,16.0,3.0,7.0,5.0,5.0,0.128,0.6666666666666666,0.2,0.7142857142857143,1.0,2.0,False,2018
0,18,1,10.0,15.0,3.0,6.0,7.0,9.0,8.0,21.0,5.0,14.0,10.0,12.0,0.168,0.3333333333333333,0.046079999999999996,0.625,2.0,2.0,True,2018
1,4,26,9.0,14.0,2.0,6.0,8.0,9.0,8.0,17.0,4.0,8.0,7.0,7.0,0.168,0.6666666666666666,0.168,0.5,2.0,3.0,False,2018
0,15,22,9.0,18.0,1.0,3.0,2.0,5.0,6.0,13.0,3.0,6.0,5.0,6.0,0.0,0.16666666666666666,0.168,0.5,2.0,2.0,False,2018
0,7,6,11.0,22.0,5.0,8.0,6.0,7.0,11.0,21.0,3.0,7.0,9.0,11.0,0.16,0.3333333333333333,0.0256,0.42857142857142855,3.0,2.0,True,2018
1,6,7,11.0,21.0,3.0,7.0,9.0,11.0,11.0,22.0,5.0,8.0,6.0,7.0,0.0256,0.42857142857142855,0.168,0.42857142857142855,2.0,3.0,False,2018
1,29,19,7.0,13.0,4.0,6.0,4.0,5.0,8.0,19.0,3.0,7.0,1.0,2.0,0.128,0.3333333333333333,0.09759999999999999,0.7142857142857143,3.0,2.0,True,2018
0,19,29,8.0,19.0,3.0,7.0,1.0,2.0,7.0,13.0,4.0,6.0,4.0,5.0,0.09759999999999999,0.7142857142857143,0.1424,0.42857142857142855,2.0,3.0,False,2018
0,26,4,8.0,17.0,4.0,8.0,7.0,7.0,9.0,14.0,2.0,6.0,8.0,9.0,0.168,0.5,0.13440000000000002,0.5714285714285714,3.0,2.0,True,2018
1,22,15,6.0,13.0,3.0,6.0,5.0,6.0,9.0,18.0,1.0,3.0,2.0,5.0,0.168,0.5,0.0,0.14285714285714285,2.0,2.0,True,2018
0,7,14,16.0,22.0,3.0,7.0,7.0,10.0,12.0,25.0,6.0,12.0,10.0,11.0,0.168,0.42857142857142855,0.04,0.6666666666666666,1.0,3.0,True,2018
1,14,7,12.0,25.0,6.0,12.0,10.0,11.0,16.0,22.0,3.0,7.0,7.0,10.0,0.04,0.6666666666666666,0.17440000000000003,0.5,3.0,1.0,False,2018
1,21,4,10.0,17.0,5.0,8.0,7.0,11.0,15.0,28.0,5.0,11.0,8.0,10.0,0.17440000000000003,0.5714285714285714,0.13440000000000002,0.5714285714285714,2.0,1.0,True,2018
0,10,16,9.0,16.0,4.0,7.0,3.0,4.0,13.0,20.0,4.0,6.0,5.0,5.0,0.168,0.7142857142857143,0.0576,0.7142857142857143,2.0,2.0,True,2018
0,25,20,6.0,11.0,2.0,6.0,4.0,5.0,8.0,15.0,4.0,5.0,5.0,6.0,0.072,0.6666666666666666,0.0576,0.42857142857142855,2.0,2.0,False,2018
1,20,25,8.0,15.0,4.0,5.0,5.0,6.0,6.0,11.0,2.0,6.0,4.0,5.0,0.0576,0.42857142857142855,0.0576,0.5714285714285714,2.0,2.0,True,2018
1,16,10,13.0,20.0,4.0,6.0,5.0,5.0,9.0,16.0,4.0,7.0,3.0,4.0,0.0576,0.7142857142857143,0.17440000000000003,0.75,2.0,2.0,False,2018
1,24,13,7.0,12.0,3.0,7.0,5.0,8.0,6.0,15.0,3.0,5.0,4.0,5.0,0.128,0.6666666666666666,0.02048,0.125,2.0,2.0,True,2018
0,13,24,6.0,15.0,3.0,5.0,4.0,5.0,7.0,12.0,3.0,7.0,5.0,8.0,0.02048,0.125,0.1424,0.7142857142857143,2.0,2.0,False,2018
1,28,1,9.0,18.0,5.0,10.0,5.0,5.0,9.0,23.0,6.0,17.0,7.0,9.0,0.2,0.5,0.046079999999999996,0.625,2.0,2.0,False,2018
0,1,28,9.0,23.0,6.0,17.0,7.0,9.0,9.0,18.0,5.0,10.0,5.0,5.0,0.046079999999999996,0.625,0.16,0.42857142857142855,2.0,2.0,True,2018
0,4,21,15.0,28.0,5.0,11.0,8.0,10.0,10.0,17.0,5.0,8.0,7.0,11.0,0.13440000000000002,0.5714285714285714,0.17952,0.625,1.0,2.0,False,2018
0,15,2,7.0,14.0,2.0,4.0,2.0,3.0,8.0,17.0,5.0,9.0,3.0,5.0,0.0,0.14285714285714285,0.2,0.7142857142857143,1.0,2.0,False,2018
0,17,11,12.0,27.0,4.0,15.0,5.0,5.0,9.0,21.0,4.0,10.0,11.0,11.0,0.13440000000000002,0.5714285714285714,0.072,0.5714285714285714,2.0,2.0,False,2018
0,23,8,9.0,21.0,2.0,5.0,7.0,10.0,10.0,21.0,5.0,10.0,10.0,11.0,0.072,0.5714285714285714,0.0576,0.42857142857142855,2.0,2.0,True,2018
1,8,23,10.0,21.0,5.0,10.0,10.0,11.0,9.0,21.0,2.0,5.0,7.0,10.0,0.0576,0.42857142857142855,0.09759999999999999,0.625,2.0,2.0,False,2018
0,22,3,12.0,20.0,5.0,7.0,4.0,5.0,14.0,22.0,2.0,6.0,4.0,5.0,0.17440000000000003,0.5714285714285714,0.1024,0.42857142857142855,1.0,3.0,True,2018
1,3,22,14.0,22.0,2.0,6.0,4.0,5.0,12.0,20.0,5.0,7.0,4.0,5.0,0.1024,0.42857142857142855,0.17952,0.625,3.0,1.0,False,2018
1,2,15,8.0,17.0,5.0,9.0,3.0,5.0,7.0,14.0,2.0,4.0,2.0,3.0,0.2,0.7142857142857143,0.0,0.125,2.0,1.0,True,2018
1,12,27,7.0,17.0,3.0,7.0,6.0,6.0,10.0,18.0,2.0,9.0,5.0,7.0,0.0,0.3333333333333333,0.16,0.2,2.0,4.0,True,2018
1,18,9,9.0,16.0,6.0,11.0,3.0,6.0,10.0,17.0,2.0,7.0,5.0,8.0,0.17440000000000003,0.42857142857142855,0.0,0.14285714285714285,2.0,3.0,True,2018
0,27,12,10.0,18.0,2.0,9.0,5.0,7.0,7.0,17.0,3.0,7.0,6.0,6.0,0.16,0.2,0.04,0.42857142857142855,4.0,2.0,False,2018
0,9,18,10.0,17.0,2.0,7.0,5.0,8.0,9.0,16.0,6.0,11.0,3.0,6.0,0.0,0.14285714285714285,0.17952,0.5,3.0,2.0,False,2018
1,11,17,9.0,21.0,4.0,10.0,11.0,11.0,12.0,27.0,4.0,15.0,5.0,5.0,0.072,0.5714285714285714,0.10752000000000002,0.5,2.0,2.0,True,2018
0,0,5,11.0,18.0,5.0,8.0,4.0,4.0,8.0,22.0,2.0,6.0,6.0,8.0,0.168,0.625,0.1024,0.5714285714285714,3.0,3.0,True,2018
1,17,29,12.0,20.0,5.0,8.0,14.0,14.0,10.0,17.0,2.0,5.0,8.0,9.0,0.10752000000000002,0.5,0.1424,0.42857142857142855,1.0,2.0,True,2018
0,29,17,10.0,17.0,2.0,5.0,8.0,9.0,12.0,20.0,5.0,8.0,14.0,14.0,0.1424,0.42857142857142855,0.12601600000000002,0.5555555555555556,2.0,1.0,False,2018
1,5,0,8.0,22.0,2.0,6.0,6.0,8.0,11.0,18.0,5.0,8.0,4.0,4.0,0.1024,0.5714285714285714,0.17440000000000003,0.6666666666666666,3.0,3.0,False,2018
1,13,8,9.0,20.0,3.0,8.0,7.0,10.0,10.0,19.0,3.0,5.0,10.0,12.0,0.016384000000000003,0.1111111111111111,0.046079999999999996,0.375,2.0,2.0,False,2018
1,5,21,8.0,15.0,4.0,7.0,5.0,6.0,10.0,15.0,3.0,6.0,10.0,20.0,0.08192,0.5,0.17952,0.625,1.0,2.0,True,2018
1,19,4,8.0,19.0,3.0,6.0,14.0,16.0,13.0,27.0,3.0,5.0,2.0,2.0,0.07808,0.625,0.10752000000000002,0.5,3.0,2.0,True,2018
1,28,7,13.0,22.0,3.0,11.0,10.0,13.0,10.0,19.0,3.0,7.0,12.0,12.0,0.16,0.42857142857142855,0.17440000000000003,0.5,2.0,2.0,True,2018
0,7,28,10.0,19.0,3.0,7.0,12.0,12.0,13.0,22.0,3.0,11.0,10.0,13.0,0.17440000000000003,0.5,0.168,0.5,2.0,2.0,False,2018
1,11,25,9.0,20.0,3.0,7.0,7.0,7.0,10.0,20.0,3.0,7.0,14.0,14.0,0.09759999999999999,0.625,0.0576,0.5714285714285714,2.0,2.0,False,2018
1,9,1,7.0,14.0,4.0,5.0,6.0,8.0,8.0,15.0,6.0,11.0,7.0,10.0,0.0,0.125,0.076864,0.6666666666666666,2.0,2.0,False,2018
1,29,6,13.0,23.0,6.0,9.0,7.0,8.0,8.0,24.0,4.0,8.0,9.0,11.0,0.11392,0.375,0.02048,0.375,1.0,3.0,True,2018
0,4,19,13.0,27.0,3.0,5.0,2.0,2.0,8.0,19.0,3.0,6.0,14.0,16.0,0.10752000000000002,0.5,0.102464,0.6666666666666666,2.0,3.0,False,2018
0,2,26,10.0,22.0,4.0,7.0,4.0,8.0,9.0,20.0,3.0,10.0,4.0,5.0,0.2,0.75,0.17440000000000003,0.5714285714285714,2.0,3.0,True,2018
1,14,3,12.0,19.0,5.0,7.0,11.0,13.0,23.0,34.0,2.0,5.0,9.0,9.0,0.032,0.5714285714285714,0.08192,0.375,2.0,2.0,False,2018
0,6,29,8.0,24.0,4.0,8.0,9.0,11.0,13.0,23.0,6.0,9.0,7.0,8.0,0.02048,0.375,0.131136,0.4444444444444444,3.0,1.0,False,2018
0,8,13,10.0,19.0,3.0,5.0,10.0,12.0,9.0,20.0,3.0,8.0,7.0,10.0,0.046079999999999996,0.375,0.013107200000000003,0.1,2.0,2.0,True,2018
1,26,2,9.0,20.0,3.0,10.0,4.0,5.0,10.0,22.0,4.0,7.0,4.0,8.0,0.17440000000000003,0.5714285714285714,0.2,0.7777777777777778,3.0,2.0,False,2018
0,25,11,10.0,20.0,3.0,7.0,14.0,14.0,9.0,20.0,3.0,7.0,7.0,7.0,0.0576,0.5714285714285714,0.07808,0.5555555555555556,2.0,2.0,True,2018
0,21,5,10.0,15.0,3.0,6.0,10.0,20.0,8.0,15.0,4.0,7.0,5.0,6.0,0.17952,0.625,0.10553599999999999,0.5555555555555556,2.0,1.0,False,2018
0,22,18,12.0,20.0,3.0,7.0,4.0,6.0,11.0,19.0,8.0,12.0,4.0,5.0,0.17952,0.625,0.17952,0.5,2.0,2.0,False,2018
0,12,20,8.0,15.0,4.0,7.0,3.0,4.0,9.0,17.0,2.0,6.0,8.0,12.0,0.04,0.42857142857142855,0.08608,0.5,2.0,2.0,False,2018
1,18,22,11.0,19.0,8.0,12.0,4.0,5.0,12.0,20.0,3.0,7.0,4.0,6.0,0.17952,0.5,0.14361600000000002,0.5555555555555556,2.0,2.0,True,2018
0,27,10,7.0,12.0,3.0,6.0,5.0,5.0,9.0,17.0,3.0,5.0,2.0,2.0,0.128,0.16666666666666666,0.17440000000000003,0.75,2.0,2.0,True,2018
0,1,9,8.0,15.0,6.0,11.0,7.0,10.0,7.0,14.0,4.0,5.0,6.0,8.0,0.076864,0.6666666666666666,0.0,0.1111111111111111,2.0,2.0,True,2018
0,3,14,23.0,34.0,2.0,5.0,9.0,9.0,12.0,19.0,5.0,7.0,11.0,13.0,0.08192,0.375,0.0256,0.5,2.0,2.0,True,2018
1,10,27,9.0,17.0,3.0,5.0,2.0,2.0,7.0,12.0,3.0,6.0,5.0,5.0,0.17440000000000003,0.75,0.1424,0.2857142857142857,2.0,2.0,False,2018
1,20,12,9.0,17.0,2.0,6.0,8.0,12.0,8.0,15.0,4.0,7.0,3.0,4.0,0.08608,0.5,0.032,0.375,2.0,2.0,True,2018
0,0,20,9.0,14.0,5.0,10.0,3.0,4.0,7.0,13.0,2.0,6.0,7.0,8.0,0.17440000000000003,0.6666666666666666,0.108864,0.5555555555555556,2.0,1.0,True,2018
1,23,13,11.0,18.0,3.0,5.0,7.0,8.0,8.0,16.0,3.0,5.0,4.0,5.0,0.09759999999999999,0.625,0.013107200000000003,0.1,3.0,1.0,True,2018
1,19,15,10.0,15.0,4.0,7.0,7.0,8.0,8.0,14.0,2.0,3.0,4.0,6.0,0.102464,0.6666666666666666,0.0,0.125,1.0,3.0,True,2018
0,13,23,8.0,16.0,3.0,5.0,4.0,5.0,11.0,18.0,3.0,5.0,7.0,8.0,0.013107200000000003,0.1,0.11808,0.6666666666666666,1.0,3.0,False,2018
1,20,0,7.0,13.0,2.0,6.0,7.0,8.0,9.0,14.0,5.0,10.0,3.0,4.0,0.108864,0.5555555555555556,0.17952,0.7,1.0,2.0,False,2018
0,16,24,8.0,18.0,4.0,9.0,6.0,6.0,10.0,18.0,1.0,8.0,9.0,11.0,0.046079999999999996,0.625,0.1424,0.7142857142857143,3.0,3.0,True,2018
0,8,27,11.0,20.0,3.0,8.0,11.0,13.0,7.0,20.0,4.0,11.0,4.0,4.0,0.076864,0.4444444444444444,0.1424,0.2857142857142857,1.0,1.0,True,2018
1,27,8,7.0,20.0,4.0,11.0,4.0,4.0,11.0,20.0,3.0,8.0,11.0,13.0,0.1424,0.2857142857142857,0.1014912,0.5,1.0,1.0,False,2018
0,15,19,8.0,14.0,2.0,3.0,4.0,6.0,10.0,15.0,4.0,7.0,7.0,8.0,0.0,0.125,0.12197119999999999,0.7,3.0,1.0,False,2018
1,24,16,10.0,18.0,1.0,8.0,9.0,11.0,8.0,18.0,4.0,9.0,6.0,6.0,0.1424,0.7142857142857143,0.076864,0.6666666666666666,3.0,3.0,False,2018
0,14,25,16.0,26.0,4.0,6.0,6.0,8.0,8.0,21.0,2.0,6.0,10.0,12.0,0.0256,0.5,0.08608,0.625,2.0,2.0,True,2018
0,22,28,7.0,21.0,4.0,7.0,4.0,4.0,15.0,24.0,2.0,7.0,8.0,9.0,0.14361600000000002,0.5555555555555556,0.168,0.5,2.0,2.0,False,2018
0,9,3,9.0,13.0,4.0,8.0,8.0,8.0,10.0,19.0,5.0,11.0,8.0,8.0,0.0,0.1111111111111111,0.10553599999999999,0.4444444444444444,2.0,2.0,True,2018
1,3,9,10.0,19.0,5.0,11.0,8.0,8.0,9.0,13.0,4.0,8.0,8.0,8.0,0.10553599999999999,0.4444444444444444,0.04,0.2,2.0,2.0,False,2018
1,28,22,15.0,24.0,2.0,7.0,8.0,9.0,7.0,21.0,4.0,7.0,4.0,4.0,0.168,0.5,0.11489280000000002,0.5,2.0,2.0,True,2018
1,1,11,19.0,25.0,7.0,11.0,11.0,12.0,6.0,13.0,3.0,7.0,5.0,6.0,0.1014912,0.7,0.07808,0.5555555555555556,2.0,2.0,True,2018
0,11,1,6.0,13.0,3.0,7.0,5.0,6.0,19.0,25.0,7.0,11.0,11.0,12.0,0.07808,0.5555555555555556,0.12119295999999999,0.7272727272727273,2.0,2.0,False,2018
1,29,16,7.0,14.0,4.0,8.0,6.0,6.0,10.0,18.0,3.0,9.0,4.0,4.0,0.131136,0.4444444444444444,0.076864,0.6666666666666666,2.0,1.0,True,2018
1,10,2,6.0,15.0,2.0,9.0,5.0,5.0,7.0,13.0,3.0,6.0,4.0,4.0,0.13952000000000003,0.6666666666666666,0.2,0.7777777777777778,2.0,2.0,False,2018
1,25,14,8.0,21.0,2.0,6.0,10.0,12.0,16.0,26.0,4.0,6.0,6.0,8.0,0.08608,0.625,0.06048,0.5555555555555556,2.0,2.0,False,2018
0,26,17,10.0,25.0,4.0,10.0,3.0,7.0,11.0,18.0,6.0,9.0,15.0,15.0,0.13952000000000003,0.5,0.12601600000000002,0.5555555555555556,2.0,3.0,False,2018
0,7,5,7.0,18.0,4.0,5.0,3.0,4.0,9.0,13.0,3.0,5.0,5.0,6.0,0.13952000000000003,0.4444444444444444,0.10553599999999999,0.5555555555555556,2.0,2.0,False,2018
0,2,10,7.0,13.0,3.0,6.0,4.0,4.0,6.0,15.0,2.0,9.0,5.0,5.0,0.2,0.7777777777777778,0.11161600000000002,0.6,2.0,2.0,True,2018
1,23,21,8.0,15.0,4.0,7.0,9.0,10.0,6.0,15.0,3.0,5.0,4.0,7.0,0.11808,0.6666666666666666,0.14361600000000002,0.5555555555555556,1.0,2.0,True,2018
0,16,29,10.0,18.0,3.0,9.0,4.0,4.0,7.0,14.0,4.0,8.0,6.0,6.0,0.076864,0.6666666666666666,0.1449088,0.5,1.0,2.0,False,2018
0,21,23,6.0,15.0,3.0,5.0,4.0,7.0,8.0,15.0,4.0,7.0,9.0,10.0,0.14361600000000002,0.5555555555555556,0.134464,0.7,2.0,1.0,False,2018
1,24,12,8.0,18.0,2.0,8.0,5.0,7.0,9.0,16.0,5.0,10.0,4.0,6.0,0.11392,0.625,0.032,0.375,1.0,2.0,False,2018
0,12,24,9.0,16.0,5.0,10.0,4.0,6.0,8.0,18.0,2.0,8.0,5.0,7.0,0.032,0.375,0.091136,0.5555555555555556,2.0,1.0,True,2018
1,17,26,11.0,18.0,6.0,9.0,15.0,15.0,10.0,25.0,4.0,10.0,3.0,7.0,0.12601600000000002,0.5555555555555556,0.11161600000000002,0.4444444444444444,3.0,2.0,True,2018
1,5,7,9.0,13.0,3.0,5.0,5.0,6.0,7.0,18.0,4.0,5.0,3.0,4.0,0.10553599999999999,0.5555555555555556,0.11161600000000002,0.4,2.0,2.0,True,2018
0,12,0,8.0,18.0,3.0,9.0,4.0,5.0,5.0,19.0,4.0,9.0,10.0,10.0,0.0656,0.4444444444444444,0.17952,0.7,1.0,2.0,False,2018
1,9,2,9.0,20.0,3.0,7.0,5.0,5.0,14.0,22.0,4.0,10.0,4.0,5.0,0.04,0.2,0.2,0.8,1.0,1.0,False,2018
0,2,9,14.0,22.0,4.0,10.0,4.0,5.0,9.0,20.0,3.0,7.0,5.0,5.0,0.2,0.8,0.032,0.18181818181818182,1.0,1.0,True,2018
0,6,7,8.0,13.0,3.0,7.0,7.0,12.0,8.0,19.0,2.0,6.0,5.0,7.0,0.016384000000000003,0.3333333333333333,0.11161600000000002,0.4,3.0,1.0,True,2018
1,0,12,5.0,19.0,4.0,9.0,10.0,10.0,8.0,18.0,3.0,9.0,4.0,5.0,0.17952,0.7,0.052480000000000006,0.4,2.0,1.0,True,2018
1,7,6,8.0,19.0,2.0,6.0,5.0,7.0,8.0,13.0,3.0,7.0,7.0,12.0,0.11161600000000002,0.4,0.0531072,0.4,1.0,3.0,False,2018
1,28,21,10.0,15.0,4.0,8.0,4.0,8.0,9.0,17.0,5.0,13.0,5.0,5.0,0.17440000000000003,0.5555555555555556,0.11489280000000002,0.5,2.0,2.0,True,2018
0,13,14,11.0,22.0,4.0,7.0,7.0,8.0,8.0,20.0,3.0,8.0,13.0,18.0,0.010485760000000002,0.09090909090909091,0.06048,0.5555555555555556,3.0,2.0,True,2018
1,14,13,8.0,20.0,3.0,8.0,13.0,18.0,11.0,22.0,4.0,7.0,7.0,8.0,0.06048,0.5555555555555556,0.048388608,0.16666666666666666,2.0,3.0,False,2018
0,21,28,9.0,17.0,5.0,13.0,5.0,5.0,10.0,15.0,4.0,8.0,4.0,8.0,0.11489280000000002,0.5,0.17952,0.6,2.0,2.0,False,2018
1,5,24,10.0,19.0,4.0,6.0,6.0,8.0,10.0,17.0,4.0,7.0,5.0,6.0,0.12442879999999998,0.6,0.091136,0.5555555555555556,2.0,2.0,True,2018
1,20,6,16.0,25.0,4.0,9.0,5.0,6.0,8.0,14.0,2.0,7.0,5.0,6.0,0.08709120000000001,0.5,0.0531072,0.4,3.0,1.0,True,2018
0,6,20,8.0,14.0,2.0,7.0,5.0,6.0,16.0,25.0,4.0,9.0,5.0,6.0,0.0531072,0.4,0.10967296000000001,0.5454545454545454,1.0,3.0,False,2018
0,8,22,14.0,25.0,4.0,10.0,5.0,8.0,6.0,17.0,2.0,4.0,8.0,9.0,0.1014912,0.5,0.11489280000000002,0.5,3.0,2.0,True,2018
1,17,16,14.0,26.0,4.0,10.0,8.0,8.0,8.0,15.0,2.0,4.0,6.0,6.0,0.14081280000000002,0.6,0.0614912,0.6,2.0,2.0,False,2018
0,4,3,16.0,21.0,4.0,8.0,8.0,11.0,10.0,20.0,5.0,7.0,14.0,16.0,0.08601600000000001,0.4444444444444444,0.0844288,0.4,4.0,2.0,False,2018
0,24,5,10.0,17.0,4.0,7.0,5.0,6.0,10.0,19.0,4.0,6.0,6.0,8.0,0.091136,0.5555555555555556,0.13954304,0.6363636363636364,2.0,2.0,False,2018
1,22,8,6.0,17.0,2.0,4.0,8.0,9.0,14.0,25.0,4.0,10.0,5.0,8.0,0.11489280000000002,0.5,0.12119295999999999,0.5454545454545454,2.0,3.0,False,2018
0,18,11,7.0,22.0,5.0,9.0,7.0,7.0,6.0,21.0,3.0,11.0,9.0,12.0,0.18361600000000003,0.5555555555555556,0.062464,0.5,4.0,2.0,True,2018
0,27,25,10.0,13.0,3.0,7.0,5.0,7.0,9.0,18.0,3.0,6.0,8.0,10.0,0.11392,0.25,0.06886400000000001,0.5555555555555556,3.0,2.0,False,2018
0,26,15,7.0,21.0,3.0,9.0,6.0,7.0,8.0,15.0,4.0,6.0,3.0,3.0,0.11161600000000002,0.4444444444444444,0.0,0.1111111111111111,2.0,3.0,False,2018
1,15,26,8.0,15.0,4.0,6.0,3.0,3.0,7.0,21.0,3.0,9.0,6.0,7.0,0.0,0.1111111111111111,0.08929280000000002,0.4,3.0,2.0,True,2018
1,25,27,9.0,18.0,3.0,6.0,8.0,10.0,10.0,13.0,3.0,7.0,5.0,7.0,0.06886400000000001,0.5555555555555556,0.091136,0.2222222222222222,2.0,3.0,True,2018
1,11,18,6.0,21.0,3.0,11.0,9.0,12.0,7.0,22.0,5.0,9.0,7.0,7.0,0.062464,0.5,0.18689280000000003,0.6,2.0,4.0,False,2018
1,3,4,10.0,20.0,5.0,7.0,14.0,16.0,16.0,21.0,4.0,8.0,8.0,11.0,0.0844288,0.4,0.06881280000000001,0.4,2.0,4.0,True,2018
0,16,17,8.0,15.0,2.0,4.0,6.0,6.0,14.0,26.0,4.0,10.0,8.0,8.0,0.0614912,0.6,0.11265024000000001,0.5454545454545454,2.0,2.0,True,2018
1,0,23,11.0,20.0,6.0,12.0,6.0,6.0,6.0,14.0,1.0,5.0,5.0,8.0,0.18361600000000003,0.7272727272727273,0.134464,0.7,2.0,3.0,True,2018
1,2,29,8.0,21.0,3.0,7.0,5.0,8.0,7.0,15.0,2.0,6.0,6.0,7.0,0.2,0.8181818181818182,0.1449088,0.5,2.0,3.0,True,2018
0,22,19,8.0,21.0,3.0,5.0,5.0,5.0,8.0,19.0,5.0,9.0,4.0,7.0,0.09191424000000001,0.45454545454545453,0.12197119999999999,0.7,1.0,4.0,False,2018
1,19,22,8.0,19.0,5.0,9.0,4.0,7.0,8.0,21.0,3.0,5.0,5.0,5.0,0.12197119999999999,0.7,0.073531392,0.4166666666666667,4.0,1.0,True,2018
0,12,7,9.0,19.0,4.0,9.0,10.0,12.0,9.0,23.0,3.0,6.0,11.0,13.0,0.052480000000000006,0.4,0.08929280000000002,0.36363636363636365,2.0,2.0,True,2018
1,7,12,9.0,23.0,3.0,6.0,11.0,13.0,9.0,19.0,4.0,9.0,10.0,12.0,0.08929280000000002,0.36363636363636365,0.08198399999999999,0.45454545454545453,2.0,2.0,False,2018
0,23,0,6.0,14.0,1.0,5.0,5.0,8.0,11.0,20.0,6.0,12.0,6.0,6.0,0.134464,0.7,0.18689280000000003,0.75,3.0,2.0,False,2018
0,29,2,7.0,15.0,2.0,6.0,6.0,7.0,8.0,21.0,3.0,7.0,5.0,8.0,0.1449088,0.5,0.2,0.8333333333333334,3.0,2.0,False,2018
1,10,28,9.0,16.0,4.0,6.0,3.0,6.0,11.0,21.0,3.0,5.0,5.0,5.0,0.11161600000000002,0.6,0.17952,0.6,3.0,1.0,True,2018
0,28,10,11.0,21.0,3.0,5.0,5.0,5.0,9.0,16.0,4.0,6.0,3.0,6.0,0.17952,0.6,0.12929280000000004,0.6363636363636364,1.0,3.0,False,2018
1,14,29,9.0,18.0,2.0,5.0,7.0,7.0,5.0,14.0,2.0,7.0,7.0,7.0,0.048383999999999996,0.5,0.11592704000000001,0.45454545454545453,2.0,1.0,True,2018
0,3,1,15.0,24.0,3.0,8.0,4.0,4.0,8.0,21.0,6.0,14.0,13.0,14.0,0.10754303999999999,0.45454545454545453,0.12119295999999999,0.7272727272727273,2.0,4.0,False,2018
1,15,18,7.0,14.0,2.0,6.0,4.0,7.0,7.0,20.0,6.0,12.0,7.0,8.0,0.04,0.2,0.18689280000000003,0.6,2.0,2.0,True,2018
1,1,3,8.0,21.0,6.0,14.0,13.0,14.0,15.0,24.0,3.0,8.0,4.0,4.0,0.12119295999999999,0.7272727272727273,0.086034432,0.4166666666666667,4.0,2.0,True,2018
0,26,20,10.0,22.0,6.0,10.0,3.0,4.0,8.0,17.0,4.0,6.0,7.0,7.0,0.08929280000000002,0.4,0.10967296000000001,0.5454545454545454,2.0,2.0,False,2018
0,8,25,14.0,24.0,3.0,10.0,5.0,6.0,10.0,23.0,4.0,10.0,11.0,13.0,0.12119295999999999,0.5454545454545454,0.0950912,0.6,2.0,2.0,False,2018
1,25,8,10.0,23.0,4.0,10.0,11.0,13.0,14.0,24.0,3.0,10.0,5.0,6.0,0.0950912,0.6,0.09695436799999999,0.5,2.0,2.0,True,2018
1,20,26,8.0,17.0,4.0,6.0,7.0,7.0,10.0,22.0,6.0,10.0,3.0,4.0,0.10967296000000001,0.5454545454545454,0.07143424000000001,0.36363636363636365,2.0,2.0,True,2018
0,29,14,5.0,14.0,2.0,7.0,7.0,7.0,9.0,18.0,2.0,5.0,7.0,7.0,0.11592704000000001,0.45454545454545453,0.0787072,0.5454545454545454,1.0,2.0,False,2018
0,18,15,7.0,20.0,6.0,12.0,7.0,8.0,7.0,14.0,2.0,6.0,4.0,7.0,0.18689280000000003,0.6,0.072,0.2727272727272727,2.0,2.0,False,2018
0,4,5,12.0,24.0,1.0,5.0,4.0,8.0,8.0,15.0,4.0,11.0,4.0,4.0,0.06881280000000001,0.4,0.13954304,0.6363636363636364,3.0,3.0,True,2018
1,26,24,13.0,22.0,4.0,7.0,12.0,15.0,13.0,22.0,6.0,12.0,6.0,7.0,0.07143424000000001,0.36363636363636365,0.0729088,0.5,1.0,3.0,True,2018
1,5,4,8.0,15.0,4.0,11.0,4.0,4.0,12.0,24.0,1.0,5.0,4.0,8.0,0.13954304,0.6363636363636364,0.09505024000000001,0.45454545454545453,3.0,3.0,False,2018
0,24,26,13.0,22.0,6.0,12.0,6.0,7.0,13.0,22.0,4.0,7.0,12.0,15.0,0.0729088,0.5,0.097147392,0.4166666666666667,3.0,1.0,False,2018
1,11,12,5.0,19.0,2.0,9.0,8.0,8.0,7.0,20.0,3.0,6.0,4.0,4.0,0.0499712,0.45454545454545453,0.08198399999999999,0.45454545454545453,3.0,2.0,False,2018
1,2,21,6.0,16.0,2.0,7.0,7.0,8.0,5.0,19.0,3.0,6.0,10.0,11.0,0.2,0.8333333333333334,0.09191424000000001,0.45454545454545453,2.0,3.0,True,2018
0,9,19,8.0,16.0,3.0,7.0,3.0,4.0,8.0,18.0,4.0,7.0,7.0,10.0,0.032,0.18181818181818182,0.13757696,0.7272727272727273,4.0,2.0,False,2018
1,19,9,8.0,18.0,4.0,7.0,7.0,10.0,8.0,16.0,3.0,7.0,3.0,4.0,0.13757696,0.7272727272727273,0.0256,0.16666666666666666,2.0,4.0,True,2018
0,12,11,7.0,20.0,3.0,6.0,4.0,4.0,5.0,19.0,2.0,9.0,8.0,8.0,0.08198399999999999,0.45454545454545453,0.03997696,0.4166666666666667,2.0,3.0,True,2018
0,21,2,5.0,19.0,3.0,6.0,10.0,11.0,6.0,16.0,2.0,7.0,7.0,8.0,0.09191424000000001,0.45454545454545453,0.2,0.8461538461538461,3.0,2.0,False,2018
0,6,17,8.0,19.0,3.0,9.0,3.0,5.0,10.0,20.0,3.0,6.0,4.0,5.0,0.04248576,0.36363636363636365,0.11265024000000001,0.5454545454545454,3.0,3.0,True,2018
1,17,6,10.0,20.0,3.0,6.0,4.0,5.0,8.0,19.0,3.0,9.0,3.0,5.0,0.11265024000000001,0.5454545454545454,0.073988608,0.4166666666666667,3.0,3.0,False,2018
0,10,7,7.0,14.0,4.0,7.0,6.0,11.0,9.0,18.0,2.0,5.0,11.0,12.0,0.12929280000000004,0.6363636363636364,0.07143424000000001,0.3333333333333333,2.0,2.0,True,2018
1,27,22,8.0,17.0,2.0,9.0,5.0,6.0,11.0,20.0,6.0,9.0,4.0,6.0,0.091136,0.2222222222222222,0.073531392,0.4166666666666667,3.0,2.0,False,2018
1,7,10,9.0,18.0,2.0,5.0,11.0,12.0,7.0,14.0,4.0,7.0,6.0,11.0,0.07143424000000001,0.3333333333333333,0.14343424000000002,0.6666666666666666,2.0,2.0,False,2018
0,22,27,11.0,20.0,6.0,9.0,4.0,6.0,8.0,17.0,2.0,9.0,5.0,6.0,0.073531392,0.4166666666666667,0.0729088,0.2,2.0,3.0,True,2018
0,29,4,8.0,17.0,3.0,5.0,9.0,12.0,12.0,19.0,2.0,6.0,9.0,11.0,0.092741632,0.4166666666666667,0.09505024000000001,0.45454545454545453,2.0,1.0,False,2018
1,11,6,10.0,18.0,5.0,8.0,6.0,7.0,10.0,17.0,3.0,7.0,11.0,12.0,0.03997696,0.4166666666666667,0.073988608,0.4166666666666667,1.0,1.0,True,2018
1,5,27,8.0,12.0,5.0,6.0,4.0,4.0,8.0,15.0,2.0,4.0,5.0,5.0,0.111634432,0.5833333333333334,0.0729088,0.2,1.0,1.0,True,2018
0,27,5,8.0,15.0,2.0,4.0,5.0,5.0,8.0,12.0,5.0,6.0,4.0,4.0,0.0729088,0.2,0.1293075456,0.6153846153846154,1.0,1.0,False,2018
1,4,29,12.0,19.0,2.0,6.0,9.0,11.0,8.0,17.0,3.0,5.0,9.0,12.0,0.09505024000000001,0.45454545454545453,0.07419330560000001,0.38461538461538464,1.0,2.0,True,2018
1,0,18,11.0,18.0,4.0,8.0,9.0,9.0,7.0,17.0,3.0,6.0,5.0,5.0,0.18689280000000003,0.75,0.14951424000000002,0.5454545454545454,3.0,2.0,True,2018
0,18,0,7.0,17.0,3.0,6.0,5.0,5.0,11.0,18.0,4.0,8.0,9.0,9.0,0.14951424000000002,0.5454545454545454,0.18951424000000003,0.7692307692307693,2.0,3.0,False,2018
0,16,1,8.0,15.0,2.0,4.0,5.0,6.0,11.0,25.0,6.0,14.0,10.0,14.0,0.08919295999999999,0.6363636363636364,0.136954368,0.75,4.0,2.0,False,2018
1,13,3,9.0,19.0,2.0,9.0,4.0,4.0,11.0,19.0,4.0,9.0,6.0,8.0,0.048388608,0.16666666666666666,0.086034432,0.4166666666666667,4.0,2.0,False,2018
1,1,16,11.0,25.0,6.0,14.0,10.0,14.0,8.0,15.0,2.0,4.0,5.0,6.0,0.136954368,0.75,0.07135436799999999,0.5833333333333334,2.0,4.0,True,2018
0,6,11,10.0,17.0,3.0,7.0,11.0,12.0,10.0,18.0,5.0,8.0,6.0,7.0,0.073988608,0.4166666666666667,0.071981568,0.46153846153846156,1.0,1.0,False,2018
0,23,7,10.0,22.0,1.0,5.0,14.0,16.0,15.0,22.0,5.0,9.0,5.0,5.0,0.1075712,0.6363636363636364,0.057147392000000005,0.3076923076923077,3.0,1.0,False,2018
0,10,20,8.0,15.0,3.0,7.0,5.0,7.0,12.0,21.0,6.0,9.0,6.0,8.0,0.14343424000000002,0.6666666666666666,0.12773836800000002,0.5833333333333334,1.0,2.0,False,2018
1,14,9,8.0,13.0,2.0,5.0,8.0,9.0,6.0,16.0,4.0,7.0,3.0,4.0,0.0787072,0.5454545454545454,0.0256,0.16666666666666666,2.0,1.0,True,2018
0,15,28,6.0,13.0,4.0,5.0,9.0,10.0,11.0,21.0,5.0,6.0,8.0,9.0,0.072,0.2727272727272727,0.14361600000000002,0.5454545454545454,2.0,3.0,False,2018
1,28,15,11.0,21.0,5.0,6.0,8.0,9.0,6.0,13.0,4.0,5.0,9.0,10.0,0.14361600000000002,0.5454545454545454,0.0576,0.25,3.0,2.0,True,2018
0,9,14,6.0,16.0,4.0,7.0,3.0,4.0,8.0,13.0,2.0,5.0,8.0,9.0,0.0256,0.16666666666666666,0.10296575999999999,0.5833333333333334,1.0,2.0,False,2018
1,7,23,15.0,22.0,5.0,9.0,5.0,5.0,10.0,22.0,1.0,5.0,14.0,16.0,0.057147392000000005,0.3076923076923077,0.08605696,0.5833333333333334,1.0,3.0,True,2018
1,20,10,12.0,21.0,6.0,9.0,6.0,8.0,8.0,15.0,3.0,7.0,5.0,7.0,0.12773836800000002,0.5833333333333334,0.11474739200000002,0.6153846153846154,2.0,1.0,True,2018
0,24,8,9.0,27.0,5.0,9.0,8.0,8.0,14.0,23.0,4.0,8.0,7.0,9.0,0.05832704,0.45454545454545453,0.09695436799999999,0.5,1.0,2.0,False,2018
1,8,24,14.0,23.0,4.0,8.0,7.0,9.0,9.0,27.0,5.0,9.0,8.0,8.0,0.09695436799999999,0.5,0.046661631999999995,0.4166666666666667,2.0,1.0,True,2018
0,3,13,11.0,19.0,4.0,9.0,6.0,8.0,9.0,19.0,2.0,9.0,4.0,4.0,0.086034432,0.4166666666666667,0.0387108864,0.15384615384615385,2.0,4.0,True,2018
1,2,25,8.0,15.0,3.0,7.0,6.0,6.0,8.0,22.0,4.0,8.0,7.0,8.0,0.2,0.8461538461538461,0.11607296,0.6363636363636364,2.0,3.0,True,2018
0,12,19,9.0,17.0,3.0,9.0,4.0,5.0,9.0,19.0,5.0,8.0,4.0,4.0,0.10558719999999999,0.5,0.15006156799999998,0.75,2.0,2.0,False,2018
0,25,2,8.0,22.0,4.0,8.0,7.0,8.0,8.0,15.0,3.0,7.0,6.0,6.0,0.11607296,0.6363636363636364,0.2,0.8571428571428571,3.0,2.0,False,2018
0,13,26,9.0,17.0,3.0,6.0,3.0,3.0,12.0,22.0,7.0,12.0,12.0,13.0,0.0387108864,0.15384615384615385,0.097147392,0.4166666666666667,1.0,2.0,False,2018
1,26,13,12.0,22.0,7.0,12.0,12.0,13.0,9.0,17.0,3.0,6.0,3.0,3.0,0.097147392,0.4166666666666667,0.03096870912,0.14285714285714285,2.0,1.0,True,2018
0,1,22,9.0,21.0,5.0,12.0,6.0,8.0,11.0,17.0,2.0,5.0,4.0,6.0,0.1495634944,0.7692307692307693,0.0988251136,0.46153846153846156,1.0,2.0,True,2018
1,19,12,9.0,19.0,5.0,8.0,4.0,4.0,9.0,17.0,3.0,9.0,4.0,5.0,0.15006156799999998,0.75,0.08446975999999999,0.46153846153846156,2.0,2.0,True,2018
1,22,1,11.0,17.0,2.0,5.0,4.0,6.0,9.0,21.0,5.0,12.0,6.0,8.0,0.0988251136,0.46153846153846156,0.15965079552,0.7857142857142857,2.0,1.0,False,2018
1,24,18,10.0,25.0,5.0,10.0,8.0,10.0,11.0,20.0,5.0,8.0,9.0,16.0,0.046661631999999995,0.4166666666666667,0.11961139200000001,0.5,2.0,2.0,False,2018
0,29,7,11.0,19.0,4.0,9.0,2.0,4.0,14.0,27.0,4.0,9.0,5.0,6.0,0.07419330560000001,0.38461538461538464,0.0857179136,0.35714285714285715,2.0,2.0,True,2018
0,15,14,5.0,12.0,3.0,5.0,4.0,5.0,8.0,12.0,4.0,6.0,4.0,4.0,0.0576,0.25,0.10296575999999999,0.5833333333333334,2.0,2.0,False,2018
1,14,15,8.0,12.0,4.0,6.0,4.0,4.0,5.0,12.0,3.0,5.0,4.0,5.0,0.10296575999999999,0.5833333333333334,0.046079999999999996,0.23076923076923078,2.0,2.0,True,2018
1,11,23,10.0,19.0,3.0,9.0,3.0,3.0,10.0,15.0,4.0,7.0,9.0,10.0,0.071981568,0.46153846153846156,0.08605696,0.5833333333333334,2.0,2.0,False,2018
1,17,20,7.0,15.0,3.0,8.0,6.0,7.0,7.0,19.0,5.0,9.0,4.0,4.0,0.09012019200000002,0.5,0.14219069440000004,0.6153846153846154,3.0,2.0,True,2018
1,8,9,11.0,18.0,5.0,8.0,7.0,10.0,7.0,18.0,4.0,9.0,5.0,6.0,0.1175634944,0.5384615384615384,0.02048,0.15384615384615385,2.0,2.0,True,2018
0,20,17,7.0,19.0,5.0,9.0,4.0,4.0,7.0,15.0,3.0,8.0,6.0,7.0,0.14219069440000004,0.6153846153846154,0.1120961536,0.5384615384615384,2.0,3.0,False,2018
0,23,11,10.0,15.0,4.0,7.0,9.0,10.0,10.0,19.0,3.0,9.0,3.0,3.0,0.08605696,0.5833333333333334,0.057585254399999994,0.42857142857142855,2.0,2.0,True,2018
1,7,29,14.0,27.0,4.0,9.0,5.0,6.0,11.0,19.0,4.0,9.0,2.0,4.0,0.0857179136,0.35714285714285715,0.09935464448,0.42857142857142855,2.0,2.0,False,2018
1,0,10,9.0,18.0,3.0,6.0,4.0,4.0,7.0,13.0,2.0,7.0,4.0,4.0,0.18951424000000003,0.7692307692307693,0.11474739200000002,0.6153846153846154,2.0,2.0,True,2018
1,28,3,10.0,21.0,4.0,11.0,4.0,7.0,7.0,15.0,5.0,12.0,7.0,10.0,0.1548928,0.5833333333333334,0.10882754559999999,0.46153846153846156,2.0,2.0,False,2018
0,3,28,7.0,15.0,5.0,12.0,7.0,10.0,10.0,21.0,4.0,11.0,4.0,7.0,0.10882754559999999,0.46153846153846156,0.12391424,0.5384615384615384,2.0,2.0,True,2018
0,16,4,11.0,16.0,3.0,7.0,7.0,8.0,10.0,22.0,4.0,5.0,7.0,9.0,0.07135436799999999,0.5833333333333334,0.116040192,0.5,2.0,2.0,False,2018
0,10,0,7.0,13.0,2.0,7.0,4.0,4.0,9.0,18.0,3.0,6.0,4.0,4.0,0.11474739200000002,0.6153846153846154,0.19161139200000002,0.7857142857142857,2.0,2.0,False,2018
0,18,24,11.0,20.0,5.0,8.0,9.0,16.0,10.0,25.0,5.0,10.0,8.0,10.0,0.11961139200000001,0.5,0.037329305599999994,0.38461538461538464,2.0,2.0,True,2018
1,4,16,10.0,22.0,4.0,5.0,7.0,9.0,11.0,16.0,3.0,7.0,7.0,8.0,0.116040192,0.5,0.05708349439999999,0.5384615384615384,2.0,2.0,True,2018
0,9,8,7.0,18.0,4.0,9.0,5.0,6.0,11.0,18.0,5.0,8.0,7.0,10.0,0.02048,0.15384615384615385,0.13405079552000002,0.5714285714285714,2.0,2.0,False,2018
1,13,5,10.0,23.0,5.0,11.0,6.0,6.0,12.0,21.0,4.0,9.0,8.0,10.0,0.03096870912,0.14285714285714285,0.1293075456,0.6153846153846154,2.0,3.0,False,2018
0,25,1,7.0,15.0,6.0,9.0,13.0,16.0,8.0,25.0,5.0,11.0,19.0,19.0,0.092858368,0.5833333333333334,0.15965079552,0.7857142857142857,2.0,2.0,True,2018
0,2,6,8.0,20.0,2.0,5.0,7.0,8.0,7.0,14.0,5.0,11.0,3.0,5.0,0.2,0.8571428571428571,0.059190886399999997,0.38461538461538464,2.0,3.0,True,2018
1,1,25,8.0,25.0,5.0,11.0,19.0,19.0,7.0,15.0,6.0,9.0,13.0,16.0,0.15965079552,0.7857142857142857,0.11428669440000001,0.6153846153846154,2.0,2.0,False,2018
0,5,13,12.0,21.0,4.0,9.0,8.0,10.0,10.0,23.0,5.0,11.0,6.0,6.0,0.1293075456,0.6153846153846154,0.024774967296,0.13333333333333333,3.0,2.0,True,2018
1,6,2,7.0,14.0,5.0,11.0,3.0,5.0,8.0,20.0,2.0,5.0,7.0,8.0,0.059190886399999997,0.38461538461538464,0.2,0.8666666666666667,3.0,2.0,False,2018
1,9,15,9.0,12.0,3.0,5.0,3.0,4.0,7.0,12.0,2.0,7.0,3.0,4.0,0.016384000000000003,0.14285714285714285,0.046079999999999996,0.23076923076923078,2.0,2.0,True,2018
1,8,25,9.0,19.0,3.0,7.0,4.0,4.0,11.0,18.0,5.0,10.0,9.0,9.0,0.13405079552000002,0.5714285714285714,0.11428669440000001,0.6153846153846154,2.0,1.0,False,2018
0,25,8,11.0,18.0,5.0,10.0,9.0,9.0,9.0,19.0,3.0,7.0,4.0,4.0,0.11428669440000001,0.6153846153846154,0.10724063641600001,0.5333333333333333,1.0,2.0,True,2018
1,29,18,11.0,21.0,2.0,8.0,5.0,6.0,14.0,20.0,2.0,8.0,16.0,19.0,0.09935464448,0.42857142857142855,0.13568911360000002,0.5384615384615384,2.0,2.0,False,2018
1,16,22,12.0,24.0,3.0,7.0,8.0,9.0,8.0,20.0,4.0,7.0,12.0,13.0,0.05708349439999999,0.5384615384615384,0.07906009088,0.42857142857142855,2.0,3.0,False,2018
0,5,23,5.0,14.0,3.0,6.0,5.0,5.0,10.0,18.0,2.0,4.0,4.0,6.0,0.14344603648,0.6428571428571429,0.108845568,0.6153846153846154,1.0,2.0,False,2018
0,27,26,6.0,13.0,3.0,6.0,4.0,6.0,6.0,15.0,2.0,8.0,11.0,12.0,0.05832704,0.18181818181818182,0.11771791359999999,0.46153846153846156,4.0,3.0,False,2018
1,21,3,10.0,17.0,3.0,9.0,5.0,6.0,12.0,24.0,4.0,10.0,3.0,4.0,0.073531392,0.4166666666666667,0.12706203647999997,0.5,5.0,2.0,False,2018
1,23,5,10.0,18.0,2.0,4.0,4.0,6.0,5.0,14.0,3.0,6.0,5.0,5.0,0.108845568,0.6153846153846154,0.11475682918400001,0.6,2.0,1.0,True,2018
1,4,19,12.0,21.0,3.0,7.0,5.0,6.0,8.0,18.0,6.0,10.0,6.0,8.0,0.1328321536,0.5384615384615384,0.1600492544,0.7692307692307693,2.0,3.0,True,2018
0,15,9,7.0,12.0,2.0,7.0,3.0,4.0,9.0,12.0,3.0,5.0,3.0,4.0,0.046079999999999996,0.23076923076923078,0.0531072,0.2,2.0,2.0,False,2018
0,10,17,8.0,17.0,2.0,6.0,4.0,4.0,9.0,21.0,5.0,10.0,4.0,4.0,0.09179791360000002,0.5714285714285714,0.1120961536,0.5384615384615384,2.0,2.0,False,2018
0,3,21,12.0,24.0,4.0,10.0,3.0,4.0,10.0,17.0,3.0,9.0,5.0,6.0,0.12706203647999997,0.5,0.0588251136,0.38461538461538464,2.0,5.0,True,2018
0,22,16,8.0,20.0,4.0,7.0,12.0,13.0,12.0,24.0,3.0,7.0,8.0,9.0,0.07906009088,0.42857142857142855,0.04566679551999999,0.5,3.0,2.0,True,2018
1,12,14,9.0,18.0,3.0,8.0,6.0,8.0,9.0,21.0,2.0,6.0,13.0,14.0,0.08446975999999999,0.46153846153846156,0.12237260800000001,0.6153846153846154,3.0,2.0,False,2018
0,14,12,9.0,21.0,2.0,6.0,13.0,14.0,9.0,18.0,3.0,8.0,6.0,8.0,0.12237260800000001,0.6153846153846154,0.06757580799999999,0.42857142857142855,2.0,3.0,True,2018
1,17,10,9.0,21.0,5.0,10.0,4.0,4.0,8.0,17.0,2.0,6.0,4.0,4.0,0.1120961536,0.5384615384615384,0.07343833088000001,0.5333333333333333,2.0,2.0,True,2018
1,28,11,8.0,19.0,3.0,6.0,9.0,10.0,10.0,20.0,6.0,12.0,4.0,5.0,0.12391424,0.5384615384615384,0.057585254399999994,0.42857142857142855,2.0,2.0,True,2018
0,11,28,10.0,20.0,6.0,12.0,4.0,5.0,8.0,19.0,3.0,6.0,9.0,10.0,0.057585254399999994,0.42857142857142855,0.139131392,0.5714285714285714,2.0,2.0,False,2018
0,19,4,8.0,18.0,6.0,10.0,6.0,8.0,12.0,21.0,3.0,7.0,5.0,6.0,0.1600492544,0.7692307692307693,0.14626572288,0.5714285714285714,3.0,2.0,False,2018
0,18,29,14.0,20.0,2.0,8.0,16.0,19.0,11.0,21.0,2.0,8.0,5.0,6.0,0.13568911360000002,0.5384615384615384,0.079483715584,0.4,2.0,2.0,True,2018
1,26,27,6.0,15.0,2.0,8.0,11.0,12.0,6.0,13.0,3.0,6.0,4.0,6.0,0.11771791359999999,0.46153846153846156,0.046661631999999995,0.16666666666666666,3.0,4.0,True,2018
0,1,7,12.0,22.0,6.0,11.0,18.0,18.0,10.0,16.0,7.0,13.0,3.0,5.0,0.127720636416,0.7333333333333333,0.06857433088,0.3333333333333333,2.0,3.0,True,2018
1,2,0,7.0,18.0,3.0,8.0,8.0,9.0,9.0,18.0,3.0,11.0,4.0,6.0,0.2,0.8666666666666667,0.19161139200000002,0.7857142857142857,2.0,3.0,True,2018
1,7,1,10.0,16.0,7.0,13.0,3.0,5.0,12.0,22.0,6.0,11.0,18.0,18.0,0.06857433088,0.3333333333333333,0.1421765091328,0.75,3.0,2.0,False,2018
0,0,2,9.0,18.0,3.0,11.0,4.0,6.0,7.0,18.0,3.0,8.0,8.0,9.0,0.19161139200000002,0.7857142857142857,0.2,0.875,3.0,2.0,False,2018
0,12,14,10.0,14.0,3.0,8.0,4.0,6.0,9.0,22.0,5.0,12.0,4.0,4.0,0.06757580799999999,0.42857142857142855,0.1378980864,0.6428571428571429,2.0,2.0,True,2018
1,14,12,9.0,22.0,5.0,12.0,4.0,4.0,10.0,14.0,3.0,8.0,4.0,6.0,0.1378980864,0.6428571428571429,0.0940606464,0.4666666666666667,2.0,2.0,False,2018
0,11,6,9.0,15.0,5.0,6.0,5.0,6.0,9.0,14.0,6.0,10.0,4.0,4.0,0.046068203519999996,0.4,0.047352709119999996,0.35714285714285715,2.0,3.0,False,2018
0,28,25,5.0,13.0,3.0,7.0,5.0,6.0,10.0,16.0,5.0,7.0,6.0,6.0,0.139131392,0.5714285714285714,0.13142935552,0.6428571428571429,2.0,2.0,False,2018
0,7,29,13.0,27.0,6.0,14.0,5.0,6.0,11.0,23.0,2.0,7.0,6.0,7.0,0.05485946470400001,0.3125,0.079483715584,0.4,1.0,2.0,True,2018
1,15,17,9.0,17.0,2.0,5.0,4.0,6.0,9.0,24.0,5.0,14.0,6.0,6.0,0.036863999999999994,0.21428571428571427,0.12967692288000002,0.5714285714285714,2.0,2.0,True,2018
1,22,19,8.0,19.0,5.0,10.0,4.0,7.0,7.0,16.0,3.0,5.0,4.0,4.0,0.10324807270400001,0.4666666666666667,0.12803940352,0.7142857142857143,2.0,2.0,True,2018
0,19,22,7.0,16.0,3.0,5.0,4.0,4.0,8.0,19.0,5.0,10.0,4.0,7.0,0.12803940352,0.7142857142857143,0.1225984581632,0.5,2.0,2.0,False,2018
0,23,13,8.0,19.0,3.0,6.0,6.0,6.0,6.0,16.0,2.0,7.0,5.0,6.0,0.12707645439999998,0.6428571428571429,0.024774967296,0.13333333333333333,2.0,3.0,True,2018
1,3,24,17.0,26.0,4.0,9.0,11.0,13.0,10.0,25.0,3.0,10.0,5.0,6.0,0.14164962918399998,0.5333333333333333,0.037329305599999994,0.38461538461538464,2.0,4.0,True,2018
0,17,15,9.0,24.0,5.0,14.0,6.0,6.0,9.0,17.0,2.0,5.0,4.0,6.0,0.12967692288000002,0.5714285714285714,0.0694912,0.26666666666666666,2.0,2.0,False,2018
0,21,27,17.0,27.0,5.0,9.0,8.0,9.0,10.0,16.0,4.0,8.0,3.0,4.0,0.0588251136,0.38461538461538464,0.046661631999999995,0.16666666666666666,2.0,2.0,False,2018
1,29,7,11.0,23.0,2.0,7.0,6.0,7.0,13.0,27.0,6.0,14.0,5.0,6.0,0.079483715584,0.4,0.08388757176320001,0.35294117647058826,2.0,1.0,False,2018
0,8,20,7.0,16.0,2.0,6.0,3.0,5.0,13.0,18.0,4.0,7.0,6.0,6.0,0.10724063641600001,0.5333333333333333,0.11375255552000003,0.5714285714285714,2.0,4.0,False,2018
1,6,11,9.0,14.0,6.0,10.0,4.0,4.0,9.0,15.0,5.0,6.0,5.0,6.0,0.047352709119999996,0.35714285714285715,0.036854562816,0.375,3.0,2.0,True,2018
1,13,23,6.0,16.0,2.0,7.0,5.0,6.0,8.0,19.0,3.0,6.0,6.0,6.0,0.024774967296,0.13333333333333333,0.14166116352,0.6666666666666666,3.0,2.0,False,2018
1,5,26,8.0,15.0,5.0,13.0,10.0,12.0,9.0,22.0,3.0,6.0,5.0,8.0,0.11475682918400001,0.6,0.13417433088,0.5,2.0,2.0,True,2018
0,24,3,10.0,25.0,3.0,10.0,5.0,6.0,17.0,26.0,4.0,9.0,11.0,13.0,0.037329305599999994,0.38461538461538464,0.1533197033472,0.5625,4.0,2.0,False,2018
0,26,5,9.0,22.0,3.0,6.0,5.0,8.0,8.0,15.0,5.0,13.0,10.0,12.0,0.13417433088,0.5,0.1318054633472,0.625,2.0,2.0,False,2018
1,20,8,13.0,18.0,4.0,7.0,6.0,6.0,7.0,16.0,2.0,6.0,3.0,5.0,0.11375255552000003,0.5714285714285714,0.08579250913280001,0.5,4.0,2.0,True,2018
1,27,21,10.0,16.0,4.0,8.0,3.0,4.0,17.0,27.0,5.0,9.0,8.0,9.0,0.046661631999999995,0.16666666666666666,0.04706009088,0.35714285714285715,2.0,2.0,True,2018
1,25,28,10.0,16.0,5.0,7.0,6.0,6.0,5.0,13.0,3.0,7.0,5.0,6.0,0.13142935552,0.6428571428571429,0.11130511359999999,0.5333333333333333,2.0,2.0,True,2018
1,17,15,9.0,18.0,4.0,7.0,5.0,6.0,6.0,13.0,2.0,6.0,5.0,5.0,0.10374153830400001,0.5333333333333333,0.0694912,0.26666666666666666,1.0,1.0,True,2018
0,1,16,9.0,20.0,6.0,12.0,5.0,5.0,7.0,17.0,2.0,5.0,3.0,3.0,0.1421765091328,0.75,0.04566679551999999,0.5,2.0,3.0,True,2018
1,18,0,11.0,17.0,5.0,12.0,6.0,8.0,11.0,22.0,4.0,9.0,9.0,9.0,0.14855129088000002,0.5714285714285714,0.15328911360000003,0.7333333333333333,3.0,2.0,False,2018
1,13,4,8.0,14.0,6.0,8.0,6.0,7.0,9.0,20.0,3.0,5.0,9.0,13.0,0.019819973836800002,0.125,0.14626572288,0.5714285714285714,1.0,3.0,True,2018
0,11,10,12.0,21.0,7.0,13.0,5.0,5.0,6.0,12.0,3.0,7.0,6.0,8.0,0.036854562816,0.375,0.07343833088000001,0.5333333333333333,1.0,3.0,True,2018
1,21,24,8.0,17.0,6.0,9.0,5.0,6.0,10.0,17.0,2.0,6.0,5.0,7.0,0.04706009088,0.35714285714285715,0.029863444479999994,0.35714285714285715,1.0,1.0,True,2018
1,10,11,6.0,12.0,3.0,7.0,6.0,8.0,12.0,21.0,7.0,13.0,5.0,5.0,0.07343833088000001,0.5333333333333333,0.06948365025279998,0.4117647058823529,3.0,1.0,False,2018
0,4,13,9.0,20.0,3.0,5.0,9.0,13.0,8.0,14.0,6.0,8.0,6.0,7.0,0.14626572288,0.5714285714285714,0.055855979069439995,0.17647058823529413,3.0,1.0,False,2018
0,2,9,10.0,13.0,5.0,6.0,5.0,7.0,9.0,18.0,3.0,9.0,7.0,8.0,0.2,0.875,0.0531072,0.2,2.0,3.0,True,2018
0,15,17,6.0,13.0,2.0,6.0,5.0,5.0,9.0,18.0,4.0,7.0,5.0,6.0,0.0694912,0.26666666666666666,0.1229932306432,0.5625,1.0,1.0,False,2018
0,0,18,11.0,22.0,4.0,9.0,9.0,9.0,11.0,17.0,5.0,12.0,6.0,8.0,0.15328911360000003,0.7333333333333333,0.11884103270400001,0.5333333333333333,2.0,3.0,True,2018
1,9,2,9.0,18.0,3.0,9.0,7.0,8.0,10.0,13.0,5.0,6.0,5.0,7.0,0.0531072,0.2,0.2,0.8823529411764706,3.0,2.0,False,2018
1,16,1,7.0,17.0,2.0,5.0,3.0,3.0,9.0,20.0,6.0,12.0,5.0,5.0,0.04566679551999999,0.5,0.15374120730624,0.7647058823529411,3.0,2.0,False,2018
0,24,21,10.0,17.0,2.0,6.0,5.0,7.0,8.0,17.0,6.0,9.0,5.0,6.0,0.029863444479999994,0.35714285714285715,0.07764807270400001,0.4,1.0,1.0,False,2018
1,29,20,11.0,18.0,3.0,9.0,4.0,7.0,7.0,13.0,4.0,7.0,6.0,10.0,0.06358697246719999,0.375,0.13100204441600002,0.6,2.0,2.0,True,2018
0,0,6,14.0,24.0,4.0,10.0,7.0,8.0,9.0,19.0,6.0,11.0,11.0,13.0,0.16263129088,0.75,0.077882167296,0.4,1.0,2.0,True,2018
1,23,19,11.0,18.0,2.0,5.0,4.0,6.0,8.0,16.0,2.0,7.0,4.0,5.0,0.14166116352,0.6666666666666666,0.10243152281600001,0.6666666666666666,2.0,2.0,False,2018
0,27,7,10.0,20.0,4.0,10.0,4.0,6.0,13.0,20.0,4.0,8.0,3.0,4.0,0.0773293056,0.23076923076923078,0.08388757176320001,0.35294117647058826,2.0,2.0,False,2018
1,6,0,9.0,19.0,6.0,11.0,11.0,13.0,14.0,24.0,4.0,10.0,7.0,8.0,0.077882167296,0.4,0.17010503270400001,0.7647058823529411,2.0,1.0,False,2018
0,19,23,8.0,16.0,2.0,7.0,4.0,5.0,11.0,18.0,2.0,5.0,4.0,6.0,0.10243152281600001,0.6666666666666666,0.113328930816,0.625,2.0,2.0,True,2018
0,20,29,7.0,13.0,4.0,7.0,6.0,10.0,11.0,18.0,3.0,9.0,4.0,7.0,0.13100204441600002,0.6,0.09086957797376,0.4117647058823529,2.0,2.0,False,2018
0,22,12,11.0,15.0,6.0,10.0,2.0,3.0,7.0,13.0,7.0,12.0,3.0,4.0,0.1225984581632,0.5,0.0940606464,0.4666666666666667,2.0,2.0,True,2018
1,25,14,15.0,26.0,3.0,9.0,3.0,6.0,11.0,23.0,5.0,9.0,5.0,8.0,0.145143484416,0.6666666666666666,0.11031846912000001,0.6,2.0,2.0,True,2018
1,12,22,7.0,13.0,7.0,12.0,3.0,4.0,11.0,15.0,6.0,10.0,2.0,3.0,0.0940606464,0.4666666666666667,0.13807876653056,0.5294117647058824,2.0,2.0,False,2018
0,14,25,11.0,23.0,5.0,9.0,5.0,8.0,15.0,26.0,3.0,9.0,3.0,6.0,0.11031846912000001,0.6,0.1561147875328,0.6875,2.0,2.0,False,2018
1,7,27,13.0,20.0,4.0,8.0,3.0,4.0,10.0,20.0,4.0,10.0,4.0,6.0,0.08388757176320001,0.35294117647058826,0.061863444479999995,0.21428571428571427,2.0,2.0,True,2018
1,18,11,13.0,24.0,2.0,7.0,6.0,6.0,6.0,19.0,2.0,7.0,4.0,5.0,0.11884103270400001,0.5333333333333333,0.06948365025279998,0.4117647058823529,2.0,2.0,True,2018
0,26,8,9.0,19.0,6.0,10.0,8.0,10.0,9.0,19.0,3.0,7.0,18.0,22.0,0.10733946470399999,0.4666666666666667,0.08579250913280001,0.5,3.0,3.0,False,2018
1,4,14,8.0,21.0,2.0,4.0,7.0,9.0,10.0,16.0,3.0,7.0,4.0,5.0,0.117012578304,0.5333333333333333,0.08825477529600001,0.5625,2.0,1.0,False,2018
0,9,5,10.0,14.0,2.0,7.0,2.0,3.0,11.0,24.0,4.0,8.0,2.0,2.0,0.04248576,0.1875,0.1318054633472,0.625,2.0,3.0,False,2018
0,2,13,16.0,22.0,5.0,11.0,10.0,11.0,10.0,21.0,4.0,11.0,10.0,10.0,0.2,0.8823529411764706,0.055855979069439995,0.17647058823529413,2.0,2.0,True,2018
0,24,28,6.0,18.0,3.0,7.0,7.0,8.0,7.0,20.0,5.0,7.0,9.0,9.0,0.023890755583999994,0.3333333333333333,0.11130511359999999,0.5333333333333333,2.0,3.0,False,2018
0,20,15,9.0,15.0,5.0,7.0,5.0,5.0,7.0,12.0,3.0,5.0,3.0,3.0,0.10480163553280002,0.5625,0.055592960000000004,0.25,1.0,2.0,True,2018
1,8,26,9.0,19.0,3.0,7.0,18.0,22.0,9.0,19.0,6.0,10.0,8.0,10.0,0.08579250913280001,0.5,0.0858715717632,0.4375,3.0,3.0,True,2018
0,11,18,6.0,19.0,2.0,7.0,4.0,5.0,13.0,24.0,2.0,7.0,6.0,6.0,0.06948365025279998,0.4117647058823529,0.13507282616320002,0.5625,2.0,2.0,False,2018
0,22,10,9.0,19.0,5.0,7.0,12.0,14.0,11.0,19.0,4.0,9.0,5.0,7.0,0.13807876653056,0.5294117647058824,0.05875066470400001,0.5,1.0,2.0,True,2018
0,17,16,8.0,17.0,3.0,6.0,10.0,10.0,7.0,20.0,3.0,8.0,6.0,7.0,0.1229932306432,0.5625,0.036533436415999994,0.4666666666666667,2.0,2.0,True,2018
0,23,21,7.0,18.0,1.0,5.0,8.0,9.0,9.0,15.0,4.0,5.0,9.0,14.0,0.113328930816,0.625,0.07764807270400001,0.4,1.0,2.0,False,2018
1,15,20,7.0,12.0,3.0,5.0,3.0,3.0,9.0,15.0,5.0,7.0,5.0,5.0,0.055592960000000004,0.25,0.12384130842624001,0.5882352941176471,2.0,1.0,False,2018
0,14,4,10.0,16.0,3.0,7.0,4.0,5.0,8.0,21.0,2.0,4.0,7.0,9.0,0.08825477529600001,0.5625,0.0936100626432,0.5,1.0,2.0,True,2018
0,3,19,8.0,14.0,3.0,5.0,6.0,6.0,4.0,10.0,2.0,5.0,2.0,6.0,0.1533197033472,0.5625,0.1219452182528,0.6875,3.0,1.0,True,2018
1,5,9,11.0,24.0,4.0,8.0,2.0,2.0,10.0,14.0,2.0,7.0,2.0,3.0,0.1318054633472,0.625,0.033988608,0.17647058823529413,3.0,2.0,True,2018
1,28,24,7.0,20.0,5.0,7.0,9.0,9.0,6.0,18.0,3.0,7.0,7.0,8.0,0.11130511359999999,0.5333333333333333,0.019112604467199996,0.3125,3.0,2.0,True,2018
1,16,17,7.0,20.0,3.0,8.0,6.0,7.0,8.0,17.0,3.0,6.0,10.0,10.0,0.036533436415999994,0.4666666666666667,0.13839458451456,0.5882352941176471,2.0,2.0,False,2018
1,19,3,4.0,10.0,2.0,5.0,2.0,6.0,8.0,14.0,3.0,5.0,6.0,6.0,0.1219452182528,0.6875,0.16265576267776,0.5882352941176471,1.0,3.0,False,2018
1,13,2,10.0,21.0,4.0,11.0,10.0,10.0,16.0,22.0,5.0,11.0,10.0,11.0,0.055855979069439995,0.17647058823529413,0.2,0.8888888888888888,2.0,2.0,False,2018
1,10,22,11.0,19.0,4.0,9.0,5.0,7.0,9.0,19.0,5.0,7.0,12.0,14.0,0.05875066470400001,0.5,0.15046301322444802,0.5555555555555556,2.0,1.0,False,2018
1,21,23,9.0,15.0,4.0,5.0,9.0,14.0,7.0,18.0,1.0,5.0,8.0,9.0,0.07764807270400001,0.4,0.0906631446528,0.5882352941176471,2.0,1.0,True,2018
0,27,29,7.0,17.0,5.0,10.0,4.0,5.0,7.0,15.0,4.0,8.0,5.0,7.0,0.061863444479999995,0.21428571428571427,0.09086957797376,0.4117647058823529,2.0,2.0,False,2018
1,29,27,7.0,15.0,4.0,8.0,5.0,7.0,7.0,17.0,5.0,10.0,4.0,5.0,0.09086957797376,0.4117647058823529,0.049490755584,0.2,2.0,2.0,True,2018
0,29,15,7.0,17.0,4.0,7.0,4.0,6.0,10.0,16.0,2.0,5.0,6.0,8.0,0.11269566237900801,0.4444444444444444,0.044474368,0.23529411764705882,1.0,2.0,False,2018
0,2,12,11.0,22.0,3.0,6.0,7.0,8.0,11.0,24.0,4.0,10.0,9.0,10.0,0.2,0.8888888888888888,0.07524851712,0.4375,2.0,3.0,False,2018
1,1,20,9.0,16.0,7.0,10.0,8.0,9.0,7.0,16.0,2.0,8.0,4.0,5.0,0.15374120730624,0.7647058823529411,0.12384130842624001,0.5882352941176471,4.0,2.0,True,2018
1,16,13,7.0,15.0,3.0,5.0,3.0,3.0,9.0,20.0,3.0,7.0,3.0,5.0,0.029226749132799996,0.4375,0.044684783255551995,0.16666666666666666,2.0,2.0,False,2018
1,18,17,11.0,20.0,3.0,8.0,5.0,5.0,11.0,27.0,6.0,13.0,4.0,7.0,0.13507282616320002,0.5625,0.13839458451456,0.5882352941176471,2.0,2.0,True,2018
0,4,7,14.0,26.0,3.0,9.0,9.0,13.0,8.0,24.0,3.0,6.0,6.0,7.0,0.0936100626432,0.5,0.10711005741056001,0.3888888888888889,2.0,3.0,True,2018
1,3,6,11.0,17.0,4.0,7.0,7.0,9.0,8.0,12.0,4.0,7.0,4.0,5.0,0.16265576267776,0.5882352941176471,0.062305733836800006,0.375,2.0,3.0,True,2018
1,8,5,11.0,20.0,4.0,7.0,7.0,9.0,8.0,14.0,3.0,5.0,4.0,4.0,0.10863400730624,0.5294117647058824,0.14544437067776,0.6470588235294118,2.0,2.0,True,2018
0,13,16,9.0,20.0,3.0,7.0,3.0,5.0,7.0,15.0,3.0,5.0,3.0,3.0,0.044684783255551995,0.16666666666666666,0.023381399306239996,0.4117647058823529,2.0,2.0,True,2018
1,9,24,8.0,21.0,4.0,6.0,5.0,5.0,9.0,19.0,6.0,8.0,5.0,8.0,0.033988608,0.17647058823529413,0.019112604467199996,0.3125,2.0,2.0,False,2018
0,5,8,8.0,14.0,3.0,5.0,4.0,4.0,11.0,20.0,4.0,7.0,7.0,9.0,0.14544437067776,0.6470588235294118,0.126907205844992,0.5555555555555556,2.0,2.0,False,2018
0,6,3,8.0,12.0,4.0,7.0,4.0,5.0,11.0,17.0,4.0,7.0,7.0,9.0,0.062305733836800006,0.375,0.17012461014220798,0.6111111111111112,3.0,2.0,False,2018
0,24,9,9.0,19.0,6.0,8.0,5.0,8.0,8.0,21.0,4.0,6.0,5.0,5.0,0.019112604467199996,0.3125,0.027190886399999996,0.16666666666666666,2.0,2.0,True,2018
1,12,2,11.0,24.0,4.0,10.0,9.0,10.0,11.0,22.0,3.0,6.0,7.0,8.0,0.07524851712,0.4375,0.16,0.8421052631578947,3.0,2.0,True,2018
1,28,25,13.0,27.0,4.0,9.0,8.0,10.0,7.0,15.0,4.0,10.0,7.0,8.0,0.12904409088,0.5625,0.1561147875328,0.6875,2.0,3.0,True,2018
1,7,4,8.0,24.0,3.0,6.0,6.0,7.0,14.0,26.0,3.0,9.0,9.0,13.0,0.10711005741056001,0.3888888888888889,0.11488805011456,0.5294117647058824,3.0,2.0,False,2018
1,15,29,10.0,16.0,2.0,5.0,6.0,8.0,7.0,17.0,4.0,7.0,4.0,6.0,0.044474368,0.23529411764705882,0.09015652990320641,0.42105263157894735,2.0,1.0,True,2018
0,0,26,9.0,18.0,3.0,8.0,3.0,3.0,13.0,27.0,4.0,10.0,7.0,8.0,0.17010503270400001,0.7647058823529411,0.0858715717632,0.4375,3.0,2.0,False,2018
0,17,18,11.0,27.0,6.0,13.0,4.0,7.0,11.0,20.0,3.0,8.0,5.0,5.0,0.13839458451456,0.5882352941176471,0.14805826093056002,0.5882352941176471,2.0,2.0,False,2018
0,25,28,7.0,15.0,4.0,10.0,7.0,8.0,13.0,27.0,4.0,9.0,8.0,10.0,0.1561147875328,0.6875,0.143235272704,0.5882352941176471,3.0,2.0,False,2018
0,14,21,13.0,26.0,3.0,8.0,5.0,7.0,10.0,22.0,3.0,8.0,6.0,10.0,0.1106038202368,0.5882352941176471,0.1021184581632,0.4375,2.0,2.0,False,2018
0,20,1,7.0,16.0,2.0,8.0,4.0,5.0,9.0,16.0,7.0,10.0,8.0,9.0,0.12384130842624001,0.5882352941176471,0.16299296584499198,0.7777777777777778,2.0,4.0,False,2018
0,10,23,11.0,18.0,3.0,8.0,6.0,7.0,10.0,19.0,3.0,4.0,9.0,10.0,0.04700053176320001,0.47058823529411764,0.0906631446528,0.5882352941176471,2.0,2.0,False,2018
1,21,14,10.0,22.0,3.0,8.0,6.0,10.0,13.0,26.0,3.0,8.0,5.0,7.0,0.1021184581632,0.4375,0.08848305618944,0.5555555555555556,2.0,2.0,True,2018
0,27,11,6.0,11.0,2.0,4.0,4.0,4.0,8.0,17.0,4.0,9.0,7.0,8.0,0.049490755584,0.2,0.05558692020223999,0.3888888888888889,1.0,2.0,False,2018
1,23,10,10.0,19.0,3.0,4.0,9.0,10.0,11.0,18.0,3.0,8.0,6.0,7.0,0.0906631446528,0.5882352941176471,0.03760042541056001,0.4444444444444444,2.0,2.0,True,2018
1,11,27,8.0,17.0,4.0,9.0,7.0,8.0,6.0,11.0,2.0,4.0,4.0,4.0,0.05558692020223999,0.3888888888888889,0.0395926044672,0.1875,2.0,1.0,True,2018
1,26,0,13.0,27.0,4.0,10.0,7.0,8.0,9.0,18.0,3.0,8.0,3.0,3.0,0.0858715717632,0.4375,0.1360840261632,0.7222222222222222,2.0,3.0,True,2018
0,16,20,9.0,15.0,2.0,5.0,4.0,4.0,11.0,17.0,2.0,8.0,8.0,12.0,0.023381399306239996,0.4117647058823529,0.09907304674099202,0.5555555555555556,2.0,2.0,False,2018
0,10,2,6.0,14.0,4.0,9.0,7.0,8.0,9.0,15.0,5.0,7.0,10.0,10.0,0.03760042541056001,0.4444444444444444,0.16,0.8421052631578947,2.0,2.0,False,2018
1,2,10,9.0,15.0,5.0,7.0,10.0,10.0,6.0,14.0,4.0,9.0,7.0,8.0,0.16,0.8421052631578947,0.03008034032844801,0.42105263157894735,2.0,2.0,True,2018
1,6,17,9.0,20.0,4.0,9.0,3.0,5.0,12.0,19.0,4.0,6.0,10.0,11.0,0.049844587069440005,0.35294117647058826,0.110715667611648,0.5555555555555556,2.0,2.0,False,2018
1,0,27,12.0,18.0,5.0,11.0,9.0,9.0,8.0,16.0,3.0,8.0,3.0,4.0,0.1360840261632,0.7222222222222222,0.0395926044672,0.1875,2.0,2.0,True,2018
0,12,23,7.0,15.0,6.0,9.0,4.0,4.0,7.0,17.0,2.0,3.0,6.0,8.0,0.100198813696,0.47058823529411764,0.11253051572224,0.6111111111111112,2.0,2.0,True,2018
0,25,22,7.0,16.0,5.0,9.0,7.0,7.0,8.0,16.0,4.0,5.0,9.0,12.0,0.12489183002624,0.6470588235294118,0.15046301322444802,0.5555555555555556,2.0,4.0,False,2018
0,8,7,9.0,13.0,3.0,9.0,5.0,8.0,8.0,15.0,1.0,5.0,5.0,5.0,0.126907205844992,0.5555555555555556,0.085688045928448,0.3684210526315789,2.0,2.0,True,2018
1,23,12,7.0,17.0,2.0,3.0,6.0,8.0,7.0,15.0,6.0,9.0,4.0,4.0,0.11253051572224,0.6111111111111112,0.12015905095680002,0.5,2.0,2.0,False,2018
0,27,0,8.0,16.0,3.0,8.0,3.0,4.0,12.0,18.0,5.0,11.0,9.0,9.0,0.0395926044672,0.1875,0.14886722093056,0.7368421052631579,2.0,2.0,False,2018
1,9,28,11.0,18.0,3.0,6.0,3.0,5.0,11.0,18.0,4.0,9.0,6.0,8.0,0.027190886399999996,0.16666666666666666,0.143235272704,0.5882352941176471,2.0,2.0,True,2018
0,17,6,12.0,19.0,4.0,6.0,10.0,11.0,9.0,20.0,4.0,9.0,3.0,5.0,0.110715667611648,0.5555555555555556,0.039875669655552004,0.3333333333333333,2.0,2.0,True,2018
1,3,21,10.0,20.0,3.0,9.0,4.0,7.0,7.0,21.0,5.0,11.0,6.0,9.0,0.17012461014220798,0.6111111111111112,0.12169476653056,0.47058823529411764,2.0,2.0,True,2018
1,20,16,11.0,17.0,2.0,8.0,8.0,12.0,9.0,15.0,2.0,5.0,4.0,4.0,0.09907304674099202,0.5555555555555556,0.018705119444991997,0.3888888888888889,2.0,2.0,True,2018
1,7,8,8.0,15.0,1.0,5.0,5.0,5.0,9.0,13.0,3.0,9.0,5.0,8.0,0.085688045928448,0.3684210526315789,0.1415257646759936,0.5789473684210527,2.0,2.0,False,2018
1,22,25,8.0,16.0,4.0,5.0,9.0,12.0,7.0,16.0,5.0,9.0,7.0,7.0,0.15046301322444802,0.5555555555555556,0.09991346402099201,0.6111111111111112,4.0,2.0,True,2018
0,19,26,8.0,15.0,3.0,6.0,4.0,4.0,10.0,29.0,2.0,10.0,6.0,7.0,0.09755617460224,0.6470588235294118,0.10869725741056,0.47058823529411764,4.0,2.0,True,2018
0,28,9,11.0,18.0,4.0,9.0,6.0,8.0,11.0,18.0,3.0,6.0,3.0,5.0,0.143235272704,0.5882352941176471,0.061752709120000006,0.21052631578947367,2.0,2.0,False,2018
0,21,3,7.0,21.0,5.0,11.0,6.0,9.0,10.0,20.0,3.0,9.0,4.0,7.0,0.12169476653056,0.47058823529411764,0.1760996881137664,0.631578947368421,2.0,2.0,False,2018
1,26,19,10.0,29.0,2.0,10.0,6.0,7.0,8.0,15.0,3.0,6.0,4.0,4.0,0.10869725741056,0.47058823529411764,0.118044939681792,0.6666666666666666,2.0,4.0,False,2018
0,25,9,7.0,13.0,4.0,7.0,3.0,4.0,4.0,11.0,2.0,5.0,6.0,6.0,0.09991346402099201,0.6111111111111112,0.061752709120000006,0.21052631578947367,1.0,1.0,True,2018
0,10,18,9.0,17.0,3.0,7.0,6.0,6.0,10.0,18.0,8.0,12.0,6.0,6.0,0.03008034032844801,0.42105263157894735,0.14805826093056002,0.5882352941176471,1.0,3.0,False,2018
1,0,8,9.0,25.0,4.0,13.0,6.0,6.0,12.0,22.0,4.0,8.0,6.0,8.0,0.14886722093056,0.7368421052631579,0.1415257646759936,0.5789473684210527,1.0,1.0,True,2018
1,11,4,9.0,16.0,6.0,10.0,4.0,7.0,10.0,18.0,4.0,6.0,7.0,9.0,0.084469536161792,0.42105263157894735,0.11488805011456,0.5294117647058824,3.0,3.0,True,2018
0,24,15,13.0,25.0,4.0,7.0,5.0,5.0,10.0,18.0,7.0,9.0,2.0,2.0,0.055290083573759995,0.35294117647058826,0.0755794944,0.2777777777777778,3.0,3.0,True,2018
1,22,2,7.0,13.0,2.0,5.0,6.0,6.0,11.0,20.0,3.0,5.0,2.0,3.0,0.1603704105795584,0.5789473684210527,0.168,0.85,1.0,1.0,False,2018
0,2,22,11.0,20.0,3.0,5.0,2.0,3.0,7.0,13.0,2.0,5.0,6.0,6.0,0.168,0.85,0.12829632846364672,0.55,1.0,1.0,True,2018
1,15,24,10.0,18.0,7.0,9.0,2.0,2.0,13.0,25.0,4.0,7.0,5.0,5.0,0.0755794944,0.2777777777777778,0.084232066859008,0.3888888888888889,3.0,3.0,False,2018
0,4,11,10.0,18.0,4.0,6.0,7.0,9.0,9.0,16.0,6.0,10.0,4.0,7.0,0.11488805011456,0.5294117647058824,0.10757562892943358,0.45,3.0,3.0,False,2018
1,14,17,10.0,24.0,3.0,10.0,5.0,5.0,11.0,20.0,4.0,8.0,9.0,10.0,0.08848305618944,0.5555555555555556,0.1285725340893184,0.5789473684210527,3.0,1.0,False,2018
1,13,26,7.0,14.0,4.0,8.0,2.0,2.0,9.0,19.0,4.0,8.0,6.0,9.0,0.0757478266044416,0.21052631578947367,0.086957805928448,0.4444444444444444,3.0,1.0,True,2018
1,9,25,4.0,11.0,2.0,5.0,6.0,6.0,7.0,13.0,4.0,7.0,3.0,4.0,0.061752709120000006,0.21052631578947367,0.11993077121679359,0.631578947368421,1.0,1.0,False,2018
1,1,28,12.0,27.0,5.0,13.0,8.0,10.0,14.0,23.0,3.0,8.0,6.0,8.0,0.16299296584499198,0.7777777777777778,0.1145882181632,0.5555555555555556,3.0,1.0,True,2018
0,28,1,14.0,23.0,3.0,8.0,6.0,8.0,12.0,27.0,5.0,13.0,8.0,10.0,0.1145882181632,0.5555555555555556,0.1703943726759936,0.7894736842105263,1.0,3.0,False,2018
0,17,14,11.0,20.0,4.0,8.0,9.0,10.0,10.0,24.0,3.0,10.0,5.0,5.0,0.1285725340893184,0.5789473684210527,0.070786444951552,0.5263157894736842,1.0,3.0,True,2018
0,8,0,12.0,22.0,4.0,8.0,6.0,8.0,9.0,25.0,4.0,13.0,6.0,6.0,0.1415257646759936,0.5789473684210527,0.15909377674444802,0.75,1.0,1.0,False,2018
1,21,5,8.0,12.0,2.0,5.0,4.0,7.0,6.0,14.0,2.0,7.0,5.0,6.0,0.097355813224448,0.4444444444444444,0.116355496542208,0.6111111111111112,1.0,3.0,False,2018
0,5,21,6.0,14.0,2.0,7.0,5.0,6.0,8.0,12.0,2.0,5.0,4.0,7.0,0.116355496542208,0.6111111111111112,0.0778846505795584,0.42105263157894735,3.0,1.0,True,2018
1,18,10,10.0,18.0,8.0,12.0,6.0,6.0,9.0,17.0,3.0,7.0,6.0,6.0,0.14805826093056002,0.5882352941176471,0.024064272262758406,0.4,3.0,1.0,True,2018
0,26,13,9.0,19.0,4.0,8.0,6.0,9.0,7.0,14.0,4.0,8.0,2.0,2.0,0.086957805928448,0.4444444444444444,0.10059826128355327,0.25,1.0,3.0,False,2018
1,27,12,8.0,16.0,4.0,9.0,5.0,6.0,7.0,11.0,5.0,8.0,6.0,7.0,0.03167408357376,0.17647058823529413,0.12015905095680002,0.5,2.0,2.0,False,2018
1,23,7,12.0,26.0,4.0,6.0,6.0,6.0,10.0,20.0,3.0,5.0,4.0,5.0,0.090024412577792,0.5789473684210527,0.0685504367427584,0.35,2.0,2.0,True,2018
0,12,27,7.0,11.0,5.0,8.0,6.0,7.0,8.0,16.0,4.0,9.0,5.0,6.0,0.12015905095680002,0.5,0.025339266859007996,0.16666666666666666,2.0,2.0,True,2018
0,7,23,10.0,20.0,3.0,5.0,4.0,5.0,12.0,26.0,4.0,6.0,6.0,6.0,0.0685504367427584,0.35,0.1120195300622336,0.6,2.0,2.0,False,2018
1,16,6,6.0,17.0,2.0,5.0,6.0,8.0,7.0,12.0,4.0,8.0,6.0,6.0,0.018705119444991997,0.3888888888888889,0.039875669655552004,0.3333333333333333,2.0,2.0,False,2018
0,6,16,7.0,12.0,4.0,8.0,6.0,6.0,6.0,17.0,2.0,5.0,6.0,8.0,0.039875669655552004,0.3333333333333333,0.014964095555993599,0.3684210526315789,2.0,2.0,True,2018
0,19,2,11.0,16.0,5.0,6.0,6.0,8.0,8.0,16.0,6.0,9.0,5.0,7.0,0.118044939681792,0.6666666666666666,0.17440000000000003,0.8571428571428571,3.0,2.0,True,2018
1,28,17,6.0,18.0,2.0,6.0,8.0,9.0,10.0,20.0,3.0,6.0,11.0,11.0,0.09167057453056,0.5263157894736842,0.14285802727145472,0.6,2.0,2.0,False,2018
0,15,0,8.0,11.0,4.0,5.0,4.0,5.0,7.0,20.0,5.0,12.0,4.0,4.0,0.06046359552,0.2631578947368421,0.15909377674444802,0.75,2.0,2.0,True,2018
1,5,13,13.0,19.0,3.0,7.0,7.0,7.0,9.0,17.0,5.0,6.0,6.0,9.0,0.1330843972337664,0.631578947368421,0.10059826128355327,0.25,2.0,2.0,True,2018
1,24,29,12.0,21.0,4.0,8.0,14.0,14.0,12.0,28.0,5.0,11.0,7.0,10.0,0.084232066859008,0.3888888888888889,0.09015652990320641,0.42105263157894735,2.0,5.0,True,2018
0,3,18,12.0,23.0,3.0,7.0,4.0,7.0,11.0,24.0,1.0,9.0,8.0,9.0,0.1760996881137664,0.631578947368421,0.15844660874444802,0.6111111111111112,3.0,2.0,True,2018
1,0,15,7.0,20.0,5.0,12.0,4.0,4.0,8.0,11.0,4.0,5.0,4.0,5.0,0.15909377674444802,0.75,0.088370876416,0.3,2.0,2.0,False,2018
0,17,28,10.0,20.0,3.0,6.0,11.0,11.0,6.0,18.0,2.0,6.0,8.0,9.0,0.14285802727145472,0.6,0.073336459624448,0.5,2.0,2.0,True,2018
1,22,10,11.0,14.0,4.0,6.0,8.0,9.0,7.0,17.0,4.0,9.0,5.0,6.0,0.12829632846364672,0.55,0.024064272262758406,0.4,2.0,2.0,True,2018
1,2,19,8.0,16.0,6.0,9.0,5.0,7.0,11.0,16.0,5.0,6.0,6.0,8.0,0.17440000000000003,0.8571428571428571,0.1344359517454336,0.6842105263157895,2.0,3.0,False,2018
0,10,22,7.0,17.0,4.0,9.0,5.0,6.0,11.0,14.0,4.0,6.0,8.0,9.0,0.024064272262758406,0.4,0.14263706277091737,0.5714285714285714,2.0,2.0,False,2018
0,6,1,10.0,16.0,2.0,8.0,4.0,4.0,13.0,20.0,8.0,13.0,4.0,5.0,0.0719005357244416,0.3684210526315789,0.1703943726759936,0.7894736842105263,1.0,2.0,False,2018
0,29,24,12.0,28.0,5.0,11.0,7.0,10.0,12.0,21.0,4.0,8.0,14.0,14.0,0.09015652990320641,0.42105263157894735,0.10738565348720638,0.42105263157894735,5.0,2.0,False,2018
0,13,5,9.0,17.0,5.0,6.0,6.0,9.0,13.0,19.0,3.0,7.0,7.0,7.0,0.10059826128355327,0.25,0.1464675177870131,0.65,2.0,2.0,False,2018
1,18,3,11.0,24.0,1.0,9.0,8.0,9.0,12.0,23.0,3.0,7.0,4.0,7.0,0.15844660874444802,0.6111111111111112,0.1808797504910131,0.65,2.0,3.0,False,2018
1,1,6,13.0,20.0,8.0,13.0,4.0,5.0,10.0,16.0,2.0,8.0,4.0,4.0,0.1703943726759936,0.7894736842105263,0.057520428579553286,0.35,2.0,1.0,True,2018
1,27,7,10.0,16.0,6.0,11.0,2.0,2.0,10.0,23.0,5.0,9.0,8.0,10.0,0.025339266859007996,0.16666666666666666,0.05484034939420672,0.3333333333333333,2.0,2.0,False,2018
1,23,14,9.0,19.0,3.0,9.0,4.0,4.0,8.0,18.0,4.0,8.0,4.0,6.0,0.1120195300622336,0.6,0.070786444951552,0.5263157894736842,2.0,3.0,False,2018
0,12,3,8.0,19.0,3.0,11.0,5.0,8.0,10.0,16.0,4.0,9.0,14.0,17.0,0.13612724076544,0.5263157894736842,0.1808797504910131,0.65,2.0,1.0,False,2018
1,15,4,5.0,10.0,3.0,3.0,5.0,7.0,11.0,16.0,3.0,5.0,9.0,13.0,0.088370876416,0.3,0.091910440091648,0.5,1.0,3.0,False,2018
0,7,27,10.0,23.0,5.0,9.0,8.0,10.0,10.0,16.0,6.0,11.0,2.0,2.0,0.05484034939420672,0.3333333333333333,0.020271413487206395,0.15789473684210525,2.0,2.0,True,2018
1,3,12,10.0,16.0,4.0,9.0,14.0,17.0,8.0,19.0,3.0,11.0,5.0,8.0,0.1808797504910131,0.65,0.108901792612352,0.5,1.0,2.0,True,2018
0,20,11,6.0,16.0,4.0,11.0,5.0,6.0,12.0,16.0,3.0,5.0,4.0,4.0,0.11925843739279363,0.5789473684210527,0.10757562892943358,0.45,4.0,3.0,False,2018
0,4,15,11.0,16.0,3.0,5.0,9.0,13.0,5.0,10.0,3.0,3.0,5.0,7.0,0.091910440091648,0.5,0.0706967011328,0.2857142857142857,3.0,1.0,True,2018
1,11,20,12.0,16.0,3.0,5.0,4.0,4.0,6.0,16.0,4.0,11.0,5.0,6.0,0.10757562892943358,0.45,0.0954067499142349,0.55,3.0,4.0,True,2018
0,14,23,8.0,18.0,4.0,8.0,4.0,6.0,9.0,19.0,3.0,9.0,4.0,4.0,0.070786444951552,0.5263157894736842,0.08961562404978687,0.5714285714285714,3.0,2.0,True,2018
0,0,29,12.0,25.0,4.0,9.0,7.0,8.0,12.0,21.0,3.0,8.0,6.0,7.0,0.1272750213955584,0.7142857142857143,0.07212522392256512,0.4,2.0,2.0,True,2018
0,7,19,9.0,19.0,2.0,4.0,6.0,6.0,9.0,14.0,3.0,7.0,3.0,4.0,0.08387227951536538,0.36363636363636365,0.1344359517454336,0.6842105263157895,1.0,2.0,False,2018
0,16,5,9.0,17.0,3.0,6.0,6.0,6.0,17.0,24.0,3.0,5.0,7.0,7.0,0.014964095555993599,0.3684210526315789,0.1464675177870131,0.65,3.0,2.0,False,2018
0,21,25,8.0,13.0,3.0,4.0,7.0,8.0,14.0,22.0,8.0,11.0,4.0,4.0,0.0778846505795584,0.42105263157894735,0.11993077121679359,0.631578947368421,4.0,4.0,False,2018
0,26,10,11.0,23.0,7.0,10.0,8.0,12.0,13.0,23.0,6.0,12.0,8.0,11.0,0.0695662447427584,0.42105263157894735,0.019251417810206724,0.38095238095238093,4.0,2.0,False,2018
0,14,18,7.0,15.0,4.0,6.0,8.0,9.0,8.0,16.0,1.0,5.0,15.0,29.0,0.0966291559612416,0.55,0.1267572869955584,0.5789473684210527,1.0,2.0,False,2018
1,29,0,12.0,21.0,3.0,8.0,6.0,7.0,12.0,25.0,4.0,9.0,7.0,8.0,0.07212522392256512,0.4,0.14182001711644673,0.7272727272727273,2.0,2.0,False,2018
0,12,28,6.0,14.0,3.0,8.0,3.0,6.0,7.0,11.0,2.0,4.0,8.0,9.0,0.108901792612352,0.5,0.073336459624448,0.5,1.0,2.0,False,2018
1,28,12,7.0,11.0,2.0,4.0,8.0,9.0,6.0,14.0,3.0,8.0,3.0,6.0,0.073336459624448,0.5,0.0871214340898816,0.47619047619047616,2.0,1.0,True,2018
1,1,22,10.0,22.0,5.0,12.0,9.0,9.0,11.0,20.0,3.0,8.0,3.0,3.0,0.1763154981407949,0.8,0.14263706277091737,0.5714285714285714,2.0,2.0,True,2018
1,25,21,14.0,22.0,8.0,11.0,4.0,4.0,8.0,13.0,3.0,4.0,7.0,8.0,0.11993077121679359,0.631578947368421,0.06230772046364672,0.4,4.0,4.0,True,2018
1,10,26,13.0,23.0,6.0,12.0,8.0,11.0,11.0,23.0,7.0,10.0,8.0,12.0,0.019251417810206724,0.38095238095238093,0.05565299579420672,0.4,2.0,4.0,True,2018
0,22,1,11.0,20.0,3.0,8.0,3.0,3.0,10.0,22.0,5.0,12.0,9.0,9.0,0.14263706277091737,0.5714285714285714,0.1810523985126359,0.8095238095238095,2.0,2.0,False,2018
1,18,14,8.0,16.0,1.0,5.0,15.0,29.0,7.0,15.0,4.0,6.0,8.0,9.0,0.1267572869955584,0.5789473684210527,0.07730332476899328,0.5238095238095238,2.0,1.0,True,2018
1,5,16,17.0,24.0,3.0,5.0,7.0,7.0,9.0,17.0,3.0,6.0,6.0,6.0,0.1464675177870131,0.65,0.01197127644479488,0.35,2.0,3.0,True,2018
1,19,7,9.0,14.0,3.0,7.0,3.0,4.0,9.0,19.0,2.0,4.0,6.0,6.0,0.1344359517454336,0.6842105263157895,0.0670978236122923,0.34782608695652173,2.0,1.0,True,2018
1,8,23,10.0,20.0,5.0,11.0,3.0,3.0,10.0,18.0,3.0,6.0,5.0,5.0,0.11322061174079487,0.55,0.08961562404978687,0.5714285714285714,4.0,1.0,False,2018
0,23,8,10.0,18.0,3.0,6.0,5.0,5.0,10.0,20.0,5.0,11.0,3.0,3.0,0.08961562404978687,0.5714285714285714,0.09057648939263589,0.5238095238095238,1.0,4.0,True,2018
0,6,13,8.0,15.0,4.0,7.0,5.0,8.0,7.0,12.0,2.0,6.0,7.0,8.0,0.057520428579553286,0.35,0.08047860902684262,0.23809523809523808,2.0,2.0,True,2018
1,13,6,7.0,12.0,2.0,6.0,7.0,8.0,8.0,15.0,4.0,7.0,5.0,8.0,0.08047860902684262,0.23809523809523808,0.08601634286364263,0.38095238095238093,2.0,2.0,False,2018
1,24,11,9.0,16.0,3.0,7.0,5.0,6.0,11.0,17.0,5.0,10.0,3.0,4.0,0.10738565348720638,0.42105263157894735,0.12606050314354686,0.47619047619047616,3.0,2.0,False,2018
1,20,27,13.0,19.0,6.0,9.0,6.0,8.0,9.0,17.0,3.0,8.0,5.0,5.0,0.0954067499142349,0.55,0.020271413487206395,0.15789473684210525,2.0,2.0,True,2018
0,27,20,9.0,17.0,3.0,8.0,5.0,5.0,13.0,19.0,6.0,9.0,6.0,8.0,0.020271413487206395,0.15789473684210525,0.11632539993138793,0.5714285714285714,2.0,2.0,False,2018
0,11,24,11.0,17.0,5.0,10.0,3.0,4.0,9.0,16.0,3.0,7.0,5.0,6.0,0.12606050314354686,0.47619047619047616,0.0859085227897651,0.4,2.0,3.0,True,2018
0,3,9,8.0,16.0,4.0,9.0,7.0,8.0,11.0,19.0,4.0,6.0,8.0,9.0,0.18470380039281048,0.6666666666666666,0.049402167296000006,0.2,2.0,5.0,True,2018
1,9,3,11.0,19.0,4.0,6.0,8.0,9.0,8.0,16.0,4.0,9.0,7.0,8.0,0.049402167296000006,0.2,0.18776304031424834,0.6818181818181818,5.0,2.0,False,2018
1,17,4,9.0,20.0,2.0,7.0,7.0,8.0,10.0,20.0,4.0,6.0,6.0,8.0,0.15428642181716376,0.6190476190476191,0.11352835207331839,0.5263157894736842,3.0,2.0,False,2018
0,18,2,6.0,16.0,4.0,10.0,3.0,6.0,12.0,21.0,5.0,8.0,7.0,8.0,0.14140582959644674,0.6,0.13952000000000003,0.8181818181818182,1.0,3.0,False,2018
0,4,17,10.0,20.0,4.0,6.0,6.0,8.0,9.0,20.0,2.0,7.0,7.0,8.0,0.11352835207331839,0.5263157894736842,0.123429137453731,0.5909090909090909,2.0,3.0,True,2018
1,2,18,12.0,21.0,5.0,8.0,7.0,8.0,6.0,16.0,4.0,10.0,3.0,6.0,0.13952000000000003,0.8181818181818182,0.11312466367715739,0.5714285714285714,3.0,1.0,True,2018
1,27,15,7.0,14.0,3.0,7.0,2.0,3.0,12.0,19.0,2.0,4.0,6.0,9.0,0.016217130789765118,0.15,0.0706967011328,0.2857142857142857,1.0,3.0,False,2018
0,23,26,9.0,17.0,4.0,8.0,7.0,7.0,11.0,21.0,5.0,9.0,11.0,11.0,0.11169249923982949,0.5909090909090909,0.05565299579420672,0.4,2.0,2.0,False,2018
0,21,12,6.0,14.0,2.0,8.0,4.0,4.0,11.0,14.0,4.0,9.0,3.0,6.0,0.06230772046364672,0.4,0.0871214340898816,0.47619047619047616,2.0,2.0,False,2018
0,8,11,9.0,21.0,4.0,7.0,5.0,6.0,13.0,25.0,6.0,12.0,9.0,11.0,0.09057648939263589,0.5238095238095238,0.1408484025148375,0.5,2.0,1.0,False,2018
0,22,25,14.0,22.0,3.0,8.0,5.0,7.0,9.0,21.0,3.0,9.0,8.0,10.0,0.11410965021673389,0.5454545454545454,0.13594461697343488,0.65,2.0,2.0,False,2018
1,25,22,9.0,21.0,3.0,9.0,8.0,10.0,14.0,22.0,3.0,8.0,5.0,7.0,0.13594461697343488,0.65,0.09128772017338711,0.5217391304347826,2.0,2.0,True,2018
1,12,21,11.0,14.0,4.0,9.0,3.0,6.0,6.0,14.0,2.0,8.0,4.0,4.0,0.0871214340898816,0.47619047619047616,0.04984617637091738,0.38095238095238093,2.0,2.0,True,2018
0,15,27,12.0,19.0,2.0,4.0,6.0,9.0,7.0,14.0,3.0,7.0,2.0,3.0,0.0706967011328,0.2857142857142857,0.012973704631812095,0.14285714285714285,3.0,1.0,True,2018
0,19,14,6.0,13.0,3.0,5.0,4.0,5.0,10.0,16.0,2.0,5.0,5.0,5.0,0.14754876139634687,0.7,0.07730332476899328,0.5238095238095238,2.0,2.0,False,2018
1,14,19,10.0,16.0,2.0,5.0,5.0,5.0,6.0,13.0,3.0,5.0,4.0,5.0,0.07730332476899328,0.5238095238095238,0.1180390091170775,0.6666666666666666,2.0,2.0,True,2018
1,10,0,12.0,23.0,5.0,11.0,6.0,7.0,11.0,20.0,3.0,8.0,5.0,5.0,0.05540113424816538,0.4090909090909091,0.14182001711644673,0.7272727272727273,2.0,2.0,False,2018
0,0,10,11.0,20.0,3.0,8.0,5.0,5.0,12.0,23.0,5.0,11.0,6.0,7.0,0.14182001711644673,0.7272727272727273,0.044320907398532304,0.391304347826087,2.0,2.0,True,2018
1,26,23,11.0,21.0,5.0,9.0,11.0,11.0,9.0,17.0,4.0,8.0,7.0,7.0,0.05565299579420672,0.4,0.08935399939186359,0.5652173913043478,2.0,2.0,True,2018
1,11,8,13.0,25.0,6.0,12.0,9.0,11.0,9.0,21.0,4.0,7.0,5.0,6.0,0.1408484025148375,0.5,0.07246119151410871,0.5,1.0,2.0,True,2018
1,16,5,6.0,16.0,2.0,3.0,3.0,5.0,7.0,17.0,3.0,6.0,6.0,10.0,0.01197127644479488,0.35,0.1571740142296105,0.6666666666666666,2.0,2.0,False,2018
0,5,16,7.0,17.0,3.0,6.0,6.0,10.0,6.0,16.0,2.0,3.0,3.0,5.0,0.1571740142296105,0.6666666666666666,0.009577021155835903,0.3333333333333333,2.0,2.0,True,2018
0,19,18,9.0,15.0,3.0,7.0,6.0,8.0,8.0,21.0,6.0,13.0,11.0,12.0,0.1180390091170775,0.6666666666666666,0.11312466367715739,0.5714285714285714,1.0,2.0,False,2018
0,9,6,11.0,24.0,4.0,6.0,3.0,5.0,5.0,12.0,4.0,9.0,4.0,5.0,0.03952173383680001,0.19047619047619047,0.08601634286364263,0.38095238095238093,2.0,3.0,True,2018
1,6,9,5.0,12.0,4.0,9.0,4.0,5.0,11.0,24.0,4.0,6.0,3.0,5.0,0.08601634286364263,0.38095238095238093,0.07161738706944,0.22727272727272727,3.0,2.0,False,2018
1,2,7,8.0,14.0,3.0,6.0,6.0,8.0,16.0,29.0,3.0,8.0,3.0,4.0,0.15161600000000003,0.8260869565217391,0.0670978236122923,0.34782608695652173,2.0,3.0,True,2018
0,29,20,7.0,14.0,3.0,6.0,8.0,9.0,8.0,20.0,5.0,8.0,7.0,8.0,0.0577001791380521,0.38095238095238093,0.11632539993138793,0.5714285714285714,3.0,2.0,False,2018
0,16,3,12.0,23.0,5.0,7.0,6.0,6.0,13.0,22.0,4.0,6.0,8.0,8.0,0.009577021155835903,0.3333333333333333,0.18776304031424834,0.6818181818181818,1.0,2.0,False,2018
1,4,15,9.0,15.0,3.0,5.0,17.0,22.0,10.0,15.0,4.0,9.0,4.0,4.0,0.1308226816586547,0.55,0.09655736090624,0.3181818181818182,2.0,1.0,True,2018
0,7,2,16.0,29.0,3.0,8.0,3.0,4.0,8.0,14.0,3.0,6.0,6.0,8.0,0.0670978236122923,0.34782608695652173,0.16129280000000001,0.8333333333333334,3.0,2.0,False,2018
0,15,4,10.0,15.0,4.0,9.0,4.0,4.0,9.0,15.0,3.0,5.0,17.0,22.0,0.09655736090624,0.3181818181818182,0.14465814532692378,0.5714285714285714,1.0,2.0,False,2018
1,20,29,8.0,20.0,5.0,8.0,7.0,8.0,7.0,14.0,3.0,6.0,8.0,9.0,0.11632539993138793,0.5714285714285714,0.04616014331044168,0.36363636363636365,2.0,3.0,True,2018
0,24,13,6.0,16.0,2.0,4.0,9.0,10.0,8.0,12.0,5.0,8.0,10.0,11.0,0.0859085227897651,0.4,0.06438288722147409,0.22727272727272727,2.0,3.0,False,2018
1,13,24,8.0,12.0,5.0,8.0,10.0,11.0,6.0,16.0,2.0,4.0,9.0,10.0,0.06438288722147409,0.22727272727272727,0.06872681823181208,0.38095238095238093,3.0,2.0,True,2018
0,8,17,14.0,28.0,4.0,7.0,8.0,13.0,11.0,25.0,4.0,11.0,6.0,6.0,0.07246119151410871,0.5,0.123429137453731,0.5909090909090909,1.0,2.0,True,2018
1,17,8,11.0,25.0,4.0,11.0,6.0,6.0,14.0,28.0,4.0,7.0,8.0,13.0,0.123429137453731,0.5909090909090909,0.09796895321128699,0.5217391304347826,2.0,1.0,False,2018
1,3,16,13.0,22.0,4.0,6.0,8.0,8.0,12.0,23.0,5.0,7.0,6.0,6.0,0.18776304031424834,0.6818181818181818,0.007661616924668722,0.3181818181818182,2.0,1.0,True,2018
1,18,19,8.0,21.0,6.0,13.0,11.0,12.0,9.0,15.0,3.0,7.0,6.0,8.0,0.11312466367715739,0.5714285714285714,0.094431207293662,0.6363636363636364,2.0,1.0,True,2018
1,28,10,10.0,19.0,1.0,3.0,3.0,4.0,13.0,19.0,1.0,6.0,9.0,10.0,0.09866916769955839,0.5238095238095238,0.044320907398532304,0.391304347826087,4.0,2.0,False,2018
0,5,26,7.0,15.0,4.0,9.0,4.0,5.0,9.0,22.0,2.0,5.0,3.0,6.0,0.16573921138368838,0.6818181818181818,0.08452239663536538,0.42857142857142855,2.0,2.0,False,2018
0,1,29,13.0,22.0,4.0,9.0,6.0,7.0,8.0,16.0,4.0,7.0,5.0,8.0,0.1810523985126359,0.8095238095238095,0.04616014331044168,0.36363636363636365,4.0,1.0,True,2018
0,10,28,13.0,19.0,1.0,6.0,9.0,10.0,10.0,19.0,1.0,3.0,3.0,4.0,0.044320907398532304,0.391304347826087,0.07893533415964671,0.5,2.0,4.0,True,2018
1,29,1,8.0,16.0,4.0,7.0,5.0,8.0,13.0,22.0,4.0,9.0,6.0,7.0,0.04616014331044168,0.36363636363636365,0.18484191881010872,0.8181818181818182,1.0,4.0,False,2018
1,12,0,7.0,11.0,4.0,10.0,3.0,4.0,11.0,18.0,5.0,9.0,4.0,5.0,0.10969714727190527,0.5,0.1534560136931574,0.7391304347826086,2.0,2.0,False,2018
0,0,12,11.0,18.0,5.0,9.0,4.0,5.0,7.0,11.0,4.0,10.0,3.0,4.0,0.1534560136931574,0.7391304347826086,0.08775771781752421,0.4782608695652174,2.0,2.0,True,2018
1,23,24,10.0,20.0,2.0,7.0,11.0,13.0,9.0,14.0,7.0,10.0,5.0,7.0,0.08935399939186359,0.5652173913043478,0.06872681823181208,0.38095238095238093,2.0,1.0,True,2018
0,24,23,9.0,14.0,7.0,10.0,5.0,7.0,10.0,20.0,2.0,7.0,11.0,13.0,0.06872681823181208,0.38095238095238093,0.11148319951349088,0.5833333333333334,1.0,2.0,False,2018
1,26,5,9.0,22.0,2.0,5.0,3.0,6.0,7.0,15.0,4.0,9.0,4.0,5.0,0.08452239663536538,0.42857142857142855,0.1325913691069507,0.6521739130434783,2.0,2.0,True,2018
1,27,3,6.0,13.0,3.0,8.0,4.0,5.0,9.0,15.0,3.0,7.0,5.0,5.0,0.012973704631812095,0.14285714285714285,0.19021043225139872,0.6956521739130435,3.0,2.0,False,2018
1,2,4,13.0,24.0,4.0,5.0,4.0,5.0,14.0,24.0,3.0,6.0,12.0,14.0,0.16129280000000001,0.8333333333333334,0.14465814532692378,0.5714285714285714,2.0,2.0,True,2018
0,4,2,14.0,24.0,3.0,6.0,12.0,14.0,13.0,24.0,4.0,5.0,4.0,5.0,0.14465814532692378,0.5714285714285714,0.16903424,0.84,2.0,2.0,False,2018
1,5,19,6.0,17.0,3.0,6.0,7.0,7.0,12.0,21.0,3.0,7.0,5.0,7.0,0.1325913691069507,0.6521739130434783,0.094431207293662,0.6363636363636364,1.0,2.0,True,2018
1,13,20,9.0,18.0,3.0,8.0,4.0,4.0,9.0,20.0,4.0,8.0,4.0,6.0,0.09150630977717927,0.2608695652173913,0.13306031994511033,0.5909090909090909,2.0,2.0,True,2018
0,10,21,7.0,15.0,3.0,7.0,5.0,5.0,7.0,16.0,1.0,8.0,14.0,14.0,0.07545672591882584,0.4166666666666667,0.04984617637091738,0.38095238095238093,1.0,3.0,False,2018
1,21,10,7.0,16.0,1.0,8.0,14.0,14.0,7.0,15.0,3.0,7.0,5.0,5.0,0.04984617637091738,0.38095238095238093,0.06036538073506067,0.4,3.0,1.0,True,2018
0,0,8,9.0,21.0,5.0,11.0,8.0,9.0,13.0,21.0,5.0,11.0,4.0,5.0,0.16276481095452594,0.75,0.09796895321128699,0.5217391304347826,1.0,2.0,True,2018
0,20,13,9.0,20.0,4.0,8.0,4.0,6.0,9.0,18.0,3.0,8.0,4.0,4.0,0.13306031994511033,0.5909090909090909,0.11320504782174343,0.2916666666666667,2.0,2.0,False,2018
0,23,16,11.0,21.0,2.0,7.0,6.0,7.0,6.0,14.0,2.0,5.0,8.0,9.0,0.11148319951349088,0.5833333333333334,0.007661616924668722,0.3181818181818182,1.0,2.0,False,2018
1,8,0,13.0,21.0,5.0,11.0,4.0,5.0,9.0,21.0,5.0,11.0,8.0,9.0,0.09796895321128699,0.5217391304347826,0.17021184876362075,0.76,2.0,1.0,False,2018
1,16,23,6.0,14.0,2.0,5.0,8.0,9.0,11.0,21.0,2.0,7.0,6.0,7.0,0.007661616924668722,0.3181818181818182,0.0891865596107927,0.56,2.0,1.0,True,2018
1,11,14,9.0,13.0,3.0,6.0,6.0,6.0,6.0,15.0,2.0,4.0,7.0,8.0,0.15267872201187,0.5217391304347826,0.10184265981519462,0.5454545454545454,3.0,3.0,True,2018
1,18,7,9.0,18.0,3.0,10.0,8.0,8.0,17.0,32.0,5.0,8.0,7.0,8.0,0.1304997309417259,0.5909090909090909,0.05367825888983384,0.3333333333333333,2.0,2.0,False,2018
0,19,5,12.0,21.0,3.0,7.0,5.0,7.0,6.0,17.0,3.0,6.0,7.0,7.0,0.094431207293662,0.6363636363636364,0.14607309528556056,0.6666666666666666,2.0,1.0,False,2018
0,14,11,6.0,15.0,2.0,4.0,7.0,8.0,9.0,13.0,3.0,6.0,6.0,6.0,0.10184265981519462,0.5454545454545454,0.16214297760949598,0.5416666666666666,3.0,3.0,False,2018
0,28,22,7.0,11.0,2.0,5.0,3.0,4.0,9.0,11.0,3.0,5.0,2.0,2.0,0.07893533415964671,0.5,0.09128772017338711,0.5217391304347826,1.0,3.0,False,2018
1,22,28,9.0,11.0,3.0,5.0,2.0,2.0,7.0,11.0,2.0,5.0,3.0,4.0,0.09128772017338711,0.5217391304347826,0.06314826732771736,0.4782608695652174,3.0,1.0,True,2018
0,6,9,7.0,14.0,3.0,6.0,3.0,3.0,9.0,17.0,1.0,5.0,6.0,6.0,0.0688130742909141,0.36363636363636365,0.07161738706944,0.22727272727272727,2.0,2.0,True,2018
1,9,6,9.0,17.0,1.0,5.0,6.0,6.0,7.0,14.0,3.0,6.0,3.0,3.0,0.07161738706944,0.22727272727272727,0.09505045943273129,0.391304347826087,2.0,2.0,False,2018
0,7,18,17.0,32.0,5.0,8.0,7.0,8.0,9.0,18.0,3.0,10.0,8.0,8.0,0.05367825888983384,0.3333333333333333,0.10439978475338071,0.5652173913043478,2.0,2.0,True,2018
0,3,27,9.0,15.0,3.0,7.0,5.0,5.0,6.0,13.0,3.0,8.0,4.0,5.0,0.19021043225139872,0.6956521739130435,0.010378963705449676,0.13636363636363635,2.0,3.0,True,2018
1,26,11,12.0,25.0,2.0,9.0,8.0,9.0,11.0,22.0,5.0,12.0,7.0,9.0,0.10761791730829232,0.45454545454545453,0.16214297760949598,0.5416666666666666,2.0,1.0,True,2018
0,11,26,11.0,22.0,5.0,12.0,7.0,9.0,12.0,25.0,2.0,9.0,8.0,9.0,0.16214297760949598,0.5416666666666666,0.12609433384663385,0.4782608695652174,1.0,2.0,False,2018
0,14,17,21.0,37.0,5.0,12.0,4.0,5.0,10.0,23.0,5.0,9.0,7.0,8.0,0.0814741278521557,0.5217391304347826,0.0987433099629848,0.5652173913043478,1.0,3.0,True,2018
1,25,7,8.0,17.0,5.0,10.0,6.0,7.0,6.0,15.0,3.0,7.0,10.0,12.0,0.1487556935787479,0.6666666666666666,0.08294260711186707,0.36,4.0,1.0,True,2018
0,7,25,6.0,15.0,3.0,7.0,10.0,12.0,8.0,17.0,5.0,10.0,6.0,7.0,0.08294260711186707,0.36,0.1590045548629983,0.6818181818181818,1.0,4.0,False,2018
1,17,14,10.0,23.0,5.0,9.0,7.0,8.0,21.0,37.0,5.0,12.0,4.0,5.0,0.0987433099629848,0.5652173913043478,0.10517930228172456,0.5416666666666666,3.0,1.0,False,2018
0,9,10,10.0,26.0,3.0,7.0,5.0,6.0,12.0,21.0,2.0,7.0,6.0,9.0,0.057293909655552,0.21739130434782608,0.06036538073506067,0.4,2.0,2.0,False,2018
1,24,23,9.0,20.0,4.0,9.0,3.0,5.0,9.0,16.0,4.0,7.0,5.0,5.0,0.05498145458544966,0.36363636363636365,0.0891865596107927,0.56,3.0,2.0,False,2018
1,5,12,7.0,16.0,5.0,6.0,5.0,5.0,9.0,12.0,5.0,8.0,2.0,4.0,0.14607309528556056,0.6666666666666666,0.08775771781752421,0.4782608695652174,2.0,3.0,True,2018
1,2,13,10.0,18.0,3.0,6.0,5.0,7.0,8.0,16.0,2.0,7.0,3.0,4.0,0.16903424,0.84,0.11320504782174343,0.2916666666666667,2.0,2.0,True,2018
0,27,22,8.0,15.0,4.0,7.0,2.0,4.0,10.0,20.0,4.0,10.0,3.0,4.0,0.010378963705449676,0.13636363636363635,0.11303017613870969,0.5416666666666666,2.0,2.0,False,2018
1,22,27,10.0,20.0,4.0,10.0,3.0,4.0,8.0,15.0,4.0,7.0,2.0,4.0,0.11303017613870969,0.5416666666666666,0.00830317096435974,0.13043478260869565,2.0,2.0,True,2018
0,15,3,8.0,20.0,2.0,7.0,6.0,10.0,12.0,18.0,5.0,8.0,4.0,6.0,0.077245888724992,0.30434782608695654,0.19216834580111897,0.7083333333333334,4.0,2.0,False,2018
1,3,15,12.0,18.0,5.0,8.0,4.0,6.0,8.0,20.0,2.0,7.0,6.0,10.0,0.19216834580111897,0.7083333333333334,0.0617967109799936,0.2916666666666667,2.0,4.0,True,2018
0,20,8,8.0,19.0,3.0,8.0,5.0,8.0,12.0,25.0,4.0,7.0,14.0,21.0,0.10644825595608827,0.5652173913043478,0.07837516256902959,0.5,2.0,2.0,False,2018
0,23,24,9.0,16.0,4.0,7.0,5.0,5.0,9.0,20.0,4.0,9.0,3.0,5.0,0.0891865596107927,0.56,0.04398516366835973,0.34782608695652173,2.0,3.0,True,2018
1,10,9,12.0,21.0,2.0,7.0,6.0,9.0,10.0,26.0,3.0,7.0,5.0,6.0,0.06036538073506067,0.4,0.0458351277244416,0.20833333333333334,2.0,2.0,True,2018
0,12,5,9.0,12.0,5.0,8.0,2.0,4.0,7.0,16.0,5.0,6.0,5.0,5.0,0.08775771781752421,0.4782608695652174,0.15685847622844845,0.68,3.0,2.0,False,2018
1,21,0,8.0,21.0,3.0,7.0,6.0,7.0,13.0,28.0,4.0,10.0,6.0,6.0,0.0798769410967339,0.4090909090909091,0.17021184876362075,0.76,2.0,2.0,False,2018
1,4,19,9.0,21.0,2.0,6.0,8.0,12.0,12.0,16.0,4.0,9.0,7.0,8.0,0.11572651626153903,0.5454545454545454,0.0755449658349296,0.6086956521739131,2.0,2.0,True,2018
0,19,4,12.0,16.0,4.0,9.0,7.0,8.0,9.0,21.0,2.0,6.0,8.0,12.0,0.0755449658349296,0.6086956521739131,0.13258121300923123,0.5652173913043478,2.0,2.0,False,2018
0,0,21,13.0,28.0,4.0,10.0,6.0,6.0,8.0,21.0,3.0,7.0,6.0,7.0,0.17021184876362075,0.76,0.06390155287738712,0.391304347826087,2.0,2.0,True,2018
1,28,16,10.0,19.0,4.0,6.0,6.0,8.0,5.0,13.0,3.0,7.0,6.0,7.0,0.06314826732771736,0.4782608695652174,0.04612929353973498,0.34782608695652173,2.0,2.0,True,2018
0,16,28,5.0,13.0,3.0,7.0,6.0,7.0,10.0,19.0,4.0,6.0,6.0,8.0,0.04612929353973498,0.34782608695652173,0.09051861386217389,0.5,2.0,2.0,False,2018
0,13,2,8.0,16.0,2.0,7.0,3.0,4.0,10.0,18.0,3.0,6.0,5.0,7.0,0.11320504782174343,0.2916666666666667,0.17522739199999998,0.8461538461538461,2.0,2.0,False,2018
1,8,20,12.0,25.0,4.0,7.0,14.0,21.0,8.0,19.0,3.0,8.0,5.0,8.0,0.07837516256902959,0.5,0.08515860476487061,0.5416666666666666,2.0,2.0,True,2018
0,1,11,9.0,19.0,5.0,12.0,9.0,9.0,9.0,19.0,2.0,7.0,6.0,6.0,0.18484191881010872,0.8181818181818182,0.12971438208759678,0.52,4.0,2.0,True,2018
1,6,26,7.0,15.0,4.0,9.0,8.0,9.0,10.0,27.0,2.0,6.0,9.0,12.0,0.09505045943273129,0.391304347826087,0.12609433384663385,0.4782608695652174,3.0,2.0,True,2018
0,26,6,10.0,27.0,2.0,6.0,9.0,12.0,7.0,15.0,4.0,9.0,8.0,9.0,0.12609433384663385,0.4782608695652174,0.116040367546185,0.4166666666666667,2.0,3.0,False,2018
0,14,7,13.0,22.0,2.0,5.0,7.0,9.0,9.0,20.0,2.0,6.0,5.0,7.0,0.10517930228172456,0.5416666666666666,0.06635408568949366,0.34615384615384615,2.0,2.0,True,2018
1,7,14,9.0,20.0,2.0,6.0,5.0,7.0,13.0,22.0,2.0,5.0,7.0,9.0,0.06635408568949366,0.34615384615384615,0.12414344182537965,0.56,2.0,2.0,False,2018
1,18,29,11.0,17.0,4.0,7.0,9.0,10.0,7.0,21.0,4.0,7.0,5.0,10.0,0.10439978475338071,0.5652173913043478,0.03692811464835334,0.34782608695652173,3.0,4.0,False,2018
1,11,1,9.0,19.0,2.0,7.0,6.0,6.0,9.0,19.0,5.0,12.0,9.0,9.0,0.12971438208759678,0.52,0.187873535048087,0.8260869565217391,2.0,4.0,False,2018
0,29,18,7.0,21.0,4.0,7.0,5.0,10.0,11.0,17.0,4.0,7.0,9.0,10.0,0.03692811464835334,0.34782608695652173,0.08351982780270457,0.5416666666666666,4.0,3.0,True,2018
0,2,5,13.0,21.0,6.0,10.0,6.0,6.0,11.0,20.0,2.0,7.0,4.0,4.0,0.17522739199999998,0.8461538461538461,0.15685847622844845,0.68,2.0,2.0,False,2018
1,16,25,10.0,19.0,3.0,7.0,5.0,7.0,7.0,15.0,4.0,9.0,14.0,14.0,0.036903434831787985,0.3333333333333333,0.1590045548629983,0.6818181818181818,2.0,3.0,False,2018
0,0,19,12.0,23.0,3.0,9.0,9.0,10.0,9.0,17.0,4.0,7.0,4.0,10.0,0.17616947901089658,0.7692307692307693,0.060435972667943684,0.5833333333333334,2.0,2.0,True,2018
1,21,27,11.0,23.0,3.0,10.0,7.0,8.0,9.0,24.0,3.0,5.0,5.0,6.0,0.06390155287738712,0.391304347826087,0.00830317096435974,0.13043478260869565,2.0,2.0,False,2018
0,27,21,9.0,24.0,3.0,5.0,5.0,6.0,11.0,23.0,3.0,10.0,7.0,8.0,0.00830317096435974,0.13043478260869565,0.051121242301909696,0.375,2.0,2.0,True,2018
0,20,10,8.0,16.0,2.0,5.0,4.0,5.0,10.0,19.0,2.0,5.0,4.0,5.0,0.08515860476487061,0.5416666666666666,0.08829230458804854,0.4230769230769231,2.0,2.0,True,2018
1,19,0,9.0,17.0,4.0,7.0,4.0,10.0,12.0,23.0,3.0,9.0,9.0,10.0,0.060435972667943684,0.5833333333333334,0.1809355832087173,0.7777777777777778,2.0,2.0,False,2018
1,8,15,14.0,30.0,4.0,10.0,8.0,8.0,14.0,22.0,5.0,9.0,3.0,4.0,0.10270013005522367,0.52,0.0617967109799936,0.2916666666666667,2.0,2.0,False,2018
1,4,13,10.0,19.0,5.0,8.0,11.0,12.0,11.0,17.0,5.0,7.0,4.0,6.0,0.13258121300923123,0.5652173913043478,0.09056403825739474,0.28,2.0,2.0,True,2018
1,5,2,11.0,20.0,2.0,7.0,4.0,4.0,13.0,21.0,6.0,10.0,6.0,6.0,0.15685847622844845,0.68,0.14018191359999999,0.8148148148148148,2.0,2.0,True,2018
1,22,3,11.0,24.0,6.0,13.0,5.0,10.0,12.0,22.0,5.0,10.0,6.0,10.0,0.13042414091096774,0.56,0.19373467664089516,0.72,2.0,2.0,True,2018
0,13,4,11.0,17.0,5.0,7.0,4.0,6.0,10.0,19.0,5.0,8.0,11.0,12.0,0.09056403825739474,0.28,0.14606497040738498,0.5833333333333334,2.0,2.0,False,2018
0,25,16,7.0,15.0,4.0,9.0,14.0,14.0,10.0,19.0,3.0,7.0,5.0,7.0,0.1590045548629983,0.6818181818181818,0.02952274786543039,0.32,3.0,2.0,True,2018
0,15,8,14.0,22.0,5.0,9.0,3.0,4.0,14.0,30.0,4.0,10.0,8.0,8.0,0.0617967109799936,0.2916666666666667,0.08216010404417894,0.5,2.0,2.0,True,2018
1,10,20,10.0,19.0,2.0,5.0,4.0,5.0,8.0,16.0,2.0,5.0,4.0,5.0,0.08829230458804854,0.4230769230769231,0.10812688381189647,0.56,2.0,2.0,False,2018
0,3,22,12.0,22.0,5.0,10.0,6.0,10.0,11.0,24.0,6.0,13.0,5.0,10.0,0.19373467664089516,0.72,0.1443393127287742,0.5769230769230769,2.0,2.0,False,2018
1,9,10,9.0,19.0,5.0,6.0,5.0,6.0,13.0,24.0,4.0,6.0,3.0,3.0,0.0458351277244416,0.20833333333333334,0.07063384367043883,0.4074074074074074,3.0,1.0,True,2018
0,10,9,13.0,24.0,4.0,6.0,3.0,3.0,9.0,19.0,5.0,6.0,5.0,6.0,0.07063384367043883,0.4074074074074074,0.07666810217955329,0.24,1.0,3.0,False,2018
0,1,17,16.0,29.0,4.0,7.0,12.0,14.0,11.0,23.0,9.0,16.0,4.0,5.0,0.187873535048087,0.8260869565217391,0.07899464797038784,0.5416666666666666,2.0,4.0,True,2018
1,24,14,11.0,20.0,4.0,8.0,9.0,10.0,10.0,21.0,5.0,11.0,6.0,6.0,0.04398516366835973,0.34782608695652173,0.12414344182537965,0.56,3.0,2.0,True,2018
1,17,1,11.0,23.0,9.0,16.0,4.0,5.0,16.0,29.0,4.0,7.0,12.0,14.0,0.07899464797038784,0.5416666666666666,0.1902988280384696,0.8333333333333334,4.0,2.0,False,2018
1,21,29,10.0,22.0,3.0,8.0,3.0,6.0,7.0,16.0,3.0,6.0,7.0,8.0,0.051121242301909696,0.375,0.06954249171868268,0.375,1.0,2.0,False,2018
1,3,18,9.0,23.0,4.0,8.0,10.0,12.0,8.0,17.0,5.0,9.0,4.0,4.0,0.15498774131271614,0.6923076923076923,0.08351982780270457,0.5416666666666666,1.0,2.0,True,2018
0,12,6,9.0,19.0,4.0,6.0,3.0,4.0,6.0,15.0,3.0,9.0,5.0,5.0,0.07020617425401937,0.4583333333333333,0.116040367546185,0.4166666666666667,3.0,2.0,True,2018
0,29,21,7.0,16.0,3.0,6.0,7.0,8.0,10.0,22.0,3.0,8.0,3.0,6.0,0.06954249171868268,0.375,0.04089699384152776,0.36,2.0,1.0,True,2018
0,5,7,7.0,18.0,3.0,6.0,6.0,7.0,8.0,16.0,2.0,6.0,8.0,9.0,0.16548678098275876,0.6923076923076923,0.05308326855159493,0.3333333333333333,1.0,2.0,True,2018
1,7,5,8.0,16.0,2.0,6.0,8.0,9.0,7.0,18.0,3.0,6.0,6.0,7.0,0.05308326855159493,0.3333333333333333,0.172389424786207,0.7037037037037037,2.0,1.0,False,2018
1,6,12,6.0,15.0,3.0,9.0,5.0,5.0,9.0,19.0,4.0,6.0,3.0,4.0,0.116040367546185,0.4166666666666667,0.09616493940321551,0.48,2.0,3.0,False,2018
0,14,24,10.0,21.0,5.0,11.0,6.0,6.0,11.0,20.0,4.0,8.0,9.0,10.0,0.12414344182537965,0.56,0.07518813093468778,0.375,2.0,3.0,False,2018
1,4,11,14.0,22.0,3.0,6.0,8.0,9.0,8.0,17.0,3.0,6.0,8.0,14.0,0.14606497040738498,0.5833333333333334,0.10377150567007742,0.5,1.0,2.0,True,2018
0,26,16,7.0,29.0,6.0,12.0,7.0,12.0,13.0,24.0,5.0,8.0,4.0,6.0,0.10087546707730707,0.4583333333333333,0.02952274786543039,0.32,2.0,1.0,True,2018
1,16,26,13.0,24.0,5.0,8.0,4.0,6.0,7.0,29.0,6.0,12.0,7.0,12.0,0.02952274786543039,0.32,0.12070037366184568,0.48,1.0,2.0,False,2018
0,11,4,8.0,17.0,3.0,6.0,8.0,14.0,14.0,22.0,3.0,6.0,8.0,9.0,0.10377150567007742,0.5,0.15685197632590797,0.6,2.0,1.0,False,2018
0,28,27,10.0,25.0,2.0,7.0,2.0,2.0,7.0,14.0,5.0,8.0,5.0,7.0,0.09051861386217389,0.5,0.04664253677148779,0.16666666666666666,3.0,1.0,False,2018
1,27,28,7.0,14.0,5.0,8.0,5.0,7.0,10.0,25.0,2.0,7.0,2.0,2.0,0.04664253677148779,0.16666666666666666,0.07241489108973911,0.48,1.0,3.0,True,2018
0,18,3,8.0,17.0,5.0,9.0,4.0,4.0,9.0,23.0,4.0,8.0,10.0,12.0,0.08351982780270457,0.5416666666666666,0.1639901930501729,0.7037037037037037,2.0,1.0,False,2018
0,25,15,9.0,17.0,4.0,12.0,7.0,11.0,9.0,13.0,4.0,8.0,4.0,5.0,0.16720364389039866,0.6956521739130435,0.08943736878399487,0.32,2.0,2.0,True,2018
1,22,20,15.0,28.0,6.0,12.0,11.0,13.0,9.0,19.0,5.0,10.0,3.0,4.0,0.1443393127287742,0.5769230769230769,0.10812688381189647,0.56,2.0,2.0,True,2018
0,2,19,7.0,15.0,3.0,7.0,5.0,6.0,6.0,16.0,3.0,9.0,6.0,6.0,0.14018191359999999,0.8148148148148148,0.048348778134354946,0.56,2.0,2.0,True,2018
1,28,9,10.0,23.0,2.0,5.0,9.0,10.0,9.0,14.0,5.0,6.0,9.0,9.0,0.07241489108973911,0.48,0.07666810217955329,0.24,1.0,1.0,True,2018
0,20,22,9.0,19.0,5.0,10.0,3.0,4.0,15.0,28.0,6.0,12.0,11.0,13.0,0.10812688381189647,0.56,0.15547145018301936,0.5925925925925926,2.0,2.0,False,2018
1,19,2,6.0,16.0,3.0,9.0,6.0,6.0,7.0,15.0,3.0,7.0,5.0,6.0,0.048348778134354946,0.56,0.15214553088,0.8214285714285714,2.0,2.0,False,2018
1,15,25,9.0,13.0,4.0,8.0,4.0,5.0,9.0,17.0,4.0,12.0,7.0,11.0,0.08943736878399487,0.32,0.17376291511231892,0.7083333333333334,2.0,2.0,False,2018
1,23,13,10.0,17.0,2.0,6.0,6.0,8.0,8.0,17.0,3.0,8.0,4.0,5.0,0.11134924768863416,0.5769230769230769,0.0724512306059158,0.2692307692307692,4.0,2.0,True,2018
0,18,8,10.0,16.0,3.0,7.0,9.0,9.0,11.0,21.0,5.0,8.0,7.0,9.0,0.06681586224216365,0.52,0.08216010404417894,0.5,1.0,2.0,False,2018
0,9,28,9.0,14.0,5.0,6.0,9.0,9.0,10.0,23.0,2.0,5.0,9.0,10.0,0.07666810217955329,0.24,0.09793191287179129,0.5,1.0,1.0,False,2018
1,8,18,11.0,21.0,5.0,8.0,7.0,9.0,10.0,16.0,3.0,7.0,9.0,9.0,0.08216010404417894,0.5,0.053452689793730926,0.5,2.0,1.0,True,2018
0,13,23,8.0,17.0,3.0,8.0,4.0,5.0,10.0,17.0,2.0,6.0,6.0,8.0,0.0724512306059158,0.2692307692307692,0.12907939815090735,0.5925925925925926,2.0,4.0,False,2018
1,27,2,10.0,15.0,3.0,7.0,7.0,8.0,6.0,14.0,3.0,7.0,3.0,4.0,0.07731402941719023,0.2,0.15214553088,0.8214285714285714,2.0,1.0,True,2018
0,21,26,9.0,17.0,4.0,7.0,5.0,7.0,10.0,22.0,2.0,7.0,9.0,9.0,0.04089699384152776,0.36,0.12070037366184568,0.48,2.0,2.0,True,2018
1,16,12,5.0,17.0,2.0,7.0,7.0,10.0,7.0,12.0,4.0,7.0,4.0,5.0,0.023618198292344312,0.3076923076923077,0.09616493940321551,0.48,2.0,2.0,False,2018
1,1,8,13.0,16.0,5.0,10.0,6.0,9.0,16.0,21.0,6.0,8.0,6.0,11.0,0.1902988280384696,0.8333333333333334,0.10572808323534315,0.5185185185185185,2.0,1.0,True,2018
0,8,1,16.0,21.0,6.0,8.0,6.0,11.0,13.0,16.0,5.0,10.0,6.0,9.0,0.10572808323534315,0.5185185185185185,0.19223906243077568,0.84,1.0,2.0,False,2018
1,26,21,10.0,22.0,2.0,7.0,9.0,9.0,9.0,17.0,4.0,7.0,5.0,7.0,0.12070037366184568,0.48,0.0727175950732222,0.38461538461538464,2.0,2.0,False,2018
0,12,16,7.0,12.0,4.0,7.0,4.0,5.0,5.0,17.0,2.0,7.0,7.0,10.0,0.09616493940321551,0.48,0.01889455863387545,0.2962962962962963,2.0,2.0,True,2018
1,0,17,11.0,21.0,4.0,10.0,4.0,4.0,12.0,28.0,5.0,13.0,10.0,11.0,0.1809355832087173,0.7777777777777778,0.06319571837631027,0.52,3.0,2.0,True,2018
0,17,0,12.0,28.0,5.0,13.0,10.0,11.0,11.0,21.0,4.0,10.0,4.0,4.0,0.06319571837631027,0.52,0.18474846656697383,0.7857142857142857,2.0,3.0,False,2018
1,24,25,6.0,18.0,3.0,9.0,5.0,5.0,8.0,17.0,3.0,8.0,7.0,10.0,0.07518813093468778,0.375,0.17376291511231892,0.7083333333333334,2.0,1.0,True,2018
0,25,24,8.0,17.0,3.0,8.0,7.0,10.0,6.0,18.0,3.0,9.0,5.0,5.0,0.17376291511231892,0.7083333333333334,0.10015050474775022,0.4,1.0,2.0,False,2018
0,2,27,6.0,14.0,3.0,7.0,3.0,4.0,10.0,15.0,3.0,7.0,7.0,8.0,0.15214553088,0.8214285714285714,0.10185122353375217,0.23076923076923078,1.0,2.0,False,2018
0,9,3,8.0,15.0,6.0,10.0,6.0,6.0,11.0,13.0,6.0,9.0,3.0,3.0,0.06133448174364263,0.23076923076923078,0.1639901930501729,0.7037037037037037,2.0,3.0,False,2018
1,15,7,7.0,14.0,2.0,7.0,4.0,7.0,9.0,24.0,3.0,10.0,4.0,4.0,0.0715498950271959,0.3076923076923077,0.042466614841275944,0.32142857142857145,2.0,3.0,True,2018
1,6,14,5.0,15.0,3.0,14.0,6.0,8.0,11.0,33.0,2.0,7.0,6.0,8.0,0.09283229403694801,0.4,0.09931475346030372,0.5384615384615384,3.0,3.0,True,2018
1,3,9,11.0,13.0,6.0,9.0,3.0,3.0,8.0,15.0,6.0,10.0,6.0,6.0,0.1639901930501729,0.7037037037037037,0.049067585394914105,0.2222222222222222,3.0,2.0,True,2018
0,20,19,11.0,19.0,4.0,8.0,4.0,4.0,5.0,14.0,5.0,7.0,6.0,8.0,0.08650150704951717,0.5384615384615384,0.03867902250748396,0.5384615384615384,2.0,2.0,True,2018
0,5,13,9.0,23.0,2.0,5.0,5.0,6.0,8.0,17.0,2.0,5.0,4.0,4.0,0.172389424786207,0.7037037037037037,0.057960984484732636,0.25925925925925924,3.0,2.0,False,2018
1,19,20,5.0,14.0,5.0,7.0,6.0,8.0,11.0,19.0,4.0,8.0,4.0,4.0,0.03867902250748396,0.5384615384615384,0.10920120563961375,0.5555555555555556,2.0,2.0,False,2018
1,28,29,14.0,26.0,5.0,8.0,4.0,5.0,8.0,20.0,4.0,14.0,4.0,4.0,0.09793191287179129,0.5,0.09563399337494613,0.4,2.0,3.0,True,2018
1,13,5,8.0,17.0,2.0,5.0,4.0,4.0,9.0,23.0,2.0,5.0,5.0,6.0,0.057960984484732636,0.25925925925925924,0.1379115398289656,0.6785714285714286,2.0,3.0,True,2018
1,23,18,15.0,33.0,3.0,9.0,7.0,10.0,8.0,16.0,3.0,9.0,11.0,12.0,0.12907939815090735,0.5925925925925926,0.053452689793730926,0.5,2.0,2.0,False,2018
0,14,6,11.0,33.0,2.0,7.0,6.0,8.0,5.0,15.0,3.0,14.0,6.0,8.0,0.09931475346030372,0.5384615384615384,0.11426583522955842,0.4230769230769231,3.0,3.0,False,2018
0,7,15,9.0,24.0,3.0,10.0,4.0,4.0,7.0,14.0,2.0,7.0,4.0,7.0,0.042466614841275944,0.32142857142857145,0.09723991602175672,0.3333333333333333,3.0,2.0,False,2018
0,29,28,8.0,20.0,4.0,14.0,4.0,4.0,14.0,26.0,5.0,8.0,4.0,5.0,0.09563399337494613,0.4,0.11834553029743303,0.5185185185185185,3.0,2.0,False,2018
0,18,23,8.0,16.0,3.0,9.0,11.0,12.0,15.0,33.0,3.0,9.0,7.0,10.0,0.053452689793730926,0.5,0.10326351852072588,0.5714285714285714,2.0,2.0,True,2018
1,14,16,6.0,15.0,3.0,5.0,3.0,5.0,6.0,16.0,3.0,5.0,7.0,8.0,0.07945180276824297,0.5185185185185185,0.01889455863387545,0.2962962962962963,1.0,2.0,True,2018
0,25,7,12.0,24.0,3.0,7.0,13.0,15.0,11.0,16.0,7.0,10.0,7.0,8.0,0.13901033208985514,0.68,0.033973291873020756,0.3103448275862069,2.0,1.0,True,2018
0,26,22,11.0,17.0,4.0,7.0,4.0,7.0,9.0,26.0,3.0,9.0,2.0,2.0,0.09656029892947654,0.46153846153846156,0.15547145018301936,0.5925925925925926,2.0,3.0,True,2018
0,11,27,15.0,26.0,3.0,7.0,2.0,2.0,11.0,20.0,3.0,5.0,5.0,8.0,0.08301720453606194,0.48148148148148145,0.10185122353375217,0.23076923076923078,4.0,2.0,False,2018
1,27,11,11.0,20.0,3.0,5.0,5.0,8.0,15.0,26.0,3.0,7.0,2.0,2.0,0.10185122353375217,0.23076923076923078,0.06641376362884956,0.4642857142857143,2.0,4.0,True,2018
0,4,8,13.0,24.0,3.0,9.0,5.0,8.0,10.0,16.0,4.0,6.0,5.0,5.0,0.15685197632590797,0.6,0.08458246658827452,0.5,4.0,2.0,False,2018
1,12,17,8.0,18.0,7.0,10.0,6.0,8.0,9.0,16.0,5.0,8.0,7.0,7.0,0.11693195152257241,0.5,0.05055657470104822,0.5,2.0,2.0,False,2018
1,22,26,9.0,26.0,3.0,9.0,2.0,2.0,11.0,17.0,4.0,7.0,4.0,7.0,0.15547145018301936,0.5925925925925926,0.11724823914358122,0.48148148148148145,3.0,2.0,False,2018
0,16,14,6.0,16.0,3.0,5.0,7.0,8.0,6.0,15.0,3.0,5.0,3.0,5.0,0.01889455863387545,0.2962962962962963,0.10356144221459437,0.5357142857142857,2.0,1.0,False,2018
0,24,10,11.0,22.0,3.0,6.0,6.0,8.0,7.0,17.0,2.0,6.0,6.0,8.0,0.10015050474775022,0.4,0.056507074936351064,0.39285714285714285,2.0,4.0,True,2018
1,1,21,10.0,22.0,5.0,10.0,6.0,6.0,9.0,20.0,2.0,6.0,8.0,11.0,0.19223906243077568,0.84,0.0727175950732222,0.38461538461538464,2.0,2.0,True,2018
1,2,20,12.0,19.0,4.0,9.0,5.0,6.0,16.0,25.0,4.0,8.0,6.0,7.0,0.12171642470399999,0.7931034482758621,0.10920120563961375,0.5555555555555556,2.0,1.0,True,2018
0,21,1,9.0,20.0,2.0,6.0,8.0,11.0,10.0,22.0,5.0,10.0,6.0,6.0,0.0727175950732222,0.38461538461538464,0.19379124994462055,0.8461538461538461,2.0,2.0,False,2018
1,8,4,10.0,16.0,4.0,6.0,5.0,5.0,13.0,24.0,3.0,9.0,5.0,8.0,0.08458246658827452,0.5,0.12548158106072638,0.5769230769230769,2.0,4.0,True,2018
0,17,12,9.0,16.0,5.0,8.0,7.0,7.0,8.0,18.0,7.0,10.0,6.0,8.0,0.05055657470104822,0.5,0.09354556121805793,0.48148148148148145,2.0,2.0,True,2018
1,10,24,7.0,17.0,2.0,6.0,6.0,8.0,11.0,22.0,3.0,6.0,6.0,8.0,0.056507074936351064,0.39285714285714285,0.12012040379820017,0.4230769230769231,4.0,2.0,False,2018
0,20,2,16.0,25.0,4.0,8.0,6.0,7.0,12.0,19.0,4.0,9.0,5.0,6.0,0.10920120563961375,0.5555555555555556,0.1373731397632,0.8,1.0,2.0,False,2018
1,7,25,11.0,16.0,7.0,10.0,7.0,8.0,12.0,24.0,3.0,7.0,13.0,15.0,0.033973291873020756,0.3103448275862069,0.1512082656718841,0.6923076923076923,1.0,2.0,False,2018
1,23,15,11.0,17.0,3.0,7.0,7.0,9.0,6.0,11.0,4.0,7.0,3.0,4.0,0.10326351852072588,0.5714285714285714,0.09723991602175672,0.3333333333333333,2.0,2.0,True,2018
0,19,9,8.0,15.0,5.0,9.0,4.0,4.0,10.0,14.0,2.0,6.0,4.0,4.0,0.030943218005987167,0.5185185185185185,0.049067585394914105,0.2222222222222222,2.0,2.0,True,2018
0,13,0,6.0,18.0,3.0,7.0,4.0,5.0,15.0,23.0,5.0,8.0,2.0,4.0,0.08636878758778611,0.2857142857142857,0.18474846656697383,0.7857142857142857,2.0,3.0,False,2018
0,15,23,6.0,11.0,4.0,7.0,3.0,4.0,11.0,17.0,3.0,7.0,7.0,9.0,0.09723991602175672,0.3333333333333333,0.12261081481658072,0.5862068965517241,2.0,2.0,False,2018
0,28,6,9.0,17.0,3.0,4.0,6.0,6.0,10.0,17.0,4.0,11.0,5.0,7.0,0.11834553029743303,0.5185185185185185,0.11426583522955842,0.4230769230769231,2.0,2.0,True,2018
1,0,13,15.0,23.0,5.0,8.0,2.0,4.0,6.0,18.0,3.0,7.0,4.0,5.0,0.18474846656697383,0.7857142857142857,0.0690950300702289,0.27586206896551724,3.0,2.0,True,2018
1,3,29,9.0,18.0,5.0,8.0,8.0,12.0,10.0,16.0,3.0,8.0,3.0,4.0,0.17119215444013833,0.7142857142857143,0.0765071946999569,0.38461538461538464,2.0,2.0,True,2018
0,29,3,10.0,16.0,3.0,8.0,3.0,4.0,9.0,18.0,5.0,8.0,8.0,12.0,0.0765071946999569,0.38461538461538464,0.17695372355211067,0.7241379310344828,2.0,2.0,False,2018
1,6,28,10.0,17.0,4.0,11.0,5.0,7.0,9.0,17.0,3.0,4.0,6.0,6.0,0.11426583522955842,0.4230769230769231,0.1346764242379464,0.5357142857142857,2.0,2.0,False,2018
1,9,19,10.0,14.0,2.0,6.0,4.0,4.0,8.0,15.0,5.0,9.0,4.0,4.0,0.049067585394914105,0.2222222222222222,0.06475457440478974,0.5357142857142857,2.0,2.0,False,2018
0,17,10,8.0,20.0,3.0,6.0,4.0,4.0,12.0,20.0,4.0,7.0,4.0,6.0,0.08044525976083858,0.5185185185185185,0.04520565994908085,0.3793103448275862,2.0,2.0,True,2018
1,25,6,14.0,19.0,2.0,5.0,2.0,4.0,6.0,11.0,5.0,7.0,5.0,6.0,0.1512082656718841,0.6923076923076923,0.09141266818364674,0.4074074074074074,2.0,1.0,True,2018
1,14,24,9.0,18.0,2.0,6.0,4.0,7.0,7.0,18.0,3.0,8.0,10.0,10.0,0.10356144221459437,0.5357142857142857,0.12012040379820017,0.4230769230769231,2.0,2.0,True,2018
0,24,14,7.0,18.0,3.0,8.0,10.0,10.0,9.0,18.0,2.0,6.0,4.0,7.0,0.12012040379820017,0.4230769230769231,0.12284915377167552,0.5517241379310345,2.0,2.0,False,2018
1,10,17,12.0,20.0,4.0,7.0,4.0,6.0,8.0,20.0,3.0,6.0,4.0,4.0,0.04520565994908085,0.3793103448275862,0.10435620780867087,0.5357142857142857,2.0,2.0,False,2018
0,12,21,5.0,14.0,5.0,10.0,4.0,4.0,8.0,22.0,4.0,10.0,7.0,12.0,0.09354556121805793,0.48148148148148145,0.05817407605857776,0.37037037037037035,2.0,2.0,True,2018
1,20,8,9.0,16.0,4.0,7.0,3.0,4.0,12.0,22.0,5.0,9.0,6.0,10.0,0.087360964511691,0.5357142857142857,0.10766597327061962,0.5172413793103449,2.0,2.0,True,2018
1,16,9,9.0,15.0,4.0,5.0,5.0,5.0,8.0,18.0,5.0,8.0,7.0,8.0,0.01511564690710036,0.2857142857142857,0.039254068315931284,0.21428571428571427,2.0,1.0,True,2018
0,27,4,9.0,16.0,3.0,7.0,7.0,7.0,11.0,19.0,2.0,9.0,9.0,9.0,0.12148097882700175,0.25925925925925924,0.12548158106072638,0.5769230769230769,2.0,2.0,True,2018
1,21,12,8.0,22.0,4.0,10.0,7.0,12.0,5.0,14.0,5.0,10.0,4.0,4.0,0.05817407605857776,0.37037037037037035,0.11483644897444634,0.5,2.0,2.0,False,2018
1,2,11,11.0,25.0,3.0,8.0,9.0,9.0,10.0,18.0,4.0,7.0,4.0,4.0,0.1373731397632,0.8,0.06641376362884956,0.4642857142857143,2.0,2.0,False,2018
1,18,26,11.0,21.0,4.0,15.0,12.0,13.0,11.0,33.0,5.0,11.0,5.0,12.0,0.08276215183498474,0.5185185185185185,0.11724823914358122,0.48148148148148145,3.0,2.0,False,2018
1,22,19,8.0,22.0,5.0,12.0,7.0,8.0,9.0,14.0,3.0,7.0,5.0,8.0,0.12437716014641549,0.5714285714285714,0.06475457440478974,0.5357142857142857,2.0,1.0,False,2018
0,11,2,10.0,18.0,4.0,7.0,4.0,4.0,11.0,25.0,3.0,8.0,9.0,9.0,0.06641376362884956,0.4642857142857143,0.10989851181056001,0.7741935483870968,2.0,2.0,True,2018
0,6,25,6.0,11.0,5.0,7.0,5.0,6.0,14.0,19.0,2.0,5.0,2.0,4.0,0.09141266818364674,0.4074074074074074,0.16096661253750727,0.7037037037037037,1.0,2.0,False,2018
0,5,1,8.0,21.0,3.0,5.0,3.0,4.0,10.0,18.0,5.0,11.0,14.0,16.0,0.1379115398289656,0.6785714285714286,0.19379124994462055,0.8461538461538461,3.0,2.0,False,2018
0,8,20,12.0,22.0,5.0,9.0,6.0,10.0,9.0,16.0,4.0,7.0,3.0,4.0,0.10766597327061962,0.5172413793103449,0.1098887716093528,0.5517241379310345,2.0,2.0,False,2018
0,9,16,8.0,18.0,5.0,8.0,7.0,8.0,9.0,15.0,4.0,5.0,5.0,5.0,0.039254068315931284,0.21428571428571427,0.052092517525680296,0.3103448275862069,1.0,2.0,False,2018
0,19,22,9.0,14.0,3.0,7.0,5.0,8.0,8.0,22.0,5.0,12.0,7.0,8.0,0.06475457440478974,0.5357142857142857,0.0995017281171324,0.5517241379310345,1.0,2.0,True,2018
0,26,18,11.0,33.0,5.0,11.0,5.0,12.0,11.0,21.0,4.0,15.0,12.0,13.0,0.11724823914358122,0.48148148148148145,0.06620972146798779,0.5,2.0,3.0,True,2018
1,4,27,11.0,19.0,2.0,9.0,9.0,9.0,9.0,16.0,3.0,7.0,7.0,7.0,0.12548158106072638,0.5769230769230769,0.1371847830616014,0.2857142857142857,2.0,2.0,False,2018
1,1,5,10.0,18.0,5.0,11.0,14.0,16.0,8.0,21.0,3.0,5.0,3.0,4.0,0.19379124994462055,0.8461538461538461,0.11032923186317248,0.6551724137931034,2.0,3.0,True,2018
1,12,24,10.0,16.0,6.0,8.0,3.0,4.0,7.0,16.0,3.0,10.0,4.0,4.0,0.11483644897444634,0.5,0.09609632303856014,0.4074074074074074,1.0,1.0,True,2018
1,23,7,8.0,18.0,4.0,7.0,10.0,12.0,6.0,14.0,5.0,8.0,8.0,8.0,0.12261081481658072,0.5862068965517241,0.027178633498416604,0.3,2.0,3.0,False,2018
1,1,4,8.0,21.0,4.0,10.0,11.0,14.0,10.0,22.0,3.0,9.0,8.0,10.0,0.1950329999556964,0.8518518518518519,0.1003852648485811,0.5555555555555556,1.0,1.0,True,2018
1,16,2,11.0,19.0,4.0,8.0,7.0,8.0,7.0,17.0,4.0,9.0,3.0,4.0,0.052092517525680296,0.3103448275862069,0.10989851181056001,0.7741935483870968,1.0,1.0,False,2018
0,2,16,7.0,17.0,4.0,9.0,3.0,4.0,11.0,19.0,4.0,8.0,7.0,8.0,0.10989851181056001,0.7741935483870968,0.041674014020544235,0.3,1.0,1.0,True,2018
0,4,1,10.0,22.0,3.0,9.0,8.0,10.0,8.0,21.0,4.0,10.0,11.0,14.0,0.1003852648485811,0.5555555555555556,0.19602639996455715,0.8571428571428571,1.0,1.0,False,2018
0,17,21,10.0,19.0,4.0,9.0,4.0,7.0,9.0,26.0,5.0,9.0,7.0,8.0,0.10435620780867087,0.5357142857142857,0.046539260846862204,0.35714285714285715,1.0,1.0,True,2018
0,24,12,7.0,16.0,3.0,10.0,4.0,4.0,10.0,16.0,6.0,8.0,3.0,4.0,0.09609632303856014,0.4074074074074074,0.13186915917955705,0.5172413793103449,1.0,1.0,False,2018
0,13,5,9.0,14.0,3.0,6.0,3.0,4.0,9.0,18.0,2.0,6.0,4.0,4.0,0.0690950300702289,0.27586206896551724,0.11032923186317248,0.6551724137931034,2.0,1.0,False,2018
1,5,13,9.0,18.0,2.0,6.0,4.0,4.0,9.0,14.0,3.0,6.0,3.0,4.0,0.11032923186317248,0.6551724137931034,0.055276024056183114,0.26666666666666666,1.0,2.0,True,2018
0,7,23,6.0,14.0,5.0,8.0,8.0,8.0,8.0,18.0,4.0,7.0,10.0,12.0,0.027178633498416604,0.3,0.09808865185326457,0.5666666666666667,3.0,2.0,True,2018
1,28,26,11.0,18.0,3.0,6.0,7.0,7.0,9.0,18.0,4.0,7.0,7.0,10.0,0.1346764242379464,0.5357142857142857,0.133798591314865,0.5,2.0,1.0,True,2018
1,3,11,9.0,15.0,3.0,4.0,10.0,10.0,11.0,16.0,4.0,7.0,2.0,4.0,0.17695372355211067,0.7241379310344828,0.09313101090307964,0.4827586206896552,2.0,1.0,True,2018
0,26,28,9.0,18.0,4.0,7.0,7.0,10.0,11.0,18.0,3.0,6.0,7.0,7.0,0.133798591314865,0.5,0.14774113939035713,0.5517241379310345,1.0,2.0,False,2018
1,21,17,9.0,26.0,5.0,9.0,7.0,8.0,10.0,19.0,4.0,9.0,4.0,7.0,0.046539260846862204,0.35714285714285715,0.1234849662469367,0.5517241379310345,1.0,1.0,False,2018
0,11,3,11.0,16.0,4.0,7.0,2.0,4.0,9.0,15.0,3.0,4.0,10.0,10.0,0.09313101090307964,0.4827586206896552,0.18156297884168854,0.7333333333333333,1.0,2.0,False,2018
0,15,25,7.0,13.0,4.0,7.0,4.0,4.0,6.0,17.0,4.0,8.0,9.0,12.0,0.07779193281740537,0.32142857142857145,0.16096661253750727,0.7037037037037037,3.0,2.0,False,2018
0,22,6,9.0,14.0,4.0,6.0,4.0,5.0,6.0,11.0,4.0,7.0,4.0,5.0,0.0995017281171324,0.5517241379310345,0.07313013454691739,0.39285714285714285,2.0,2.0,True,2018
0,3,14,9.0,23.0,5.0,8.0,4.0,5.0,10.0,27.0,4.0,13.0,3.0,4.0,0.18156297884168854,0.7333333333333333,0.12284915377167552,0.5517241379310345,1.0,2.0,True,2018
0,10,19,10.0,20.0,8.0,12.0,6.0,7.0,8.0,17.0,5.0,7.0,5.0,6.0,0.03616452795926468,0.36666666666666664,0.09180365952383178,0.5517241379310345,2.0,2.0,False,2018
1,14,3,10.0,27.0,4.0,13.0,3.0,4.0,9.0,23.0,5.0,8.0,4.0,5.0,0.12284915377167552,0.5517241379310345,0.18525038307335084,0.7419354838709677,2.0,1.0,False,2018
1,25,15,6.0,17.0,4.0,8.0,9.0,12.0,7.0,13.0,4.0,7.0,4.0,4.0,0.16096661253750727,0.7037037037037037,0.0622335462539243,0.3103448275862069,2.0,3.0,True,2018
1,6,22,6.0,11.0,4.0,7.0,4.0,5.0,9.0,14.0,4.0,6.0,4.0,5.0,0.07313013454691739,0.39285714285714285,0.11960138249370592,0.5666666666666667,2.0,2.0,False,2018
1,19,10,8.0,17.0,5.0,7.0,5.0,6.0,10.0,20.0,8.0,12.0,6.0,7.0,0.09180365952383178,0.5517241379310345,0.028931622367411747,0.3548387096774194,2.0,2.0,True,2018
0,24,5,6.0,15.0,3.0,10.0,3.0,4.0,7.0,13.0,3.0,5.0,5.0,6.0,0.0768770584308481,0.39285714285714285,0.12826338549053798,0.6666666666666666,2.0,2.0,False,2018
1,5,24,7.0,13.0,3.0,5.0,5.0,6.0,6.0,15.0,3.0,10.0,3.0,4.0,0.12826338549053798,0.6666666666666666,0.061501646744678486,0.3793103448275862,2.0,2.0,True,2018
1,13,7,11.0,21.0,3.0,8.0,9.0,10.0,7.0,13.0,3.0,8.0,5.0,8.0,0.055276024056183114,0.26666666666666666,0.06174290679873329,0.3225806451612903,2.0,2.0,False,2018
0,7,13,7.0,13.0,3.0,8.0,5.0,8.0,11.0,21.0,3.0,8.0,9.0,10.0,0.06174290679873329,0.3225806451612903,0.04422081924494649,0.25806451612903225,2.0,2.0,True,2018
1,23,17,12.0,21.0,3.0,6.0,11.0,12.0,9.0,18.0,3.0,7.0,2.0,2.0,0.09808865185326457,0.5666666666666667,0.1234849662469367,0.5517241379310345,2.0,2.0,True,2018
0,2,22,12.0,23.0,5.0,8.0,3.0,5.0,13.0,23.0,2.0,7.0,10.0,13.0,0.127918809448448,0.78125,0.11960138249370592,0.5666666666666667,2.0,1.0,True,2018
0,17,23,9.0,18.0,3.0,7.0,2.0,2.0,12.0,21.0,3.0,6.0,11.0,12.0,0.1234849662469367,0.5517241379310345,0.11847092148261165,0.5806451612903226,2.0,2.0,False,2018
1,27,18,9.0,16.0,5.0,7.0,5.0,7.0,10.0,19.0,3.0,9.0,4.0,5.0,0.1371847830616014,0.2857142857142857,0.06620972146798779,0.5,3.0,3.0,True,2018
0,11,1,10.0,18.0,5.0,10.0,2.0,2.0,12.0,18.0,7.0,12.0,10.0,10.0,0.0745048087224637,0.4666666666666667,0.19602639996455715,0.8571428571428571,2.0,2.0,False,2018
1,9,12,10.0,19.0,4.0,7.0,6.0,6.0,10.0,19.0,2.0,5.0,5.0,7.0,0.03140325465274503,0.20689655172413793,0.13186915917955705,0.5172413793103449,3.0,2.0,True,2018
1,29,0,10.0,17.0,4.0,8.0,7.0,12.0,10.0,29.0,4.0,13.0,12.0,13.0,0.06120575575996552,0.37037037037037035,0.18779877325357908,0.7931034482758621,4.0,4.0,False,2018
0,12,9,10.0,19.0,2.0,5.0,5.0,7.0,10.0,19.0,4.0,7.0,6.0,6.0,0.13186915917955705,0.5172413793103449,0.06512260372219603,0.23333333333333334,2.0,3.0,False,2018
0,0,29,10.0,29.0,4.0,13.0,12.0,13.0,10.0,17.0,4.0,8.0,7.0,12.0,0.18779877325357908,0.7931034482758621,0.04896460460797242,0.35714285714285715,4.0,4.0,True,2018
1,1,11,12.0,18.0,7.0,12.0,10.0,10.0,10.0,18.0,5.0,10.0,2.0,2.0,0.19602639996455715,0.8571428571428571,0.05960384697797096,0.45161290322580644,2.0,2.0,True,2018
1,26,20,16.0,28.0,3.0,6.0,5.0,7.0,7.0,17.0,3.0,8.0,3.0,4.0,0.107038873051892,0.4827586206896552,0.1098887716093528,0.5517241379310345,2.0,3.0,True,2018
0,20,26,7.0,17.0,3.0,8.0,3.0,4.0,16.0,28.0,3.0,6.0,5.0,7.0,0.1098887716093528,0.5517241379310345,0.1256310984415136,0.5,3.0,2.0,False,2018
1,22,2,13.0,23.0,2.0,7.0,10.0,13.0,12.0,23.0,5.0,8.0,3.0,5.0,0.11960138249370592,0.5666666666666667,0.14233504755875842,0.7878787878787878,1.0,2.0,False,2018
1,21,28,10.0,14.0,4.0,6.0,5.0,6.0,9.0,20.0,2.0,4.0,4.0,4.0,0.037231408677489766,0.3448275862068966,0.14774113939035713,0.5517241379310345,2.0,2.0,True,2018
0,18,27,10.0,19.0,3.0,9.0,4.0,5.0,9.0,16.0,5.0,7.0,5.0,7.0,0.06620972146798779,0.5,0.14974782644928114,0.3103448275862069,3.0,3.0,False,2018
0,28,21,9.0,20.0,2.0,4.0,4.0,4.0,10.0,14.0,4.0,6.0,5.0,6.0,0.14774113939035713,0.5517241379310345,0.06978512694199182,0.36666666666666664,2.0,2.0,False,2018
1,4,3,10.0,16.0,4.0,7.0,11.0,12.0,14.0,22.0,6.0,11.0,7.0,9.0,0.08030821187886487,0.5357142857142857,0.18525038307335084,0.7419354838709677,3.0,2.0,True,2018
1,18,15,5.0,19.0,4.0,13.0,5.0,5.0,12.0,19.0,3.0,9.0,3.0,7.0,0.05296777717439023,0.4827586206896552,0.0622335462539243,0.3103448275862069,1.0,2.0,False,2018
1,14,8,11.0,19.0,5.0,11.0,3.0,4.0,11.0,21.0,1.0,5.0,14.0,15.0,0.09827932301734041,0.5333333333333333,0.0861327786164957,0.5,2.0,4.0,True,2018
0,8,14,11.0,21.0,1.0,5.0,14.0,15.0,11.0,19.0,5.0,11.0,3.0,4.0,0.0861327786164957,0.5,0.11862345841387234,0.5483870967741935,4.0,2.0,False,2018
0,3,4,14.0,22.0,6.0,11.0,7.0,9.0,10.0,16.0,4.0,7.0,11.0,12.0,0.18525038307335084,0.7419354838709677,0.1042465695030919,0.5517241379310345,2.0,3.0,False,2018
0,15,18,12.0,19.0,3.0,9.0,3.0,7.0,5.0,19.0,4.0,13.0,5.0,5.0,0.0622335462539243,0.3103448275862069,0.042374221739512184,0.4666666666666667,2.0,1.0,True,2018
1,9,22,6.0,15.0,3.0,6.0,6.0,6.0,8.0,15.0,3.0,5.0,7.0,7.0,0.06512260372219603,0.23333333333333334,0.09568110599496474,0.5483870967741935,2.0,2.0,False,2018
1,0,16,10.0,20.0,3.0,8.0,6.0,6.0,5.0,16.0,3.0,6.0,9.0,10.0,0.19023901860286324,0.8,0.041674014020544235,0.3,2.0,4.0,True,2018
0,12,2,12.0,15.0,6.0,8.0,5.0,6.0,11.0,24.0,5.0,9.0,8.0,8.0,0.10549532734364564,0.5,0.14233504755875842,0.7878787878787878,2.0,2.0,True,2018
1,1,29,15.0,27.0,5.0,12.0,17.0,21.0,12.0,17.0,7.0,10.0,7.0,10.0,0.19682111997164572,0.8620689655172413,0.04896460460797242,0.35714285714285715,2.0,2.0,False,2018
1,21,25,11.0,17.0,2.0,6.0,8.0,10.0,11.0,16.0,6.0,7.0,6.0,6.0,0.06978512694199182,0.36666666666666664,0.16877329003000582,0.7142857142857143,2.0,3.0,False,2018
0,16,0,5.0,16.0,3.0,6.0,9.0,10.0,10.0,20.0,3.0,8.0,6.0,6.0,0.041674014020544235,0.3,0.1921912148822906,0.8064516129032258,4.0,2.0,False,2018
0,19,13,7.0,16.0,4.0,6.0,6.0,6.0,8.0,15.0,3.0,6.0,6.0,6.0,0.11344292761906542,0.5666666666666667,0.04422081924494649,0.25806451612903225,3.0,2.0,False,2018
0,22,9,8.0,15.0,3.0,5.0,7.0,7.0,6.0,15.0,3.0,6.0,6.0,6.0,0.09568110599496474,0.5483870967741935,0.052098082977756824,0.22580645161290322,2.0,2.0,True,2018
0,5,17,10.0,17.0,2.0,4.0,3.0,3.0,7.0,22.0,2.0,7.0,3.0,3.0,0.14261070839243037,0.6774193548387096,0.09878797299754935,0.5333333333333333,2.0,2.0,True,2018
1,26,11,10.0,13.0,2.0,6.0,6.0,8.0,6.0,11.0,3.0,6.0,7.0,8.0,0.1256310984415136,0.5,0.05960384697797096,0.45161290322580644,2.0,2.0,True,2018
1,17,5,7.0,22.0,2.0,7.0,3.0,3.0,10.0,17.0,2.0,4.0,3.0,3.0,0.09878797299754935,0.5333333333333333,0.1540885667139443,0.6875,2.0,2.0,False,2018
1,13,19,8.0,15.0,3.0,6.0,6.0,6.0,7.0,16.0,4.0,6.0,6.0,6.0,0.04422081924494649,0.25806451612903225,0.09075434209525234,0.5483870967741935,2.0,3.0,True,2018
0,7,24,9.0,24.0,2.0,6.0,5.0,5.0,8.0,18.0,3.0,8.0,5.0,6.0,0.08939432543898664,0.34375,0.061501646744678486,0.3793103448275862,2.0,2.0,False,2018
0,29,1,12.0,17.0,7.0,10.0,7.0,10.0,15.0,27.0,5.0,12.0,17.0,21.0,0.04896460460797242,0.35714285714285715,0.15745689597731657,0.8333333333333334,2.0,2.0,True,2018
0,11,26,6.0,11.0,3.0,6.0,7.0,8.0,10.0,13.0,2.0,6.0,6.0,8.0,0.05960384697797096,0.45161290322580644,0.14050487875321088,0.5161290322580645,2.0,2.0,False,2018
0,23,20,11.0,16.0,4.0,6.0,8.0,8.0,10.0,17.0,5.0,6.0,8.0,9.0,0.11847092148261165,0.5806451612903226,0.08791101728748224,0.5333333333333333,2.0,2.0,True,2018
1,6,15,5.0,15.0,3.0,10.0,5.0,5.0,8.0,11.0,4.0,4.0,4.0,4.0,0.05850410763753391,0.3793103448275862,0.08978683700313944,0.3333333333333333,3.0,1.0,False,2018
0,25,21,11.0,16.0,6.0,7.0,6.0,6.0,11.0,17.0,2.0,6.0,8.0,10.0,0.16877329003000582,0.7142857142857143,0.055828101553593454,0.3548387096774194,3.0,2.0,True,2018
1,27,10,6.0,11.0,3.0,5.0,4.0,4.0,8.0,21.0,3.0,5.0,5.0,6.0,0.14974782644928114,0.3103448275862069,0.028931622367411747,0.3548387096774194,2.0,3.0,True,2018
0,10,27,8.0,21.0,3.0,5.0,5.0,6.0,6.0,11.0,3.0,5.0,4.0,4.0,0.028931622367411747,0.3548387096774194,0.15979826115942491,0.3333333333333333,3.0,2.0,False,2018
1,20,23,10.0,17.0,5.0,6.0,8.0,9.0,11.0,16.0,4.0,6.0,8.0,8.0,0.08791101728748224,0.5333333333333333,0.13477673718608932,0.59375,2.0,2.0,False,2018
1,24,7,8.0,18.0,3.0,8.0,5.0,6.0,9.0,24.0,2.0,6.0,5.0,5.0,0.061501646744678486,0.3793103448275862,0.0715154603511893,0.3333333333333333,2.0,2.0,True,2018
1,2,12,11.0,24.0,5.0,9.0,8.0,8.0,12.0,15.0,6.0,8.0,5.0,6.0,0.14233504755875842,0.7878787878787878,0.12439626187491651,0.5161290322580645,2.0,2.0,False,2018
0,15,6,8.0,11.0,4.0,4.0,4.0,4.0,5.0,15.0,3.0,10.0,5.0,5.0,0.08978683700313944,0.3333333333333333,0.046803286110027126,0.36666666666666664,1.0,3.0,True,2018
1,7,16,9.0,15.0,3.0,6.0,8.0,10.0,9.0,21.0,1.0,7.0,4.0,5.0,0.0715154603511893,0.3333333333333333,0.03333921121643539,0.2903225806451613,1.0,1.0,True,2018
0,25,18,13.0,21.0,6.0,9.0,13.0,15.0,9.0,16.0,5.0,12.0,3.0,5.0,0.17501863202400464,0.7241379310344828,0.042374221739512184,0.4666666666666667,1.0,2.0,True,2018
1,28,2,13.0,20.0,2.0,4.0,6.0,6.0,12.0,27.0,6.0,15.0,3.0,4.0,0.1181929115122857,0.5333333333333333,0.11386803804700674,0.7647058823529411,3.0,1.0,True,2018
1,3,27,12.0,23.0,4.0,8.0,8.0,8.0,11.0,17.0,4.0,7.0,2.0,4.0,0.14820030645868068,0.71875,0.15979826115942491,0.3333333333333333,2.0,1.0,True,2018
1,11,5,12.0,24.0,3.0,10.0,6.0,6.0,5.0,11.0,3.0,7.0,3.0,4.0,0.04768307758237677,0.4375,0.1540885667139443,0.6875,1.0,1.0,True,2018
0,16,7,9.0,21.0,1.0,7.0,4.0,5.0,9.0,15.0,3.0,6.0,8.0,10.0,0.03333921121643539,0.2903225806451613,0.09721236828095144,0.35294117647058826,1.0,1.0,False,2018
0,27,3,11.0,17.0,4.0,7.0,2.0,4.0,12.0,23.0,4.0,8.0,8.0,8.0,0.15979826115942491,0.3333333333333333,0.15856024516694453,0.7272727272727273,1.0,2.0,False,2018
0,5,11,5.0,11.0,3.0,7.0,3.0,4.0,12.0,24.0,3.0,10.0,6.0,6.0,0.1540885667139443,0.6875,0.07814646206590142,0.45454545454545453,1.0,1.0,False,2018
0,2,28,12.0,27.0,6.0,15.0,3.0,4.0,13.0,20.0,2.0,4.0,6.0,6.0,0.11386803804700674,0.7647058823529411,0.13455432920982857,0.5483870967741935,1.0,3.0,False,2018
1,18,25,9.0,16.0,5.0,12.0,3.0,5.0,13.0,21.0,6.0,9.0,13.0,15.0,0.042374221739512184,0.4666666666666667,0.1800149056192037,0.7333333333333333,2.0,1.0,False,2018
0,28,19,12.0,28.0,3.0,9.0,2.0,2.0,8.0,16.0,3.0,10.0,7.0,10.0,0.13455432920982857,0.5483870967741935,0.09075434209525234,0.5483870967741935,1.0,2.0,False,2018
0,9,26,10.0,18.0,5.0,10.0,4.0,4.0,12.0,19.0,7.0,12.0,7.0,10.0,0.052098082977756824,0.22580645161290322,0.14050487875321088,0.5161290322580645,2.0,2.0,False,2018
1,0,29,9.0,20.0,3.0,10.0,12.0,13.0,9.0,16.0,5.0,10.0,6.0,8.0,0.1921912148822906,0.8064516129032258,0.07917168368637793,0.3793103448275862,2.0,2.0,True,2018
0,29,0,9.0,16.0,5.0,10.0,6.0,8.0,9.0,20.0,3.0,10.0,12.0,13.0,0.07917168368637793,0.3793103448275862,0.19375297190583246,0.8125,2.0,2.0,False,2018
1,4,21,12.0,22.0,3.0,8.0,7.0,10.0,13.0,21.0,4.0,9.0,6.0,6.0,0.1042465695030919,0.5517241379310345,0.055828101553593454,0.3548387096774194,3.0,2.0,True,2018
0,21,4,13.0,21.0,4.0,9.0,6.0,6.0,12.0,22.0,3.0,8.0,7.0,10.0,0.055828101553593454,0.3548387096774194,0.12339725560247353,0.5666666666666667,2.0,3.0,False,2018
0,8,10,10.0,16.0,3.0,7.0,8.0,11.0,10.0,20.0,2.0,6.0,7.0,8.0,0.06890622289319656,0.4838709677419355,0.023145297893929398,0.34375,3.0,2.0,True,2018
1,12,13,11.0,16.0,8.0,12.0,2.0,2.0,9.0,17.0,6.0,15.0,4.0,5.0,0.12439626187491651,0.5161290322580645,0.0753766553959572,0.28125,2.0,2.0,True,2018
0,13,12,9.0,17.0,6.0,15.0,4.0,5.0,11.0,16.0,8.0,12.0,2.0,2.0,0.0753766553959572,0.28125,0.1395170094999332,0.53125,2.0,2.0,False,2018
1,19,28,8.0,16.0,3.0,10.0,7.0,10.0,12.0,28.0,3.0,9.0,2.0,2.0,0.09075434209525234,0.5483870967741935,0.10764346336786286,0.53125,2.0,1.0,True,2018
0,14,6,5.0,15.0,2.0,4.0,3.0,3.0,7.0,15.0,4.0,8.0,7.0,9.0,0.11862345841387234,0.5483870967741935,0.046803286110027126,0.36666666666666664,3.0,2.0,False,2018
1,26,9,12.0,19.0,7.0,12.0,7.0,10.0,10.0,18.0,5.0,10.0,4.0,4.0,0.14050487875321088,0.5161290322580645,0.04167846638220546,0.21875,2.0,2.0,True,2018
1,17,20,7.0,18.0,1.0,8.0,4.0,6.0,12.0,21.0,2.0,6.0,3.0,4.0,0.07903037839803947,0.5161290322580645,0.07032881382998579,0.5161290322580645,2.0,2.0,False,2018
1,6,14,7.0,15.0,4.0,8.0,7.0,9.0,5.0,15.0,2.0,4.0,3.0,3.0,0.046803286110027126,0.36666666666666664,0.09489876673109787,0.53125,2.0,3.0,True,2018
0,20,17,12.0,21.0,2.0,6.0,3.0,4.0,7.0,18.0,1.0,8.0,4.0,6.0,0.07032881382998579,0.5161290322580645,0.06322430271843157,0.5,2.0,2.0,True,2018
1,1,24,15.0,28.0,6.0,14.0,15.0,16.0,11.0,25.0,7.0,15.0,8.0,11.0,0.15745689597731657,0.8333333333333334,0.08920131739574279,0.4,2.0,2.0,False,2018
1,10,8,10.0,20.0,2.0,6.0,7.0,8.0,10.0,16.0,3.0,7.0,8.0,11.0,0.023145297893929398,0.34375,0.09512497831455725,0.5,2.0,3.0,False,2018
0,24,1,11.0,25.0,7.0,15.0,8.0,11.0,15.0,28.0,6.0,14.0,15.0,16.0,0.08920131739574279,0.4,0.12596551678185325,0.8064516129032258,2.0,2.0,True,2018
0,27,2,7.0,13.0,2.0,5.0,3.0,8.0,9.0,15.0,5.0,7.0,8.0,8.0,0.12783860892753993,0.3225806451612903,0.09109443043760539,0.7428571428571429,2.0,2.0,False,2018
1,25,18,9.0,20.0,4.0,7.0,7.0,8.0,5.0,13.0,3.0,6.0,4.0,6.0,0.1800149056192037,0.7333333333333333,0.033899377391609746,0.45161290322580644,2.0,2.0,True,2018
0,18,25,5.0,13.0,3.0,6.0,4.0,6.0,9.0,20.0,4.0,7.0,7.0,8.0,0.033899377391609746,0.45161290322580644,0.18401192449536297,0.7419354838709677,2.0,2.0,False,2018
0,5,15,13.0,22.0,2.0,6.0,4.0,4.0,10.0,18.0,4.0,7.0,3.0,4.0,0.12327085337115544,0.6666666666666666,0.11182946960251154,0.3548387096774194,2.0,3.0,True,2018
0,4,21,11.0,24.0,4.0,10.0,5.0,5.0,7.0,15.0,4.0,7.0,7.0,12.0,0.12339725560247353,0.5666666666666667,0.044662481242874766,0.34375,1.0,1.0,False,2018
0,26,11,11.0,24.0,4.0,10.0,4.0,4.0,12.0,16.0,2.0,8.0,4.0,4.0,0.1524039030025687,0.53125,0.07814646206590142,0.45454545454545453,1.0,2.0,True,2018
1,0,20,6.0,21.0,1.0,10.0,6.0,7.0,9.0,16.0,2.0,6.0,5.0,6.0,0.19375297190583246,0.8125,0.09626305106398864,0.53125,1.0,1.0,False,2018
1,14,10,7.0,11.0,4.0,6.0,4.0,4.0,11.0,16.0,2.0,6.0,8.0,8.0,0.09489876673109787,0.53125,0.01851623831514352,0.3333333333333333,1.0,1.0,True,2018
0,20,0,9.0,16.0,2.0,6.0,5.0,6.0,6.0,21.0,1.0,10.0,6.0,7.0,0.09626305106398864,0.53125,0.15500237752466597,0.7878787878787878,1.0,1.0,True,2018
1,21,4,7.0,15.0,4.0,7.0,7.0,12.0,11.0,24.0,4.0,10.0,5.0,5.0,0.044662481242874766,0.34375,0.09871780448197882,0.5483870967741935,1.0,1.0,True,2018
0,10,14,11.0,16.0,2.0,6.0,8.0,8.0,7.0,11.0,4.0,6.0,4.0,4.0,0.01851623831514352,0.3333333333333333,0.11591901338487828,0.5454545454545454,1.0,1.0,False,2018
1,2,27,9.0,15.0,5.0,7.0,8.0,8.0,7.0,13.0,2.0,5.0,3.0,8.0,0.09109443043760539,0.7428571428571429,0.10227088714203195,0.3125,2.0,2.0,True,2018
0,23,7,10.0,19.0,2.0,4.0,12.0,13.0,12.0,25.0,6.0,12.0,5.0,6.0,0.13477673718608932,0.59375,0.09721236828095144,0.35294117647058826,3.0,2.0,True,2018
0,8,12,7.0,13.0,5.0,7.0,6.0,8.0,9.0,17.0,3.0,10.0,3.0,4.0,0.09512497831455725,0.5,0.1395170094999332,0.53125,1.0,1.0,True,2018
1,16,24,10.0,20.0,6.0,11.0,8.0,9.0,14.0,22.0,5.0,13.0,11.0,12.0,0.026671368973148313,0.28125,0.11136105391659423,0.41935483870967744,2.0,1.0,True,2018
1,11,26,12.0,16.0,2.0,8.0,4.0,4.0,11.0,24.0,4.0,10.0,4.0,4.0,0.07814646206590142,0.45454545454545453,0.16192312240205495,0.5454545454545454,2.0,1.0,False,2018
0,24,16,14.0,22.0,5.0,13.0,11.0,12.0,10.0,20.0,6.0,11.0,8.0,9.0,0.11136105391659423,0.41935483870967744,0.06133709517851865,0.30303030303030304,1.0,2.0,False,2018
0,13,9,10.0,21.0,3.0,7.0,2.0,4.0,13.0,23.0,4.0,8.0,6.0,6.0,0.060301324316765756,0.2727272727272727,0.04167846638220546,0.21875,1.0,1.0,False,2018
0,6,22,8.0,20.0,5.0,11.0,5.0,6.0,13.0,23.0,3.0,8.0,10.0,10.0,0.0774426288880217,0.3870967741935484,0.11654488479597178,0.5625,1.0,3.0,False,2018
1,12,8,9.0,17.0,3.0,10.0,3.0,4.0,7.0,13.0,5.0,7.0,6.0,8.0,0.1395170094999332,0.53125,0.11609998265164581,0.5151515151515151,1.0,1.0,False,2018
1,9,13,13.0,23.0,4.0,8.0,6.0,6.0,10.0,21.0,3.0,7.0,2.0,4.0,0.04167846638220546,0.21875,0.0482410594534126,0.2647058823529412,1.0,1.0,True,2018
0,17,29,9.0,23.0,4.0,7.0,2.0,4.0,7.0,19.0,2.0,6.0,4.0,7.0,0.06322430271843157,0.5,0.06333734694910234,0.36666666666666664,1.0,1.0,True,2018
1,22,6,13.0,23.0,3.0,8.0,10.0,10.0,8.0,20.0,5.0,11.0,5.0,6.0,0.11654488479597178,0.5625,0.06195410311041736,0.375,3.0,1.0,True,2018
1,15,5,10.0,18.0,4.0,7.0,3.0,4.0,13.0,22.0,2.0,6.0,4.0,4.0,0.11182946960251154,0.3548387096774194,0.13861668269692434,0.6764705882352942,3.0,2.0,False,2018
1,7,23,12.0,25.0,6.0,12.0,5.0,6.0,10.0,19.0,2.0,4.0,12.0,13.0,0.09721236828095144,0.35294117647058826,0.14782138974887143,0.6060606060606061,2.0,3.0,False,2018
1,29,17,7.0,19.0,2.0,6.0,4.0,7.0,9.0,23.0,4.0,7.0,2.0,4.0,0.06333734694910234,0.36666666666666664,0.09057944217474526,0.5151515151515151,1.0,1.0,False,2018
0,18,28,8.0,17.0,4.0,8.0,8.0,8.0,12.0,21.0,2.0,4.0,9.0,14.0,0.027119501913287797,0.4375,0.10764346336786286,0.53125,2.0,3.0,True,2018
1,0,3,8.0,19.0,4.0,9.0,6.0,7.0,9.0,25.0,6.0,11.0,7.0,7.0,0.15500237752466597,0.7878787878787878,0.15856024516694453,0.7272727272727273,2.0,4.0,True,2018
1,28,18,12.0,21.0,2.0,4.0,9.0,14.0,8.0,17.0,4.0,8.0,8.0,8.0,0.10764346336786286,0.53125,0.06169560153063024,0.45454545454545453,3.0,2.0,False,2018
0,1,26,9.0,18.0,4.0,12.0,12.0,14.0,12.0,24.0,4.0,7.0,7.0,8.0,0.12596551678185325,0.8064516129032258,0.16192312240205495,0.5454545454545454,3.0,2.0,False,2018
0,14,2,10.0,25.0,3.0,6.0,5.0,8.0,8.0,18.0,4.0,6.0,4.0,6.0,0.11591901338487828,0.5454545454545454,0.11287554435008432,0.75,2.0,2.0,True,2018
0,23,29,11.0,20.0,3.0,7.0,5.0,6.0,8.0,24.0,6.0,11.0,9.0,13.0,0.14782138974887143,0.6060606060606061,0.05066987755928187,0.3548387096774194,2.0,2.0,True,2018
0,3,0,9.0,25.0,6.0,11.0,7.0,7.0,8.0,19.0,4.0,9.0,6.0,7.0,0.15856024516694453,0.7272727272727273,0.16400190201973278,0.7941176470588235,4.0,2.0,False,2018
1,26,1,12.0,24.0,4.0,7.0,7.0,8.0,9.0,18.0,4.0,12.0,12.0,14.0,0.16192312240205495,0.5454545454545454,0.1007724134254826,0.78125,2.0,3.0,True,2018
1,29,23,8.0,24.0,6.0,11.0,9.0,13.0,11.0,20.0,3.0,7.0,5.0,6.0,0.05066987755928187,0.3548387096774194,0.15825711179909716,0.6176470588235294,2.0,2.0,False,2018
1,2,14,8.0,18.0,4.0,6.0,4.0,6.0,10.0,25.0,3.0,6.0,5.0,8.0,0.11287554435008432,0.75,0.13273521070790265,0.5588235294117647,2.0,2.0,False,2018
1,20,11,9.0,15.0,3.0,6.0,5.0,5.0,6.0,17.0,3.0,7.0,8.0,11.0,0.1170104408511909,0.5454545454545454,0.06251716965272114,0.4411764705882353,3.0,3.0,True,2018
1,5,6,8.0,17.0,2.0,5.0,6.0,7.0,8.0,13.0,4.0,10.0,2.0,3.0,0.13861668269692434,0.6764705882352942,0.06195410311041736,0.375,3.0,3.0,True,2018
1,12,10,8.0,18.0,6.0,10.0,6.0,6.0,9.0,18.0,2.0,5.0,4.0,4.0,0.11161360759994657,0.5151515151515151,0.014812990652114815,0.3235294117647059,3.0,3.0,True,2018
0,22,19,5.0,11.0,2.0,6.0,3.0,4.0,10.0,13.0,7.0,8.0,4.0,4.0,0.13323590783677744,0.5757575757575758,0.11260347367620187,0.5625,3.0,4.0,False,2018
0,15,24,8.0,14.0,2.0,4.0,3.0,3.0,7.0,12.0,5.0,7.0,8.0,9.0,0.08946357568200923,0.34375,0.08908884313327539,0.40625,3.0,3.0,False,2018
0,11,20,6.0,17.0,3.0,7.0,8.0,11.0,9.0,15.0,3.0,6.0,5.0,5.0,0.06251716965272114,0.4411764705882353,0.13360835268095272,0.5588235294117647,3.0,3.0,False,2018
1,24,15,7.0,12.0,5.0,7.0,8.0,9.0,8.0,14.0,2.0,4.0,3.0,3.0,0.08908884313327539,0.40625,0.07157086054560738,0.3333333333333333,3.0,3.0,True,2018
0,25,13,6.0,17.0,4.0,8.0,7.0,9.0,9.0,18.0,2.0,6.0,3.0,4.0,0.18401192449536297,0.7419354838709677,0.0482410594534126,0.2647058823529412,3.0,3.0,False,2018
1,4,27,11.0,18.0,3.0,9.0,5.0,6.0,9.0,18.0,4.0,8.0,4.0,5.0,0.09871780448197882,0.5483870967741935,0.10227088714203195,0.3125,3.0,3.0,False,2018
1,19,22,10.0,13.0,7.0,8.0,4.0,4.0,5.0,11.0,2.0,6.0,3.0,4.0,0.11260347367620187,0.5625,0.10658872626942195,0.5588235294117647,4.0,3.0,True,2018
1,7,16,9.0,21.0,3.0,9.0,11.0,12.0,10.0,22.0,2.0,5.0,10.0,11.0,0.07776989462476115,0.34285714285714286,0.06133709517851865,0.30303030303030304,3.0,3.0,True,2018
0,16,7,10.0,22.0,2.0,5.0,10.0,11.0,9.0,21.0,3.0,9.0,11.0,12.0,0.06133709517851865,0.30303030303030304,0.1022159156998089,0.3611111111111111,3.0,3.0,False,2018
0,10,12,9.0,18.0,2.0,5.0,4.0,4.0,8.0,18.0,6.0,10.0,6.0,6.0,0.014812990652114815,0.3235294117647059,0.12929088607995726,0.5294117647058824,3.0,3.0,False,2018
0,6,5,8.0,13.0,4.0,10.0,2.0,3.0,8.0,17.0,2.0,5.0,6.0,7.0,0.06195410311041736,0.375,0.1508933461575395,0.6857142857142857,3.0,3.0,False,2018
1,13,25,9.0,18.0,2.0,6.0,3.0,4.0,6.0,17.0,4.0,8.0,7.0,9.0,0.0482410594534126,0.2647058823529412,0.14720953959629038,0.71875,3.0,3.0,True,2018
0,27,4,9.0,18.0,4.0,8.0,4.0,5.0,11.0,18.0,3.0,9.0,5.0,6.0,0.10227088714203195,0.3125,0.07897424358558305,0.53125,3.0,3.0,True,2018
1,29,16,9.0,24.0,5.0,11.0,7.0,11.0,8.0,17.0,2.0,6.0,14.0,15.0,0.0405359020474255,0.34375,0.04906967614281492,0.29411764705882354,2.0,1.0,False,2018
1,26,25,11.0,22.0,7.0,10.0,8.0,10.0,7.0,16.0,6.0,12.0,7.0,7.0,0.16953849792164397,0.5588235294117647,0.14720953959629038,0.71875,2.0,1.0,True,2018
1,0,11,7.0,12.0,3.0,5.0,5.0,5.0,9.0,20.0,2.0,6.0,6.0,8.0,0.16400190201973278,0.7941176470588235,0.05001373572217691,0.42857142857142855,2.0,1.0,True,2018
0,11,0,9.0,20.0,2.0,6.0,6.0,8.0,7.0,12.0,3.0,5.0,5.0,5.0,0.05001373572217691,0.42857142857142855,0.17120152161578622,0.8,1.0,2.0,False,2018
0,6,8,8.0,15.0,7.0,10.0,4.0,5.0,11.0,19.0,4.0,9.0,7.0,8.0,0.04956328248833389,0.36363636363636365,0.11609998265164581,0.5151515151515151,1.0,4.0,False,2018
0,25,26,7.0,16.0,6.0,12.0,7.0,7.0,11.0,22.0,7.0,10.0,8.0,10.0,0.14720953959629038,0.71875,0.17563079833731518,0.5714285714285714,1.0,2.0,False,2018
1,27,28,6.0,18.0,3.0,8.0,4.0,4.0,9.0,22.0,3.0,8.0,4.0,4.0,0.12181670971362554,0.3333333333333333,0.08611477069429029,0.5151515151515151,1.0,2.0,True,2018
1,9,14,7.0,15.0,3.0,7.0,6.0,7.0,7.0,19.0,3.0,6.0,5.0,7.0,0.07334277310576437,0.24242424242424243,0.13273521070790265,0.5588235294117647,4.0,2.0,True,2018
1,15,3,10.0,14.0,4.0,7.0,6.0,7.0,7.0,17.0,5.0,8.0,6.0,6.0,0.07157086054560738,0.3333333333333333,0.12684819613355564,0.7058823529411765,1.0,2.0,True,2018
1,8,6,11.0,19.0,4.0,9.0,7.0,8.0,8.0,15.0,7.0,10.0,4.0,5.0,0.11609998265164581,0.5151515151515151,0.03965062599066711,0.35294117647058826,4.0,1.0,True,2018
0,14,9,7.0,19.0,3.0,6.0,5.0,7.0,7.0,15.0,3.0,7.0,6.0,7.0,0.13273521070790265,0.5588235294117647,0.09867421848461148,0.2647058823529412,2.0,4.0,False,2018
0,13,22,7.0,12.0,2.0,5.0,4.0,5.0,7.0,13.0,2.0,5.0,4.0,4.0,0.07859284756273008,0.2857142857142857,0.10658872626942195,0.5588235294117647,1.0,1.0,True,2018
0,3,15,7.0,17.0,5.0,8.0,6.0,6.0,10.0,14.0,4.0,7.0,6.0,7.0,0.12684819613355564,0.7058823529411765,0.09725668843648591,0.35294117647058826,2.0,1.0,False,2018
0,16,29,8.0,17.0,2.0,6.0,14.0,15.0,9.0,24.0,5.0,11.0,7.0,11.0,0.04906967614281492,0.29411764705882354,0.0324287216379404,0.3333333333333333,1.0,2.0,True,2018
1,21,2,9.0,22.0,4.0,10.0,6.0,10.0,8.0,19.0,4.0,7.0,6.0,6.0,0.07572998499429981,0.36363636363636365,0.09030043548006746,0.7297297297297297,4.0,2.0,False,2018
0,2,21,8.0,19.0,4.0,7.0,6.0,6.0,9.0,22.0,4.0,10.0,6.0,10.0,0.09030043548006746,0.7297297297297297,0.06058398799543985,0.35294117647058826,2.0,4.0,True,2018
0,28,27,9.0,22.0,3.0,8.0,4.0,4.0,6.0,18.0,3.0,8.0,4.0,4.0,0.08611477069429029,0.5151515151515151,0.13745336777090045,0.35294117647058826,2.0,1.0,False,2018
1,23,20,10.0,20.0,5.0,8.0,16.0,18.0,10.0,20.0,4.0,9.0,11.0,12.0,0.15825711179909716,0.6176470588235294,0.13360835268095272,0.5588235294117647,2.0,1.0,True,2018
1,22,13,7.0,13.0,2.0,5.0,4.0,4.0,7.0,12.0,2.0,5.0,4.0,5.0,0.10658872626942195,0.5588235294117647,0.10287427805018408,0.3055555555555556,1.0,1.0,False,2018
0,20,23,10.0,20.0,4.0,9.0,11.0,12.0,10.0,20.0,5.0,8.0,16.0,18.0,0.13360835268095272,0.5588235294117647,0.16660568943927773,0.6285714285714286,1.0,2.0,False,2018
0,1,2,9.0,27.0,5.0,15.0,15.0,15.0,9.0,18.0,2.0,6.0,9.0,11.0,0.1007724134254826,0.78125,0.11224034838405397,0.7368421052631579,3.0,1.0,False,2018
1,10,19,6.0,13.0,3.0,8.0,6.0,6.0,9.0,18.0,3.0,5.0,3.0,4.0,0.011850392521691852,0.3142857142857143,0.13008277894096149,0.5757575757575758,2.0,2.0,True,2018
0,19,10,9.0,18.0,3.0,5.0,3.0,4.0,6.0,13.0,3.0,8.0,6.0,6.0,0.13008277894096149,0.5757575757575758,0.049480314017353484,0.3333333333333333,2.0,2.0,False,2018
1,4,23,11.0,20.0,2.0,5.0,8.0,8.0,8.0,16.0,4.0,8.0,7.0,7.0,0.07897424358558305,0.53125,0.16660568943927773,0.6285714285714286,2.0,1.0,True,2018
0,18,17,10.0,21.0,6.0,12.0,5.0,8.0,9.0,20.0,2.0,6.0,14.0,16.0,0.06169560153063024,0.45454545454545453,0.09057944217474526,0.5151515151515151,3.0,5.0,False,2018
1,5,28,8.0,19.0,5.0,8.0,9.0,12.0,9.0,16.0,2.0,5.0,5.0,6.0,0.1508933461575395,0.6857142857142857,0.06889181655543222,0.5,2.0,1.0,True,2018
0,28,5,9.0,16.0,2.0,5.0,5.0,6.0,8.0,19.0,5.0,8.0,9.0,12.0,0.06889181655543222,0.5,0.16071467692603156,0.6944444444444444,1.0,2.0,False,2018
1,2,1,9.0,18.0,2.0,6.0,9.0,11.0,9.0,27.0,5.0,15.0,15.0,15.0,0.11224034838405397,0.7368421052631579,0.08061793074038608,0.7575757575757576,1.0,3.0,True,2018
0,23,4,8.0,16.0,4.0,8.0,7.0,7.0,11.0,20.0,2.0,5.0,8.0,8.0,0.16660568943927773,0.6285714285714286,0.10317939486846643,0.5454545454545454,1.0,2.0,False,2018
1,17,18,9.0,20.0,2.0,6.0,14.0,16.0,10.0,21.0,6.0,12.0,5.0,8.0,0.09057944217474526,0.5151515151515151,0.04935648122450419,0.4411764705882353,5.0,3.0,True,2018
1,14,1,9.0,18.0,7.0,11.0,4.0,4.0,7.0,14.0,4.0,9.0,5.0,6.0,0.10618816856632211,0.5428571428571428,0.08061793074038608,0.7575757575757576,2.0,1.0,True,2018
0,13,8,8.0,15.0,5.0,7.0,7.0,7.0,12.0,24.0,3.0,10.0,8.0,8.0,0.10287427805018408,0.3055555555555556,0.13287998612131663,0.5294117647058824,2.0,2.0,True,2018
1,29,24,9.0,20.0,2.0,7.0,4.0,5.0,7.0,15.0,3.0,10.0,13.0,15.0,0.0324287216379404,0.3333333333333333,0.1112710745066203,0.42424242424242425,2.0,3.0,False,2018
0,4,26,10.0,18.0,4.0,10.0,3.0,5.0,16.0,34.0,2.0,9.0,6.0,9.0,0.10317939486846643,0.5454545454545454,0.17563079833731518,0.5714285714285714,1.0,2.0,True,2018
1,27,22,11.0,20.0,8.0,16.0,5.0,5.0,12.0,19.0,4.0,5.0,5.0,8.0,0.13745336777090045,0.35294117647058826,0.08527098101553757,0.5428571428571428,2.0,2.0,True,2018
1,12,6,7.0,15.0,1.0,6.0,5.0,7.0,8.0,11.0,4.0,6.0,4.0,4.0,0.12929088607995726,0.5294117647058824,0.03965062599066711,0.35294117647058826,3.0,2.0,False,2018
1,25,9,10.0,18.0,3.0,9.0,3.0,3.0,12.0,20.0,5.0,6.0,5.0,8.0,0.1177676316770323,0.696969696969697,0.09867421848461148,0.2647058823529412,2.0,2.0,True,2018
1,8,13,12.0,24.0,3.0,10.0,8.0,8.0,8.0,15.0,5.0,7.0,7.0,7.0,0.13287998612131663,0.5294117647058824,0.12229942244014727,0.32432432432432434,2.0,2.0,False,2018
0,24,29,7.0,15.0,3.0,10.0,13.0,15.0,9.0,20.0,2.0,7.0,4.0,5.0,0.1112710745066203,0.42424242424242425,0.025942977310352323,0.3235294117647059,3.0,2.0,True,2018
0,9,25,12.0,20.0,5.0,6.0,5.0,8.0,10.0,18.0,3.0,9.0,3.0,3.0,0.09867421848461148,0.2647058823529412,0.13421410534162584,0.7058823529411765,2.0,2.0,False,2018
1,0,21,10.0,20.0,4.0,7.0,7.0,7.0,10.0,16.0,3.0,9.0,9.0,12.0,0.17120152161578622,0.8,0.06058398799543985,0.35294117647058826,2.0,2.0,False,2018
0,21,0,10.0,16.0,3.0,9.0,9.0,12.0,10.0,20.0,4.0,7.0,7.0,7.0,0.06058398799543985,0.35294117647058826,0.13696121729262897,0.7777777777777778,2.0,2.0,True,2018
0,6,12,8.0,11.0,4.0,6.0,4.0,4.0,7.0,15.0,1.0,6.0,5.0,7.0,0.03965062599066711,0.35294117647058826,0.1034327088639658,0.5142857142857142,2.0,3.0,True,2018
0,1,14,7.0,14.0,4.0,9.0,5.0,6.0,9.0,18.0,7.0,11.0,4.0,4.0,0.08061793074038608,0.7575757575757576,0.1249505348530577,0.5555555555555556,1.0,2.0,False,2018
0,7,15,12.0,25.0,3.0,9.0,5.0,7.0,5.0,12.0,2.0,6.0,7.0,9.0,0.1022159156998089,0.3611111111111111,0.09725668843648591,0.35294117647058826,3.0,2.0,True,2018
1,15,7,5.0,12.0,2.0,6.0,7.0,9.0,12.0,25.0,3.0,9.0,5.0,7.0,0.09725668843648591,0.35294117647058826,0.12177273255984714,0.3783783783783784,2.0,3.0,False,2018
1,26,4,16.0,34.0,2.0,9.0,6.0,9.0,10.0,18.0,4.0,10.0,3.0,5.0,0.17563079833731518,0.5714285714285714,0.12254351589477315,0.5588235294117647,2.0,1.0,False,2018
0,22,27,12.0,19.0,4.0,5.0,5.0,8.0,11.0,20.0,8.0,16.0,5.0,5.0,0.08527098101553757,0.5428571428571428,0.14996269421672034,0.37142857142857144,2.0,2.0,False,2018
1,19,5,9.0,15.0,4.0,7.0,6.0,6.0,6.0,15.0,2.0,6.0,9.0,9.0,0.10406622315276919,0.5588235294117647,0.16071467692603156,0.6944444444444444,2.0,2.0,True,2018
1,0,16,13.0,19.0,10.0,13.0,5.0,5.0,10.0,16.0,4.0,5.0,4.0,6.0,0.13696121729262897,0.7777777777777778,0.07925574091425194,0.3142857142857143,1.0,3.0,True,2018
0,16,0,10.0,16.0,4.0,5.0,4.0,6.0,13.0,19.0,10.0,13.0,5.0,5.0,0.07925574091425194,0.3142857142857143,0.1495689738341032,0.7837837837837838,3.0,1.0,False,2018
1,11,3,10.0,17.0,4.0,11.0,7.0,8.0,12.0,22.0,4.0,10.0,6.0,6.0,0.04001098857774153,0.4166666666666667,0.10147855690684451,0.6857142857142857,3.0,3.0,True,2018
0,5,19,6.0,15.0,2.0,6.0,9.0,9.0,9.0,15.0,4.0,7.0,6.0,6.0,0.16071467692603156,0.6944444444444444,0.12325297852221535,0.5714285714285714,2.0,2.0,False,2018
0,3,11,12.0,22.0,4.0,10.0,6.0,6.0,10.0,17.0,4.0,11.0,7.0,8.0,0.10147855690684451,0.6857142857142857,0.07200879086219322,0.43243243243243246,3.0,3.0,False,2018
1,10,12,14.0,22.0,5.0,11.0,6.0,7.0,12.0,22.0,4.0,9.0,9.0,10.0,0.049480314017353484,0.3333333333333333,0.1034327088639658,0.5142857142857142,2.0,1.0,False,2018
0,18,20,8.0,16.0,3.0,7.0,5.0,5.0,11.0,23.0,3.0,8.0,8.0,9.0,0.04935648122450419,0.4411764705882353,0.10688668214476219,0.5428571428571428,2.0,3.0,True,2018
1,8,28,11.0,24.0,3.0,6.0,9.0,12.0,11.0,22.0,1.0,5.0,7.0,8.0,0.10630398889705331,0.5142857142857142,0.05511345324434578,0.4857142857142857,1.0,2.0,False,2018
0,12,10,12.0,22.0,4.0,9.0,9.0,10.0,14.0,22.0,5.0,11.0,6.0,7.0,0.1034327088639658,0.5142857142857142,0.03958425121388279,0.32432432432432434,1.0,2.0,True,2018
0,28,8,11.0,22.0,1.0,5.0,7.0,8.0,11.0,24.0,3.0,6.0,9.0,12.0,0.05511345324434578,0.4857142857142857,0.08504319111764265,0.5,2.0,1.0,True,2018
1,20,18,11.0,23.0,3.0,8.0,8.0,9.0,8.0,16.0,3.0,7.0,5.0,5.0,0.10688668214476219,0.5428571428571428,0.07948518497960336,0.45714285714285713,3.0,2.0,False,2018
0,17,9,8.0,21.0,2.0,6.0,4.0,4.0,9.0,17.0,4.0,7.0,3.0,4.0,0.11246355373979622,0.5294117647058824,0.07893937478768918,0.2571428571428571,2.0,1.0,False,2018
1,9,17,9.0,17.0,4.0,7.0,3.0,4.0,8.0,21.0,2.0,6.0,4.0,4.0,0.07893937478768918,0.2571428571428571,0.08997084299183697,0.5142857142857142,1.0,2.0,True,2018
1,1,29,10.0,20.0,6.0,11.0,17.0,21.0,13.0,20.0,5.0,10.0,6.0,8.0,0.06449434459230886,0.7352941176470589,0.025942977310352323,0.3235294117647059,2.0,2.0,True,2018
0,18,7,9.0,14.0,4.0,8.0,7.0,11.0,11.0,22.0,5.0,10.0,11.0,12.0,0.07948518497960336,0.45714285714285713,0.12177273255984714,0.3783783783783784,1.0,2.0,True,2018
0,16,15,10.0,16.0,5.0,7.0,3.0,4.0,8.0,14.0,3.0,7.0,5.0,9.0,0.06340459273140156,0.3055555555555556,0.07780535074918873,0.34285714285714286,1.0,2.0,True,2018
1,2,6,10.0,21.0,4.0,10.0,4.0,6.0,10.0,21.0,2.0,10.0,4.0,5.0,0.12979227870724316,0.7435897435897436,0.0717205007925337,0.37142857142857144,3.0,2.0,True,2018
1,15,16,8.0,14.0,3.0,7.0,5.0,9.0,10.0,16.0,5.0,7.0,3.0,4.0,0.07780535074918873,0.34285714285714286,0.09072367418512124,0.32432432432432434,2.0,1.0,False,2018
0,23,22,8.0,13.0,2.0,4.0,10.0,11.0,7.0,11.0,3.0,6.0,3.0,4.0,0.1332845515514222,0.6111111111111112,0.06821678481243006,0.5277777777777778,3.0,2.0,True,2018
1,26,13,17.0,28.0,4.0,7.0,9.0,11.0,10.0,15.0,4.0,6.0,6.0,7.0,0.14050463866985213,0.5555555555555556,0.12229942244014727,0.32432432432432434,2.0,2.0,False,2018
0,6,2,10.0,21.0,2.0,10.0,4.0,5.0,10.0,21.0,4.0,10.0,4.0,6.0,0.0717205007925337,0.37142857142857144,0.14383382296579456,0.75,2.0,3.0,False,2018
0,13,26,10.0,15.0,4.0,6.0,6.0,7.0,17.0,28.0,4.0,7.0,9.0,11.0,0.12229942244014727,0.32432432432432434,0.11240371093588171,0.5405405405405406,2.0,2.0,True,2018
1,7,18,11.0,22.0,5.0,10.0,11.0,12.0,9.0,14.0,4.0,8.0,7.0,11.0,0.12177273255984714,0.3783783783783784,0.10358814798368268,0.4722222222222222,2.0,1.0,False,2018
0,29,1,13.0,20.0,5.0,10.0,6.0,8.0,10.0,20.0,6.0,11.0,17.0,21.0,0.025942977310352323,0.3235294117647059,0.0915954756738471,0.7428571428571429,2.0,2.0,False,2018
1,24,21,12.0,21.0,6.0,9.0,10.0,11.0,11.0,21.0,4.0,10.0,4.0,7.0,0.12901685960529624,0.4411764705882353,0.08846719039635188,0.37142857142857144,2.0,2.0,True,2018
0,21,24,11.0,21.0,4.0,10.0,4.0,7.0,12.0,21.0,6.0,9.0,10.0,11.0,0.08846719039635188,0.37142857142857144,0.143213487684237,0.45714285714285713,2.0,2.0,False,2018
1,14,27,16.0,29.0,7.0,13.0,7.0,9.0,8.0,17.0,3.0,8.0,5.0,8.0,0.1249505348530577,0.5555555555555556,0.14996269421672034,0.37142857142857144,2.0,2.0,True,2018
0,27,14,8.0,17.0,3.0,8.0,5.0,8.0,16.0,29.0,7.0,13.0,7.0,9.0,0.14996269421672034,0.37142857142857144,0.13996042788244617,0.5675675675675675,2.0,2.0,False,2018
1,22,23,7.0,11.0,3.0,6.0,3.0,4.0,8.0,13.0,2.0,4.0,10.0,11.0,0.06821678481243006,0.5277777777777778,0.14662764124113775,0.6216216216216216,2.0,3.0,False,2018
1,6,10,7.0,15.0,3.0,6.0,6.0,6.0,8.0,20.0,2.0,8.0,5.0,6.0,0.05737640063402696,0.3611111111111111,0.03958425121388279,0.32432432432432434,1.0,2.0,True,2018
0,17,27,11.0,30.0,5.0,11.0,5.0,6.0,9.0,20.0,4.0,8.0,5.0,5.0,0.08997084299183697,0.5142857142857142,0.11997015537337627,0.3611111111111111,2.0,1.0,True,2018
1,25,4,17.0,29.0,5.0,10.0,13.0,13.0,9.0,18.0,5.0,7.0,7.0,9.0,0.13421410534162584,0.7058823529411765,0.12254351589477315,0.5588235294117647,3.0,3.0,True,2018
0,29,23,7.0,15.0,2.0,6.0,6.0,7.0,8.0,16.0,2.0,5.0,11.0,11.0,0.020754381848281857,0.3142857142857143,0.14662764124113775,0.6216216216216216,1.0,1.0,False,2018
0,10,6,8.0,20.0,2.0,8.0,5.0,6.0,7.0,15.0,3.0,6.0,6.0,6.0,0.03958425121388279,0.32432432432432434,0.08590112050722157,0.3783783783783784,2.0,1.0,False,2018
0,4,25,9.0,18.0,5.0,7.0,7.0,9.0,17.0,29.0,5.0,10.0,13.0,13.0,0.12254351589477315,0.5588235294117647,0.14737128427330065,0.7142857142857143,3.0,3.0,False,2018
1,23,29,8.0,16.0,2.0,5.0,11.0,11.0,7.0,15.0,2.0,6.0,6.0,7.0,0.14662764124113775,0.6216216216216216,0.016603505478625484,0.3055555555555556,1.0,1.0,True,2018
1,27,17,9.0,20.0,4.0,8.0,5.0,5.0,11.0,30.0,5.0,11.0,5.0,6.0,0.11997015537337627,0.3611111111111111,0.11197667439346959,0.5277777777777778,1.0,2.0,False,2018
1,7,9,15.0,21.0,3.0,7.0,14.0,15.0,7.0,17.0,4.0,7.0,5.0,6.0,0.0974181860478777,0.3684210526315789,0.10315149983015134,0.2777777777777778,2.0,3.0,True,2018
1,28,5,7.0,19.0,3.0,7.0,4.0,5.0,10.0,23.0,3.0,8.0,8.0,10.0,0.08409076259547663,0.5,0.12857174154082524,0.6756756756756757,3.0,3.0,False,2018
0,5,28,10.0,23.0,3.0,8.0,8.0,10.0,7.0,19.0,3.0,7.0,4.0,5.0,0.12857174154082524,0.6756756756756757,0.0672726100763813,0.4864864864864865,3.0,3.0,True,2018
0,16,24,5.0,13.0,3.0,4.0,7.0,13.0,9.0,18.0,3.0,8.0,15.0,15.0,0.09072367418512124,0.32432432432432434,0.143213487684237,0.45714285714285713,2.0,2.0,False,2018
1,24,16,9.0,18.0,3.0,8.0,15.0,15.0,5.0,13.0,3.0,4.0,7.0,13.0,0.143213487684237,0.45714285714285713,0.07257893934809699,0.3157894736842105,2.0,2.0,True,2018
0,17,3,10.0,17.0,6.0,9.0,3.0,7.0,10.0,17.0,4.0,8.0,10.0,12.0,0.11197667439346959,0.5277777777777778,0.08118284552547561,0.6666666666666666,1.0,3.0,False,2018
0,9,7,7.0,17.0,4.0,7.0,5.0,6.0,15.0,21.0,3.0,7.0,14.0,15.0,0.10315149983015134,0.2777777777777778,0.11793454883830216,0.38461538461538464,3.0,2.0,False,2018
0,21,15,9.0,13.0,3.0,5.0,3.0,5.0,11.0,18.0,3.0,4.0,6.0,8.0,0.07077375231708151,0.3611111111111111,0.062244280599350985,0.3333333333333333,2.0,2.0,True,2018
1,15,21,11.0,18.0,3.0,4.0,6.0,8.0,9.0,13.0,3.0,5.0,3.0,5.0,0.062244280599350985,0.3333333333333333,0.0966190018536652,0.3783783783783784,2.0,2.0,False,2018
1,3,17,10.0,17.0,4.0,8.0,10.0,12.0,10.0,17.0,6.0,9.0,3.0,7.0,0.08118284552547561,0.6666666666666666,0.08958133951477568,0.5135135135135135,3.0,1.0,True,2018
0,7,20,7.0,16.0,3.0,9.0,7.0,8.0,14.0,17.0,3.0,6.0,5.0,5.0,0.11793454883830216,0.38461538461538464,0.08550934571580975,0.5277777777777778,1.0,4.0,False,2018
1,12,19,11.0,19.0,5.0,10.0,3.0,4.0,7.0,19.0,5.0,9.0,7.0,8.0,0.12274616709117266,0.5277777777777778,0.12325297852221535,0.5714285714285714,4.0,4.0,True,2018
0,25,27,10.0,20.0,5.0,8.0,10.0,10.0,9.0,17.0,6.0,9.0,6.0,7.0,0.14737128427330065,0.7142857142857143,0.09597612429870102,0.35135135135135137,2.0,2.0,True,2018
1,27,25,9.0,17.0,6.0,9.0,6.0,7.0,10.0,20.0,5.0,8.0,10.0,10.0,0.09597612429870102,0.35135135135135137,0.15789702741864053,0.7222222222222222,2.0,2.0,False,2018
0,1,10,9.0,16.0,7.0,10.0,5.0,6.0,7.0,23.0,2.0,6.0,6.0,6.0,0.0915954756738471,0.7428571428571429,0.03166740097110623,0.3157894736842105,3.0,2.0,True,2018
1,10,1,7.0,23.0,2.0,6.0,6.0,6.0,9.0,16.0,7.0,10.0,5.0,6.0,0.03166740097110623,0.3157894736842105,0.11327638053907767,0.75,2.0,3.0,False,2018
1,6,23,9.0,14.0,4.0,7.0,4.0,4.0,8.0,17.0,1.0,4.0,16.0,18.0,0.08590112050722157,0.3783783783783784,0.1573021129929102,0.631578947368421,2.0,2.0,True,2018
1,4,22,12.0,18.0,3.0,4.0,7.0,8.0,10.0,15.0,1.0,4.0,4.0,5.0,0.09803481271581851,0.5428571428571428,0.054573427849944046,0.5135135135135135,2.0,3.0,True,2018
0,5,18,10.0,21.0,4.0,11.0,8.0,8.0,8.0,18.0,3.0,5.0,10.0,15.0,0.1428573932326602,0.6842105263157895,0.10358814798368268,0.4722222222222222,1.0,3.0,False,2018
1,18,5,8.0,18.0,3.0,5.0,10.0,15.0,10.0,21.0,4.0,11.0,8.0,8.0,0.10358814798368268,0.4722222222222222,0.11428591458612816,0.6666666666666666,3.0,1.0,True,2018
0,23,6,8.0,17.0,1.0,4.0,16.0,18.0,9.0,14.0,4.0,7.0,4.0,4.0,0.1573021129929102,0.631578947368421,0.10872089640577724,0.39473684210526316,2.0,2.0,False,2018
0,28,14,8.0,14.0,2.0,4.0,5.0,6.0,11.0,18.0,2.0,6.0,6.0,9.0,0.0672726100763813,0.4864864864864865,0.13996042788244617,0.5675675675675675,1.0,3.0,False,2018
0,26,29,10.0,17.0,6.0,9.0,3.0,4.0,7.0,15.0,3.0,8.0,3.0,4.0,0.11240371093588171,0.5405405405405406,0.016603505478625484,0.3055555555555556,3.0,2.0,True,2018
1,14,28,11.0,18.0,2.0,6.0,6.0,9.0,8.0,14.0,2.0,4.0,5.0,6.0,0.13996042788244617,0.5675675675675675,0.05381808806110504,0.47368421052631576,3.0,1.0,True,2018
0,3,2,8.0,15.0,5.0,8.0,7.0,7.0,8.0,14.0,4.0,6.0,3.0,3.0,0.10494627642038049,0.6756756756756757,0.14383382296579456,0.75,1.0,3.0,False,2018
1,13,0,7.0,18.0,7.0,10.0,6.0,9.0,11.0,21.0,6.0,13.0,4.0,5.0,0.1378395379521178,0.34210526315789475,0.1495689738341032,0.7837837837837838,3.0,4.0,False,2018
0,8,11,11.0,26.0,3.0,5.0,6.0,6.0,9.0,17.0,3.0,11.0,9.0,10.0,0.08504319111764265,0.5,0.07200879086219322,0.43243243243243246,4.0,4.0,True,2018
1,29,26,7.0,15.0,3.0,8.0,3.0,4.0,10.0,17.0,6.0,9.0,3.0,4.0,0.016603505478625484,0.3055555555555556,0.12992296874870538,0.5526315789473685,2.0,3.0,False,2018
1,20,7,14.0,17.0,3.0,6.0,5.0,5.0,7.0,16.0,3.0,9.0,7.0,8.0,0.08550934571580975,0.5277777777777778,0.09434763907064173,0.375,4.0,1.0,True,2018
1,11,8,9.0,17.0,3.0,11.0,9.0,10.0,11.0,26.0,3.0,5.0,6.0,6.0,0.07200879086219322,0.43243243243243246,0.10803455289411412,0.5135135135135135,4.0,4.0,False,2018
0,19,12,7.0,19.0,5.0,9.0,7.0,8.0,11.0,19.0,5.0,10.0,3.0,4.0,0.12325297852221535,0.5714285714285714,0.13819693367293812,0.5405405405405406,4.0,4.0,False,2018
0,0,13,11.0,21.0,6.0,13.0,4.0,5.0,7.0,18.0,7.0,10.0,6.0,9.0,0.1495689738341032,0.7837837837837838,0.11027163036169425,0.3333333333333333,4.0,3.0,True,2018
0,22,4,10.0,15.0,1.0,4.0,4.0,5.0,12.0,18.0,3.0,4.0,7.0,8.0,0.054573427849944046,0.5135135135135135,0.11842785017265481,0.5555555555555556,3.0,2.0,False,2018
1,2,3,8.0,14.0,4.0,6.0,3.0,3.0,8.0,15.0,5.0,8.0,7.0,7.0,0.14383382296579456,0.75,0.08395702113630439,0.6578947368421053,3.0,1.0,True,2018
0,0,1,11.0,20.0,6.0,10.0,7.0,8.0,12.0,24.0,8.0,15.0,4.0,6.0,0.15965517906728255,0.7894736842105263,0.11327638053907767,0.75,1.0,1.0,True,2018
1,1,0,12.0,24.0,8.0,15.0,4.0,6.0,11.0,20.0,6.0,10.0,7.0,8.0,0.11327638053907767,0.75,0.16772414325382606,0.7948717948717948,1.0,1.0,False,2018
1,24,26,10.0,22.0,4.0,11.0,6.0,8.0,12.0,24.0,5.0,10.0,5.0,6.0,0.15457079014738961,0.4722222222222222,0.12992296874870538,0.5526315789473685,2.0,1.0,False,2018
0,26,24,12.0,24.0,5.0,10.0,5.0,6.0,10.0,22.0,4.0,11.0,6.0,8.0,0.12992296874870538,0.5526315789473685,0.1236566321179117,0.4594594594594595,1.0,2.0,True,2018
1,2,23,8.0,16.0,2.0,7.0,3.0,4.0,9.0,16.0,4.0,5.0,8.0,10.0,0.15506705837263562,0.7560975609756098,0.12584169039432816,0.6153846153846154,2.0,2.0,True,2018
1,4,25,9.0,14.0,3.0,4.0,6.0,9.0,8.0,12.0,4.0,8.0,5.0,7.0,0.11842785017265481,0.5555555555555556,0.15789702741864053,0.7222222222222222,2.0,2.0,False,2018
0,11,20,6.0,13.0,3.0,6.0,2.0,3.0,9.0,17.0,6.0,8.0,4.0,5.0,0.057607032689754575,0.42105263157894735,0.10840747657264779,0.5405405405405406,2.0,2.0,False,2018
0,28,12,9.0,16.0,2.0,4.0,5.0,5.0,9.0,19.0,6.0,16.0,7.0,7.0,0.05381808806110504,0.47368421052631576,0.13819693367293812,0.5405405405405406,2.0,2.0,False,2018
1,13,27,10.0,21.0,5.0,9.0,5.0,5.0,12.0,17.0,5.0,6.0,8.0,8.0,0.11027163036169425,0.3333333333333333,0.07678089943896081,0.34210526315789475,2.0,2.0,False,2018
0,27,13,12.0,17.0,5.0,6.0,8.0,8.0,10.0,21.0,5.0,9.0,5.0,5.0,0.07678089943896081,0.34210526315789475,0.0882173042893554,0.325,2.0,2.0,True,2018
0,23,2,9.0,16.0,4.0,5.0,8.0,10.0,8.0,16.0,2.0,7.0,3.0,4.0,0.12584169039432816,0.6153846153846154,0.1640536466981085,0.7619047619047619,2.0,2.0,False,2018
0,25,4,8.0,12.0,4.0,8.0,5.0,7.0,9.0,14.0,3.0,4.0,6.0,9.0,0.15789702741864053,0.7222222222222222,0.09474228013812384,0.5405405405405406,2.0,2.0,True,2018
0,21,29,8.0,17.0,4.0,8.0,3.0,5.0,10.0,18.0,3.0,7.0,5.0,5.0,0.0966190018536652,0.3783783783783784,0.013282804382900387,0.2972972972972973,3.0,2.0,True,2018
1,17,9,8.0,15.0,4.0,6.0,3.0,4.0,5.0,14.0,2.0,4.0,5.0,7.0,0.08958133951477568,0.5135135135135135,0.08252119986412107,0.2702702702702703,3.0,3.0,True,2018
1,12,28,9.0,19.0,6.0,16.0,7.0,7.0,9.0,16.0,2.0,4.0,5.0,5.0,0.13819693367293812,0.5405405405405406,0.04305447044888403,0.46153846153846156,2.0,2.0,True,2018
0,7,5,8.0,17.0,3.0,6.0,4.0,4.0,9.0,19.0,3.0,6.0,4.0,4.0,0.09434763907064173,0.375,0.11428591458612816,0.6666666666666666,2.0,2.0,False,2018
1,20,11,9.0,17.0,6.0,8.0,4.0,5.0,6.0,13.0,3.0,6.0,2.0,3.0,0.10840747657264779,0.5405405405405406,0.04608562615180366,0.41025641025641024,2.0,2.0,True,2018
1,18,19,9.0,16.0,3.0,8.0,6.0,6.0,5.0,12.0,2.0,5.0,3.0,4.0,0.12287051838694614,0.4864864864864865,0.09860238281777228,0.5555555555555556,2.0,2.0,True,2018
1,5,7,9.0,19.0,3.0,6.0,4.0,4.0,8.0,17.0,3.0,6.0,4.0,4.0,0.11428591458612816,0.6666666666666666,0.07547811125651338,0.36585365853658536,2.0,2.0,True,2018
1,29,21,10.0,18.0,3.0,7.0,5.0,5.0,8.0,17.0,4.0,8.0,3.0,5.0,0.013282804382900387,0.2972972972972973,0.11729520148293215,0.39473684210526316,2.0,3.0,False,2018
1,16,14,10.0,24.0,3.0,10.0,6.0,8.0,9.0,18.0,5.0,10.0,11.0,11.0,0.07257893934809699,0.3157894736842105,0.15196834230595693,0.5789473684210527,3.0,2.0,False,2018
0,14,16,9.0,18.0,5.0,10.0,11.0,11.0,10.0,24.0,3.0,10.0,6.0,8.0,0.15196834230595693,0.5789473684210527,0.05806315147847759,0.3076923076923077,2.0,3.0,True,2018
0,9,17,5.0,14.0,2.0,4.0,5.0,7.0,8.0,15.0,4.0,6.0,3.0,4.0,0.08252119986412107,0.2702702702702703,0.11166507161182053,0.5263157894736842,3.0,3.0,False,2018
0,19,18,5.0,12.0,2.0,5.0,3.0,4.0,9.0,16.0,3.0,8.0,6.0,6.0,0.09860238281777228,0.5555555555555556,0.13829641470955692,0.5,2.0,2.0,False,2018
0,3,10,12.0,23.0,6.0,12.0,5.0,7.0,13.0,26.0,4.0,8.0,4.0,6.0,0.08395702113630439,0.6578947368421053,0.025333920776884983,0.3076923076923077,3.0,3.0,True,2018
0,2,6,8.0,22.0,2.0,6.0,3.0,5.0,7.0,15.0,2.0,8.0,5.0,5.0,0.1640536466981085,0.7619047619047619,0.10872089640577724,0.39473684210526316,1.0,3.0,True,2018
1,6,2,7.0,15.0,2.0,8.0,5.0,5.0,8.0,22.0,2.0,6.0,3.0,5.0,0.10872089640577724,0.39473684210526316,0.1712429173584868,0.7674418604651163,3.0,1.0,False,2018
1,24,0,7.0,16.0,2.0,4.0,7.0,7.0,11.0,21.0,8.0,16.0,15.0,16.0,0.1236566321179117,0.4594594594594595,0.16772414325382606,0.7948717948717948,2.0,2.0,False,2018
1,23,8,9.0,22.0,3.0,4.0,5.0,6.0,6.0,13.0,3.0,8.0,9.0,10.0,0.10067335231546252,0.6,0.10803455289411412,0.5135135135135135,1.0,3.0,True,2018
1,10,3,13.0,26.0,4.0,8.0,4.0,6.0,12.0,23.0,6.0,12.0,5.0,7.0,0.025333920776884983,0.3076923076923077,0.10716561690904351,0.6666666666666666,3.0,3.0,False,2018
0,8,23,6.0,13.0,3.0,8.0,9.0,10.0,9.0,22.0,3.0,4.0,5.0,6.0,0.10803455289411412,0.5135135135135135,0.12053868185237002,0.6097560975609756,3.0,1.0,False,2018
0,27,22,5.0,14.0,3.0,9.0,6.0,7.0,9.0,12.0,3.0,6.0,3.0,6.0,0.10142471955116865,0.358974358974359,0.04365874227995524,0.5,1.0,3.0,False,2018
1,14,4,7.0,19.0,2.0,7.0,6.0,7.0,12.0,17.0,2.0,7.0,9.0,10.0,0.16157467384476554,0.5897435897435898,0.09474228013812384,0.5405405405405406,1.0,1.0,False,2018
0,0,24,11.0,21.0,8.0,16.0,15.0,16.0,7.0,16.0,2.0,4.0,7.0,7.0,0.16772414325382606,0.7948717948717948,0.09892530569432936,0.4473684210526316,2.0,2.0,True,2018
1,22,27,9.0,12.0,3.0,6.0,3.0,6.0,5.0,14.0,3.0,9.0,6.0,7.0,0.04365874227995524,0.5,0.08113977564093491,0.35,3.0,1.0,True,2018
0,4,14,12.0,17.0,2.0,7.0,9.0,10.0,7.0,19.0,2.0,7.0,6.0,7.0,0.09474228013812384,0.5405405405405406,0.12925973907581242,0.575,1.0,1.0,True,2018
1,15,20,8.0,14.0,4.0,9.0,6.0,8.0,8.0,16.0,3.0,8.0,4.0,5.0,0.049795424479480786,0.32432432432432434,0.12672598125811824,0.5526315789473685,4.0,1.0,True,2018
0,1,19,7.0,15.0,4.0,12.0,3.0,3.0,8.0,15.0,4.0,7.0,8.0,11.0,0.09062110443126213,0.7297297297297297,0.07888190625421783,0.5405405405405406,2.0,1.0,False,2018
1,19,1,8.0,15.0,4.0,7.0,8.0,11.0,7.0,15.0,4.0,12.0,3.0,3.0,0.07888190625421783,0.5405405405405406,0.0724968835450097,0.7105263157894737,1.0,2.0,True,2018
0,20,15,8.0,16.0,3.0,8.0,4.0,5.0,8.0,14.0,4.0,9.0,6.0,8.0,0.12672598125811824,0.5526315789473685,0.07983633958358463,0.34210526315789475,1.0,4.0,False,2018
0,11,12,12.0,25.0,3.0,10.0,4.0,4.0,7.0,18.0,3.0,6.0,4.0,4.0,0.04608562615180366,0.41025641025641024,0.1505575469383505,0.5526315789473685,2.0,2.0,False,2018
1,13,28,10.0,22.0,3.0,5.0,6.0,8.0,9.0,25.0,3.0,5.0,8.0,8.0,0.0882173042893554,0.325,0.04305447044888403,0.46153846153846156,2.0,2.0,False,2018
1,7,26,9.0,19.0,6.0,10.0,9.0,12.0,11.0,21.0,3.0,8.0,6.0,7.0,0.07547811125651338,0.36585365853658536,0.14393837499896428,0.5641025641025641,2.0,3.0,True,2018
0,9,29,10.0,23.0,3.0,9.0,7.0,8.0,7.0,13.0,3.0,9.0,7.0,8.0,0.06601695989129686,0.2631578947368421,0.010626243506320309,0.2894736842105263,2.0,2.0,False,2018
0,28,13,9.0,25.0,3.0,5.0,8.0,8.0,10.0,22.0,3.0,5.0,6.0,8.0,0.04305447044888403,0.46153846153846156,0.07057384343148432,0.3170731707317073,2.0,2.0,True,2018
1,12,11,7.0,18.0,3.0,6.0,4.0,4.0,12.0,25.0,3.0,10.0,4.0,4.0,0.1505575469383505,0.5526315789473685,0.03686850092144293,0.4,2.0,2.0,True,2018
0,5,17,12.0,21.0,6.0,9.0,5.0,7.0,11.0,24.0,3.0,5.0,3.0,5.0,0.1314287316689025,0.675,0.11166507161182053,0.5263157894736842,2.0,2.0,False,2018
0,26,7,11.0,21.0,3.0,8.0,6.0,7.0,9.0,19.0,6.0,10.0,9.0,12.0,0.14393837499896428,0.5641025641025641,0.1003824890052107,0.38095238095238093,3.0,2.0,False,2018
1,29,9,7.0,13.0,3.0,9.0,7.0,8.0,10.0,23.0,3.0,9.0,7.0,8.0,0.010626243506320309,0.2894736842105263,0.052813567913037485,0.2564102564102564,2.0,2.0,True,2018
1,17,5,11.0,24.0,3.0,5.0,3.0,5.0,12.0,21.0,6.0,9.0,5.0,7.0,0.11166507161182053,0.5263157894736842,0.10514298533512201,0.6585365853658537,2.0,2.0,True,2018
1,22,4,8.0,12.0,1.0,5.0,4.0,4.0,6.0,14.0,3.0,6.0,11.0,14.0,0.07492699382396419,0.5128205128205128,0.11579382411049907,0.5526315789473685,2.0,2.0,True,2018
0,3,23,9.0,15.0,5.0,8.0,5.0,5.0,9.0,19.0,4.0,6.0,5.0,6.0,0.10716561690904351,0.6666666666666666,0.12053868185237002,0.6097560975609756,2.0,2.0,False,2018
0,19,8,10.0,23.0,3.0,9.0,6.0,6.0,12.0,18.0,1.0,6.0,5.0,7.0,0.10310552500337426,0.5526315789473685,0.08642764231529129,0.5,2.0,2.0,False,2018
0,5,15,13.0,20.0,6.0,9.0,5.0,6.0,8.0,13.0,2.0,8.0,6.0,8.0,0.10514298533512201,0.6585365853658537,0.07983633958358463,0.34210526315789475,1.0,2.0,True,2018
0,20,0,9.0,22.0,4.0,7.0,3.0,5.0,9.0,17.0,5.0,10.0,9.0,10.0,0.10138078500649458,0.5384615384615384,0.17417931460306085,0.8,2.0,2.0,False,2018
0,9,24,8.0,19.0,4.0,8.0,7.0,9.0,12.0,29.0,4.0,9.0,6.0,8.0,0.052813567913037485,0.2564102564102564,0.09892530569432936,0.4473684210526316,1.0,2.0,False,2018
1,6,25,10.0,24.0,4.0,10.0,8.0,9.0,14.0,30.0,3.0,6.0,6.0,9.0,0.0869767171246218,0.38461538461538464,0.16631762193491242,0.7297297297297297,2.0,3.0,False,2018
0,25,6,14.0,30.0,3.0,6.0,6.0,9.0,10.0,24.0,4.0,10.0,8.0,9.0,0.16631762193491242,0.7297297297297297,0.06958137369969744,0.375,3.0,2.0,True,2018
1,8,19,12.0,18.0,1.0,6.0,5.0,7.0,10.0,23.0,3.0,9.0,6.0,6.0,0.08642764231529129,0.5,0.08248442000269941,0.5384615384615384,2.0,2.0,True,2018
1,15,5,8.0,13.0,2.0,8.0,6.0,8.0,13.0,20.0,6.0,9.0,5.0,6.0,0.07983633958358463,0.34210526315789475,0.12411438826809759,0.6666666666666666,2.0,1.0,False,2018
0,4,22,6.0,14.0,3.0,6.0,11.0,14.0,8.0,12.0,1.0,5.0,4.0,4.0,0.11579382411049907,0.5526315789473685,0.09994159505917136,0.525,2.0,2.0,False,2018
0,1,27,8.0,18.0,6.0,13.0,5.0,7.0,9.0,20.0,5.0,8.0,4.0,5.0,0.0724968835450097,0.7105263157894737,0.08113977564093491,0.35,2.0,2.0,True,2018
1,27,1,9.0,20.0,5.0,8.0,4.0,5.0,8.0,18.0,6.0,13.0,5.0,7.0,0.08113977564093491,0.35,0.09799750683600778,0.717948717948718,2.0,2.0,False,2018
1,23,3,9.0,19.0,4.0,6.0,5.0,6.0,9.0,15.0,5.0,8.0,5.0,5.0,0.12053868185237002,0.6097560975609756,0.0857324935272348,0.65,2.0,2.0,True,2018
1,24,9,12.0,29.0,4.0,9.0,6.0,8.0,8.0,19.0,4.0,8.0,7.0,9.0,0.09892530569432936,0.4473684210526316,0.042250854330429986,0.25,2.0,1.0,True,2018
1,0,20,9.0,17.0,5.0,10.0,9.0,10.0,9.0,22.0,4.0,7.0,3.0,5.0,0.17417931460306085,0.8,0.08110462800519566,0.525,2.0,2.0,True,2018
1,25,12,10.0,29.0,3.0,5.0,4.0,4.0,10.0,21.0,3.0,12.0,4.0,5.0,0.17305409754792994,0.7368421052631579,0.16044603755068038,0.5641025641025641,1.0,2.0,False,2018
0,10,13,6.0,16.0,4.0,7.0,6.0,8.0,8.0,19.0,2.0,6.0,7.0,7.0,0.020267136621507986,0.3,0.07057384343148432,0.3170731707317073,3.0,2.0,False,2018
0,17,26,11.0,19.0,2.0,6.0,9.0,10.0,8.0,20.0,5.0,9.0,7.0,10.0,0.12933205728945643,0.5384615384615384,0.11515069999917142,0.55,2.0,2.0,True,2018
1,29,15,8.0,13.0,5.0,8.0,5.0,6.0,7.0,16.0,3.0,5.0,5.0,6.0,0.04850099480505625,0.3076923076923077,0.0638690716668677,0.3333333333333333,2.0,1.0,True,2018
0,15,29,7.0,16.0,3.0,5.0,5.0,6.0,8.0,13.0,5.0,8.0,5.0,6.0,0.0638690716668677,0.3333333333333333,0.07880079584404501,0.325,1.0,2.0,False,2018
1,13,10,8.0,19.0,2.0,6.0,7.0,7.0,6.0,16.0,4.0,7.0,6.0,8.0,0.07057384343148432,0.3170731707317073,0.016213709297206388,0.2926829268292683,2.0,3.0,True,2018
1,26,17,8.0,20.0,5.0,9.0,7.0,10.0,11.0,19.0,2.0,6.0,9.0,10.0,0.11515069999917142,0.55,0.14346564583156513,0.55,2.0,2.0,False,2018
0,12,25,10.0,21.0,3.0,12.0,4.0,5.0,10.0,29.0,3.0,5.0,4.0,4.0,0.16044603755068038,0.5641025641025641,0.13844327803834394,0.717948717948718,2.0,1.0,True,2018
0,26,23,15.0,23.0,2.0,8.0,7.0,9.0,8.0,15.0,2.0,5.0,11.0,12.0,0.09212055999933713,0.5365853658536586,0.13643094548189602,0.6190476190476191,1.0,2.0,False,2018
0,11,14,9.0,20.0,3.0,10.0,3.0,4.0,14.0,27.0,3.0,6.0,4.0,7.0,0.03686850092144293,0.4,0.12925973907581242,0.575,3.0,4.0,True,2018
1,4,10,10.0,15.0,1.0,6.0,6.0,10.0,8.0,18.0,4.0,8.0,4.0,4.0,0.09263505928839925,0.5384615384615384,0.016213709297206388,0.2926829268292683,2.0,1.0,True,2018
1,0,24,14.0,18.0,6.0,7.0,6.0,8.0,16.0,27.0,8.0,16.0,10.0,10.0,0.17934345168244867,0.8048780487804879,0.11914024455546349,0.46153846153846156,2.0,2.0,False,2018
0,19,6,10.0,16.0,2.0,4.0,4.0,6.0,7.0,11.0,5.0,9.0,9.0,10.0,0.08248442000269941,0.5384615384615384,0.06958137369969744,0.375,2.0,2.0,True,2018
0,10,4,8.0,18.0,4.0,8.0,4.0,4.0,10.0,15.0,1.0,6.0,6.0,10.0,0.016213709297206388,0.2926829268292683,0.11410804743071941,0.55,1.0,2.0,False,2018
1,6,19,7.0,11.0,5.0,9.0,9.0,10.0,10.0,16.0,2.0,4.0,4.0,6.0,0.06958137369969744,0.375,0.10598753600215953,0.55,2.0,2.0,False,2018
1,21,13,16.0,28.0,3.0,9.0,6.0,18.0,9.0,16.0,7.0,10.0,7.0,8.0,0.11729520148293215,0.39473684210526316,0.09645907474518746,0.3333333333333333,5.0,1.0,False,2018
1,14,11,14.0,27.0,3.0,6.0,4.0,7.0,9.0,20.0,3.0,10.0,3.0,4.0,0.12925973907581242,0.575,0.06949480073715433,0.4146341463414634,4.0,3.0,False,2018
0,13,21,9.0,16.0,7.0,10.0,7.0,8.0,16.0,28.0,3.0,9.0,6.0,18.0,0.09645907474518746,0.3333333333333333,0.09383616118634572,0.38461538461538464,1.0,5.0,True,2018
1,1,17,13.0,29.0,5.0,12.0,8.0,8.0,9.0,16.0,2.0,6.0,10.0,12.0,0.09799750683600778,0.717948717948718,0.14346564583156513,0.55,2.0,1.0,True,2018
1,20,9,11.0,21.0,3.0,8.0,6.0,8.0,6.0,15.0,4.0,9.0,6.0,6.0,0.08110462800519566,0.525,0.042250854330429986,0.25,2.0,2.0,False,2018
0,17,1,9.0,16.0,2.0,6.0,10.0,12.0,13.0,29.0,5.0,12.0,8.0,8.0,0.14346564583156513,0.55,0.11839800546880622,0.725,1.0,2.0,False,2018
0,12,22,8.0,16.0,4.0,10.0,7.0,9.0,9.0,21.0,1.0,6.0,8.0,11.0,0.1683568300405443,0.575,0.09994159505917136,0.525,1.0,2.0,True,2018
1,22,12,9.0,21.0,1.0,6.0,8.0,11.0,8.0,16.0,4.0,10.0,7.0,9.0,0.09994159505917136,0.525,0.17468546403243543,0.5853658536585366,2.0,1.0,False,2018
0,9,20,6.0,15.0,4.0,9.0,6.0,6.0,11.0,21.0,3.0,8.0,6.0,8.0,0.042250854330429986,0.25,0.06488370240415653,0.5121951219512195,2.0,2.0,True,2018
1,16,8,10.0,24.0,2.0,6.0,6.0,7.0,6.0,15.0,5.0,8.0,12.0,17.0,0.05806315147847759,0.3076923076923077,0.10914211385223305,0.5128205128205128,5.0,2.0,True,2018
0,8,16,6.0,15.0,5.0,8.0,12.0,17.0,10.0,24.0,2.0,6.0,6.0,7.0,0.10914211385223305,0.5128205128205128,0.08645052118278208,0.325,2.0,5.0,False,2018
0,24,0,16.0,27.0,8.0,16.0,10.0,10.0,14.0,18.0,6.0,7.0,6.0,8.0,0.11914024455546349,0.46153846153846156,0.14347476134595893,0.7857142857142857,2.0,2.0,True,2018
1,23,26,8.0,15.0,2.0,5.0,11.0,12.0,15.0,23.0,2.0,8.0,7.0,9.0,0.13643094548189602,0.6190476190476191,0.0736964479994697,0.5238095238095238,2.0,1.0,True,2018
0,27,28,10.0,22.0,8.0,15.0,5.0,5.0,11.0,24.0,4.0,6.0,5.0,7.0,0.06491182051274794,0.34146341463414637,0.07444357635910723,0.475,2.0,3.0,True,2018
1,28,27,11.0,24.0,4.0,6.0,5.0,7.0,10.0,22.0,8.0,15.0,5.0,5.0,0.07444357635910723,0.475,0.09192945641019834,0.35714285714285715,3.0,2.0,False,2018
0,2,18,8.0,20.0,3.0,10.0,3.0,5.0,8.0,17.0,5.0,9.0,6.0,7.0,0.1712429173584868,0.7674418604651163,0.13829641470955692,0.5,5.0,6.0,True,2018
1,18,2,8.0,17.0,5.0,9.0,6.0,7.0,8.0,20.0,3.0,10.0,3.0,5.0,0.13829641470955692,0.5,0.17699433388678945,0.7727272727272727,6.0,5.0,False,2018
1,25,3,8.0,15.0,6.0,8.0,3.0,4.0,9.0,16.0,2.0,6.0,8.0,10.0,0.13844327803834394,0.717948717948718,0.0857324935272348,0.65,2.0,3.0,True,2018
0,5,29,7.0,15.0,4.0,7.0,7.0,8.0,11.0,21.0,4.0,9.0,2.0,5.0,0.12411438826809759,0.6666666666666666,0.07880079584404501,0.325,3.0,2.0,False,2018
0,3,25,9.0,16.0,2.0,6.0,8.0,10.0,8.0,15.0,6.0,8.0,3.0,4.0,0.0857324935272348,0.65,0.15075462243067517,0.725,3.0,2.0,False,2018
0,24,15,11.0,24.0,5.0,12.0,6.0,9.0,7.0,15.0,4.0,7.0,10.0,13.0,0.13531219564437078,0.475,0.05109525733349416,0.325,1.0,2.0,True,2018
1,29,5,11.0,21.0,4.0,9.0,2.0,5.0,7.0,15.0,4.0,7.0,7.0,8.0,0.07880079584404501,0.325,0.09929151061447808,0.6511627906976745,2.0,3.0,True,2018
1,15,24,7.0,15.0,4.0,7.0,10.0,13.0,11.0,24.0,5.0,12.0,6.0,9.0,0.05109525733349416,0.325,0.14824975651549663,0.4878048780487805,2.0,1.0,False,2018
1,8,17,16.0,23.0,3.0,7.0,8.0,8.0,9.0,22.0,4.0,11.0,5.0,6.0,0.08731369108178644,0.5,0.1147725166652521,0.5365853658536586,2.0,2.0,True,2018
0,28,23,8.0,19.0,4.0,8.0,2.0,4.0,9.0,20.0,2.0,6.0,5.0,6.0,0.05955486108728578,0.4634146341463415,0.14914475638551683,0.627906976744186,2.0,2.0,False,2018
0,3,22,11.0,25.0,2.0,9.0,5.0,5.0,9.0,21.0,3.0,6.0,4.0,4.0,0.06858599482178784,0.6341463414634146,0.07995327604733708,0.5121951219512195,1.0,2.0,False,2018
0,16,20,8.0,19.0,2.0,7.0,5.0,5.0,7.0,13.0,3.0,6.0,9.0,10.0,0.08645052118278208,0.325,0.06488370240415653,0.5121951219512195,2.0,2.0,False,2018
1,14,10,13.0,21.0,2.0,7.0,6.0,8.0,9.0,15.0,3.0,8.0,8.0,9.0,0.10340779126064994,0.5609756097560976,0.01297096743776511,0.2857142857142857,2.0,2.0,True,2018
0,10,14,9.0,15.0,3.0,8.0,8.0,9.0,13.0,21.0,2.0,7.0,6.0,8.0,0.01297096743776511,0.2857142857142857,0.12272623300851995,0.5714285714285714,2.0,2.0,False,2018
0,1,7,9.0,19.0,4.0,12.0,5.0,7.0,10.0,18.0,3.0,10.0,6.0,6.0,0.11839800546880622,0.725,0.1003824890052107,0.38095238095238093,2.0,5.0,True,2018
1,7,1,10.0,18.0,3.0,10.0,6.0,6.0,9.0,19.0,4.0,12.0,5.0,7.0,0.1003824890052107,0.38095238095238093,0.13471840437504495,0.7317073170731707,5.0,2.0,False,2018
1,9,6,14.0,26.0,3.0,5.0,6.0,8.0,6.0,15.0,3.0,9.0,5.0,7.0,0.07380068346434399,0.2682926829268293,0.05566509895975795,0.36585365853658536,2.0,2.0,False,2018
1,23,28,9.0,20.0,2.0,6.0,5.0,6.0,8.0,19.0,4.0,8.0,2.0,4.0,0.14914475638551683,0.627906976744186,0.04764388886982863,0.4523809523809524,2.0,2.0,True,2018
0,17,8,9.0,22.0,4.0,11.0,5.0,6.0,16.0,23.0,3.0,7.0,8.0,8.0,0.1147725166652521,0.5365853658536586,0.10985095286542915,0.5121951219512195,2.0,2.0,False,2018
0,0,4,12.0,20.0,2.0,6.0,4.0,4.0,10.0,19.0,3.0,5.0,3.0,4.0,0.14347476134595893,0.7857142857142857,0.11410804743071941,0.55,2.0,2.0,True,2018
1,21,11,6.0,14.0,4.0,8.0,8.0,10.0,10.0,20.0,5.0,11.0,10.0,11.0,0.09383616118634572,0.38461538461538464,0.06949480073715433,0.4146341463414634,2.0,2.0,True,2018
1,4,0,10.0,19.0,3.0,5.0,3.0,4.0,12.0,20.0,2.0,6.0,4.0,4.0,0.11410804743071941,0.55,0.15477980907676714,0.7906976744186046,2.0,2.0,False,2018
0,11,21,10.0,20.0,5.0,11.0,10.0,11.0,6.0,14.0,4.0,8.0,8.0,10.0,0.06949480073715433,0.4146341463414634,0.11506892894907658,0.4,2.0,2.0,False,2018
0,6,9,6.0,15.0,3.0,9.0,5.0,7.0,14.0,26.0,3.0,5.0,6.0,8.0,0.05566509895975795,0.36585365853658536,0.05904054677147519,0.2619047619047619,2.0,2.0,True,2018
1,22,3,9.0,21.0,3.0,6.0,4.0,4.0,11.0,25.0,2.0,9.0,5.0,5.0,0.07995327604733708,0.5121951219512195,0.05486879585743028,0.6190476190476191,2.0,1.0,True,2018
1,20,16,7.0,13.0,3.0,6.0,9.0,10.0,8.0,19.0,2.0,7.0,5.0,5.0,0.06488370240415653,0.5121951219512195,0.06916041694622567,0.3170731707317073,2.0,2.0,True,2018
0,29,13,9.0,18.0,2.0,7.0,5.0,8.0,8.0,21.0,3.0,10.0,6.0,8.0,0.103040636675236,0.34146341463414637,0.11716725979614995,0.3488372093023256,2.0,3.0,True,2018
0,6,14,9.0,16.0,3.0,10.0,4.0,5.0,10.0,24.0,4.0,10.0,5.0,6.0,0.08453207916780636,0.38095238095238093,0.12272623300851995,0.5714285714285714,1.0,1.0,False,2018
0,26,21,10.0,27.0,2.0,5.0,5.0,7.0,6.0,17.0,3.0,7.0,7.0,8.0,0.0736964479994697,0.5238095238095238,0.11506892894907658,0.4,3.0,1.0,True,2018
1,13,29,8.0,21.0,3.0,10.0,6.0,8.0,9.0,18.0,2.0,7.0,5.0,8.0,0.11716725979614995,0.3488372093023256,0.12243250934018879,0.35714285714285715,3.0,2.0,False,2018
0,20,5,8.0,16.0,3.0,8.0,4.0,4.0,7.0,13.0,6.0,7.0,9.0,11.0,0.09190696192332523,0.5238095238095238,0.09929151061447808,0.6511627906976745,1.0,2.0,False,2018
1,21,26,6.0,17.0,3.0,7.0,7.0,8.0,10.0,27.0,2.0,5.0,5.0,7.0,0.11506892894907658,0.4,0.09895715839957576,0.5348837209302325,1.0,3.0,False,2018
1,25,0,17.0,31.0,3.0,7.0,8.0,10.0,11.0,18.0,3.0,7.0,10.0,12.0,0.15075462243067517,0.725,0.15477980907676714,0.7906976744186046,2.0,1.0,False,2018
0,0,25,11.0,18.0,3.0,7.0,10.0,12.0,17.0,31.0,3.0,7.0,8.0,10.0,0.15477980907676714,0.7906976744186046,0.12060369794454014,0.7073170731707317,1.0,2.0,True,2018
1,27,19,7.0,15.0,4.0,9.0,3.0,4.0,10.0,19.0,6.0,10.0,5.0,6.0,0.09192945641019834,0.35714285714285715,0.10598753600215953,0.55,3.0,3.0,True,2018
1,24,15,7.0,17.0,4.0,9.0,8.0,9.0,10.0,17.0,2.0,4.0,4.0,5.0,0.14824975651549663,0.4878048780487805,0.04087620586679533,0.3170731707317073,2.0,2.0,True,2018
0,19,27,10.0,19.0,6.0,10.0,5.0,6.0,7.0,15.0,4.0,9.0,3.0,4.0,0.10598753600215953,0.55,0.11354356512815866,0.37209302325581395,3.0,3.0,False,2018
1,14,6,10.0,24.0,4.0,10.0,5.0,6.0,9.0,16.0,3.0,10.0,4.0,5.0,0.12272623300851995,0.5714285714285714,0.06762566333424509,0.37209302325581395,1.0,1.0,True,2018
0,15,24,10.0,17.0,2.0,4.0,4.0,5.0,7.0,17.0,4.0,9.0,8.0,9.0,0.04087620586679533,0.3170731707317073,0.1585998052123973,0.5,2.0,2.0,False,2018
1,5,20,7.0,13.0,6.0,7.0,9.0,11.0,8.0,16.0,3.0,8.0,4.0,4.0,0.09929151061447808,0.6511627906976745,0.07352556953866018,0.5116279069767442,2.0,1.0,True,2018
0,8,28,17.0,30.0,4.0,7.0,12.0,15.0,10.0,24.0,4.0,10.0,7.0,10.0,0.10985095286542915,0.5121951219512195,0.04764388886982863,0.4523809523809524,2.0,2.0,True,2018
1,12,4,9.0,17.0,4.0,8.0,5.0,7.0,7.0,16.0,1.0,8.0,10.0,10.0,0.17468546403243543,0.5853658536585366,0.09128643794457553,0.5365853658536586,4.0,2.0,True,2018
0,22,7,8.0,14.0,2.0,5.0,4.0,4.0,7.0,16.0,3.0,6.0,5.0,7.0,0.10396262083786967,0.5238095238095238,0.08030599120416856,0.37209302325581395,2.0,2.0,True,2018
1,23,17,8.0,15.0,2.0,7.0,9.0,11.0,7.0,15.0,4.0,8.0,5.0,6.0,0.15931580510841345,0.6363636363636364,0.09181801333220167,0.5238095238095238,2.0,2.0,True,2018
0,17,23,7.0,15.0,4.0,8.0,5.0,6.0,8.0,15.0,2.0,7.0,9.0,11.0,0.09181801333220167,0.5238095238095238,0.16745264408673077,0.6444444444444445,2.0,2.0,False,2018
1,7,22,7.0,16.0,3.0,6.0,5.0,7.0,8.0,14.0,2.0,5.0,4.0,4.0,0.08030599120416856,0.37209302325581395,0.12317009667029573,0.5348837209302325,2.0,2.0,False,2018
1,28,8,10.0,24.0,4.0,10.0,7.0,10.0,17.0,30.0,4.0,7.0,12.0,15.0,0.04764388886982863,0.4523809523809524,0.1278807622923433,0.5238095238095238,2.0,2.0,False,2018
0,4,12,7.0,16.0,1.0,8.0,10.0,10.0,9.0,17.0,4.0,8.0,5.0,7.0,0.09128643794457553,0.5365853658536586,0.17974837122594836,0.5952380952380952,2.0,4.0,False,2018
1,14,4,8.0,22.0,3.0,7.0,12.0,13.0,9.0,23.0,3.0,5.0,9.0,15.0,0.13818098640681595,0.5813953488372093,0.07302915035566042,0.5238095238095238,2.0,1.0,False,2018
0,0,3,9.0,16.0,4.0,8.0,10.0,10.0,12.0,21.0,3.0,7.0,8.0,13.0,0.1638238472614137,0.7954545454545454,0.05486879585743028,0.6190476190476191,2.0,3.0,True,2018
1,24,1,12.0,22.0,4.0,8.0,7.0,8.0,8.0,21.0,4.0,10.0,3.0,3.0,0.1585998052123973,0.5,0.13471840437504495,0.7317073170731707,2.0,3.0,True,2018
1,11,22,8.0,16.0,2.0,8.0,5.0,5.0,9.0,16.0,5.0,8.0,5.0,6.0,0.055595840589723465,0.40476190476190477,0.12317009667029573,0.5348837209302325,3.0,1.0,False,2018
1,3,0,12.0,21.0,3.0,7.0,8.0,13.0,9.0,16.0,4.0,8.0,10.0,10.0,0.05486879585743028,0.6190476190476191,0.17105907780913096,0.8,3.0,2.0,False,2018
1,19,21,8.0,19.0,5.0,8.0,3.0,4.0,9.0,18.0,5.0,5.0,5.0,7.0,0.08479002880172762,0.5365853658536586,0.09205514315926126,0.3902439024390244,2.0,2.0,False,2018
0,15,26,6.0,15.0,3.0,7.0,4.0,6.0,8.0,19.0,4.0,11.0,3.0,12.0,0.032700964693436266,0.30952380952380953,0.09895715839957576,0.5348837209302325,2.0,2.0,False,2018
1,26,15,8.0,19.0,4.0,11.0,3.0,12.0,6.0,15.0,3.0,7.0,4.0,6.0,0.09895715839957576,0.5348837209302325,0.026160771754749013,0.3023255813953488,2.0,2.0,True,2018
0,12,27,9.0,17.0,5.0,11.0,8.0,9.0,8.0,15.0,7.0,11.0,7.0,7.0,0.17974837122594836,0.5952380952380952,0.11354356512815866,0.37209302325581395,1.0,2.0,False,2018
1,27,12,8.0,15.0,7.0,11.0,7.0,7.0,9.0,17.0,5.0,11.0,8.0,9.0,0.11354356512815866,0.37209302325581395,0.1437986969807587,0.5813953488372093,2.0,1.0,True,2018
1,16,29,7.0,15.0,4.0,5.0,6.0,7.0,8.0,16.0,6.0,10.0,5.0,6.0,0.06916041694622567,0.3170731707317073,0.12243250934018879,0.35714285714285715,3.0,2.0,True,2018
0,4,14,9.0,23.0,3.0,5.0,9.0,15.0,8.0,22.0,3.0,7.0,12.0,13.0,0.07302915035566042,0.5238095238095238,0.11054478912545276,0.5681818181818182,1.0,2.0,True,2018
0,22,11,9.0,16.0,5.0,8.0,5.0,6.0,8.0,16.0,2.0,8.0,5.0,5.0,0.12317009667029573,0.5348837209302325,0.04447667247177877,0.3953488372093023,1.0,3.0,True,2018
0,28,6,10.0,18.0,2.0,4.0,8.0,11.0,8.0,20.0,3.0,8.0,8.0,9.0,0.0381151110958629,0.4418604651162791,0.06762566333424509,0.37209302325581395,1.0,2.0,True,2018
1,6,28,8.0,20.0,3.0,8.0,8.0,9.0,10.0,18.0,2.0,4.0,8.0,11.0,0.06762566333424509,0.37209302325581395,0.07049208887669031,0.45454545454545453,2.0,1.0,False,2018
0,1,24,8.0,21.0,4.0,10.0,3.0,3.0,12.0,22.0,4.0,8.0,7.0,8.0,0.13471840437504495,0.7317073170731707,0.16687984416991786,0.5116279069767442,3.0,2.0,False,2018
0,21,19,9.0,18.0,5.0,5.0,5.0,7.0,8.0,19.0,5.0,8.0,3.0,4.0,0.09205514315926126,0.3902439024390244,0.0678320230413821,0.5238095238095238,2.0,2.0,True,2018
1,18,25,11.0,21.0,2.0,6.0,11.0,14.0,8.0,18.0,5.0,9.0,8.0,9.0,0.11063713176764553,0.48717948717948717,0.12060369794454014,0.7073170731707317,4.0,2.0,True,2018
1,9,5,10.0,20.0,2.0,4.0,5.0,6.0,11.0,21.0,3.0,6.0,6.0,6.0,0.05904054677147519,0.2619047619047619,0.11943320849158245,0.6590909090909091,3.0,2.0,True,2018
0,5,9,11.0,21.0,3.0,6.0,6.0,6.0,10.0,20.0,2.0,4.0,5.0,6.0,0.11943320849158245,0.6590909090909091,0.08723243741718015,0.27906976744186046,2.0,3.0,False,2018
0,25,18,8.0,18.0,5.0,9.0,8.0,9.0,11.0,21.0,2.0,6.0,11.0,14.0,0.12060369794454014,0.7073170731707317,0.12850970541411644,0.5,2.0,4.0,False,2018
0,29,16,8.0,16.0,6.0,10.0,5.0,6.0,7.0,15.0,4.0,5.0,6.0,7.0,0.12243250934018879,0.35714285714285715,0.09532833355698053,0.3333333333333333,2.0,3.0,False,2018
0,8,2,16.0,34.0,3.0,6.0,13.0,15.0,8.0,24.0,5.0,12.0,6.0,7.0,0.1278807622923433,0.5238095238095238,0.17699433388678945,0.7727272727272727,2.0,5.0,True,2018
1,2,8,8.0,24.0,5.0,12.0,6.0,7.0,16.0,34.0,3.0,6.0,13.0,15.0,0.17699433388678945,0.7727272727272727,0.14230460983387466,0.5348837209302325,5.0,2.0,False,2018
0,13,20,11.0,18.0,4.0,9.0,6.0,6.0,11.0,23.0,3.0,6.0,7.0,10.0,0.09373380783691995,0.3409090909090909,0.07352556953866018,0.5116279069767442,3.0,3.0,False,2018
1,20,13,11.0,23.0,3.0,6.0,7.0,10.0,11.0,18.0,4.0,9.0,6.0,6.0,0.07352556953866018,0.5116279069767442,0.07498704626953596,0.3333333333333333,3.0,3.0,True,2018
0,7,17,14.0,29.0,6.0,12.0,10.0,10.0,11.0,19.0,6.0,10.0,5.0,5.0,0.06424479296333485,0.36363636363636365,0.07345441066576133,0.5116279069767442,2.0,2.0,False,2018
0,23,10,11.0,22.0,2.0,5.0,4.0,4.0,12.0,22.0,6.0,12.0,4.0,5.0,0.16745264408673077,0.6444444444444445,0.010376773950212088,0.27906976744186046,2.0,4.0,False,2018
1,17,7,11.0,19.0,6.0,10.0,5.0,5.0,14.0,29.0,6.0,12.0,10.0,10.0,0.07345441066576133,0.5116279069767442,0.05139583437066788,0.35555555555555557,2.0,2.0,True,2018
1,10,23,12.0,22.0,6.0,12.0,4.0,5.0,11.0,22.0,2.0,5.0,4.0,4.0,0.010376773950212088,0.27906976744186046,0.13396211526938462,0.6304347826086957,4.0,2.0,True,2018
1,25,19,7.0,16.0,5.0,12.0,6.0,6.0,12.0,19.0,3.0,7.0,4.0,4.0,0.09648295835563211,0.6904761904761905,0.0678320230413821,0.5238095238095238,2.0,2.0,True,2018
0,8,9,9.0,17.0,3.0,5.0,6.0,8.0,9.0,18.0,3.0,9.0,4.0,4.0,0.14230460983387466,0.5348837209302325,0.08723243741718015,0.27906976744186046,1.0,2.0,False,2018
0,12,4,10.0,16.0,3.0,6.0,7.0,9.0,11.0,22.0,4.0,8.0,8.0,15.0,0.1437986969807587,0.5813953488372093,0.09842332028452834,0.5348837209302325,2.0,2.0,True,2018
0,20,24,7.0,18.0,1.0,8.0,4.0,4.0,9.0,19.0,3.0,8.0,6.0,13.0,0.09882045563092814,0.5227272727272727,0.16687984416991786,0.5116279069767442,1.0,2.0,False,2018
1,9,8,9.0,18.0,3.0,9.0,4.0,4.0,9.0,17.0,3.0,5.0,6.0,8.0,0.08723243741718015,0.27906976744186046,0.11384368786709972,0.5227272727272727,2.0,1.0,True,2018
0,29,26,8.0,11.0,3.0,6.0,2.0,2.0,10.0,22.0,4.0,9.0,3.0,3.0,0.09794600747215103,0.3488372093023256,0.11916572671966061,0.5454545454545454,2.0,2.0,False,2018
1,26,29,10.0,22.0,4.0,9.0,3.0,3.0,8.0,11.0,3.0,6.0,2.0,2.0,0.11916572671966061,0.5454545454545454,0.07835680597772082,0.3409090909090909,2.0,2.0,True,2018
1,16,28,9.0,21.0,3.0,7.0,4.0,4.0,8.0,19.0,2.0,7.0,6.0,6.0,0.09532833355698053,0.3333333333333333,0.07049208887669031,0.45454545454545453,2.0,2.0,True,2018
1,24,20,9.0,19.0,3.0,8.0,6.0,13.0,7.0,18.0,1.0,8.0,4.0,4.0,0.16687984416991786,0.5116279069767442,0.07905636450474252,0.5111111111111111,2.0,1.0,True,2018
0,19,25,12.0,19.0,3.0,7.0,4.0,4.0,7.0,16.0,5.0,12.0,6.0,6.0,0.0678320230413821,0.5238095238095238,0.11718636668450569,0.6976744186046512,2.0,2.0,False,2018
0,5,6,13.0,24.0,7.0,8.0,8.0,8.0,7.0,13.0,4.0,9.0,3.0,5.0,0.09554656679326597,0.6444444444444445,0.05410053066739608,0.36363636363636365,2.0,2.0,True,2018
0,0,27,12.0,22.0,7.0,13.0,7.0,9.0,9.0,17.0,4.0,8.0,3.0,4.0,0.17105907780913096,0.8,0.13083485210252693,0.38636363636363635,2.0,2.0,True,2018
1,15,11,11.0,18.0,6.0,6.0,4.0,6.0,14.0,19.0,4.0,9.0,5.0,7.0,0.026160771754749013,0.3023255813953488,0.04447667247177877,0.3953488372093023,2.0,2.0,False,2018
0,14,21,10.0,19.0,4.0,6.0,3.0,4.0,8.0,15.0,4.0,8.0,5.0,6.0,0.11054478912545276,0.5681818181818182,0.11364411452740901,0.40476190476190477,2.0,2.0,False,2018
1,4,12,11.0,22.0,4.0,8.0,8.0,15.0,10.0,16.0,3.0,6.0,7.0,9.0,0.09842332028452834,0.5348837209302325,0.15503895758460695,0.5909090909090909,2.0,2.0,False,2018
1,21,14,8.0,15.0,4.0,8.0,5.0,6.0,10.0,19.0,4.0,6.0,3.0,4.0,0.11364411452740901,0.40476190476190477,0.08843583130036221,0.5555555555555556,2.0,2.0,True,2018
1,6,5,7.0,13.0,4.0,9.0,3.0,5.0,13.0,24.0,7.0,8.0,8.0,8.0,0.05410053066739608,0.36363636363636365,0.11643725343461278,0.6521739130434783,2.0,2.0,False,2018
1,27,0,9.0,17.0,4.0,8.0,3.0,4.0,12.0,22.0,7.0,13.0,7.0,9.0,0.13083485210252693,0.38636363636363635,0.17684726224730477,0.8043478260869565,2.0,2.0,False,2018
0,11,15,14.0,19.0,4.0,9.0,5.0,7.0,11.0,18.0,6.0,6.0,4.0,6.0,0.04447667247177877,0.3953488372093023,0.02092861740379921,0.29545454545454547,2.0,2.0,True,2018
0,28,16,8.0,19.0,2.0,7.0,6.0,6.0,9.0,21.0,3.0,7.0,4.0,4.0,0.07049208887669031,0.45454545454545453,0.11626266684558442,0.3488372093023256,2.0,2.0,False,2018
1,3,10,7.0,16.0,3.0,10.0,6.0,8.0,9.0,20.0,2.0,10.0,6.0,8.0,0.04389503668594422,0.6046511627906976,0.048301419160169674,0.29545454545454547,3.0,2.0,True,2018
1,1,23,11.0,19.0,7.0,13.0,6.0,6.0,10.0,19.0,3.0,7.0,7.0,8.0,0.10777472350003596,0.7142857142857143,0.13396211526938462,0.6304347826086957,3.0,2.0,True,2018
0,22,17,9.0,25.0,5.0,9.0,4.0,5.0,8.0,21.0,4.0,10.0,8.0,8.0,0.13853607733623657,0.5454545454545454,0.09876352853260909,0.5227272727272727,3.0,2.0,False,2018
1,17,22,8.0,21.0,4.0,10.0,8.0,8.0,9.0,25.0,5.0,9.0,4.0,5.0,0.09876352853260909,0.5227272727272727,0.11082886186898926,0.5333333333333333,2.0,3.0,True,2018
0,18,2,10.0,19.0,2.0,5.0,6.0,7.0,6.0,12.0,2.0,7.0,4.0,4.0,0.12850970541411644,0.5,0.14159546710943155,0.7555555555555555,3.0,2.0,True,2018
1,2,18,6.0,12.0,2.0,7.0,4.0,4.0,10.0,19.0,2.0,5.0,6.0,7.0,0.14159546710943155,0.7555555555555555,0.14280776433129314,0.5121951219512195,2.0,3.0,False,2018
0,23,1,10.0,19.0,3.0,7.0,7.0,8.0,11.0,19.0,7.0,13.0,6.0,6.0,0.13396211526938462,0.6304347826086957,0.12621977880002877,0.7209302325581395,2.0,3.0,False,2018
0,10,3,9.0,20.0,2.0,10.0,6.0,8.0,7.0,16.0,3.0,10.0,6.0,8.0,0.048301419160169674,0.29545454545454547,0.07511602934875537,0.6136363636363636,2.0,3.0,False,2018
0,12,6,9.0,17.0,2.0,7.0,5.0,8.0,9.0,12.0,3.0,6.0,5.0,5.0,0.15503895758460695,0.5909090909090909,0.04328042453391686,0.35555555555555557,2.0,2.0,False,2018
1,6,12,9.0,12.0,3.0,6.0,5.0,5.0,9.0,17.0,2.0,7.0,5.0,8.0,0.04328042453391686,0.35555555555555557,0.12403116606768556,0.5777777777777777,2.0,2.0,True,2018
0,7,20,11.0,23.0,4.0,11.0,4.0,6.0,10.0,17.0,5.0,11.0,5.0,5.0,0.05139583437066788,0.35555555555555557,0.07905636450474252,0.5111111111111111,3.0,2.0,True,2018
1,29,22,14.0,19.0,3.0,9.0,2.0,3.0,11.0,26.0,1.0,6.0,3.0,5.0,0.07835680597772082,0.3409090909090909,0.11082886186898926,0.5333333333333333,2.0,1.0,True,2018
1,11,28,8.0,21.0,3.0,11.0,9.0,15.0,11.0,17.0,6.0,7.0,5.0,7.0,0.07558133797742303,0.4090909090909091,0.05639367110135225,0.4444444444444444,2.0,2.0,False,2018
1,20,7,10.0,17.0,5.0,11.0,5.0,5.0,11.0,23.0,4.0,11.0,4.0,6.0,0.07905636450474252,0.5111111111111111,0.0811166674965343,0.3695652173913043,2.0,3.0,False,2018
1,25,5,9.0,19.0,4.0,9.0,4.0,5.0,6.0,25.0,2.0,9.0,4.0,5.0,0.11718636668450569,0.6976744186046512,0.11643725343461278,0.6521739130434783,2.0,2.0,True,2018
0,15,16,7.0,13.0,5.0,7.0,5.0,5.0,8.0,15.0,3.0,7.0,6.0,6.0,0.02092861740379921,0.29545454545454547,0.11626266684558442,0.3488372093023256,2.0,2.0,False,2018
0,14,19,9.0,15.0,5.0,9.0,8.0,9.0,7.0,19.0,3.0,7.0,6.0,8.0,0.08843583130036221,0.5555555555555556,0.05426561843310568,0.5116279069767442,2.0,2.0,True,2018
1,16,15,8.0,15.0,3.0,7.0,6.0,6.0,7.0,13.0,5.0,7.0,5.0,5.0,0.11626266684558442,0.3488372093023256,0.01674289392303937,0.28888888888888886,2.0,2.0,True,2018
0,28,11,11.0,17.0,6.0,7.0,5.0,7.0,8.0,21.0,3.0,11.0,9.0,15.0,0.05639367110135225,0.4444444444444444,0.06046507038193842,0.4,2.0,2.0,True,2018
0,5,25,6.0,25.0,2.0,9.0,4.0,5.0,9.0,19.0,4.0,9.0,4.0,5.0,0.11643725343461278,0.6521739130434783,0.13374909334760454,0.7045454545454546,2.0,2.0,False,2018
0,22,29,11.0,26.0,1.0,6.0,3.0,5.0,14.0,19.0,3.0,9.0,2.0,3.0,0.11082886186898926,0.5333333333333333,0.10268544478217667,0.35555555555555557,1.0,2.0,False,2018
1,19,14,7.0,19.0,3.0,7.0,6.0,8.0,9.0,15.0,5.0,9.0,8.0,9.0,0.05426561843310568,0.5116279069767442,0.11074866504028977,0.5652173913043478,2.0,2.0,False,2018
1,17,13,11.0,23.0,7.0,9.0,4.0,4.0,8.0,15.0,3.0,9.0,6.0,8.0,0.11901082282608726,0.5333333333333333,0.07498704626953596,0.3333333333333333,2.0,4.0,True,2018
0,27,9,9.0,16.0,3.0,6.0,4.0,4.0,7.0,17.0,2.0,7.0,4.0,7.0,0.10466788168202154,0.37777777777777777,0.1097859499337441,0.29545454545454547,3.0,3.0,True,2018
0,24,11,9.0,21.0,3.0,9.0,11.0,11.0,9.0,16.0,5.0,10.0,7.0,8.0,0.17350387533593428,0.5227272727272727,0.06046507038193842,0.4,3.0,1.0,False,2018
1,23,25,11.0,21.0,2.0,4.0,8.0,9.0,14.0,25.0,6.0,10.0,6.0,7.0,0.10716969221550769,0.6170212765957447,0.13374909334760454,0.7045454545454546,2.0,1.0,True,2018
0,0,1,9.0,20.0,5.0,15.0,5.0,6.0,10.0,20.0,6.0,11.0,7.0,8.0,0.17684726224730477,0.8043478260869565,0.12621977880002877,0.7209302325581395,3.0,2.0,False,2018
1,1,0,10.0,20.0,6.0,11.0,7.0,8.0,9.0,20.0,5.0,15.0,5.0,6.0,0.12621977880002877,0.7209302325581395,0.1414778097978438,0.7872340425531915,2.0,3.0,True,2018
0,13,17,8.0,15.0,3.0,9.0,6.0,8.0,11.0,23.0,7.0,9.0,4.0,4.0,0.07498704626953596,0.3333333333333333,0.1352086582608698,0.5434782608695652,4.0,2.0,False,2018
0,4,18,9.0,20.0,4.0,7.0,4.0,5.0,11.0,19.0,3.0,6.0,5.0,6.0,0.07873865622762267,0.5227272727272727,0.14280776433129314,0.5121951219512195,3.0,2.0,False,2018
1,8,16,10.0,19.0,2.0,6.0,8.0,12.0,11.0,16.0,5.0,9.0,5.0,6.0,0.11384368786709972,0.5227272727272727,0.13301013347646753,0.36363636363636365,3.0,1.0,True,2018
0,26,3,12.0,19.0,5.0,11.0,7.0,8.0,8.0,17.0,4.0,9.0,5.0,6.0,0.1353325813757285,0.5555555555555556,0.07511602934875537,0.6136363636363636,3.0,2.0,True,2018
1,3,26,8.0,17.0,4.0,9.0,5.0,6.0,12.0,19.0,5.0,11.0,7.0,8.0,0.07511602934875537,0.6136363636363636,0.1482660651005828,0.5652173913043478,2.0,3.0,False,2018
1,21,12,10.0,25.0,2.0,8.0,9.0,10.0,10.0,20.0,6.0,10.0,3.0,4.0,0.13091529162192722,0.4186046511627907,0.12403116606768556,0.5777777777777777,3.0,1.0,False,2018
0,25,23,14.0,25.0,6.0,10.0,6.0,7.0,11.0,21.0,2.0,4.0,8.0,9.0,0.13374909334760454,0.7045454545454546,0.12573575377240614,0.625,1.0,2.0,False,2018
1,11,24,9.0,16.0,5.0,10.0,7.0,8.0,9.0,21.0,3.0,9.0,11.0,11.0,0.06046507038193842,0.4,0.13880310026874743,0.5111111111111111,1.0,3.0,True,2018
0,12,21,10.0,20.0,6.0,10.0,3.0,4.0,10.0,25.0,2.0,8.0,9.0,10.0,0.12403116606768556,0.5777777777777777,0.10473223329754178,0.4090909090909091,1.0,3.0,True,2018
1,18,4,11.0,19.0,3.0,6.0,5.0,6.0,9.0,20.0,4.0,7.0,4.0,5.0,0.14280776433129314,0.5121951219512195,0.06299092498209814,0.5111111111111111,2.0,3.0,True,2018
0,16,8,11.0,16.0,5.0,9.0,5.0,6.0,10.0,19.0,2.0,6.0,8.0,12.0,0.13301013347646753,0.36363636363636365,0.1310749502936798,0.5333333333333333,1.0,3.0,False,2018
1,9,27,7.0,17.0,2.0,7.0,4.0,7.0,9.0,16.0,3.0,6.0,4.0,4.0,0.1097859499337441,0.29545454545454547,0.12373430534561725,0.391304347826087,3.0,3.0,False,2018
0,10,2,9.0,19.0,3.0,6.0,4.0,6.0,14.0,23.0,5.0,7.0,7.0,8.0,0.03864113532813574,0.28888888888888886,0.11327637368754524,0.7391304347826086,3.0,3.0,True,2018
1,2,10,14.0,23.0,5.0,7.0,7.0,8.0,9.0,19.0,3.0,6.0,4.0,6.0,0.11327637368754524,0.7391304347826086,0.0709129082625086,0.30434782608695654,3.0,3.0,False,2018
0,22,5,8.0,15.0,1.0,3.0,5.0,6.0,6.0,14.0,2.0,8.0,2.0,5.0,0.0886630894951914,0.5217391304347826,0.09314980274769022,0.6382978723404256,2.0,2.0,True,2018
1,29,28,12.0,19.0,4.0,6.0,5.0,6.0,7.0,13.0,5.0,9.0,2.0,3.0,0.10268544478217667,0.35555555555555557,0.0851149368810818,0.45652173913043476,2.0,2.0,True,2018
1,5,22,6.0,14.0,2.0,8.0,2.0,5.0,8.0,15.0,1.0,3.0,5.0,6.0,0.09314980274769022,0.6382978723404256,0.11093047159615313,0.5319148936170213,2.0,2.0,False,2018
0,28,29,7.0,13.0,5.0,9.0,2.0,3.0,12.0,19.0,4.0,6.0,5.0,6.0,0.0851149368810818,0.45652173913043476,0.12214835582574132,0.3695652173913043,2.0,2.0,False,2018
1,19,6,8.0,18.0,3.0,6.0,5.0,5.0,9.0,15.0,4.0,7.0,5.0,9.0,0.043412494746484544,0.5,0.07462433962713348,0.3695652173913043,2.0,2.0,False,2018
0,6,19,9.0,15.0,4.0,7.0,5.0,9.0,8.0,18.0,3.0,6.0,5.0,5.0,0.07462433962713348,0.3695652173913043,0.034729995797187635,0.4888888888888889,2.0,2.0,True,2018
0,17,20,10.0,18.0,4.0,8.0,6.0,6.0,14.0,19.0,4.0,7.0,7.0,8.0,0.1352086582608698,0.5434782608695652,0.06324509160379402,0.5,2.0,3.0,False,2018
1,1,12,10.0,26.0,5.0,13.0,4.0,5.0,11.0,16.0,3.0,11.0,2.0,3.0,0.140975823040023,0.7272727272727273,0.13922493285414844,0.5869565217391305,2.0,2.0,True,2018
0,27,8,10.0,16.0,2.0,8.0,8.0,8.0,14.0,29.0,5.0,11.0,13.0,14.0,0.12373430534561725,0.391304347826087,0.1310749502936798,0.5333333333333333,2.0,2.0,False,2018
0,12,1,11.0,16.0,3.0,11.0,2.0,3.0,10.0,26.0,5.0,13.0,4.0,5.0,0.13922493285414844,0.5869565217391305,0.1527806584320184,0.7333333333333333,2.0,2.0,False,2018
1,16,18,6.0,16.0,3.0,6.0,6.0,7.0,7.0,14.0,6.0,11.0,5.0,9.0,0.10640810678117403,0.35555555555555557,0.15424621146503453,0.5238095238095238,2.0,2.0,True,2018
1,20,17,14.0,19.0,4.0,7.0,7.0,8.0,10.0,18.0,4.0,8.0,6.0,6.0,0.06324509160379402,0.5,0.10816692660869584,0.5319148936170213,3.0,2.0,True,2018
1,8,27,14.0,29.0,5.0,11.0,13.0,14.0,10.0,16.0,2.0,8.0,8.0,8.0,0.1310749502936798,0.5333333333333333,0.0989874442764938,0.3829787234042553,2.0,2.0,True,2018
0,14,13,4.0,16.0,3.0,8.0,7.0,12.0,9.0,17.0,4.0,8.0,3.0,4.0,0.11074866504028977,0.5652173913043478,0.059989637015628774,0.32608695652173914,3.0,2.0,False,2018
1,9,11,7.0,18.0,3.0,5.0,6.0,6.0,5.0,13.0,2.0,5.0,6.0,7.0,0.08782875994699528,0.28888888888888886,0.08837205630555074,0.41304347826086957,2.0,2.0,True,2018
0,23,24,16.0,28.0,3.0,9.0,16.0,17.0,13.0,21.0,3.0,9.0,7.0,8.0,0.12573575377240614,0.625,0.13880310026874743,0.5111111111111111,2.0,2.0,True,2018
1,13,14,9.0,17.0,4.0,8.0,3.0,4.0,4.0,16.0,3.0,8.0,7.0,12.0,0.059989637015628774,0.32608695652173914,0.08859893203223182,0.5531914893617021,2.0,3.0,True,2018
0,15,21,10.0,20.0,4.0,6.0,3.0,5.0,7.0,20.0,5.0,14.0,9.0,10.0,0.01674289392303937,0.28888888888888886,0.10473223329754178,0.4090909090909091,3.0,2.0,False,2018
1,4,7,13.0,19.0,3.0,4.0,7.0,11.0,11.0,20.0,5.0,10.0,9.0,9.0,0.06299092498209814,0.5111111111111111,0.0811166674965343,0.3695652173913043,2.0,3.0,True,2018
1,21,15,7.0,20.0,5.0,14.0,9.0,10.0,10.0,20.0,4.0,6.0,3.0,5.0,0.10473223329754178,0.4090909090909091,0.013394315138431496,0.2826086956521739,2.0,3.0,True,2018
0,7,4,11.0,20.0,5.0,10.0,9.0,9.0,13.0,19.0,3.0,4.0,7.0,11.0,0.0811166674965343,0.3695652173913043,0.09039273998567851,0.5217391304347826,3.0,2.0,False,2018
1,24,23,13.0,21.0,3.0,9.0,7.0,8.0,16.0,28.0,3.0,9.0,16.0,17.0,0.13880310026874743,0.5111111111111111,0.14058860301792492,0.6326530612244898,2.0,2.0,False,2018
0,18,16,7.0,14.0,6.0,11.0,5.0,9.0,6.0,16.0,3.0,6.0,6.0,7.0,0.15424621146503453,0.5238095238095238,0.12512648542493923,0.3695652173913043,2.0,2.0,False,2018
0,11,9,5.0,13.0,2.0,5.0,6.0,7.0,7.0,18.0,3.0,5.0,6.0,6.0,0.08837205630555074,0.41304347826086957,0.11026300795759622,0.30434782608695654,2.0,2.0,False,2018
0,15,10,14.0,18.0,4.0,7.0,4.0,5.0,9.0,17.0,3.0,10.0,6.0,6.0,0.013394315138431496,0.2826086956521739,0.0709129082625086,0.30434782608695654,1.0,2.0,True,2018
1,26,6,12.0,27.0,2.0,7.0,9.0,11.0,7.0,13.0,5.0,8.0,4.0,6.0,0.1482660651005828,0.5652173913043478,0.09969947170170679,0.3829787234042553,3.0,2.0,True,2018
0,28,0,8.0,15.0,3.0,6.0,5.0,5.0,9.0,19.0,8.0,15.0,6.0,6.0,0.06809194950486544,0.44680851063829785,0.1414778097978438,0.7872340425531915,2.0,3.0,False,2018
1,0,28,9.0,19.0,8.0,15.0,6.0,6.0,8.0,15.0,3.0,6.0,5.0,5.0,0.1414778097978438,0.7872340425531915,0.05447355960389235,0.4375,3.0,2.0,True,2018
0,6,26,7.0,13.0,5.0,8.0,4.0,6.0,12.0,27.0,2.0,7.0,9.0,11.0,0.09969947170170679,0.3829787234042553,0.15861285208046624,0.574468085106383,2.0,3.0,False,2018
1,29,2,10.0,17.0,5.0,7.0,6.0,7.0,13.0,24.0,4.0,11.0,4.0,4.0,0.12214835582574132,0.3695652173913043,0.0906210989500362,0.723404255319149,2.0,2.0,True,2018
1,10,15,9.0,17.0,3.0,10.0,6.0,6.0,14.0,18.0,4.0,7.0,4.0,5.0,0.0709129082625086,0.30434782608695654,0.0507154521107452,0.2978723404255319,2.0,1.0,False,2018
0,2,29,13.0,24.0,4.0,11.0,4.0,4.0,10.0,17.0,5.0,7.0,6.0,7.0,0.0906210989500362,0.723404255319149,0.13771868466059306,0.3829787234042553,2.0,2.0,False,2018
1,5,3,12.0,18.0,3.0,7.0,6.0,7.0,10.0,23.0,3.0,6.0,8.0,10.0,0.07451984219815218,0.625,0.0600928234790043,0.6,2.0,3.0,True,2018
0,3,5,10.0,23.0,3.0,6.0,8.0,10.0,12.0,18.0,3.0,7.0,6.0,7.0,0.0600928234790043,0.6,0.09961587375852174,0.6326530612244898,3.0,2.0,False,2018
1,16,5,6.0,13.0,1.0,4.0,5.0,6.0,5.0,12.0,3.0,7.0,6.0,8.0,0.12512648542493923,0.3695652173913043,0.09961587375852174,0.6326530612244898,2.0,1.0,False,2018
0,7,22,7.0,16.0,5.0,10.0,9.0,9.0,10.0,13.0,3.0,6.0,7.0,7.0,0.06489333399722744,0.3617021276595745,0.11093047159615313,0.5319148936170213,2.0,3.0,False,2018
1,24,2,8.0,21.0,2.0,7.0,7.0,13.0,7.0,16.0,3.0,9.0,6.0,6.0,0.11104248021499794,0.5,0.07249687916002896,0.7083333333333334,2.0,1.0,False,2018
1,13,1,10.0,18.0,7.0,14.0,4.0,5.0,9.0,17.0,6.0,14.0,3.0,4.0,0.08799170961250301,0.3404255319148936,0.1527806584320184,0.7333333333333333,2.0,2.0,False,2018
0,25,9,7.0,14.0,4.0,9.0,5.0,6.0,8.0,19.0,3.0,6.0,3.0,4.0,0.10699927467808364,0.6888888888888889,0.11026300795759622,0.30434782608695654,4.0,2.0,True,2018
1,21,8,9.0,21.0,3.0,8.0,7.0,12.0,8.0,16.0,2.0,5.0,5.0,7.0,0.12378578663803341,0.4222222222222222,0.14485996023494382,0.5434782608695652,2.0,2.0,False,2018
1,17,23,12.0,20.0,6.0,11.0,7.0,7.0,11.0,17.0,2.0,4.0,7.0,7.0,0.10816692660869584,0.5319148936170213,0.14058860301792492,0.6326530612244898,2.0,2.0,True,2018
1,9,25,8.0,19.0,3.0,6.0,3.0,4.0,7.0,14.0,4.0,9.0,5.0,6.0,0.11026300795759622,0.30434782608695654,0.1255994197424669,0.6956521739130435,2.0,4.0,False,2018
0,5,16,5.0,12.0,3.0,7.0,6.0,8.0,6.0,13.0,1.0,4.0,5.0,6.0,0.09961587375852174,0.6326530612244898,0.10010118833995138,0.3617021276595745,1.0,2.0,True,2018
1,18,27,10.0,17.0,4.0,7.0,7.0,10.0,8.0,15.0,3.0,8.0,5.0,6.0,0.12339696917202762,0.5116279069767442,0.0989874442764938,0.3829787234042553,2.0,2.0,True,2018
0,11,19,6.0,21.0,3.0,7.0,3.0,6.0,11.0,17.0,2.0,7.0,8.0,12.0,0.0706976450444406,0.40425531914893614,0.034729995797187635,0.4888888888888889,2.0,3.0,True,2018
0,27,18,8.0,15.0,3.0,8.0,5.0,6.0,10.0,17.0,4.0,7.0,7.0,10.0,0.0989874442764938,0.3829787234042553,0.1387175753376221,0.5227272727272727,2.0,2.0,False,2018
0,1,13,9.0,17.0,6.0,14.0,3.0,4.0,10.0,18.0,7.0,14.0,4.0,5.0,0.1527806584320184,0.7333333333333333,0.0703933676900024,0.3333333333333333,2.0,2.0,True,2018
0,2,24,7.0,16.0,3.0,9.0,6.0,6.0,8.0,21.0,2.0,7.0,7.0,13.0,0.07249687916002896,0.7083333333333334,0.08883398417199835,0.48936170212765956,1.0,2.0,True,2018
0,8,21,8.0,16.0,2.0,5.0,5.0,7.0,9.0,21.0,3.0,8.0,7.0,12.0,0.14485996023494382,0.5434782608695652,0.09902862931042673,0.41304347826086957,2.0,2.0,True,2018
0,23,17,11.0,17.0,2.0,4.0,7.0,7.0,12.0,20.0,6.0,11.0,7.0,7.0,0.14058860301792492,0.6326530612244898,0.12653354128695668,0.5416666666666666,2.0,2.0,False,2018
1,22,7,10.0,13.0,3.0,6.0,7.0,7.0,7.0,16.0,5.0,10.0,9.0,9.0,0.11093047159615313,0.5319148936170213,0.05191466719778195,0.3541666666666667,3.0,2.0,True,2018
1,19,11,11.0,17.0,2.0,7.0,8.0,12.0,6.0,21.0,3.0,7.0,3.0,6.0,0.034729995797187635,0.4888888888888889,0.09655811603555246,0.4166666666666667,3.0,2.0,False,2018
0,28,20,9.0,16.0,3.0,5.0,8.0,10.0,9.0,14.0,4.0,6.0,7.0,9.0,0.05447355960389235,0.4375,0.0905960732830352,0.5106382978723404,2.0,3.0,False,2018
1,20,28,9.0,14.0,4.0,6.0,7.0,9.0,9.0,16.0,3.0,5.0,8.0,10.0,0.0905960732830352,0.5106382978723404,0.04357884768311388,0.42857142857142855,3.0,2.0,True,2018
0,15,12,10.0,15.0,4.0,7.0,3.0,7.0,8.0,16.0,6.0,13.0,4.0,5.0,0.0507154521107452,0.2978723404255319,0.11137994628331875,0.574468085106383,2.0,3.0,True,2018
0,14,26,15.0,26.0,6.0,11.0,5.0,7.0,19.0,29.0,3.0,9.0,7.0,10.0,0.08859893203223182,0.5531914893617021,0.15861285208046624,0.574468085106383,3.0,2.0,False,2018
0,23,0,13.0,24.0,3.0,5.0,4.0,6.0,10.0,19.0,7.0,9.0,3.0,4.0,0.11247088241433993,0.62,0.15318224783827505,0.7916666666666666,1.0,2.0,False,2018
1,0,23,10.0,19.0,7.0,9.0,3.0,4.0,13.0,24.0,3.0,5.0,4.0,6.0,0.15318224783827505,0.7916666666666666,0.08997670593147195,0.6078431372549019,2.0,1.0,True,2018
1,12,15,8.0,16.0,6.0,13.0,4.0,5.0,10.0,15.0,4.0,7.0,3.0,7.0,0.11137994628331875,0.574468085106383,0.08057236168859616,0.3125,3.0,2.0,False,2018
1,26,14,19.0,29.0,3.0,9.0,7.0,10.0,15.0,26.0,6.0,11.0,5.0,7.0,0.15861285208046624,0.574468085106383,0.07087914562578546,0.5416666666666666,2.0,3.0,True,2018
0,22,3,9.0,19.0,4.0,10.0,3.0,4.0,11.0,17.0,7.0,13.0,4.0,5.0,0.1287443772769225,0.5416666666666666,0.04807425878320344,0.5869565217391305,2.0,3.0,False,2018
1,8,1,10.0,22.0,6.0,10.0,7.0,8.0,11.0,19.0,4.0,9.0,12.0,14.0,0.15588796818795508,0.5531914893617021,0.16222452674561474,0.7391304347826086,2.0,2.0,True,2018
0,28,7,8.0,14.0,3.0,6.0,4.0,6.0,9.0,17.0,3.0,8.0,3.0,4.0,0.04357884768311388,0.42857142857142855,0.05191466719778195,0.3541666666666667,1.0,2.0,True,2018
1,3,22,11.0,17.0,7.0,13.0,4.0,5.0,9.0,19.0,4.0,10.0,3.0,4.0,0.04807425878320344,0.5869565217391305,0.10299550182153801,0.5306122448979592,3.0,2.0,True,2018
1,13,17,7.0,15.0,4.0,7.0,7.0,7.0,9.0,18.0,3.0,8.0,8.0,11.0,0.0703933676900024,0.3333333333333333,0.12653354128695668,0.5416666666666666,2.0,2.0,False,2018
1,5,18,7.0,12.0,2.0,6.0,5.0,6.0,10.0,15.0,2.0,6.0,5.0,8.0,0.11969269900681741,0.64,0.1387175753376221,0.5227272727272727,2.0,2.0,False,2018
0,11,25,9.0,20.0,4.0,7.0,4.0,6.0,12.0,22.0,2.0,6.0,5.0,7.0,0.09655811603555246,0.4166666666666667,0.1255994197424669,0.6956521739130435,2.0,2.0,True,2018
0,18,5,10.0,15.0,2.0,6.0,5.0,8.0,7.0,12.0,2.0,6.0,5.0,6.0,0.1387175753376221,0.5227272727272727,0.09575415920545392,0.6274509803921569,2.0,2.0,True,2018
0,1,8,11.0,19.0,4.0,9.0,12.0,14.0,10.0,22.0,6.0,10.0,7.0,8.0,0.16222452674561474,0.7391304347826086,0.16471037455036405,0.5625,2.0,2.0,False,2018
0,24,16,12.0,19.0,4.0,10.0,12.0,14.0,8.0,14.0,2.0,7.0,3.0,4.0,0.08883398417199835,0.48936170212765956,0.10010118833995138,0.3617021276595745,2.0,2.0,True,2018
1,25,11,12.0,22.0,2.0,6.0,5.0,7.0,9.0,20.0,4.0,7.0,4.0,6.0,0.1255994197424669,0.6956521739130435,0.11724649282844198,0.42857142857142855,2.0,2.0,False,2018
1,7,28,9.0,17.0,3.0,8.0,3.0,4.0,8.0,14.0,3.0,6.0,4.0,6.0,0.05191466719778195,0.3541666666666667,0.07486307814649111,0.44,2.0,1.0,False,2018
0,6,4,6.0,14.0,3.0,5.0,7.0,8.0,14.0,20.0,3.0,7.0,10.0,11.0,0.07975957736136544,0.375,0.09039273998567851,0.5217391304347826,3.0,4.0,False,2018
1,27,29,6.0,17.0,4.0,9.0,4.0,6.0,10.0,18.0,1.0,5.0,6.0,8.0,0.07918995542119503,0.375,0.13771868466059306,0.3829787234042553,2.0,3.0,False,2018
1,4,6,14.0,20.0,3.0,7.0,10.0,11.0,6.0,14.0,3.0,5.0,7.0,8.0,0.09039273998567851,0.5217391304347826,0.06380766188909234,0.3673469387755102,4.0,3.0,True,2018
0,9,21,9.0,16.0,4.0,8.0,6.0,7.0,10.0,22.0,5.0,10.0,10.0,14.0,0.08821040636607698,0.2978723404255319,0.09902862931042673,0.41304347826086957,2.0,2.0,False,2018
0,17,13,9.0,18.0,3.0,8.0,8.0,11.0,7.0,15.0,4.0,7.0,7.0,7.0,0.12653354128695668,0.5416666666666666,0.05631469415200192,0.32653061224489793,2.0,2.0,True,2018
1,21,9,10.0,22.0,5.0,10.0,10.0,14.0,9.0,16.0,4.0,8.0,6.0,7.0,0.09902862931042673,0.41304347826086957,0.07056832509286158,0.2916666666666667,2.0,2.0,True,2018
0,29,27,10.0,18.0,1.0,5.0,6.0,8.0,6.0,17.0,4.0,9.0,4.0,6.0,0.13771868466059306,0.3829787234042553,0.06335196433695603,0.3673469387755102,3.0,2.0,True,2018
1,16,24,8.0,14.0,2.0,7.0,3.0,4.0,12.0,19.0,4.0,10.0,12.0,14.0,0.10010118833995138,0.3617021276595745,0.11106718733759868,0.5,2.0,2.0,False,2018
1,12,21,7.0,14.0,4.0,11.0,5.0,5.0,8.0,22.0,4.0,9.0,10.0,14.0,0.089103957026655,0.5625,0.11922290344834138,0.425531914893617,2.0,1.0,True,2018
1,22,10,10.0,20.0,1.0,6.0,4.0,4.0,9.0,20.0,3.0,6.0,4.0,8.0,0.10299550182153801,0.5306122448979592,0.056730326610006876,0.2978723404255319,1.0,4.0,True,2018
0,14,9,9.0,13.0,4.0,6.0,6.0,6.0,7.0,12.0,4.0,10.0,6.0,7.0,0.07087914562578546,0.5416666666666666,0.07056832509286158,0.2916666666666667,2.0,1.0,True,2018
1,20,13,8.0,16.0,3.0,7.0,5.0,5.0,9.0,19.0,3.0,5.0,3.0,6.0,0.11247685862642816,0.5208333333333334,0.05631469415200192,0.32653061224489793,2.0,1.0,True,2018
1,19,26,7.0,13.0,4.0,11.0,7.0,8.0,13.0,22.0,4.0,7.0,10.0,12.0,0.027783996637750108,0.4782608695652174,0.166890281664373,0.5833333333333334,3.0,2.0,False,2018
0,10,22,9.0,20.0,3.0,6.0,4.0,8.0,10.0,20.0,1.0,6.0,4.0,4.0,0.056730326610006876,0.2978723404255319,0.12239640145723041,0.54,4.0,1.0,False,2018
0,26,19,13.0,22.0,4.0,7.0,10.0,12.0,7.0,13.0,4.0,11.0,7.0,8.0,0.166890281664373,0.5833333333333334,0.022227197310200085,0.46808510638297873,2.0,3.0,True,2018
1,0,2,16.0,24.0,8.0,13.0,9.0,10.0,13.0,18.0,5.0,6.0,6.0,8.0,0.16254579827062005,0.7959183673469388,0.09799750332802318,0.7142857142857143,2.0,3.0,True,2018
0,2,0,13.0,18.0,5.0,6.0,6.0,8.0,16.0,24.0,8.0,13.0,9.0,10.0,0.09799750332802318,0.7142857142857143,0.17003663861649604,0.8,3.0,2.0,False,2018
0,6,23,9.0,14.0,3.0,6.0,3.0,4.0,9.0,20.0,2.0,5.0,12.0,14.0,0.06380766188909234,0.3673469387755102,0.08997670593147195,0.6078431372549019,1.0,2.0,False,2018
0,21,12,8.0,22.0,4.0,9.0,10.0,14.0,7.0,14.0,4.0,11.0,5.0,5.0,0.11922290344834138,0.425531914893617,0.11128316562132401,0.5714285714285714,1.0,2.0,False,2018
0,13,20,9.0,19.0,3.0,5.0,3.0,6.0,8.0,16.0,3.0,7.0,5.0,5.0,0.05631469415200192,0.32653061224489793,0.12998148690114253,0.5306122448979592,1.0,2.0,False,2018
1,9,14,7.0,12.0,4.0,10.0,6.0,7.0,9.0,13.0,4.0,6.0,6.0,6.0,0.07056832509286158,0.2916666666666667,0.09670331650062837,0.5510204081632653,1.0,2.0,False,2018
1,23,6,9.0,20.0,2.0,5.0,12.0,14.0,9.0,14.0,3.0,6.0,3.0,4.0,0.08997670593147195,0.6078431372549019,0.05104612951127387,0.36,2.0,1.0,True,2018
1,5,15,9.0,17.0,5.0,8.0,4.0,7.0,8.0,15.0,6.0,7.0,4.0,4.0,0.09575415920545392,0.6274509803921569,0.08057236168859616,0.3125,2.0,3.0,True,2018
1,8,24,8.0,17.0,2.0,7.0,9.0,12.0,10.0,22.0,4.0,10.0,7.0,7.0,0.16471037455036405,0.5625,0.11106718733759868,0.5,2.0,2.0,False,2018
1,27,4,8.0,13.0,4.0,8.0,5.0,6.0,11.0,19.0,4.0,8.0,5.0,10.0,0.06335196433695603,0.3673469387755102,0.1123141919885428,0.5319148936170213,2.0,2.0,False,2018
0,19,3,8.0,20.0,5.0,11.0,3.0,4.0,8.0,15.0,4.0,7.0,8.0,9.0,0.022227197310200085,0.46808510638297873,0.07845940702656276,0.5957446808510638,1.0,2.0,False,2018
1,3,19,8.0,15.0,4.0,7.0,8.0,9.0,8.0,20.0,5.0,11.0,3.0,4.0,0.07845940702656276,0.5957446808510638,0.01778175784816007,0.4583333333333333,2.0,1.0,True,2018
0,4,27,11.0,19.0,4.0,8.0,5.0,10.0,8.0,13.0,4.0,8.0,5.0,6.0,0.1123141919885428,0.5319148936170213,0.050681571469564826,0.36,2.0,2.0,True,2018
0,18,26,10.0,16.0,3.0,9.0,5.0,6.0,14.0,33.0,4.0,9.0,9.0,11.0,0.1509740602700977,0.5333333333333333,0.1735122253314984,0.5918367346938775,2.0,1.0,False,2018
0,15,5,8.0,15.0,6.0,7.0,4.0,4.0,9.0,17.0,5.0,8.0,4.0,7.0,0.08057236168859616,0.3125,0.11660332736436314,0.6346153846153846,3.0,2.0,False,2018
0,7,1,12.0,23.0,5.0,9.0,6.0,6.0,8.0,21.0,3.0,11.0,9.0,12.0,0.04153173375822556,0.3469387755102041,0.1297796213964918,0.723404255319149,2.0,2.0,False,2018
1,26,18,14.0,33.0,4.0,9.0,9.0,11.0,10.0,16.0,3.0,9.0,5.0,6.0,0.1735122253314984,0.5918367346938775,0.12077924821607815,0.5217391304347826,1.0,2.0,True,2018
0,29,25,7.0,14.0,3.0,6.0,7.0,9.0,9.0,18.0,3.0,9.0,4.0,6.0,0.15017494772847445,0.3958333333333333,0.10047953579397353,0.6808510638297872,2.0,2.0,False,2018
1,1,7,8.0,21.0,3.0,11.0,9.0,12.0,12.0,23.0,5.0,9.0,6.0,6.0,0.1297796213964918,0.723404255319149,0.03322538700658045,0.34,2.0,2.0,True,2018
1,25,29,9.0,18.0,3.0,9.0,4.0,6.0,7.0,14.0,3.0,6.0,7.0,9.0,0.10047953579397353,0.6808510638297872,0.12013995818277956,0.3877551020408163,2.0,2.0,True,2018
0,24,8,10.0,22.0,4.0,10.0,7.0,7.0,8.0,17.0,2.0,7.0,9.0,12.0,0.11106718733759868,0.5,0.13176829964029124,0.5510204081632653,2.0,2.0,True,2018
1,9,23,8.0,15.0,4.0,8.0,8.0,9.0,8.0,15.0,2.0,4.0,9.0,9.0,0.056454660074289266,0.2857142857142857,0.11198136474517757,0.6153846153846154,2.0,2.0,True,2018
1,20,2,8.0,18.0,4.0,7.0,6.0,7.0,11.0,17.0,3.0,6.0,3.0,5.0,0.12998148690114253,0.5306122448979592,0.07839800266241854,0.7,2.0,2.0,False,2018
0,2,20,11.0,17.0,3.0,6.0,3.0,5.0,8.0,18.0,4.0,7.0,6.0,7.0,0.07839800266241854,0.7,0.10398518952091403,0.52,2.0,2.0,True,2018
0,18,4,7.0,18.0,1.0,8.0,6.0,6.0,10.0,22.0,3.0,5.0,10.0,10.0,0.12077924821607815,0.5217391304347826,0.12985135359083425,0.5416666666666666,1.0,1.0,False,2018
0,7,16,10.0,18.0,2.0,6.0,6.0,9.0,11.0,17.0,3.0,5.0,6.0,6.0,0.03322538700658045,0.34,0.08008095067196111,0.3541666666666667,1.0,3.0,False,2018
1,13,12,8.0,18.0,3.0,7.0,5.0,6.0,10.0,15.0,4.0,9.0,5.0,6.0,0.045051755321601536,0.32,0.11128316562132401,0.5714285714285714,2.0,2.0,False,2018
0,12,13,10.0,15.0,4.0,9.0,5.0,6.0,8.0,18.0,3.0,7.0,5.0,6.0,0.11128316562132401,0.5714285714285714,0.03604140425728123,0.3137254901960784,2.0,2.0,True,2018
1,22,21,11.0,15.0,4.0,6.0,2.0,3.0,9.0,17.0,5.0,10.0,6.0,7.0,0.12239640145723041,0.54,0.09537832275867311,0.4166666666666667,2.0,2.0,True,2018
0,21,22,9.0,17.0,5.0,10.0,6.0,7.0,11.0,15.0,4.0,6.0,2.0,3.0,0.09537832275867311,0.4166666666666667,0.1379171211657843,0.5490196078431373,2.0,2.0,False,2018
1,16,7,11.0,17.0,3.0,5.0,6.0,6.0,10.0,18.0,2.0,6.0,6.0,9.0,0.08008095067196111,0.3541666666666667,0.026580309605264356,0.3333333333333333,3.0,1.0,True,2018
1,4,18,10.0,22.0,3.0,5.0,10.0,10.0,7.0,18.0,1.0,8.0,6.0,6.0,0.12985135359083425,0.5416666666666666,0.09662339857286252,0.5106382978723404,1.0,1.0,True,2018
0,23,9,8.0,15.0,2.0,4.0,9.0,9.0,8.0,15.0,4.0,8.0,8.0,9.0,0.11198136474517757,0.6153846153846154,0.08516372805943143,0.3,2.0,2.0,False,2018
0,15,8,11.0,23.0,3.0,6.0,3.0,4.0,9.0,20.0,2.0,6.0,9.0,10.0,0.06445788935087693,0.30612244897959184,0.13176829964029124,0.5510204081632653,2.0,2.0,True,2018
0,23,25,9.0,22.0,2.0,6.0,5.0,10.0,8.0,18.0,2.0,6.0,10.0,11.0,0.08958509179614206,0.6037735849056604,0.12038362863517882,0.6875,1.0,2.0,False,2018
1,1,10,19.0,30.0,5.0,14.0,17.0,18.0,7.0,13.0,4.0,8.0,3.0,4.0,0.14382369711719342,0.7291666666666666,0.045384261288005504,0.2916666666666667,2.0,3.0,True,2018
0,0,11,12.0,17.0,3.0,7.0,7.0,8.0,9.0,17.0,6.0,8.0,3.0,4.0,0.17003663861649604,0.8,0.11724649282844198,0.42857142857142855,3.0,4.0,False,2018
1,28,6,9.0,19.0,6.0,8.0,4.0,5.0,6.0,14.0,2.0,7.0,4.0,5.0,0.07486307814649111,0.44,0.05104612951127387,0.36,4.0,3.0,True,2018
0,6,28,6.0,14.0,2.0,7.0,4.0,5.0,9.0,19.0,6.0,8.0,4.0,5.0,0.05104612951127387,0.36,0.09989046251719289,0.45098039215686275,3.0,4.0,False,2018
1,19,3,10.0,21.0,4.0,6.0,5.0,8.0,9.0,20.0,4.0,7.0,12.0,13.0,0.01778175784816007,0.4583333333333333,0.1027675256212502,0.6041666666666666,2.0,2.0,True,2018
0,3,19,9.0,20.0,4.0,7.0,12.0,13.0,10.0,21.0,4.0,6.0,5.0,8.0,0.1027675256212502,0.6041666666666666,0.05422540627852805,0.46938775510204084,2.0,2.0,False,2018
1,8,15,9.0,20.0,2.0,6.0,9.0,10.0,11.0,23.0,3.0,6.0,3.0,4.0,0.13176829964029124,0.5510204081632653,0.09156631148070155,0.32,2.0,2.0,False,2018
1,14,26,8.0,19.0,2.0,5.0,8.0,8.0,8.0,21.0,4.0,12.0,8.0,10.0,0.09670331650062837,0.5510204081632653,0.17880978026519873,0.6,3.0,2.0,True,2018
0,10,1,7.0,13.0,4.0,8.0,3.0,4.0,19.0,30.0,5.0,14.0,17.0,18.0,0.045384261288005504,0.2916666666666667,0.15505895769375475,0.7346938775510204,3.0,2.0,False,2018
0,17,24,7.0,18.0,5.0,10.0,11.0,11.0,7.0,26.0,2.0,9.0,8.0,9.0,0.14122683302956535,0.5510204081632653,0.12885374987007894,0.5102040816326531,4.0,2.0,True,2018
1,5,20,14.0,23.0,3.0,6.0,2.0,2.0,7.0,13.0,3.0,6.0,5.0,5.0,0.11660332736436314,0.6346153846153846,0.10398518952091403,0.52,2.0,1.0,True,2018
1,24,17,7.0,26.0,2.0,9.0,8.0,9.0,7.0,18.0,5.0,10.0,11.0,11.0,0.12885374987007894,0.5102040816326531,0.1529814664236523,0.56,2.0,4.0,False,2018
0,26,14,8.0,21.0,4.0,12.0,8.0,10.0,8.0,19.0,2.0,5.0,8.0,8.0,0.17880978026519873,0.6,0.11736265320050268,0.56,2.0,3.0,False,2018
0,20,5,7.0,13.0,3.0,6.0,5.0,5.0,14.0,23.0,3.0,6.0,2.0,2.0,0.10398518952091403,0.52,0.13328266189149052,0.6415094339622641,1.0,2.0,False,2018
1,25,23,8.0,18.0,2.0,6.0,10.0,11.0,9.0,22.0,2.0,6.0,5.0,10.0,0.12038362863517882,0.6875,0.07166807343691364,0.5925925925925926,2.0,1.0,True,2018
1,11,0,9.0,17.0,6.0,8.0,3.0,4.0,12.0,17.0,3.0,7.0,7.0,8.0,0.11724649282844198,0.42857142857142855,0.13602931089319684,0.7843137254901961,4.0,3.0,True,2018
1,6,18,8.0,15.0,3.0,8.0,13.0,15.0,11.0,19.0,3.0,5.0,12.0,14.0,0.0408369036090191,0.35294117647058826,0.09662339857286252,0.5106382978723404,1.0,2.0,True,2018
0,16,22,9.0,19.0,6.0,10.0,5.0,5.0,7.0,12.0,3.0,7.0,8.0,12.0,0.10406476053756888,0.3673469387755102,0.1379171211657843,0.5490196078431373,2.0,2.0,False,2018
0,21,9,12.0,20.0,9.0,13.0,5.0,7.0,8.0,14.0,4.0,7.0,6.0,6.0,0.07630265820693849,0.40816326530612246,0.08516372805943143,0.3,2.0,2.0,True,2018
1,9,21,8.0,14.0,4.0,7.0,6.0,6.0,12.0,20.0,9.0,13.0,5.0,7.0,0.08516372805943143,0.3,0.10104212656555078,0.42,2.0,2.0,False,2018
0,27,17,8.0,15.0,3.0,8.0,4.0,7.0,18.0,25.0,6.0,9.0,8.0,8.0,0.050681571469564826,0.36,0.1529814664236523,0.56,3.0,1.0,False,2018
1,2,28,7.0,15.0,3.0,6.0,6.0,9.0,7.0,18.0,1.0,5.0,3.0,3.0,0.10271840212993484,0.7058823529411765,0.09989046251719289,0.45098039215686275,2.0,1.0,True,2018
1,7,13,10.0,16.0,3.0,7.0,4.0,5.0,6.0,17.0,3.0,9.0,4.0,9.0,0.026580309605264356,0.3333333333333333,0.03604140425728123,0.3137254901960784,2.0,2.0,True,2018
1,17,27,18.0,25.0,6.0,9.0,8.0,8.0,8.0,15.0,3.0,8.0,4.0,7.0,0.1529814664236523,0.56,0.04054525717565186,0.35294117647058826,1.0,3.0,True,2018
0,13,7,6.0,17.0,3.0,9.0,4.0,9.0,10.0,16.0,3.0,7.0,4.0,5.0,0.03604140425728123,0.3137254901960784,0.061264247684211494,0.34615384615384615,2.0,2.0,False,2018
0,29,10,7.0,14.0,2.0,5.0,6.0,7.0,6.0,11.0,5.0,7.0,6.0,7.0,0.12013995818277956,0.3877551020408163,0.0363074090304044,0.2857142857142857,3.0,1.0,False,2018
0,28,2,7.0,18.0,1.0,5.0,3.0,3.0,7.0,15.0,3.0,6.0,6.0,9.0,0.09989046251719289,0.45098039215686275,0.12217472170394787,0.7115384615384616,1.0,2.0,False,2018
0,18,6,11.0,19.0,3.0,5.0,12.0,14.0,8.0,15.0,3.0,8.0,13.0,15.0,0.09662339857286252,0.5106382978723404,0.07266952288721529,0.36538461538461536,2.0,1.0,False,2018
0,12,3,7.0,17.0,1.0,7.0,5.0,8.0,8.0,21.0,2.0,6.0,9.0,11.0,0.1290265324970592,0.58,0.08221402049700016,0.5918367346938775,2.0,1.0,False,2018
1,3,12,8.0,21.0,2.0,6.0,9.0,11.0,7.0,17.0,1.0,7.0,5.0,8.0,0.08221402049700016,0.5918367346938775,0.10322122599764735,0.5686274509803921,1.0,2.0,True,2018
1,10,29,6.0,11.0,5.0,7.0,6.0,7.0,7.0,14.0,2.0,5.0,6.0,7.0,0.0363074090304044,0.2857142857142857,0.09611196654622364,0.38,1.0,3.0,True,2018
1,22,16,7.0,12.0,3.0,7.0,8.0,12.0,9.0,19.0,6.0,10.0,5.0,5.0,0.1379171211657843,0.5490196078431373,0.08325180843005511,0.36,2.0,2.0,True,2018
1,14,25,9.0,20.0,3.0,8.0,6.0,6.0,10.0,19.0,4.0,11.0,9.0,10.0,0.11736265320050268,0.56,0.13630690290814304,0.6938775510204082,2.0,2.0,True,2018
0,25,14,10.0,19.0,4.0,11.0,9.0,10.0,9.0,20.0,3.0,8.0,6.0,6.0,0.13630690290814304,0.6938775510204082,0.13389012256040214,0.5686274509803921,2.0,2.0,False,2018
0,16,19,6.0,21.0,2.0,8.0,6.0,6.0,7.0,15.0,2.0,8.0,11.0,13.0,0.08325180843005511,0.36,0.05422540627852805,0.46938775510204084,1.0,2.0,False,2018
1,20,26,14.0,23.0,5.0,9.0,5.0,6.0,19.0,26.0,5.0,8.0,6.0,9.0,0.08318815161673122,0.5098039215686274,0.14304782421215897,0.5882352941176471,2.0,2.0,True,2018
0,26,20,19.0,26.0,5.0,8.0,6.0,9.0,14.0,23.0,5.0,9.0,5.0,6.0,0.14304782421215897,0.5882352941176471,0.10655052129338496,0.5192307692307693,2.0,2.0,False,2018
1,19,16,7.0,15.0,2.0,8.0,11.0,13.0,6.0,21.0,2.0,8.0,6.0,6.0,0.05422540627852805,0.46938775510204084,0.06660144674404408,0.35294117647058826,2.0,1.0,True,2018
0,4,23,7.0,20.0,2.0,7.0,5.0,9.0,10.0,15.0,2.0,5.0,10.0,11.0,0.14388108287266738,0.5510204081632653,0.07166807343691364,0.5925925925925926,3.0,2.0,False,2018
1,5,1,9.0,18.0,3.0,7.0,6.0,6.0,10.0,20.0,5.0,12.0,4.0,5.0,0.13328266189149052,0.6415094339622641,0.15505895769375475,0.7346938775510204,2.0,2.0,False,2018
0,1,5,10.0,20.0,5.0,12.0,4.0,5.0,9.0,18.0,3.0,7.0,6.0,6.0,0.15505895769375475,0.7346938775510204,0.10662612951319242,0.6296296296296297,2.0,2.0,True,2018
1,23,4,10.0,15.0,2.0,5.0,10.0,11.0,7.0,20.0,2.0,7.0,5.0,9.0,0.07166807343691364,0.5925925925925926,0.1151048662981339,0.54,2.0,3.0,True,2018
0,0,15,12.0,17.0,6.0,10.0,6.0,6.0,8.0,17.0,4.0,7.0,4.0,5.0,0.13602931089319684,0.7843137254901961,0.09156631148070155,0.32,3.0,3.0,True,2018
1,15,0,8.0,17.0,4.0,7.0,4.0,5.0,12.0,17.0,6.0,10.0,6.0,6.0,0.09156631148070155,0.32,0.14882344871455747,0.7884615384615384,3.0,3.0,False,2018
1,4,28,10.0,21.0,2.0,4.0,8.0,12.0,8.0,15.0,1.0,9.0,4.0,7.0,0.1151048662981339,0.54,0.07991237001375431,0.4423076923076923,1.0,2.0,True,2018
0,11,7,14.0,19.0,7.0,9.0,5.0,5.0,7.0,24.0,4.0,8.0,5.0,5.0,0.13379719426275358,0.44,0.061264247684211494,0.34615384615384615,3.0,2.0,True,2018
0,17,25,11.0,18.0,3.0,7.0,7.0,8.0,11.0,22.0,6.0,10.0,7.0,8.0,0.1623851731389218,0.5686274509803921,0.10904552232651443,0.68,2.0,1.0,False,2018
0,29,6,9.0,16.0,3.0,6.0,6.0,8.0,9.0,19.0,2.0,6.0,4.0,6.0,0.09611196654622364,0.38,0.07266952288721529,0.36538461538461536,2.0,2.0,True,2018
0,28,4,8.0,15.0,1.0,9.0,4.0,7.0,10.0,21.0,2.0,4.0,8.0,12.0,0.07991237001375431,0.4423076923076923,0.13208389303850712,0.5490196078431373,2.0,1.0,False,2018
0,22,21,11.0,21.0,3.0,6.0,10.0,11.0,11.0,22.0,7.0,12.0,14.0,14.0,0.15033369693262746,0.5576923076923077,0.10104212656555078,0.42,2.0,2.0,False,2018
1,21,22,11.0,22.0,7.0,12.0,14.0,14.0,11.0,21.0,3.0,6.0,10.0,11.0,0.10104212656555078,0.42,0.12026695754610198,0.5471698113207547,2.0,2.0,True,2018
0,8,26,17.0,34.0,4.0,6.0,6.0,8.0,8.0,21.0,4.0,9.0,7.0,10.0,0.105414639712233,0.54,0.11443825936972718,0.5769230769230769,3.0,1.0,True,2018
1,26,8,8.0,21.0,4.0,9.0,7.0,10.0,17.0,34.0,4.0,6.0,6.0,8.0,0.11443825936972718,0.5769230769230769,0.12433171176978638,0.5490196078431373,1.0,3.0,False,2018
0,12,18,6.0,16.0,4.0,12.0,5.0,10.0,8.0,17.0,3.0,7.0,4.0,4.0,0.10322122599764735,0.5686274509803921,0.07729871885829001,0.5,2.0,2.0,False,2018
1,2,9,11.0,19.0,6.0,8.0,5.0,5.0,10.0,20.0,5.0,9.0,9.0,10.0,0.12217472170394787,0.7115384615384616,0.06813098244754515,0.29411764705882354,2.0,2.0,True,2018
0,9,2,10.0,20.0,5.0,9.0,9.0,10.0,11.0,19.0,6.0,8.0,5.0,5.0,0.06813098244754515,0.29411764705882354,0.1377397773631583,0.7169811320754716,2.0,2.0,False,2018
1,18,12,8.0,17.0,3.0,7.0,4.0,4.0,6.0,16.0,4.0,12.0,5.0,10.0,0.07729871885829001,0.5,0.08257698079811789,0.5576923076923077,2.0,2.0,True,2018
1,6,29,9.0,19.0,2.0,6.0,4.0,6.0,9.0,16.0,3.0,6.0,6.0,8.0,0.07266952288721529,0.36538461538461536,0.11688957323697893,0.39215686274509803,2.0,2.0,False,2018
1,25,17,11.0,22.0,6.0,10.0,7.0,8.0,11.0,18.0,3.0,7.0,7.0,8.0,0.10904552232651443,0.68,0.12990813851113744,0.5576923076923077,1.0,2.0,True,2018
1,7,11,7.0,24.0,4.0,8.0,5.0,5.0,14.0,19.0,7.0,9.0,5.0,5.0,0.061264247684211494,0.34615384615384615,0.14703775541020286,0.45098039215686275,2.0,3.0,False,2018
1,3,1,5.0,13.0,3.0,9.0,4.0,4.0,8.0,16.0,6.0,11.0,5.0,5.0,0.10577121639760012,0.6,0.1640471661550038,0.74,3.0,2.0,False,2018
1,24,27,10.0,19.0,3.0,7.0,11.0,11.0,6.0,18.0,4.0,10.0,6.0,6.0,0.10308299989606315,0.5,0.04054525717565186,0.35294117647058826,4.0,3.0,True,2018
1,20,0,9.0,17.0,3.0,6.0,7.0,7.0,12.0,16.0,5.0,12.0,7.0,9.0,0.10655052129338496,0.5192307692307693,0.14882344871455747,0.7884615384615384,2.0,1.0,True,2018
0,11,5,11.0,14.0,4.0,5.0,9.0,10.0,12.0,19.0,3.0,7.0,6.0,8.0,0.14703775541020286,0.45098039215686275,0.10662612951319242,0.6296296296296297,1.0,2.0,True,2018
0,13,15,7.0,15.0,4.0,9.0,4.0,7.0,7.0,13.0,3.0,6.0,2.0,2.0,0.028833123405824983,0.3076923076923077,0.07325304918456124,0.3137254901960784,3.0,1.0,True,2018
1,19,12,11.0,19.0,3.0,6.0,5.0,5.0,13.0,23.0,4.0,8.0,3.0,3.0,0.08338032502282244,0.48,0.08257698079811789,0.5576923076923077,2.0,1.0,True,2018
0,12,19,13.0,23.0,4.0,8.0,3.0,3.0,11.0,19.0,3.0,6.0,5.0,5.0,0.08257698079811789,0.5576923076923077,0.10670426001825795,0.49019607843137253,1.0,2.0,False,2018
1,22,18,7.0,17.0,4.0,7.0,6.0,7.0,9.0,19.0,3.0,7.0,6.0,9.0,0.12026695754610198,0.5471698113207547,0.101838975086632,0.5102040816326531,1.0,1.0,True,2018
0,8,23,16.0,30.0,3.0,8.0,5.0,5.0,11.0,21.0,3.0,4.0,6.0,9.0,0.12433171176978638,0.5490196078431373,0.09733445874953091,0.6,1.0,2.0,False,2018
1,23,8,11.0,21.0,3.0,4.0,6.0,9.0,16.0,30.0,3.0,8.0,5.0,5.0,0.09733445874953091,0.6,0.0994653694158291,0.5384615384615384,2.0,1.0,True,2018
0,1,3,8.0,16.0,6.0,11.0,5.0,5.0,5.0,13.0,3.0,9.0,4.0,4.0,0.1640471661550038,0.74,0.0846169731180801,0.5882352941176471,2.0,3.0,True,2018
0,0,20,12.0,16.0,5.0,12.0,7.0,9.0,9.0,17.0,3.0,6.0,7.0,7.0,0.14882344871455747,0.7884615384615384,0.12524041703470795,0.5283018867924528,1.0,2.0,False,2018
0,14,10,8.0,15.0,3.0,8.0,3.0,4.0,7.0,15.0,3.0,7.0,5.0,6.0,0.13389012256040214,0.5686274509803921,0.06904592722432353,0.3,2.0,3.0,True,2018
1,5,11,12.0,19.0,3.0,7.0,6.0,8.0,11.0,14.0,4.0,5.0,9.0,10.0,0.10662612951319242,0.6296296296296297,0.1576302043281623,0.46153846153846156,2.0,1.0,False,2018
1,10,14,7.0,15.0,3.0,7.0,5.0,6.0,8.0,15.0,3.0,8.0,3.0,4.0,0.06904592722432353,0.3,0.1471120980483217,0.5769230769230769,3.0,2.0,False,2018
0,27,24,6.0,18.0,4.0,10.0,6.0,6.0,10.0,19.0,3.0,7.0,11.0,11.0,0.04054525717565186,0.35294117647058826,0.12246639991685053,0.5098039215686274,3.0,4.0,False,2018
1,15,13,7.0,13.0,3.0,6.0,2.0,2.0,7.0,15.0,4.0,9.0,4.0,7.0,0.07325304918456124,0.3137254901960784,0.06306649872465998,0.32075471698113206,1.0,3.0,False,2018
0,18,22,9.0,19.0,3.0,7.0,6.0,9.0,7.0,17.0,4.0,7.0,6.0,7.0,0.101838975086632,0.5102040816326531,0.13621356603688156,0.5555555555555556,1.0,1.0,False,2018
0,9,28,7.0,17.0,4.0,7.0,6.0,6.0,9.0,20.0,2.0,6.0,3.0,5.0,0.054504785958036116,0.28846153846153844,0.06392989601100345,0.4339622641509434,2.0,2.0,True,2018
0,29,26,8.0,18.0,4.0,9.0,4.0,8.0,15.0,25.0,3.0,6.0,6.0,8.0,0.11688957323697893,0.39215686274509803,0.09155060749578174,0.5660377358490566,2.0,2.0,True,2018
1,26,29,15.0,25.0,3.0,6.0,6.0,8.0,8.0,18.0,4.0,9.0,4.0,8.0,0.09155060749578174,0.5660377358490566,0.13351165858958314,0.40384615384615385,2.0,2.0,False,2018
1,7,21,10.0,14.0,4.0,8.0,4.0,4.0,7.0,19.0,3.0,10.0,6.0,9.0,0.0490113981473692,0.33962264150943394,0.12083370125244061,0.43137254901960786,2.0,2.0,False,2018
1,6,4,7.0,14.0,3.0,6.0,3.0,4.0,12.0,20.0,3.0,8.0,6.0,6.0,0.05813561830977223,0.3584905660377358,0.13208389303850712,0.5490196078431373,2.0,2.0,False,2018
1,2,17,8.0,18.0,4.0,7.0,4.0,4.0,9.0,22.0,5.0,9.0,7.0,8.0,0.1377397773631583,0.7169811320754716,0.12990813851113744,0.5576923076923077,2.0,2.0,True,2018
0,17,2,9.0,22.0,5.0,9.0,7.0,8.0,8.0,18.0,4.0,7.0,4.0,4.0,0.12990813851113744,0.5576923076923077,0.15019182189052666,0.7222222222222222,2.0,2.0,False,2018
0,16,25,6.0,16.0,2.0,5.0,6.0,7.0,6.0,14.0,1.0,6.0,3.0,4.0,0.06660144674404408,0.35294117647058826,0.12723641786121154,0.6862745098039216,3.0,2.0,False,2018
0,21,7,7.0,19.0,3.0,10.0,6.0,9.0,10.0,14.0,4.0,8.0,4.0,4.0,0.12083370125244061,0.43137254901960786,0.03920911851789536,0.3333333333333333,2.0,2.0,True,2018
1,25,16,6.0,14.0,1.0,6.0,3.0,4.0,6.0,16.0,2.0,5.0,6.0,7.0,0.12723641786121154,0.6862745098039216,0.05328115739523527,0.34615384615384615,2.0,3.0,True,2018
0,4,6,12.0,20.0,3.0,8.0,6.0,6.0,7.0,14.0,3.0,6.0,3.0,4.0,0.13208389303850712,0.5490196078431373,0.04650849464781778,0.35185185185185186,2.0,2.0,True,2018
1,28,9,9.0,20.0,2.0,6.0,3.0,5.0,7.0,17.0,4.0,7.0,6.0,6.0,0.06392989601100345,0.4339622641509434,0.08360382876642888,0.3018867924528302,2.0,2.0,False,2018
1,12,10,8.0,16.0,2.0,8.0,6.0,8.0,7.0,14.0,4.0,9.0,4.0,4.0,0.0660615846384943,0.5471698113207547,0.05523674177945882,0.29411764705882354,2.0,2.0,False,2018
0,10,12,7.0,14.0,4.0,9.0,4.0,4.0,8.0,16.0,2.0,8.0,6.0,8.0,0.05523674177945882,0.29411764705882354,0.05284926771079544,0.5370370370370371,2.0,2.0,True,2018
1,19,17,9.0,21.0,3.0,7.0,3.0,4.0,8.0,17.0,3.0,6.0,3.0,3.0,0.10670426001825795,0.49019607843137253,0.10392651080890995,0.5471698113207547,2.0,1.0,True,2018
0,14,22,9.0,16.0,2.0,5.0,6.0,8.0,9.0,15.0,5.0,8.0,6.0,7.0,0.1471120980483217,0.5769230769230769,0.13621356603688156,0.5555555555555556,2.0,2.0,True,2018
0,17,19,8.0,17.0,3.0,6.0,3.0,3.0,9.0,21.0,3.0,7.0,3.0,4.0,0.10392651080890995,0.5471698113207547,0.12536340801460635,0.5,1.0,2.0,False,2018
1,24,13,9.0,20.0,4.0,5.0,6.0,6.0,7.0,17.0,7.0,12.0,6.0,6.0,0.12246639991685053,0.5098039215686274,0.06306649872465998,0.32075471698113206,2.0,2.0,True,2018
0,11,8,12.0,19.0,4.0,5.0,5.0,5.0,13.0,21.0,4.0,6.0,3.0,4.0,0.1576302043281623,0.46153846153846156,0.0994653694158291,0.5384615384615384,2.0,2.0,True,2018
1,20,21,9.0,15.0,5.0,8.0,4.0,5.0,9.0,13.0,3.0,7.0,5.0,6.0,0.12524041703470795,0.5283018867924528,0.1366669610019525,0.4423076923076923,2.0,1.0,True,2018
1,22,14,9.0,15.0,5.0,8.0,6.0,7.0,9.0,16.0,2.0,5.0,6.0,8.0,0.13621356603688156,0.5555555555555556,0.15768967843865736,0.5849056603773585,2.0,2.0,False,2018
0,27,15,9.0,19.0,4.0,8.0,6.0,6.0,5.0,13.0,3.0,7.0,6.0,6.0,0.03243620574052149,0.34615384615384615,0.05860243934764899,0.3076923076923077,2.0,2.0,False,2018
1,15,27,5.0,13.0,3.0,7.0,6.0,6.0,9.0,19.0,4.0,8.0,6.0,6.0,0.05860243934764899,0.3076923076923077,0.02594896459241719,0.33962264150943394,2.0,2.0,True,2018
0,13,24,7.0,17.0,7.0,12.0,6.0,6.0,9.0,20.0,4.0,5.0,6.0,6.0,0.06306649872465998,0.32075471698113206,0.13797311993348044,0.5192307692307693,2.0,2.0,False,2018
1,8,11,13.0,21.0,4.0,6.0,3.0,4.0,12.0,19.0,4.0,5.0,5.0,5.0,0.0994653694158291,0.5384615384615384,0.16610416346252982,0.4716981132075472,2.0,2.0,False,2018
0,21,20,9.0,13.0,3.0,7.0,5.0,6.0,9.0,15.0,5.0,8.0,4.0,5.0,0.1366669610019525,0.4423076923076923,0.14019233362776637,0.5370370370370371,1.0,2.0,False,2018
0,2,25,6.0,13.0,4.0,6.0,4.0,4.0,6.0,17.0,6.0,11.0,5.0,7.0,0.15019182189052666,0.7222222222222222,0.14178913428896922,0.6923076923076923,2.0,2.0,False,2018
0,26,0,13.0,26.0,6.0,11.0,10.0,12.0,8.0,14.0,3.0,9.0,14.0,15.0,0.07324048599662539,0.5555555555555556,0.11905875897164597,0.7735849056603774,2.0,3.0,True,2018
1,25,2,6.0,17.0,6.0,11.0,5.0,7.0,6.0,13.0,4.0,6.0,4.0,4.0,0.14178913428896922,0.6923076923076923,0.12015345751242132,0.7090909090909091,2.0,2.0,True,2018
1,6,1,7.0,12.0,5.0,8.0,4.0,4.0,11.0,23.0,4.0,10.0,10.0,10.0,0.04650849464781778,0.35185185185185186,0.17123773292400304,0.7450980392156863,2.0,3.0,False,2018
1,28,4,8.0,16.0,2.0,6.0,3.0,4.0,10.0,23.0,3.0,8.0,7.0,7.0,0.05114391680880276,0.42592592592592593,0.14566711443080568,0.5576923076923077,2.0,2.0,False,2018
1,0,26,8.0,14.0,3.0,9.0,14.0,15.0,13.0,26.0,6.0,11.0,10.0,12.0,0.11905875897164597,0.7735849056603774,0.09859238879730033,0.5636363636363636,3.0,2.0,False,2018
0,4,28,10.0,23.0,3.0,8.0,7.0,7.0,8.0,16.0,2.0,6.0,3.0,4.0,0.14566711443080568,0.5576923076923077,0.04091513344704221,0.41818181818181815,2.0,2.0,True,2018
0,1,6,11.0,23.0,4.0,10.0,10.0,10.0,7.0,12.0,5.0,8.0,4.0,4.0,0.17123773292400304,0.7450980392156863,0.03720679571825423,0.34545454545454546,3.0,2.0,True,2018
0,16,9,5.0,14.0,1.0,4.0,2.0,5.0,9.0,15.0,2.0,4.0,3.0,5.0,0.05328115739523527,0.34615384615384615,0.08360382876642888,0.3018867924528302,2.0,2.0,False,2018
1,18,14,10.0,21.0,4.0,7.0,4.0,5.0,12.0,22.0,5.0,12.0,5.0,5.0,0.08147118006930561,0.5,0.15768967843865736,0.5849056603773585,3.0,1.0,True,2018
0,7,29,9.0,22.0,2.0,7.0,6.0,10.0,9.0,15.0,4.0,7.0,6.0,6.0,0.03920911851789536,0.3333333333333333,0.13351165858958314,0.40384615384615385,2.0,2.0,False,2018
1,29,7,9.0,15.0,4.0,7.0,6.0,6.0,9.0,22.0,2.0,7.0,6.0,10.0,0.13351165858958314,0.40384615384615385,0.031367294814316285,0.32727272727272727,2.0,2.0,True,2018
1,9,16,9.0,15.0,2.0,4.0,3.0,5.0,5.0,14.0,1.0,4.0,2.0,5.0,0.08360382876642888,0.3018867924528302,0.04262492591618822,0.33962264150943394,2.0,2.0,True,2018
1,10,3,12.0,17.0,2.0,6.0,8.0,9.0,10.0,17.0,4.0,7.0,4.0,6.0,0.08418939342356704,0.3076923076923077,0.0846169731180801,0.5882352941176471,1.0,3.0,True,2018
0,14,18,12.0,22.0,5.0,12.0,5.0,5.0,10.0,21.0,4.0,7.0,4.0,5.0,0.15768967843865736,0.5849056603773585,0.10517694405544449,0.5098039215686274,1.0,3.0,False,2018
0,3,10,10.0,17.0,4.0,7.0,4.0,6.0,12.0,17.0,2.0,6.0,8.0,9.0,0.0846169731180801,0.5882352941176471,0.10735151473885363,0.32075471698113206,3.0,1.0,False,2018
1,19,6,9.0,19.0,3.0,6.0,7.0,10.0,13.0,22.0,6.0,14.0,3.0,3.0,0.12536340801460635,0.5,0.03720679571825423,0.34545454545454546,2.0,1.0,True,2018
1,7,5,6.0,17.0,2.0,5.0,5.0,7.0,10.0,14.0,5.0,7.0,4.0,5.0,0.031367294814316285,0.32727272727272727,0.08530090361055394,0.6181818181818182,1.0,4.0,False,2018
0,11,16,8.0,16.0,2.0,5.0,11.0,14.0,9.0,20.0,2.0,6.0,4.0,7.0,0.16610416346252982,0.4716981132075472,0.04262492591618822,0.33962264150943394,2.0,1.0,True,2018
0,6,19,13.0,22.0,6.0,14.0,3.0,3.0,9.0,19.0,3.0,6.0,7.0,10.0,0.03720679571825423,0.34545454545454546,0.14029072641168508,0.5094339622641509,1.0,2.0,False,2018
1,16,11,9.0,20.0,2.0,6.0,4.0,7.0,8.0,16.0,2.0,5.0,11.0,14.0,0.04262492591618822,0.33962264150943394,0.17288333077002385,0.48148148148148145,1.0,2.0,False,2018
0,5,7,10.0,14.0,5.0,7.0,4.0,5.0,6.0,17.0,2.0,5.0,5.0,7.0,0.08530090361055394,0.6181818181818182,0.025093835851453028,0.32142857142857145,4.0,1.0,True,2018
0,1,12,13.0,25.0,5.0,12.0,10.0,12.0,11.0,20.0,7.0,9.0,6.0,7.0,0.17699018633920244,0.75,0.05284926771079544,0.5370370370370371,1.0,2.0,True,2018
1,3,23,16.0,22.0,6.0,11.0,5.0,6.0,14.0,21.0,6.0,8.0,4.0,4.0,0.06769357849446409,0.5769230769230769,0.11786756699962472,0.6071428571428571,1.0,4.0,True,2018
0,23,3,14.0,21.0,6.0,8.0,4.0,4.0,16.0,22.0,6.0,11.0,5.0,6.0,0.11786756699962472,0.6071428571428571,0.09415486279557125,0.5849056603773585,4.0,1.0,False,2018
1,12,1,11.0,20.0,7.0,9.0,6.0,7.0,13.0,25.0,5.0,12.0,10.0,12.0,0.05284926771079544,0.5370370370370371,0.18159214907136195,0.7547169811320755,2.0,1.0,False,2018
0,2,14,9.0,19.0,3.0,8.0,9.0,10.0,9.0,27.0,3.0,9.0,6.0,6.0,0.12015345751242132,0.7090909090909091,0.1261517427509259,0.5740740740740741,2.0,2.0,True,2018
0,13,0,8.0,17.0,4.0,9.0,4.0,4.0,8.0,17.0,4.0,9.0,4.0,4.0,0.050453198979727984,0.3148148148148148,0.09524700717731678,0.7592592592592593,3.0,2.0,False,2018
0,9,10,7.0,15.0,4.0,8.0,7.0,8.0,7.0,14.0,4.0,9.0,6.0,6.0,0.10688306301314313,0.3148148148148148,0.10735151473885363,0.32075471698113206,2.0,2.0,False,2018
1,0,13,8.0,17.0,4.0,9.0,4.0,4.0,8.0,17.0,4.0,9.0,4.0,4.0,0.09524700717731678,0.7592592592592593,0.040362559183782384,0.3090909090909091,2.0,3.0,True,2018
1,29,26,8.0,16.0,3.0,8.0,3.0,3.0,11.0,25.0,5.0,12.0,5.0,8.0,0.1468093268716665,0.41509433962264153,0.09859238879730033,0.5636363636363636,2.0,2.0,True,2018
1,14,2,9.0,27.0,3.0,9.0,6.0,6.0,9.0,19.0,3.0,8.0,9.0,10.0,0.1261517427509259,0.5740740740740741,0.13612276600993706,0.7142857142857143,2.0,2.0,False,2018
0,28,25,7.0,14.0,3.0,7.0,7.0,7.0,7.0,12.0,3.0,8.0,3.0,4.0,0.04091513344704221,0.41818181818181815,0.15343130743117536,0.6981132075471698,2.0,2.0,False,2018
1,17,21,10.0,22.0,3.0,11.0,6.0,7.0,13.0,26.0,6.0,11.0,8.0,8.0,0.08314120864712796,0.5370370370370371,0.109333568801562,0.4339622641509434,3.0,3.0,True,2018
0,21,17,13.0,26.0,6.0,11.0,8.0,8.0,10.0,22.0,3.0,11.0,6.0,7.0,0.109333568801562,0.4339622641509434,0.10651296691770237,0.5454545454545454,3.0,3.0,False,2018
0,26,29,11.0,25.0,5.0,12.0,5.0,8.0,8.0,16.0,3.0,8.0,3.0,3.0,0.09859238879730033,0.5636363636363636,0.15744746149733319,0.42592592592592593,2.0,2.0,False,2018
1,10,9,7.0,14.0,4.0,9.0,6.0,6.0,7.0,15.0,4.0,8.0,7.0,8.0,0.10735151473885363,0.32075471698113206,0.0855064504105145,0.3090909090909091,2.0,2.0,True,2018
1,25,28,7.0,12.0,3.0,8.0,3.0,4.0,7.0,14.0,3.0,7.0,7.0,7.0,0.15343130743117536,0.6981132075471698,0.032732106757633765,0.4107142857142857,2.0,2.0,True,2018
0,20,1,8.0,15.0,1.0,7.0,7.0,7.0,9.0,16.0,5.0,11.0,9.0,11.0,0.14019233362776637,0.5370370370370371,0.18159214907136195,0.7547169811320755,4.0,2.0,False,2018
1,15,17,8.0,14.0,5.0,9.0,7.0,9.0,16.0,26.0,8.0,13.0,10.0,10.0,0.0868819514781192,0.32075471698113206,0.10651296691770237,0.5454545454545454,4.0,1.0,False,2018
1,27,23,12.0,26.0,2.0,6.0,10.0,11.0,11.0,26.0,3.0,9.0,13.0,15.0,0.02594896459241719,0.33962264150943394,0.09429405359969978,0.5964912280701754,4.0,2.0,True,2018
1,12,4,7.0,16.0,3.0,8.0,9.0,10.0,8.0,21.0,2.0,4.0,6.0,7.0,0.042279414168636356,0.5272727272727272,0.15653369154464455,0.5660377358490566,2.0,3.0,True,2018
1,1,20,9.0,16.0,5.0,11.0,9.0,11.0,8.0,15.0,1.0,7.0,7.0,7.0,0.18159214907136195,0.7547169811320755,0.1121538669022131,0.5272727272727272,2.0,4.0,True,2018
0,8,18,6.0,19.0,3.0,8.0,2.0,5.0,11.0,18.0,4.0,7.0,4.0,4.0,0.07957229553266329,0.5283018867924528,0.10517694405544449,0.5098039215686274,4.0,3.0,False,2018
1,11,21,9.0,21.0,3.0,10.0,6.0,8.0,8.0,19.0,3.0,8.0,6.0,6.0,0.17288333077002385,0.48148148148148145,0.0874668550412496,0.42592592592592593,2.0,1.0,True,2018
1,18,8,11.0,18.0,4.0,7.0,4.0,4.0,6.0,19.0,3.0,8.0,2.0,5.0,0.10517694405544449,0.5098039215686274,0.06365783642613063,0.5185185185185185,3.0,4.0,True,2018
0,4,12,8.0,21.0,2.0,4.0,6.0,7.0,7.0,16.0,3.0,8.0,9.0,10.0,0.15653369154464455,0.5660377358490566,0.07382353133490908,0.5357142857142857,3.0,2.0,False,2018
0,21,11,8.0,19.0,3.0,8.0,6.0,6.0,9.0,21.0,3.0,10.0,6.0,8.0,0.0874668550412496,0.42592592592592593,0.17830666461601907,0.4909090909090909,1.0,2.0,False,2018
1,19,24,7.0,19.0,5.0,9.0,5.0,6.0,8.0,14.0,4.0,7.0,8.0,9.0,0.14029072641168508,0.5094339622641509,0.13797311993348044,0.5192307692307693,2.0,4.0,False,2018
0,22,2,15.0,29.0,2.0,8.0,5.0,7.0,8.0,18.0,2.0,7.0,7.0,8.0,0.10897085282950525,0.5454545454545454,0.13612276600993706,0.7142857142857143,4.0,1.0,True,2018
0,23,27,11.0,26.0,3.0,9.0,13.0,15.0,12.0,26.0,2.0,6.0,10.0,11.0,0.09429405359969978,0.5964912280701754,0.06075917167393376,0.35185185185185186,2.0,4.0,False,2018
0,3,9,9.0,20.0,7.0,13.0,6.0,7.0,10.0,18.0,4.0,9.0,5.0,5.0,0.09415486279557125,0.5849056603773585,0.0855064504105145,0.3090909090909091,2.0,1.0,True,2018
0,24,19,8.0,14.0,4.0,7.0,8.0,9.0,7.0,19.0,5.0,9.0,5.0,6.0,0.13797311993348044,0.5192307692307693,0.11223258112934806,0.5,4.0,2.0,True,2018
1,9,3,10.0,18.0,4.0,9.0,5.0,5.0,9.0,20.0,7.0,13.0,6.0,7.0,0.0855064504105145,0.3090909090909091,0.11532389023645702,0.5925925925925926,1.0,2.0,False,2018
1,2,22,8.0,18.0,2.0,7.0,7.0,8.0,15.0,29.0,2.0,8.0,5.0,7.0,0.13612276600993706,0.7142857142857143,0.12717668226360418,0.5535714285714286,1.0,4.0,False,2018
0,17,15,16.0,26.0,8.0,13.0,10.0,10.0,8.0,14.0,5.0,9.0,7.0,9.0,0.10651296691770237,0.5454545454545454,0.06950556118249536,0.3148148148148148,1.0,4.0,True,2018
1,6,8,10.0,24.0,8.0,18.0,12.0,12.0,16.0,35.0,3.0,8.0,9.0,14.0,0.02976543657460338,0.3392857142857143,0.06365783642613063,0.5185185185185185,3.0,1.0,False,2018
1,13,29,8.0,12.0,4.0,6.0,7.0,7.0,10.0,16.0,4.0,8.0,6.0,8.0,0.040362559183782384,0.3090909090909091,0.15744746149733319,0.42592592592592593,2.0,2.0,True,2018
1,0,5,10.0,16.0,5.0,7.0,4.0,4.0,9.0,14.0,3.0,8.0,5.0,6.0,0.11619760574185342,0.7636363636363637,0.10824072288844315,0.625,2.0,3.0,True,2018
1,27,14,6.0,19.0,2.0,8.0,5.0,6.0,10.0,14.0,5.0,10.0,3.0,3.0,0.06075917167393376,0.35185185185185186,0.10092139420074071,0.5636363636363636,1.0,2.0,False,2018
0,8,6,16.0,35.0,3.0,8.0,9.0,14.0,10.0,24.0,8.0,18.0,12.0,12.0,0.06365783642613063,0.5185185185185185,0.023812349259682706,0.3333333333333333,1.0,3.0,True,2018
1,10,4,8.0,16.0,2.0,6.0,7.0,7.0,14.0,24.0,3.0,5.0,4.0,7.0,0.1258812117910829,0.3333333333333333,0.12522695323571564,0.5555555555555556,2.0,1.0,False,2018
0,4,10,14.0,24.0,3.0,5.0,4.0,7.0,8.0,16.0,2.0,6.0,7.0,7.0,0.12522695323571564,0.5555555555555556,0.1007049694328663,0.32727272727272727,1.0,2.0,True,2018
0,20,7,11.0,15.0,4.0,6.0,10.0,11.0,13.0,19.0,3.0,8.0,5.0,9.0,0.1121538669022131,0.5272727272727272,0.025093835851453028,0.32142857142857145,1.0,3.0,True,2018
0,5,0,9.0,14.0,3.0,8.0,5.0,6.0,10.0,16.0,5.0,7.0,4.0,4.0,0.10824072288844315,0.625,0.13295808459348274,0.7678571428571429,3.0,2.0,False,2018
0,24,18,9.0,21.0,4.0,10.0,5.0,6.0,9.0,23.0,5.0,10.0,10.0,13.0,0.15037849594678435,0.5283018867924528,0.12414155524435559,0.5192307692307693,1.0,1.0,False,2018
1,18,24,9.0,23.0,5.0,10.0,10.0,13.0,9.0,21.0,4.0,10.0,5.0,6.0,0.12414155524435559,0.5192307692307693,0.12030279675742747,0.5185185185185185,1.0,1.0,True,2018
0,29,13,10.0,16.0,4.0,8.0,6.0,8.0,8.0,12.0,4.0,6.0,7.0,7.0,0.15744746149733319,0.42592592592592593,0.0722900473470259,0.32142857142857145,2.0,2.0,False,2018
1,7,20,13.0,19.0,3.0,8.0,5.0,9.0,11.0,15.0,4.0,6.0,10.0,11.0,0.025093835851453028,0.32142857142857145,0.12972309352177047,0.5357142857142857,3.0,1.0,False,2018
0,14,27,10.0,14.0,5.0,10.0,3.0,3.0,6.0,19.0,2.0,8.0,5.0,6.0,0.10092139420074071,0.5636363636363636,0.048607337339147,0.34545454545454546,2.0,1.0,True,2018
1,9,19,7.0,13.0,2.0,6.0,9.0,12.0,8.0,21.0,3.0,10.0,9.0,13.0,0.0684051603284116,0.30357142857142855,0.11223258112934806,0.5,2.0,2.0,True,2018
1,23,15,10.0,17.0,3.0,7.0,7.0,9.0,8.0,16.0,2.0,5.0,6.0,8.0,0.07543524287975982,0.5862068965517241,0.06950556118249536,0.3148148148148148,2.0,2.0,True,2018
0,15,23,8.0,16.0,2.0,5.0,6.0,8.0,10.0,17.0,3.0,7.0,7.0,9.0,0.06950556118249536,0.3148148148148148,0.10034819430380786,0.5932203389830508,2.0,2.0,False,2018
0,16,26,6.0,14.0,3.0,8.0,5.0,6.0,10.0,24.0,5.0,10.0,8.0,11.0,0.03409994073295057,0.3333333333333333,0.07887391103784026,0.5535714285714286,4.0,3.0,False,2018
1,2,3,7.0,15.0,3.0,8.0,6.0,7.0,9.0,20.0,3.0,6.0,4.0,7.0,0.10889821280794965,0.7017543859649122,0.11532389023645702,0.5925925925925926,2.0,2.0,False,2018
0,3,2,9.0,20.0,3.0,6.0,4.0,7.0,7.0,15.0,3.0,8.0,6.0,7.0,0.11532389023645702,0.5925925925925926,0.08711857024635972,0.6896551724137931,2.0,2.0,True,2018
1,21,25,7.0,17.0,4.0,6.0,5.0,6.0,10.0,19.0,6.0,9.0,2.0,4.0,0.06997348403299967,0.41818181818181815,0.1627450459449403,0.7037037037037037,2.0,3.0,False,2018
0,25,21,10.0,19.0,6.0,9.0,2.0,4.0,7.0,17.0,4.0,6.0,5.0,6.0,0.1627450459449403,0.7037037037037037,0.05597878722639974,0.4107142857142857,3.0,2.0,True,2018
0,19,9,8.0,21.0,3.0,10.0,9.0,13.0,7.0,13.0,2.0,6.0,9.0,12.0,0.11223258112934806,0.5,0.09472412826272927,0.3157894736842105,2.0,2.0,False,2018
0,11,17,10.0,24.0,6.0,9.0,6.0,7.0,12.0,25.0,2.0,8.0,13.0,13.0,0.17830666461601907,0.4909090909090909,0.12521037353416192,0.5535714285714286,2.0,2.0,True,2018
0,28,22,8.0,17.0,3.0,10.0,5.0,6.0,10.0,24.0,4.0,8.0,8.0,10.0,0.032732106757633765,0.4107142857142857,0.12717668226360418,0.5535714285714286,3.0,2.0,False,2018
1,17,11,12.0,25.0,2.0,8.0,13.0,13.0,10.0,24.0,6.0,9.0,6.0,7.0,0.12521037353416192,0.5535714285714286,0.18264533169281527,0.5,2.0,2.0,False,2018
1,22,28,10.0,24.0,4.0,8.0,8.0,10.0,8.0,17.0,3.0,10.0,5.0,6.0,0.12717668226360418,0.5535714285714286,0.026185685406107013,0.40350877192982454,2.0,3.0,True,2018
1,26,16,10.0,24.0,5.0,10.0,8.0,11.0,6.0,14.0,3.0,8.0,5.0,6.0,0.07887391103784026,0.5535714285714286,0.027279952586360456,0.32727272727272727,3.0,4.0,True,2018
1,1,13,9.0,19.0,4.0,13.0,11.0,12.0,7.0,18.0,4.0,8.0,6.0,6.0,0.18527371925708955,0.7592592592592593,0.0722900473470259,0.32142857142857145,2.0,1.0,True,2018
0,13,1,7.0,18.0,4.0,8.0,6.0,6.0,9.0,19.0,4.0,13.0,11.0,12.0,0.0722900473470259,0.32142857142857145,0.18821897540567165,0.7636363636363637,1.0,2.0,False,2018
1,6,24,7.0,17.0,4.0,7.0,2.0,2.0,8.0,16.0,2.0,4.0,4.0,5.0,0.023812349259682706,0.3333333333333333,0.12030279675742747,0.5185185185185185,2.0,2.0,False,2018
0,7,0,11.0,18.0,2.0,5.0,5.0,7.0,8.0,17.0,3.0,9.0,4.0,6.0,0.020075068681162423,0.3157894736842105,0.13295808459348274,0.7678571428571429,2.0,2.0,False,2018
1,11,5,9.0,28.0,4.0,9.0,7.0,10.0,6.0,14.0,3.0,5.0,6.0,8.0,0.18264533169281527,0.5,0.08659257831075452,0.6140350877192983,1.0,2.0,True,2018
0,24,6,8.0,16.0,2.0,4.0,4.0,5.0,7.0,17.0,4.0,7.0,2.0,2.0,0.12030279675742747,0.5185185185185185,0.019049879407746165,0.3275862068965517,2.0,2.0,True,2018
1,18,28,8.0,13.0,4.0,6.0,4.0,6.0,9.0,18.0,3.0,8.0,7.0,7.0,0.13931324419548446,0.5283018867924528,0.026185685406107013,0.40350877192982454,2.0,1.0,True,2018
0,28,18,9.0,18.0,3.0,8.0,7.0,7.0,8.0,13.0,4.0,6.0,4.0,6.0,0.026185685406107013,0.40350877192982454,0.15145059535638758,0.5370370370370371,1.0,2.0,False,2018
1,0,7,8.0,17.0,3.0,9.0,4.0,6.0,11.0,18.0,2.0,5.0,5.0,7.0,0.13295808459348274,0.7678571428571429,0.016060054944929937,0.3103448275862069,2.0,2.0,True,2018
1,27,10,9.0,19.0,3.0,6.0,5.0,6.0,9.0,16.0,3.0,6.0,5.0,6.0,0.048607337339147,0.34545454545454546,0.1007049694328663,0.32727272727272727,2.0,2.0,True,2018
1,19,8,8.0,17.0,2.0,6.0,5.0,8.0,14.0,24.0,4.0,8.0,7.0,7.0,0.08978606490347844,0.4909090909090909,0.0909262691409045,0.5272727272727272,1.0,2.0,False,2018
0,5,11,6.0,14.0,3.0,5.0,6.0,8.0,9.0,28.0,4.0,9.0,7.0,10.0,0.08659257831075452,0.6140350877192983,0.18611626535425224,0.5087719298245614,2.0,1.0,False,2018
0,10,27,9.0,16.0,3.0,6.0,5.0,6.0,9.0,19.0,3.0,6.0,5.0,6.0,0.1007049694328663,0.32727272727272727,0.0788858698713176,0.35714285714285715,2.0,2.0,False,2018
0,8,19,14.0,24.0,4.0,8.0,7.0,7.0,8.0,17.0,2.0,6.0,5.0,8.0,0.0909262691409045,0.5272727272727272,0.07182885192278275,0.48214285714285715,2.0,1.0,True,2018
0,3,26,14.0,23.0,6.0,9.0,6.0,10.0,10.0,22.0,5.0,13.0,7.0,10.0,0.1322591121891656,0.6,0.1030991288302722,0.5614035087719298,2.0,2.0,True,2018
1,4,9,7.0,16.0,2.0,6.0,6.0,7.0,8.0,16.0,4.0,7.0,4.0,6.0,0.1401815625885725,0.5636363636363636,0.09472412826272927,0.3157894736842105,3.0,2.0,True,2018
0,1,23,10.0,20.0,6.0,10.0,8.0,9.0,12.0,16.0,2.0,6.0,9.0,9.0,0.18821897540567165,0.7636363636363637,0.10034819430380786,0.5932203389830508,2.0,2.0,True,2018
0,15,13,10.0,17.0,3.0,7.0,3.0,4.0,7.0,15.0,5.0,9.0,5.0,6.0,0.05560444894599629,0.3090909090909091,0.05783203787762072,0.3157894736842105,2.0,2.0,True,2018
0,5,20,12.0,15.0,3.0,8.0,4.0,4.0,9.0,19.0,3.0,7.0,5.0,6.0,0.06927406264860361,0.603448275862069,0.12972309352177047,0.5357142857142857,1.0,3.0,False,2018
1,23,1,12.0,16.0,2.0,6.0,9.0,9.0,10.0,20.0,6.0,10.0,8.0,9.0,0.10034819430380786,0.5932203389830508,0.19057518032453732,0.7678571428571429,2.0,2.0,False,2018
1,25,12,11.0,25.0,4.0,10.0,4.0,6.0,10.0,19.0,5.0,11.0,5.0,6.0,0.17019603675595224,0.7090909090909091,0.07382353133490908,0.5357142857142857,2.0,4.0,True,2018
1,13,15,7.0,15.0,5.0,9.0,5.0,6.0,10.0,17.0,3.0,7.0,3.0,4.0,0.05783203787762072,0.3157894736842105,0.08448355915679702,0.32142857142857145,2.0,2.0,False,2018
0,12,25,10.0,19.0,5.0,11.0,5.0,6.0,11.0,25.0,4.0,10.0,4.0,6.0,0.07382353133490908,0.5357142857142857,0.1761568294047618,0.7142857142857143,4.0,2.0,False,2018
0,9,4,8.0,16.0,4.0,7.0,4.0,6.0,7.0,16.0,2.0,6.0,6.0,7.0,0.09472412826272927,0.3157894736842105,0.152145250070858,0.5714285714285714,2.0,3.0,False,2018
1,20,5,9.0,19.0,3.0,7.0,5.0,6.0,12.0,15.0,3.0,8.0,4.0,4.0,0.12972309352177047,0.5357142857142857,0.05541925011888289,0.5932203389830508,3.0,1.0,True,2018
1,26,3,10.0,22.0,5.0,13.0,7.0,10.0,14.0,23.0,6.0,9.0,6.0,10.0,0.1030991288302722,0.5614035087719298,0.1458072897513325,0.6071428571428571,2.0,2.0,False,2018
0,29,8,10.0,20.0,3.0,8.0,5.0,6.0,15.0,19.0,4.0,8.0,10.0,11.0,0.12595796919786656,0.41818181818181815,0.1127410153127236,0.5357142857142857,4.0,2.0,False,2018
0,14,28,14.0,22.0,4.0,7.0,5.0,8.0,14.0,24.0,6.0,9.0,6.0,8.0,0.12073711536059258,0.5714285714285714,0.02094854832488561,0.39655172413793105,4.0,2.0,True,2018
1,28,14,14.0,24.0,6.0,9.0,6.0,8.0,14.0,22.0,4.0,7.0,5.0,8.0,0.02094854832488561,0.39655172413793105,0.13658969228847406,0.5789473684210527,2.0,4.0,False,2018
1,27,25,8.0,17.0,2.0,4.0,4.0,6.0,9.0,12.0,4.0,7.0,6.0,6.0,0.0788858698713176,0.35714285714285715,0.1761568294047618,0.7142857142857143,2.0,1.0,False,2018
1,18,12,8.0,19.0,3.0,12.0,6.0,6.0,8.0,14.0,2.0,7.0,4.0,6.0,0.15145059535638758,0.5370370370370371,0.05905882506792727,0.5263157894736842,2.0,1.0,True,2018
0,12,18,8.0,14.0,2.0,7.0,4.0,6.0,8.0,19.0,3.0,12.0,6.0,6.0,0.05905882506792727,0.5263157894736842,0.16116047628511004,0.5454545454545454,1.0,2.0,False,2018
1,8,29,15.0,19.0,4.0,8.0,10.0,11.0,10.0,20.0,3.0,8.0,5.0,6.0,0.1127410153127236,0.5357142857142857,0.10076637535829325,0.4107142857142857,2.0,4.0,True,2018
0,0,17,17.0,27.0,6.0,14.0,10.0,10.0,14.0,26.0,4.0,11.0,12.0,12.0,0.1463664676747862,0.7719298245614035,0.10016829882732954,0.543859649122807,2.0,3.0,False,2018
0,26,16,10.0,18.0,6.0,10.0,11.0,12.0,10.0,18.0,5.0,7.0,3.0,5.0,0.08247930306421776,0.5517241379310345,0.027279952586360456,0.32727272727272727,1.0,3.0,True,2018
0,9,19,6.0,15.0,3.0,7.0,6.0,7.0,8.0,13.0,4.0,8.0,6.0,7.0,0.07577930261018342,0.3103448275862069,0.07182885192278275,0.48214285714285715,1.0,2.0,False,2018
0,21,10,9.0,19.0,4.0,8.0,4.0,6.0,10.0,20.0,4.0,10.0,5.0,6.0,0.05597878722639974,0.4107142857142857,0.08056397554629305,0.32142857142857145,3.0,2.0,True,2018
1,10,21,10.0,20.0,4.0,10.0,5.0,6.0,9.0,19.0,4.0,8.0,4.0,6.0,0.08056397554629305,0.32142857142857145,0.0847830297811198,0.42105263157894735,2.0,3.0,False,2018
1,2,24,11.0,21.0,5.0,7.0,6.0,6.0,11.0,18.0,3.0,9.0,10.0,10.0,0.08711857024635972,0.6896551724137931,0.136242237405942,0.5272727272727272,3.0,2.0,False,2018
0,22,6,9.0,24.0,2.0,6.0,6.0,7.0,9.0,16.0,5.0,11.0,7.0,10.0,0.14174134581088335,0.5614035087719298,0.019049879407746165,0.3275862068965517,3.0,2.0,True,2018
1,11,7,10.0,24.0,4.0,11.0,5.0,6.0,10.0,20.0,6.0,14.0,8.0,10.0,0.18611626535425224,0.5087719298245614,0.016060054944929937,0.3103448275862069,2.0,2.0,True,2018
0,24,2,11.0,18.0,3.0,9.0,10.0,10.0,11.0,21.0,5.0,7.0,6.0,6.0,0.136242237405942,0.5272727272727272,0.06969485619708778,0.6779661016949152,2.0,3.0,True,2018
1,16,26,10.0,18.0,5.0,7.0,3.0,5.0,10.0,18.0,6.0,10.0,11.0,12.0,0.027279952586360456,0.32727272727272727,0.10598344245137421,0.559322033898305,3.0,1.0,False,2018
1,17,0,14.0,26.0,4.0,11.0,12.0,12.0,17.0,27.0,6.0,14.0,10.0,10.0,0.10016829882732954,0.543859649122807,0.11709317413982896,0.7586206896551724,3.0,2.0,True,2018
1,19,9,8.0,13.0,4.0,8.0,6.0,7.0,6.0,15.0,3.0,7.0,6.0,7.0,0.07182885192278275,0.48214285714285715,0.06062344208814674,0.3050847457627119,2.0,1.0,True,2018
1,1,15,7.0,19.0,5.0,15.0,9.0,11.0,8.0,16.0,4.0,9.0,2.0,2.0,0.19057518032453732,0.7678571428571429,0.08448355915679702,0.32142857142857145,1.0,1.0,True,2018
0,7,11,10.0,20.0,6.0,14.0,8.0,10.0,10.0,24.0,4.0,11.0,5.0,6.0,0.016060054944929937,0.3103448275862069,0.1888930122834018,0.5172413793103449,2.0,2.0,False,2018
0,25,27,9.0,12.0,4.0,7.0,6.0,6.0,8.0,17.0,2.0,4.0,4.0,6.0,0.1761568294047618,0.7142857142857143,0.06310869589705408,0.3508771929824561,1.0,2.0,True,2018
0,15,1,8.0,16.0,4.0,9.0,2.0,2.0,7.0,19.0,5.0,15.0,9.0,11.0,0.08448355915679702,0.32142857142857145,0.19246014425962987,0.7719298245614035,1.0,1.0,False,2018
1,6,22,9.0,16.0,5.0,11.0,7.0,10.0,9.0,24.0,2.0,6.0,6.0,7.0,0.019049879407746165,0.3275862068965517,0.1533930766487067,0.5689655172413793,2.0,3.0,False,2018
1,4,20,14.0,21.0,3.0,6.0,7.0,12.0,11.0,18.0,5.0,7.0,5.0,5.0,0.152145250070858,0.5714285714285714,0.14377847481741637,0.543859649122807,2.0,2.0,False,2018
0,29,23,8.0,15.0,3.0,9.0,7.0,9.0,11.0,20.0,2.0,7.0,10.0,11.0,0.10076637535829325,0.4107142857142857,0.08027855544304628,0.5833333333333334,1.0,2.0,False,2018
1,23,29,11.0,20.0,2.0,7.0,10.0,11.0,8.0,15.0,3.0,9.0,7.0,9.0,0.08027855544304628,0.5833333333333334,0.0806131002866346,0.40350877192982454,2.0,1.0,True,2018
0,20,4,11.0,18.0,5.0,7.0,5.0,5.0,14.0,21.0,3.0,6.0,7.0,12.0,0.14377847481741637,0.543859649122807,0.1217162000566864,0.5614035087719298,2.0,2.0,True,2018
0,28,10,12.0,22.0,2.0,6.0,6.0,6.0,9.0,15.0,3.0,6.0,4.0,4.0,0.016758838659908487,0.3898305084745763,0.06445118043703443,0.3157894736842105,8.0,8.0,True,2018
0,26,15,9.0,17.0,7.0,12.0,9.0,10.0,12.0,23.0,4.0,7.0,4.0,4.0,0.10598344245137421,0.559322033898305,0.06758684732543761,0.3157894736842105,8.0,8.0,True,2018
0,18,27,13.0,18.0,3.0,8.0,6.0,11.0,15.0,26.0,6.0,9.0,4.0,7.0,0.16116047628511004,0.5454545454545454,0.06310869589705408,0.3508771929824561,8.0,8.0,True,2018
0,6,21,8.0,17.0,4.0,8.0,3.0,4.0,12.0,22.0,4.0,8.0,5.0,7.0,0.015239903526196932,0.3220338983050847,0.0847830297811198,0.42105263157894735,8.0,8.0,False,2018
0,14,3,8.0,19.0,3.0,6.0,4.0,4.0,13.0,18.0,3.0,8.0,5.0,9.0,0.13658969228847406,0.5789473684210527,0.1458072897513325,0.6071428571428571,8.0,9.0,True,2018
1,27,18,15.0,26.0,6.0,9.0,4.0,7.0,13.0,18.0,3.0,8.0,6.0,11.0,0.06310869589705408,0.3508771929824561,0.16892838102808802,0.5535714285714286,8.0,8.0,False,2018
0,24,0,7.0,17.0,4.0,10.0,6.0,6.0,14.0,19.0,8.0,11.0,8.0,10.0,0.1489937899247536,0.5357142857142857,0.11709317413982896,0.7586206896551724,8.0,8.0,False,2018
1,3,14,13.0,18.0,3.0,8.0,5.0,9.0,8.0,19.0,3.0,6.0,4.0,4.0,0.1458072897513325,0.6071428571428571,0.14927175383077923,0.5862068965517241,9.0,8.0,False,2018
1,15,26,12.0,23.0,4.0,7.0,4.0,4.0,9.0,17.0,7.0,12.0,9.0,10.0,0.06758684732543761,0.3157894736842105,0.12478675396109937,0.5666666666666667,8.0,8.0,False,2018
1,0,24,14.0,19.0,8.0,11.0,8.0,10.0,7.0,17.0,4.0,10.0,6.0,6.0,0.11709317413982896,0.7586206896551724,0.11919503193980288,0.5263157894736842,8.0,8.0,True,2018
1,21,6,12.0,22.0,4.0,8.0,5.0,7.0,8.0,17.0,4.0,8.0,3.0,4.0,0.0847830297811198,0.42105263157894735,0.012191922820957546,0.31666666666666665,8.0,8.0,True,2018
1,10,28,9.0,15.0,3.0,6.0,4.0,4.0,12.0,22.0,2.0,6.0,6.0,6.0,0.06445118043703443,0.3157894736842105,0.05340707092792678,0.4,8.0,8.0,False,2018
1,11,17,8.0,20.0,4.0,10.0,3.0,4.0,11.0,21.0,4.0,7.0,8.0,8.0,0.1888930122834018,0.5172413793103449,0.12013463906186364,0.5517241379310345,9.0,9.0,False,2018
0,21,14,8.0,17.0,6.0,10.0,4.0,4.0,11.0,21.0,3.0,6.0,8.0,9.0,0.10782642382489585,0.43103448275862066,0.14927175383077923,0.5862068965517241,1.0,1.0,True,2018
0,23,1,8.0,16.0,3.0,7.0,5.0,5.0,10.0,25.0,3.0,10.0,12.0,12.0,0.10422284435443703,0.5901639344262295,0.19246014425962987,0.7719298245614035,8.0,9.0,False,2018
1,22,9,9.0,16.0,2.0,6.0,4.0,4.0,7.0,14.0,3.0,8.0,3.0,4.0,0.1533930766487067,0.5689655172413793,0.06062344208814674,0.3050847457627119,9.0,9.0,True,2018
1,1,23,10.0,25.0,3.0,10.0,12.0,12.0,8.0,16.0,3.0,7.0,5.0,5.0,0.19246014425962987,0.7719298245614035,0.08337827548354962,0.5806451612903226,9.0,8.0,True,2018
0,3,16,7.0,16.0,2.0,6.0,7.0,8.0,6.0,13.0,3.0,7.0,4.0,5.0,0.116645831801066,0.5964912280701754,0.021823962069088366,0.32142857142857145,1.0,9.0,True,2018
1,29,13,9.0,14.0,3.0,7.0,5.0,5.0,7.0,16.0,5.0,8.0,3.0,3.0,0.0806131002866346,0.40350877192982454,0.04626563030209658,0.3103448275862069,8.0,10.0,True,2018
0,5,20,13.0,23.0,4.0,7.0,12.0,14.0,10.0,16.0,4.0,7.0,5.0,7.0,0.05541925011888289,0.5932203389830508,0.1550227798539331,0.5517241379310345,10.0,8.0,False,2018
0,9,22,7.0,14.0,3.0,8.0,3.0,4.0,9.0,16.0,2.0,6.0,4.0,4.0,0.06062344208814674,0.3050847457627119,0.16271446131896536,0.576271186440678,9.0,9.0,False,2018
1,16,3,6.0,13.0,3.0,7.0,4.0,5.0,7.0,16.0,2.0,6.0,7.0,8.0,0.021823962069088366,0.32142857142857145,0.1333166654408528,0.603448275862069,9.0,1.0,False,2018
0,13,29,7.0,16.0,5.0,8.0,3.0,3.0,9.0,14.0,3.0,7.0,5.0,5.0,0.04626563030209658,0.3103448275862069,0.10449048022930767,0.41379310344827586,10.0,8.0,False,2018
1,20,5,10.0,16.0,4.0,7.0,5.0,7.0,13.0,23.0,4.0,7.0,12.0,14.0,0.1550227798539331,0.5517241379310345,0.044335400095106316,0.5833333333333334,8.0,10.0,True,2018
1,14,21,11.0,21.0,3.0,6.0,8.0,9.0,8.0,17.0,6.0,10.0,4.0,4.0,0.14927175383077923,0.5862068965517241,0.12626113905991668,0.4406779661016949,1.0,1.0,False,2018
0,4,25,11.0,22.0,4.0,5.0,9.0,10.0,13.0,26.0,3.0,10.0,6.0,6.0,0.1217162000566864,0.5614035087719298,0.18092546352380942,0.7192982456140351,8.0,9.0,True,2018
1,8,12,17.0,34.0,3.0,7.0,10.0,11.0,12.0,22.0,2.0,5.0,4.0,6.0,0.1301928122501789,0.543859649122807,0.047247060054341816,0.5172413793103449,9.0,9.0,True,2018
1,25,4,13.0,26.0,3.0,10.0,6.0,6.0,11.0,22.0,4.0,5.0,9.0,10.0,0.18092546352380942,0.7192982456140351,0.1373729600453491,0.5689655172413793,9.0,8.0,False,2018
0,2,19,8.0,14.0,4.0,9.0,4.0,5.0,9.0,19.0,3.0,9.0,5.0,8.0,0.06969485619708778,0.6779661016949152,0.09746308153822622,0.49122807017543857,9.0,9.0,True,2018
1,19,2,9.0,19.0,3.0,9.0,5.0,8.0,8.0,14.0,4.0,9.0,4.0,5.0,0.09746308153822622,0.49122807017543857,0.09575588495767022,0.6833333333333333,9.0,9.0,False,2018
0,17,11,11.0,21.0,4.0,7.0,8.0,8.0,8.0,20.0,4.0,10.0,3.0,4.0,0.12013463906186364,0.5517241379310345,0.15111440982672145,0.5084745762711864,9.0,9.0,True,2018
0,12,8,12.0,22.0,2.0,5.0,4.0,6.0,17.0,34.0,3.0,7.0,10.0,11.0,0.047247060054341816,0.5172413793103449,0.1441542498001431,0.5517241379310345,9.0,9.0,False,2018
0,24,7,12.0,20.0,5.0,7.0,8.0,9.0,11.0,23.0,5.0,10.0,11.0,13.0,0.11919503193980288,0.5263157894736842,0.012848043955943949,0.3050847457627119,1.0,9.0,True,2018
1,7,24,11.0,23.0,5.0,10.0,11.0,13.0,12.0,20.0,5.0,7.0,8.0,9.0,0.012848043955943949,0.3050847457627119,0.13535602555184229,0.5344827586206896,9.0,1.0,False,2018
1,28,2,10.0,19.0,3.0,8.0,5.0,8.0,11.0,22.0,6.0,12.0,5.0,5.0,0.05340707092792678,0.4,0.09575588495767022,0.6833333333333333,2.0,1.0,False,2018
1,23,27,10.0,20.0,5.0,8.0,6.0,7.0,7.0,17.0,2.0,4.0,7.0,8.0,0.08337827548354962,0.5806451612903226,0.050486956717643264,0.3448275862068966,1.0,2.0,True,2018
1,15,29,8.0,17.0,5.0,10.0,6.0,11.0,12.0,20.0,8.0,14.0,6.0,6.0,0.05406947786035009,0.3103448275862069,0.10449048022930767,0.41379310344827586,2.0,1.0,False,2018
1,0,26,10.0,20.0,5.0,12.0,4.0,4.0,6.0,17.0,3.0,9.0,6.0,6.0,0.13367453931186318,0.7627118644067796,0.12478675396109937,0.5666666666666667,2.0,2.0,True,2018
0,27,23,7.0,17.0,2.0,4.0,7.0,8.0,10.0,20.0,5.0,8.0,6.0,7.0,0.050486956717643264,0.3448275862068966,0.10670262038683968,0.5873015873015873,2.0,1.0,False,2018
0,29,15,12.0,20.0,8.0,14.0,6.0,6.0,8.0,17.0,5.0,10.0,6.0,11.0,0.10449048022930767,0.41379310344827586,0.04325558228828007,0.3050847457627119,1.0,2.0,True,2018
0,17,7,13.0,27.0,3.0,11.0,11.0,15.0,11.0,28.0,5.0,10.0,5.0,8.0,0.1361077112494909,0.559322033898305,0.01027843516475516,0.3,1.0,1.0,True,2018
1,11,13,8.0,20.0,4.0,8.0,5.0,6.0,8.0,17.0,3.0,7.0,4.0,4.0,0.15111440982672145,0.5084745762711864,0.03701250424167726,0.3050847457627119,1.0,1.0,True,2018
0,26,0,6.0,17.0,3.0,9.0,6.0,6.0,10.0,20.0,5.0,12.0,4.0,4.0,0.12478675396109937,0.5666666666666667,0.14693963144949054,0.7666666666666667,2.0,2.0,False,2018
0,10,18,8.0,17.0,4.0,8.0,5.0,5.0,10.0,17.0,4.0,9.0,7.0,10.0,0.05156094434962755,0.3103448275862069,0.16892838102808802,0.5535714285714286,2.0,2.0,False,2018
1,7,17,11.0,28.0,5.0,10.0,5.0,8.0,13.0,27.0,3.0,11.0,11.0,15.0,0.01027843516475516,0.3,0.14888616899959273,0.5666666666666667,1.0,1.0,False,2018
1,12,16,7.0,13.0,5.0,10.0,9.0,9.0,7.0,13.0,2.0,3.0,3.0,5.0,0.03779764804347345,0.5084745762711864,0.017459169655270692,0.3157894736842105,1.0,1.0,True,2018
0,16,12,7.0,13.0,2.0,3.0,3.0,5.0,7.0,13.0,5.0,10.0,9.0,9.0,0.017459169655270692,0.3157894736842105,0.07023811843477876,0.5166666666666667,1.0,1.0,False,2018
1,18,10,10.0,17.0,4.0,9.0,7.0,10.0,8.0,17.0,4.0,8.0,5.0,5.0,0.16892838102808802,0.5535714285714286,0.04124875547970204,0.3050847457627119,2.0,2.0,True,2018
0,13,11,8.0,17.0,3.0,7.0,4.0,4.0,8.0,20.0,4.0,8.0,5.0,6.0,0.03701250424167726,0.3050847457627119,0.16089152786137717,0.5166666666666667,1.0,1.0,False,2018
0,2,28,11.0,22.0,6.0,12.0,5.0,5.0,10.0,19.0,3.0,8.0,5.0,8.0,0.09575588495767022,0.6833333333333333,0.042725656742341425,0.39344262295081966,1.0,2.0,True,2018
0,18,14,9.0,20.0,2.0,8.0,5.0,6.0,10.0,16.0,4.0,7.0,3.0,4.0,0.17514270482247044,0.5614035087719298,0.11941740306462338,0.576271186440678,1.0,2.0,False,2018
1,20,1,10.0,18.0,3.0,7.0,7.0,9.0,11.0,20.0,6.0,10.0,13.0,16.0,0.1640182238831465,0.559322033898305,0.1939681154077039,0.7758620689655172,2.0,2.0,False,2018
1,3,5,14.0,25.0,3.0,7.0,3.0,4.0,9.0,20.0,5.0,9.0,9.0,10.0,0.1333166654408528,0.603448275862069,0.044335400095106316,0.5833333333333334,2.0,2.0,False,2018
0,8,4,16.0,31.0,2.0,8.0,3.0,4.0,8.0,18.0,2.0,5.0,8.0,10.0,0.1441542498001431,0.5517241379310345,0.1373729600453491,0.5689655172413793,2.0,2.0,True,2018
1,14,18,10.0,16.0,4.0,7.0,3.0,4.0,9.0,20.0,2.0,8.0,5.0,6.0,0.11941740306462338,0.576271186440678,0.14011416385797634,0.5517241379310345,2.0,1.0,True,2018
0,19,21,10.0,18.0,1.0,5.0,4.0,4.0,8.0,11.0,4.0,7.0,5.0,5.0,0.07797046523058097,0.4827586206896552,0.12626113905991668,0.4406779661016949,2.0,2.0,False,2018
0,5,3,9.0,20.0,5.0,9.0,9.0,10.0,14.0,25.0,3.0,7.0,3.0,4.0,0.044335400095106316,0.5833333333333334,0.10665333235268223,0.5932203389830508,2.0,2.0,True,2018
1,21,19,8.0,11.0,4.0,7.0,5.0,5.0,10.0,18.0,1.0,5.0,4.0,4.0,0.12626113905991668,0.4406779661016949,0.062376372184464776,0.4745762711864407,2.0,2.0,True,2018
1,4,8,8.0,18.0,2.0,5.0,8.0,10.0,16.0,31.0,2.0,8.0,3.0,4.0,0.1373729600453491,0.5689655172413793,0.1553233998401145,0.559322033898305,2.0,2.0,False,2018
0,1,20,11.0,20.0,6.0,10.0,13.0,16.0,10.0,18.0,3.0,7.0,7.0,9.0,0.1939681154077039,0.7758620689655172,0.13121457910651718,0.55,2.0,2.0,True,2018
1,26,10,9.0,20.0,3.0,7.0,6.0,7.0,7.0,20.0,5.0,9.0,9.0,10.0,0.09982940316887949,0.5573770491803278,0.04124875547970204,0.3050847457627119,2.0,2.0,True,2018
0,7,8,14.0,28.0,3.0,10.0,9.0,11.0,16.0,29.0,2.0,9.0,21.0,26.0,0.008222748131804129,0.29508196721311475,0.1553233998401145,0.559322033898305,2.0,1.0,False,2018
0,23,15,9.0,15.0,2.0,7.0,11.0,12.0,8.0,15.0,3.0,6.0,3.0,3.0,0.10670262038683968,0.5873015873015873,0.04325558228828007,0.3050847457627119,2.0,2.0,True,2018
0,16,2,8.0,12.0,2.0,5.0,6.0,11.0,8.0,15.0,5.0,8.0,4.0,5.0,0.013967335724216554,0.3103448275862069,0.11660470796613617,0.6885245901639344,2.0,2.0,False,2018
0,1,11,8.0,13.0,3.0,9.0,9.0,12.0,7.0,15.0,2.0,9.0,4.0,5.0,0.1951744923261631,0.7796610169491526,0.16089152786137717,0.5166666666666667,1.0,2.0,True,2018
1,8,7,16.0,29.0,2.0,9.0,21.0,26.0,14.0,28.0,3.0,10.0,9.0,11.0,0.1553233998401145,0.559322033898305,0.006578198505443303,0.2903225806451613,1.0,2.0,True,2018
1,13,22,7.0,17.0,4.0,9.0,6.0,7.0,10.0,16.0,2.0,4.0,5.0,6.0,0.02961000339334181,0.3,0.16271446131896536,0.576271186440678,2.0,3.0,True,2018
0,0,28,9.0,16.0,4.0,9.0,8.0,8.0,8.0,15.0,3.0,6.0,4.0,4.0,0.14693963144949054,0.7666666666666667,0.042725656742341425,0.39344262295081966,2.0,2.0,True,2018
1,11,1,7.0,15.0,2.0,9.0,4.0,5.0,8.0,13.0,3.0,9.0,9.0,12.0,0.16089152786137717,0.5166666666666667,0.1961395938609305,0.7833333333333333,2.0,1.0,False,2018
1,9,29,8.0,18.0,4.0,11.0,8.0,10.0,10.0,16.0,3.0,7.0,4.0,4.0,0.04849875367051739,0.3,0.12359238418344613,0.423728813559322,3.0,2.0,False,2018
0,10,26,7.0,20.0,5.0,9.0,9.0,10.0,9.0,20.0,3.0,7.0,6.0,7.0,0.04124875547970204,0.3050847457627119,0.1198635225351036,0.5645161290322581,2.0,2.0,False,2018
0,19,25,8.0,18.0,2.0,5.0,4.0,6.0,7.0,14.0,6.0,8.0,10.0,11.0,0.062376372184464776,0.4745762711864407,0.14474037081904753,0.7068965517241379,1.0,3.0,False,2018
0,29,9,10.0,16.0,3.0,7.0,4.0,4.0,8.0,18.0,4.0,11.0,8.0,10.0,0.12359238418344613,0.423728813559322,0.03879900293641391,0.29508196721311475,2.0,3.0,True,2018
0,27,6,9.0,18.0,3.0,7.0,4.0,7.0,8.0,13.0,4.0,9.0,3.0,3.0,0.04038956537411461,0.3389830508474576,0.012191922820957546,0.31666666666666665,2.0,4.0,False,2018
1,6,27,8.0,13.0,4.0,9.0,3.0,3.0,9.0,18.0,3.0,7.0,4.0,7.0,0.012191922820957546,0.31666666666666665,0.032311652299291685,0.3333333333333333,4.0,2.0,True,2018
1,25,19,7.0,14.0,6.0,8.0,10.0,11.0,8.0,18.0,2.0,5.0,4.0,6.0,0.14474037081904753,0.7068965517241379,0.04990109774757182,0.4666666666666667,3.0,1.0,True,2018
1,15,23,8.0,15.0,3.0,6.0,3.0,3.0,9.0,15.0,2.0,7.0,11.0,12.0,0.04325558228828007,0.3050847457627119,0.12536209630947176,0.59375,2.0,2.0,False,2018
1,28,0,8.0,15.0,3.0,6.0,4.0,4.0,9.0,16.0,4.0,9.0,8.0,8.0,0.042725656742341425,0.39344262295081966,0.15755170515959244,0.7704918032786885,2.0,2.0,False,2018
1,2,16,8.0,15.0,5.0,8.0,4.0,5.0,8.0,12.0,2.0,5.0,6.0,11.0,0.11660470796613617,0.6885245901639344,0.011173868579373244,0.3050847457627119,2.0,2.0,True,2018
0,22,13,10.0,16.0,2.0,4.0,5.0,6.0,7.0,17.0,4.0,9.0,6.0,7.0,0.16271446131896536,0.576271186440678,0.06368800271467345,0.3114754098360656,3.0,2.0,False,2018
1,17,15,11.0,19.0,4.0,8.0,4.0,6.0,8.0,16.0,2.0,6.0,4.0,4.0,0.14888616899959273,0.5666666666666667,0.03460446583062406,0.3,3.0,1.0,True,2018
1,4,14,8.0,16.0,3.0,7.0,6.0,8.0,9.0,18.0,3.0,6.0,6.0,6.0,0.10989836803627928,0.559322033898305,0.1355339224516987,0.5833333333333334,2.0,2.0,False,2018
0,27,21,7.0,19.0,3.0,5.0,6.0,8.0,11.0,19.0,6.0,10.0,4.0,5.0,0.032311652299291685,0.3333333333333333,0.14100891124793333,0.45,1.0,2.0,False,2018
0,24,20,10.0,18.0,3.0,7.0,8.0,9.0,7.0,15.0,4.0,6.0,8.0,8.0,0.13535602555184229,0.5344827586206896,0.13121457910651718,0.55,4.0,2.0,True,2018
0,6,3,9.0,18.0,3.0,8.0,6.0,8.0,13.0,25.0,4.0,7.0,5.0,8.0,0.04975353825676604,0.32786885245901637,0.10665333235268223,0.5932203389830508,1.0,2.0,False,2018
0,18,12,9.0,16.0,3.0,8.0,5.0,6.0,10.0,17.0,3.0,5.0,5.0,8.0,0.14011416385797634,0.5517241379310345,0.07023811843477876,0.5166666666666667,2.0,3.0,False,2018
1,21,27,11.0,19.0,6.0,10.0,4.0,5.0,7.0,19.0,3.0,5.0,6.0,8.0,0.14100891124793333,0.45,0.025849321839433347,0.32786885245901637,2.0,1.0,True,2018
1,20,24,7.0,15.0,4.0,6.0,8.0,8.0,10.0,18.0,3.0,7.0,8.0,9.0,0.13121457910651718,0.55,0.14828482044147384,0.5423728813559322,2.0,4.0,False,2018
1,12,18,10.0,17.0,3.0,5.0,5.0,8.0,9.0,16.0,3.0,8.0,5.0,6.0,0.07023811843477876,0.5166666666666667,0.11209133108638107,0.5423728813559322,3.0,2.0,True,2018
1,3,6,13.0,25.0,4.0,7.0,5.0,8.0,9.0,18.0,3.0,8.0,6.0,8.0,0.10665333235268223,0.5932203389830508,0.03980283060541283,0.3225806451612903,2.0,1.0,True,2018
0,15,17,8.0,16.0,2.0,6.0,4.0,4.0,11.0,19.0,4.0,8.0,4.0,6.0,0.03460446583062406,0.3,0.15910893519967417,0.5737704918032787,1.0,3.0,False,2018
0,14,4,9.0,18.0,3.0,6.0,6.0,6.0,8.0,16.0,3.0,7.0,6.0,8.0,0.1355339224516987,0.5833333333333334,0.08791869442902342,0.55,2.0,2.0,True,2018
1,19,4,7.0,14.0,3.0,6.0,6.0,6.0,5.0,13.0,2.0,4.0,10.0,10.0,0.04990109774757182,0.4666666666666667,0.08791869442902342,0.55,2.0,1.0,True,2018
1,13,26,10.0,18.0,3.0,10.0,5.0,6.0,11.0,25.0,2.0,7.0,8.0,9.0,0.06368800271467345,0.3114754098360656,0.1198635225351036,0.5645161290322581,2.0,2.0,False,2018
1,14,0,10.0,17.0,4.0,8.0,7.0,9.0,12.0,20.0,4.0,9.0,11.0,12.0,0.14842713796135895,0.5901639344262295,0.15755170515959244,0.7704918032786885,1.0,2.0,False,2018
1,9,22,7.0,14.0,3.0,5.0,6.0,7.0,10.0,25.0,5.0,9.0,6.0,8.0,0.03879900293641391,0.29508196721311475,0.1301715690551723,0.5666666666666667,2.0,2.0,True,2018
0,21,2,10.0,15.0,4.0,6.0,6.0,6.0,13.0,18.0,4.0,6.0,7.0,7.0,0.15280712899834667,0.45901639344262296,0.13328376637290895,0.6935483870967742,1.0,2.0,False,2018
1,2,21,13.0,18.0,4.0,6.0,7.0,7.0,10.0,15.0,4.0,6.0,6.0,6.0,0.13328376637290895,0.6935483870967742,0.12224570319867734,0.45161290322580644,2.0,1.0,True,2018
1,10,25,7.0,15.0,3.0,8.0,4.0,5.0,7.0,13.0,4.0,8.0,9.0,11.0,0.03299900438376163,0.3,0.15579229665523803,0.711864406779661,2.0,2.0,False,2018
0,26,13,11.0,25.0,2.0,7.0,8.0,9.0,10.0,18.0,3.0,10.0,5.0,6.0,0.1198635225351036,0.5645161290322581,0.05095040217173876,0.3064516129032258,2.0,2.0,True,2018
0,0,14,12.0,20.0,4.0,9.0,11.0,12.0,10.0,17.0,4.0,8.0,7.0,9.0,0.15755170515959244,0.7704918032786885,0.11874171036908716,0.5806451612903226,2.0,1.0,True,2018
0,22,9,10.0,25.0,5.0,9.0,6.0,8.0,7.0,14.0,3.0,5.0,6.0,7.0,0.1301715690551723,0.5666666666666667,0.07103920234913114,0.3064516129032258,2.0,2.0,False,2018
1,16,7,7.0,21.0,3.0,7.0,7.0,8.0,12.0,29.0,1.0,6.0,10.0,13.0,0.011173868579373244,0.3050847457627119,0.006578198505443303,0.2903225806451613,2.0,2.0,False,2018
0,8,5,11.0,19.0,3.0,5.0,8.0,8.0,8.0,15.0,2.0,6.0,3.0,4.0,0.1642587198720916,0.5666666666666667,0.07546832007608505,0.5901639344262295,2.0,3.0,True,2018
1,5,8,8.0,15.0,2.0,6.0,3.0,4.0,11.0,19.0,3.0,5.0,8.0,8.0,0.07546832007608505,0.5901639344262295,0.17140697589767329,0.5737704918032787,3.0,2.0,False,2018
0,25,10,7.0,13.0,4.0,8.0,9.0,11.0,7.0,15.0,3.0,8.0,4.0,5.0,0.15579229665523803,0.711864406779661,0.026399203507009306,0.29508196721311475,2.0,2.0,True,2018
0,4,19,5.0,13.0,2.0,4.0,10.0,10.0,7.0,14.0,3.0,6.0,6.0,6.0,0.08791869442902342,0.55,0.07992087819805746,0.47540983606557374,1.0,2.0,False,2018
1,24,1,9.0,16.0,3.0,6.0,4.0,6.0,9.0,18.0,5.0,14.0,8.0,9.0,0.14828482044147384,0.5423728813559322,0.1961395938609305,0.7833333333333333,1.0,2.0,False,2018
0,7,16,12.0,29.0,1.0,6.0,10.0,13.0,7.0,21.0,3.0,7.0,7.0,8.0,0.006578198505443303,0.2903225806451613,0.008939094863498595,0.3,2.0,2.0,True,2018
0,1,24,9.0,18.0,5.0,14.0,8.0,9.0,9.0,16.0,3.0,6.0,4.0,6.0,0.1961395938609305,0.7833333333333333,0.11862785635317907,0.5333333333333333,2.0,1.0,True,2018
1,3,18,12.0,24.0,3.0,7.0,4.0,6.0,8.0,18.0,4.0,8.0,4.0,8.0,0.1253226658821458,0.6,0.11209133108638107,0.5423728813559322,2.0,2.0,False,2018
1,12,29,11.0,19.0,3.0,9.0,4.0,4.0,11.0,20.0,6.0,11.0,9.0,9.0,0.09619049474782301,0.5245901639344263,0.13887390734675692,0.43333333333333335,2.0,3.0,False,2018
0,29,12,11.0,20.0,6.0,11.0,9.0,9.0,11.0,19.0,3.0,9.0,4.0,4.0,0.13887390734675692,0.43333333333333335,0.07695239579825841,0.5161290322580645,3.0,2.0,True,2018
1,17,23,9.0,22.0,4.0,12.0,13.0,16.0,11.0,20.0,2.0,6.0,11.0,12.0,0.15910893519967417,0.5737704918032787,0.12536209630947176,0.59375,2.0,3.0,True,2018
0,18,3,8.0,18.0,4.0,8.0,4.0,8.0,12.0,24.0,3.0,7.0,4.0,6.0,0.11209133108638107,0.5423728813559322,0.10025813270571664,0.5901639344262295,2.0,2.0,True,2018
0,6,15,8.0,19.0,6.0,13.0,3.0,4.0,10.0,17.0,2.0,5.0,3.0,4.0,0.03980283060541283,0.3225806451612903,0.027683572664499244,0.29508196721311475,2.0,2.0,False,2018
0,23,17,11.0,20.0,2.0,6.0,11.0,12.0,9.0,22.0,4.0,12.0,13.0,16.0,0.12536209630947176,0.59375,0.16728714815973933,0.5806451612903226,3.0,2.0,False,2018
1,15,6,10.0,17.0,2.0,5.0,3.0,4.0,8.0,19.0,6.0,13.0,3.0,4.0,0.027683572664499244,0.29508196721311475,0.031842264484330265,0.31746031746031744,2.0,2.0,True,2018
1,9,0,10.0,21.0,5.0,12.0,5.0,5.0,12.0,19.0,4.0,9.0,8.0,8.0,0.07103920234913114,0.3064516129032258,0.16604136412767395,0.7741935483870968,2.0,2.0,False,2018
1,18,21,8.0,19.0,2.0,4.0,6.0,11.0,11.0,21.0,4.0,10.0,6.0,6.0,0.12967306486910485,0.55,0.12224570319867734,0.45161290322580644,1.0,2.0,True,2018
0,20,16,11.0,18.0,2.0,5.0,5.0,7.0,8.0,17.0,3.0,7.0,5.0,5.0,0.10497166328521375,0.5409836065573771,0.008939094863498595,0.3,3.0,2.0,True,2018
0,26,7,16.0,25.0,3.0,9.0,9.0,11.0,16.0,28.0,6.0,10.0,6.0,6.0,0.13589081802808287,0.5714285714285714,0.04526255880435464,0.30158730158730157,2.0,2.0,True,2018
1,4,22,11.0,21.0,2.0,6.0,10.0,12.0,9.0,19.0,2.0,6.0,12.0,13.0,0.07033495554321874,0.5409836065573771,0.10413725524413783,0.5573770491803278,2.0,2.0,False,2018
0,21,18,11.0,21.0,4.0,10.0,6.0,6.0,8.0,19.0,2.0,4.0,6.0,11.0,0.12224570319867734,0.45161290322580644,0.1437384518952839,0.5573770491803278,2.0,1.0,False,2018
0,25,14,9.0,17.0,6.0,9.0,7.0,8.0,9.0,19.0,3.0,7.0,4.0,6.0,0.16463383732419043,0.7166666666666667,0.11874171036908716,0.5806451612903226,2.0,2.0,True,2018
1,7,26,16.0,28.0,6.0,10.0,6.0,6.0,16.0,25.0,3.0,9.0,9.0,11.0,0.04526255880435464,0.30158730158730157,0.1487126544224663,0.578125,2.0,2.0,False,2018
1,14,25,9.0,19.0,3.0,7.0,4.0,6.0,9.0,17.0,6.0,9.0,7.0,8.0,0.11874171036908716,0.5806451612903226,0.17170706985935233,0.7213114754098361,2.0,2.0,False,2018
0,22,4,9.0,19.0,2.0,6.0,12.0,13.0,11.0,21.0,2.0,6.0,10.0,12.0,0.10413725524413783,0.5573770491803278,0.05626796443457499,0.532258064516129,2.0,2.0,True,2018
0,19,10,8.0,21.0,4.0,11.0,4.0,5.0,10.0,19.0,4.0,8.0,4.0,6.0,0.07992087819805746,0.47540983606557374,0.026399203507009306,0.29508196721311475,2.0,2.0,False,2018
1,11,23,10.0,18.0,3.0,9.0,12.0,14.0,10.0,19.0,4.0,4.0,5.0,8.0,0.12871322228910173,0.5081967213114754,0.10028967704757741,0.5846153846153846,4.0,1.0,True,2018
1,27,13,9.0,16.0,3.0,5.0,3.0,4.0,9.0,19.0,5.0,8.0,7.0,8.0,0.025849321839433347,0.32786885245901637,0.05095040217173876,0.3064516129032258,3.0,2.0,True,2018
0,0,9,12.0,19.0,4.0,9.0,8.0,8.0,10.0,21.0,5.0,12.0,5.0,5.0,0.16604136412767395,0.7741935483870968,0.05683136187930491,0.30158730158730157,2.0,2.0,True,2018
0,23,11,10.0,19.0,4.0,4.0,5.0,8.0,10.0,18.0,3.0,9.0,12.0,14.0,0.10028967704757741,0.5846153846153846,0.1429705778312814,0.5161290322580645,1.0,4.0,False,2018
1,16,20,8.0,17.0,3.0,7.0,5.0,5.0,11.0,18.0,2.0,5.0,5.0,7.0,0.008939094863498595,0.3,0.123977330628171,0.5483870967741935,2.0,3.0,False,2018
0,28,24,9.0,16.0,3.0,5.0,5.0,6.0,9.0,16.0,5.0,7.0,9.0,10.0,0.03418052539387314,0.3870967741935484,0.11862785635317907,0.5333333333333333,4.0,2.0,False,2018
1,24,28,9.0,16.0,5.0,7.0,9.0,10.0,9.0,16.0,3.0,5.0,5.0,6.0,0.11862785635317907,0.5333333333333333,0.02734442031509851,0.38095238095238093,2.0,4.0,True,2018
0,13,27,9.0,19.0,5.0,8.0,7.0,8.0,9.0,16.0,3.0,5.0,3.0,4.0,0.05095040217173876,0.3064516129032258,0.06067945747154668,0.3387096774193548,2.0,3.0,False,2018
1,10,19,10.0,19.0,4.0,8.0,4.0,6.0,8.0,21.0,4.0,11.0,4.0,5.0,0.026399203507009306,0.29508196721311475,0.06393670255844597,0.46774193548387094,2.0,2.0,True,2018
0,19,12,10.0,21.0,3.0,6.0,8.0,8.0,7.0,13.0,3.0,8.0,5.0,9.0,0.06393670255844597,0.46774193548387094,0.07695239579825841,0.5161290322580645,1.0,2.0,False,2018
0,11,15,7.0,16.0,3.0,8.0,10.0,10.0,7.0,14.0,3.0,7.0,3.0,4.0,0.1429705778312814,0.5161290322580645,0.06214685813159939,0.3064516129032258,1.0,2.0,True,2018
0,20,3,10.0,17.0,6.0,10.0,6.0,6.0,8.0,19.0,3.0,5.0,8.0,11.0,0.123977330628171,0.5483870967741935,0.10025813270571664,0.5901639344262295,1.0,2.0,True,2018
1,1,2,8.0,18.0,7.0,13.0,11.0,13.0,8.0,17.0,5.0,7.0,6.0,6.0,0.19691167508874438,0.7868852459016393,0.14662701309832715,0.6984126984126984,3.0,3.0,True,2018
1,15,11,7.0,14.0,3.0,7.0,3.0,4.0,7.0,16.0,3.0,8.0,10.0,10.0,0.06214685813159939,0.3064516129032258,0.15437646226502513,0.5238095238095238,2.0,1.0,False,2018
0,2,1,8.0,17.0,5.0,7.0,6.0,6.0,8.0,18.0,7.0,13.0,11.0,13.0,0.14662701309832715,0.6984126984126984,0.1975293400709955,0.7903225806451613,3.0,3.0,False,2018
0,29,5,8.0,16.0,6.0,10.0,9.0,11.0,8.0,17.0,3.0,8.0,4.0,6.0,0.15109912587740554,0.4426229508196721,0.06037465606086804,0.5806451612903226,2.0,3.0,True,2018
1,12,19,7.0,13.0,3.0,8.0,5.0,9.0,10.0,21.0,3.0,6.0,8.0,8.0,0.07695239579825841,0.5161290322580645,0.051149362046756776,0.4603174603174603,2.0,1.0,True,2018
1,10,16,8.0,14.0,2.0,8.0,6.0,7.0,8.0,14.0,3.0,6.0,6.0,7.0,0.061119362805607445,0.3064516129032258,0.007151275890798876,0.29508196721311475,1.0,1.0,True,2018
1,17,26,10.0,20.0,3.0,8.0,8.0,9.0,12.0,31.0,2.0,7.0,5.0,7.0,0.16728714815973933,0.5806451612903226,0.1487126544224663,0.578125,2.0,1.0,True,2018
1,3,20,8.0,19.0,3.0,5.0,8.0,11.0,10.0,17.0,6.0,10.0,6.0,6.0,0.10025813270571664,0.5901639344262295,0.1391818645025368,0.5555555555555556,2.0,1.0,False,2018
0,16,10,8.0,14.0,3.0,6.0,6.0,7.0,8.0,14.0,2.0,8.0,6.0,7.0,0.007151275890798876,0.29508196721311475,0.08889549024448595,0.31746031746031744,1.0,1.0,False,2018
0,26,17,12.0,31.0,2.0,7.0,5.0,7.0,10.0,20.0,3.0,8.0,8.0,9.0,0.1487126544224663,0.578125,0.17382971852779144,0.5873015873015873,1.0,2.0,False,2018
1,5,29,8.0,17.0,3.0,8.0,4.0,6.0,8.0,16.0,6.0,10.0,9.0,11.0,0.06037465606086804,0.5806451612903226,0.1608793007019244,0.45161290322580644,3.0,2.0,False,2018
1,25,21,8.0,17.0,3.0,9.0,5.0,6.0,8.0,23.0,3.0,12.0,8.0,11.0,0.17170706985935233,0.7213114754098361,0.09779656255894187,0.4444444444444444,2.0,2.0,True,2018
1,24,6,11.0,22.0,4.0,8.0,9.0,10.0,11.0,19.0,6.0,11.0,6.0,6.0,0.13490228508254326,0.5409836065573771,0.031842264484330265,0.31746031746031744,2.0,3.0,True,2018
0,7,9,16.0,26.0,4.0,7.0,3.0,6.0,9.0,16.0,6.0,8.0,2.0,3.0,0.03621004704348371,0.296875,0.05683136187930491,0.30158730158730157,2.0,2.0,False,2018
0,22,14,11.0,20.0,3.0,5.0,9.0,10.0,8.0,27.0,2.0,9.0,4.0,5.0,0.12330980419531028,0.5645161290322581,0.09499336829526973,0.5714285714285714,2.0,2.0,True,2018
1,14,22,8.0,27.0,2.0,9.0,4.0,5.0,11.0,20.0,3.0,5.0,9.0,10.0,0.09499336829526973,0.5714285714285714,0.13864784335624822,0.5714285714285714,2.0,2.0,False,2018
1,9,7,9.0,16.0,6.0,8.0,2.0,3.0,16.0,26.0,4.0,7.0,3.0,6.0,0.05683136187930491,0.30158730158730157,0.028968037634786968,0.2923076923076923,2.0,2.0,True,2018
0,6,24,11.0,19.0,6.0,11.0,6.0,6.0,11.0,22.0,4.0,8.0,9.0,10.0,0.031842264484330265,0.31746031746031744,0.1479218280660346,0.5483870967741935,3.0,2.0,False,2018
0,28,15,11.0,21.0,2.0,7.0,6.0,6.0,7.0,15.0,3.0,6.0,5.0,5.0,0.02734442031509851,0.38095238095238093,0.04971748650527951,0.30158730158730157,2.0,1.0,False,2018
0,18,4,9.0,12.0,4.0,7.0,7.0,10.0,14.0,23.0,3.0,5.0,6.0,10.0,0.1437384518952839,0.5573770491803278,0.05626796443457499,0.532258064516129,2.0,2.0,False,2018
1,4,18,14.0,23.0,3.0,5.0,6.0,10.0,9.0,12.0,4.0,7.0,7.0,10.0,0.05626796443457499,0.532258064516129,0.11499076151622711,0.5483870967741935,2.0,2.0,True,2018
1,15,28,7.0,15.0,3.0,6.0,5.0,5.0,11.0,21.0,2.0,7.0,6.0,6.0,0.04971748650527951,0.30158730158730157,0.02187553625207881,0.375,1.0,2.0,True,2018
1,13,8,9.0,22.0,3.0,6.0,5.0,7.0,12.0,19.0,6.0,11.0,5.0,5.0,0.04076032173739101,0.30158730158730157,0.17140697589767329,0.5737704918032787,2.0,4.0,False,2018
0,8,13,12.0,19.0,6.0,11.0,5.0,5.0,9.0,22.0,3.0,6.0,5.0,7.0,0.17140697589767329,0.5737704918032787,0.03260825738991281,0.296875,4.0,2.0,True,2018
0,21,25,8.0,23.0,3.0,12.0,8.0,11.0,8.0,17.0,3.0,9.0,5.0,6.0,0.09779656255894187,0.4444444444444444,0.17736565588748185,0.7258064516129032,2.0,2.0,False,2018
1,11,10,9.0,16.0,4.0,8.0,6.0,8.0,6.0,18.0,3.0,10.0,4.0,4.0,0.15437646226502513,0.5238095238095238,0.08889549024448595,0.31746031746031744,2.0,2.0,True,2018
1,3,19,11.0,17.0,5.0,7.0,5.0,6.0,10.0,22.0,3.0,7.0,5.0,5.0,0.08020650616457331,0.5806451612903226,0.051149362046756776,0.4603174603174603,2.0,2.0,True,2018
1,27,2,7.0,11.0,4.0,6.0,3.0,6.0,9.0,13.0,3.0,8.0,3.0,4.0,0.06067945747154668,0.3387096774193548,0.11730161047866172,0.6875,3.0,2.0,False,2018
0,2,27,9.0,13.0,3.0,8.0,3.0,4.0,7.0,11.0,4.0,6.0,3.0,6.0,0.11730161047866172,0.6875,0.04854356597723734,0.3333333333333333,2.0,3.0,True,2018
1,29,17,7.0,21.0,3.0,9.0,8.0,9.0,12.0,25.0,6.0,11.0,9.0,13.0,0.1608793007019244,0.45161290322580644,0.17382971852779144,0.5873015873015873,2.0,2.0,False,2018
0,17,29,12.0,25.0,6.0,11.0,9.0,13.0,7.0,21.0,3.0,9.0,8.0,9.0,0.17382971852779144,0.5873015873015873,0.12870344056153954,0.4444444444444444,2.0,2.0,True,2018
0,19,3,10.0,22.0,3.0,7.0,5.0,5.0,11.0,17.0,5.0,7.0,5.0,6.0,0.051149362046756776,0.4603174603174603,0.10416520493165866,0.5873015873015873,2.0,2.0,False,2018
0,4,22,10.0,22.0,3.0,10.0,4.0,5.0,9.0,19.0,5.0,7.0,6.0,8.0,0.08501437154765998,0.5396825396825397,0.13864784335624822,0.5714285714285714,1.0,1.0,False,2018
0,10,11,6.0,18.0,3.0,10.0,4.0,4.0,9.0,16.0,4.0,8.0,6.0,8.0,0.08889549024448595,0.31746031746031744,0.1635011698120201,0.53125,2.0,2.0,False,2018
0,7,12,12.0,22.0,4.0,9.0,3.0,6.0,10.0,13.0,4.0,11.0,4.0,5.0,0.028968037634786968,0.2923076923076923,0.10156191663860673,0.5238095238095238,1.0,2.0,False,2018
1,5,16,10.0,14.0,3.0,5.0,6.0,7.0,9.0,17.0,3.0,7.0,4.0,5.0,0.04829972484869443,0.5714285714285714,0.005721020712639101,0.2903225806451613,2.0,2.0,True,2018
0,16,5,9.0,17.0,3.0,7.0,4.0,5.0,10.0,14.0,3.0,5.0,6.0,7.0,0.005721020712639101,0.2903225806451613,0.07863977987895554,0.578125,2.0,2.0,False,2018
1,22,4,9.0,19.0,5.0,7.0,6.0,8.0,10.0,22.0,3.0,10.0,4.0,5.0,0.13864784335624822,0.5714285714285714,0.06801149723812798,0.53125,1.0,1.0,True,2018
1,12,7,10.0,13.0,4.0,11.0,4.0,5.0,12.0,22.0,4.0,9.0,3.0,6.0,0.10156191663860673,0.5238095238095238,0.023174430107829574,0.2878787878787879,2.0,1.0,True,2018
0,6,0,8.0,19.0,3.0,10.0,5.0,6.0,12.0,20.0,6.0,12.0,4.0,5.0,0.02547381158746421,0.3125,0.17283309130213914,0.7777777777777778,2.0,4.0,False,2018
1,14,12,12.0,16.0,6.0,7.0,6.0,8.0,8.0,18.0,3.0,6.0,6.0,7.0,0.07599469463621579,0.5625,0.12124953331088537,0.53125,2.0,1.0,True,2018
0,8,24,17.0,31.0,4.0,9.0,5.0,5.0,11.0,24.0,3.0,10.0,7.0,13.0,0.1771255807181386,0.5806451612903226,0.1479218280660346,0.5483870967741935,2.0,2.0,True,2018
0,20,13,7.0,15.0,3.0,7.0,6.0,6.0,9.0,18.0,6.0,7.0,6.0,6.0,0.1391818645025368,0.5555555555555556,0.03260825738991281,0.296875,3.0,2.0,False,2018
1,17,28,10.0,18.0,8.0,11.0,9.0,11.0,8.0,18.0,3.0,6.0,6.0,6.0,0.17906377482223318,0.59375,0.02187553625207881,0.375,1.0,2.0,True,2018
1,25,9,6.0,12.0,4.0,9.0,12.0,14.0,6.0,13.0,2.0,5.0,5.0,6.0,0.17736565588748185,0.7258064516129032,0.08546508950344392,0.3125,2.0,2.0,True,2018
0,9,25,6.0,13.0,2.0,5.0,5.0,6.0,6.0,12.0,4.0,9.0,12.0,14.0,0.08546508950344392,0.3125,0.18189252470998546,0.7301587301587301,2.0,2.0,False,2018
1,13,20,9.0,18.0,6.0,7.0,6.0,6.0,7.0,15.0,3.0,7.0,6.0,6.0,0.03260825738991281,0.296875,0.11134549160202944,0.546875,2.0,3.0,True,2018
0,28,17,8.0,18.0,3.0,6.0,6.0,6.0,10.0,18.0,8.0,11.0,9.0,11.0,0.02187553625207881,0.375,0.18325101985778652,0.6,2.0,1.0,False,2018
1,26,1,15.0,27.0,4.0,10.0,3.0,4.0,8.0,14.0,5.0,7.0,6.0,7.0,0.11897012353797305,0.5692307692307692,0.1975293400709955,0.7903225806451613,3.0,3.0,False,2018
0,1,26,8.0,14.0,5.0,7.0,6.0,7.0,15.0,27.0,4.0,10.0,3.0,4.0,0.1975293400709955,0.7903225806451613,0.09517609883037845,0.5606060606060606,3.0,3.0,True,2018
0,12,14,8.0,18.0,3.0,6.0,6.0,7.0,12.0,16.0,6.0,7.0,6.0,8.0,0.12124953331088537,0.53125,0.10079575570897262,0.5692307692307692,1.0,2.0,False,2018
0,18,21,8.0,16.0,5.0,9.0,3.0,4.0,12.0,17.0,3.0,7.0,5.0,7.0,0.11499076151622711,0.5483870967741935,0.0782372500471535,0.4375,2.0,2.0,True,2018
1,21,18,12.0,17.0,3.0,7.0,5.0,7.0,8.0,16.0,5.0,9.0,3.0,4.0,0.0782372500471535,0.4375,0.13199260921298167,0.5555555555555556,2.0,2.0,False,2018
1,24,8,11.0,24.0,3.0,10.0,7.0,13.0,17.0,31.0,4.0,9.0,5.0,5.0,0.1479218280660346,0.5483870967741935,0.1817004645745109,0.5873015873015873,2.0,2.0,False,2018
1,0,6,12.0,20.0,6.0,12.0,4.0,5.0,8.0,19.0,3.0,10.0,5.0,6.0,0.17283309130213914,0.7777777777777778,0.020379049269971368,0.3076923076923077,4.0,2.0,True,2018
0,3,20,15.0,25.0,5.0,8.0,4.0,8.0,12.0,18.0,4.0,6.0,10.0,11.0,0.10416520493165866,0.5873015873015873,0.11134549160202944,0.546875,2.0,1.0,True,2018
0,11,22,10.0,18.0,4.0,10.0,4.0,5.0,10.0,19.0,1.0,4.0,5.0,6.0,0.1635011698120201,0.53125,0.15091827468499858,0.578125,2.0,2.0,True,2018
1,20,3,12.0,18.0,4.0,6.0,10.0,11.0,15.0,25.0,5.0,8.0,4.0,8.0,0.11134549160202944,0.546875,0.12333216394532694,0.59375,1.0,2.0,False,2018
1,22,11,10.0,19.0,1.0,4.0,5.0,6.0,10.0,18.0,4.0,10.0,4.0,5.0,0.15091827468499858,0.578125,0.1708009358496161,0.5384615384615384,2.0,2.0,False,2018
1,29,10,12.0,18.0,4.0,13.0,4.0,4.0,11.0,20.0,4.0,7.0,4.0,7.0,0.12870344056153954,0.4444444444444444,0.07111639219558877,0.3125,2.0,2.0,True,2018
0,10,29,11.0,20.0,4.0,7.0,4.0,7.0,12.0,18.0,4.0,13.0,4.0,4.0,0.07111639219558877,0.3125,0.14296275244923162,0.453125,2.0,2.0,False,2018
0,1,4,8.0,20.0,4.0,10.0,7.0,10.0,12.0,20.0,3.0,7.0,6.0,9.0,0.19802347205679643,0.7936507936507936,0.06801149723812798,0.53125,1.0,2.0,True,2018
1,15,8,8.0,18.0,4.0,11.0,5.0,6.0,10.0,17.0,4.0,6.0,3.0,3.0,0.07977398920422361,0.3125,0.1817004645745109,0.5873015873015873,3.0,1.0,False,2018
0,25,19,16.0,28.0,3.0,7.0,8.0,8.0,12.0,21.0,3.0,6.0,6.0,8.0,0.18189252470998546,0.7301587301587301,0.04091948963740542,0.453125,1.0,2.0,True,2018
0,8,15,10.0,17.0,4.0,6.0,3.0,3.0,8.0,18.0,4.0,11.0,5.0,6.0,0.1817004645745109,0.5873015873015873,0.0638191913633789,0.3076923076923077,1.0,3.0,True,2018
0,16,27,10.0,18.0,5.0,9.0,8.0,10.0,8.0,14.0,4.0,6.0,8.0,10.0,0.00457681657011128,0.2857142857142857,0.04854356597723734,0.3333333333333333,2.0,2.0,False,2018
1,4,1,12.0,20.0,3.0,7.0,6.0,9.0,8.0,20.0,4.0,10.0,7.0,10.0,0.06801149723812798,0.53125,0.19841877764543714,0.796875,2.0,1.0,False,2018
1,27,16,8.0,14.0,4.0,6.0,8.0,10.0,10.0,18.0,5.0,9.0,8.0,10.0,0.04854356597723734,0.3333333333333333,0.0036614532560890244,0.28125,2.0,2.0,True,2018
1,19,25,12.0,21.0,3.0,6.0,6.0,8.0,16.0,28.0,3.0,7.0,8.0,8.0,0.04091948963740542,0.453125,0.18551401976798837,0.734375,2.0,1.0,False,2018
0,7,26,10.0,22.0,4.0,12.0,6.0,6.0,11.0,16.0,4.0,7.0,5.0,7.0,0.023174430107829574,0.2878787878787879,0.09517609883037845,0.5606060606060606,3.0,2.0,False,2018
1,21,6,7.0,14.0,3.0,6.0,9.0,11.0,11.0,21.0,6.0,11.0,5.0,5.0,0.0625898000377228,0.4307692307692308,0.020379049269971368,0.3076923076923077,2.0,2.0,False,2018
0,18,12,6.0,18.0,4.0,7.0,6.0,7.0,9.0,13.0,3.0,6.0,8.0,12.0,0.13199260921298167,0.5555555555555556,0.09699962664870829,0.5230769230769231,2.0,2.0,False,2018
0,6,21,11.0,21.0,6.0,11.0,5.0,5.0,7.0,14.0,3.0,6.0,9.0,11.0,0.020379049269971368,0.3076923076923077,0.05007184003017824,0.42424242424242425,2.0,2.0,True,2018
1,12,18,9.0,13.0,3.0,6.0,8.0,12.0,6.0,18.0,4.0,7.0,6.0,7.0,0.09699962664870829,0.5230769230769231,0.10559408737038534,0.546875,2.0,2.0,True,2018
0,2,23,9.0,15.0,3.0,7.0,5.0,9.0,11.0,21.0,6.0,9.0,5.0,8.0,0.13384128838292936,0.6923076923076923,0.08023174163806193,0.5757575757575758,3.0,6.0,True,2018
1,26,7,11.0,16.0,4.0,7.0,5.0,7.0,10.0,22.0,4.0,12.0,6.0,6.0,0.09517609883037845,0.5606060606060606,0.01853954408626366,0.2835820895522388,2.0,3.0,True,2018
1,23,2,11.0,21.0,6.0,9.0,5.0,8.0,9.0,15.0,3.0,7.0,5.0,9.0,0.08023174163806193,0.5757575757575758,0.1470730307063435,0.696969696969697,6.0,3.0,False,2018
1,0,5,14.0,26.0,4.0,7.0,5.0,7.0,11.0,20.0,3.0,9.0,8.0,11.0,0.17826647304171134,0.78125,0.07863977987895554,0.578125,2.0,3.0,True,2018
0,5,0,11.0,20.0,3.0,9.0,8.0,11.0,14.0,26.0,4.0,7.0,5.0,7.0,0.07863977987895554,0.578125,0.18261317843336905,0.7846153846153846,3.0,2.0,False,2018
1,17,0,10.0,21.0,5.0,10.0,8.0,8.0,12.0,21.0,6.0,12.0,10.0,10.0,0.18325101985778652,0.6,0.18261317843336905,0.7846153846153846,3.0,1.0,True,2018
0,0,17,12.0,21.0,6.0,12.0,10.0,10.0,10.0,21.0,5.0,10.0,8.0,8.0,0.18261317843336905,0.7846153846153846,0.18660081588622923,0.6060606060606061,1.0,3.0,False,2018
0,29,20,12.0,18.0,5.0,10.0,6.0,9.0,8.0,14.0,5.0,8.0,10.0,11.0,0.14296275244923162,0.453125,0.08907639328162356,0.5384615384615384,2.0,2.0,False,2018
0,10,15,9.0,15.0,4.0,8.0,7.0,9.0,9.0,12.0,4.0,8.0,5.0,5.0,0.05689311375647101,0.3076923076923077,0.0638191913633789,0.3076923076923077,2.0,2.0,False,2018
0,11,16,7.0,15.0,6.0,11.0,9.0,11.0,7.0,16.0,2.0,6.0,3.0,4.0,0.1708009358496161,0.5384615384615384,0.0036614532560890244,0.28125,2.0,2.0,True,2018
0,14,8,8.0,15.0,2.0,7.0,5.0,7.0,7.0,13.0,4.0,8.0,5.0,6.0,0.10079575570897262,0.5692307692307692,0.1853603716596087,0.59375,3.0,2.0,True,2018
1,8,14,7.0,13.0,4.0,8.0,5.0,6.0,8.0,15.0,2.0,7.0,5.0,7.0,0.1853603716596087,0.59375,0.12063660456717809,0.5757575757575758,2.0,3.0,False,2018
0,9,22,6.0,15.0,3.0,8.0,3.0,3.0,8.0,16.0,3.0,5.0,3.0,3.0,0.06837207160275513,0.3076923076923077,0.12073461974799886,0.5692307692307692,3.0,2.0,False,2018
1,19,27,9.0,17.0,3.0,7.0,5.0,5.0,6.0,15.0,4.0,6.0,2.0,3.0,0.032735591709924336,0.4461538461538462,0.07883485278178988,0.34375,2.0,2.0,True,2018
1,22,9,8.0,16.0,3.0,5.0,3.0,3.0,6.0,15.0,3.0,8.0,3.0,3.0,0.12073461974799886,0.5692307692307692,0.054697657282204104,0.30303030303030304,2.0,3.0,True,2018
0,1,25,15.0,22.0,4.0,8.0,6.0,7.0,10.0,19.0,7.0,9.0,4.0,6.0,0.19841877764543714,0.796875,0.18551401976798837,0.734375,2.0,2.0,False,2018
1,25,1,10.0,19.0,7.0,9.0,4.0,6.0,15.0,22.0,4.0,8.0,6.0,7.0,0.18551401976798837,0.734375,0.1587350221163497,0.7846153846153846,2.0,2.0,True,2018
0,27,19,6.0,15.0,4.0,6.0,2.0,3.0,9.0,17.0,3.0,7.0,5.0,5.0,0.07883485278178988,0.34375,0.06618847336793947,0.45454545454545453,2.0,2.0,False,2018
1,16,11,7.0,16.0,2.0,6.0,3.0,4.0,7.0,15.0,6.0,11.0,9.0,11.0,0.0036614532560890244,0.28125,0.17664074867969287,0.5454545454545454,2.0,2.0,False,2018
1,20,29,8.0,14.0,5.0,8.0,10.0,11.0,12.0,18.0,5.0,10.0,6.0,9.0,0.08907639328162356,0.5384615384615384,0.1143702019593853,0.4461538461538462,2.0,2.0,True,2018
1,4,28,11.0,16.0,3.0,5.0,14.0,18.0,10.0,20.0,4.0,11.0,4.0,7.0,0.054409197790502385,0.5230769230769231,0.01750042900166305,0.36923076923076925,2.0,3.0,True,2018
0,3,24,11.0,20.0,4.0,9.0,5.0,5.0,8.0,17.0,5.0,10.0,8.0,16.0,0.12333216394532694,0.59375,0.11833746245282768,0.5396825396825397,2.0,3.0,False,2018
1,24,3,8.0,17.0,5.0,10.0,8.0,16.0,11.0,20.0,4.0,9.0,5.0,5.0,0.11833746245282768,0.5396825396825397,0.09866573115626155,0.5846153846153846,3.0,2.0,True,2018
0,28,4,10.0,20.0,4.0,11.0,4.0,7.0,11.0,16.0,3.0,5.0,14.0,18.0,0.01750042900166305,0.36923076923076925,0.08352735823240191,0.5303030303030303,3.0,2.0,False,2018
1,15,10,9.0,12.0,4.0,8.0,5.0,5.0,9.0,15.0,4.0,8.0,7.0,9.0,0.0638191913633789,0.3076923076923077,0.04551449100517681,0.30303030303030304,2.0,2.0,True,2018
1,26,5,7.0,16.0,3.0,8.0,7.0,11.0,7.0,16.0,3.0,5.0,3.0,3.0,0.11614087906430275,0.5671641791044776,0.06291182390316444,0.5692307692307692,2.0,2.0,True,2018
0,16,13,6.0,15.0,3.0,5.0,4.0,6.0,8.0,13.0,3.0,5.0,10.0,11.0,0.0029291626048712194,0.27692307692307694,0.06608660591193025,0.3076923076923077,1.0,4.0,False,2018
1,24,10,10.0,22.0,3.0,6.0,5.0,6.0,8.0,20.0,2.0,6.0,8.0,10.0,0.13466996996226216,0.546875,0.04551449100517681,0.30303030303030304,1.0,1.0,True,2018
0,14,12,7.0,15.0,3.0,6.0,6.0,8.0,8.0,11.0,4.0,9.0,5.0,5.0,0.12063660456717809,0.5757575757575758,0.11759970131896665,0.5303030303030303,1.0,2.0,False,2018
1,12,14,8.0,11.0,4.0,9.0,5.0,5.0,7.0,15.0,3.0,6.0,6.0,8.0,0.11759970131896665,0.5303030303030303,0.09650928365374248,0.5671641791044776,2.0,1.0,True,2018
0,10,24,8.0,20.0,2.0,6.0,8.0,10.0,10.0,22.0,3.0,6.0,5.0,6.0,0.04551449100517681,0.30303030303030304,0.14773597596980972,0.5538461538461539,1.0,1.0,False,2018
0,5,26,7.0,16.0,3.0,5.0,3.0,3.0,7.0,16.0,3.0,8.0,7.0,11.0,0.06291182390316444,0.5692307692307692,0.1329127032514422,0.5735294117647058,2.0,2.0,False,2018
1,21,7,11.0,18.0,4.0,8.0,10.0,15.0,7.0,15.0,5.0,10.0,5.0,6.0,0.05007184003017824,0.42424242424242425,0.01853954408626366,0.2835820895522388,2.0,2.0,True,2018
1,13,16,8.0,13.0,3.0,5.0,10.0,11.0,6.0,15.0,3.0,5.0,4.0,6.0,0.06608660591193025,0.3076923076923077,0.0023433300838969755,0.2727272727272727,4.0,1.0,True,2018
0,7,21,7.0,15.0,5.0,10.0,5.0,6.0,11.0,18.0,4.0,8.0,10.0,15.0,0.01853954408626366,0.2835820895522388,0.0800574720241426,0.43283582089552236,2.0,2.0,False,2018
0,0,23,11.0,32.0,5.0,12.0,12.0,12.0,13.0,24.0,2.0,5.0,4.0,5.0,0.14609054274669525,0.7727272727272727,0.06418539331044955,0.5671641791044776,2.0,3.0,False,2018
1,8,11,9.0,22.0,3.0,6.0,6.0,6.0,10.0,22.0,4.0,10.0,9.0,9.0,0.14828829732768695,0.5846153846153846,0.17664074867969287,0.5454545454545454,2.0,2.0,False,2018
0,1,13,9.0,18.0,6.0,11.0,2.0,4.0,9.0,16.0,2.0,6.0,4.0,8.0,0.1587350221163497,0.7846153846153846,0.0928692847295442,0.3181818181818182,2.0,1.0,True,2018
0,25,28,5.0,16.0,3.0,7.0,9.0,10.0,7.0,17.0,3.0,7.0,9.0,10.0,0.1884112158143907,0.7384615384615385,0.01400034320133044,0.36363636363636365,2.0,2.0,True,2018
1,23,0,13.0,24.0,2.0,5.0,4.0,5.0,11.0,32.0,5.0,12.0,12.0,12.0,0.06418539331044955,0.5671641791044776,0.1168724341973562,0.7611940298507462,3.0,2.0,True,2018
1,6,18,9.0,17.0,4.0,8.0,5.0,6.0,9.0,17.0,3.0,7.0,4.0,6.0,0.056303239415977105,0.3181818181818182,0.10559408737038534,0.546875,3.0,3.0,False,2018
1,28,25,7.0,17.0,3.0,7.0,9.0,10.0,5.0,16.0,3.0,7.0,9.0,10.0,0.01400034320133044,0.36363636363636365,0.19072897265151253,0.7424242424242424,2.0,2.0,False,2018
1,29,3,14.0,18.0,4.0,8.0,8.0,10.0,9.0,20.0,4.0,8.0,5.0,6.0,0.1143702019593853,0.4461538461538462,0.09866573115626155,0.5846153846153846,2.0,2.0,True,2018
1,13,1,9.0,16.0,2.0,6.0,4.0,8.0,9.0,18.0,6.0,11.0,2.0,4.0,0.0928692847295442,0.3181818181818182,0.16698801769307975,0.7878787878787878,1.0,2.0,False,2018
0,11,8,10.0,22.0,4.0,10.0,9.0,9.0,9.0,22.0,3.0,6.0,6.0,6.0,0.17664074867969287,0.5454545454545454,0.11863063786214956,0.5757575757575758,2.0,2.0,True,2018
0,22,2,10.0,20.0,4.0,5.0,5.0,5.0,6.0,13.0,6.0,12.0,7.0,8.0,0.13658769579839908,0.5757575757575758,0.1470730307063435,0.696969696969697,2.0,3.0,True,2018
1,2,22,6.0,13.0,6.0,12.0,7.0,8.0,10.0,20.0,4.0,5.0,5.0,5.0,0.1470730307063435,0.696969696969697,0.1492701566387193,0.582089552238806,3.0,2.0,False,2018
0,27,9,9.0,16.0,3.0,8.0,6.0,6.0,11.0,18.0,7.0,13.0,9.0,10.0,0.0630678822254319,0.3384615384615385,0.054697657282204104,0.30303030303030304,2.0,2.0,True,2018
1,20,15,9.0,16.0,4.0,9.0,4.0,5.0,8.0,15.0,2.0,7.0,6.0,6.0,0.11126111462529883,0.5454545454545454,0.09105535309070312,0.3181818181818182,2.0,2.0,True,2018
0,15,20,8.0,15.0,2.0,7.0,6.0,6.0,9.0,16.0,4.0,9.0,4.0,5.0,0.09105535309070312,0.3181818181818182,0.12900889170023908,0.5522388059701493,2.0,2.0,False,2018
0,18,6,9.0,17.0,3.0,7.0,4.0,6.0,9.0,17.0,4.0,8.0,5.0,6.0,0.10559408737038534,0.546875,0.04504259153278169,0.31343283582089554,3.0,3.0,True,2018
0,3,29,9.0,20.0,4.0,8.0,5.0,6.0,14.0,18.0,4.0,8.0,8.0,10.0,0.09866573115626155,0.5846153846153846,0.13149616156750824,0.45454545454545453,2.0,2.0,False,2018
1,9,27,11.0,18.0,7.0,13.0,9.0,10.0,9.0,16.0,3.0,8.0,6.0,6.0,0.054697657282204104,0.30303030303030304,0.09045430578034551,0.3484848484848485,2.0,2.0,False,2018
1,16,4,8.0,17.0,3.0,5.0,3.0,6.0,9.0,14.0,4.0,6.0,5.0,7.0,0.0023433300838969755,0.2727272727272727,0.08352735823240191,0.5303030303030303,2.0,3.0,False,2018
1,26,15,7.0,19.0,5.0,9.0,7.0,7.0,6.0,18.0,3.0,7.0,4.0,5.0,0.1329127032514422,0.5735294117647058,0.0728442824725625,0.31343283582089554,2.0,1.0,True,2018
1,1,5,8.0,17.0,4.0,11.0,14.0,14.0,6.0,15.0,4.0,6.0,5.0,5.0,0.16698801769307975,0.7878787878787878,0.05032945912253155,0.5606060606060606,1.0,2.0,True,2018
0,12,17,10.0,17.0,4.0,10.0,3.0,4.0,12.0,19.0,7.0,14.0,9.0,10.0,0.13407976105517333,0.5373134328358209,0.18660081588622923,0.6060606060606061,2.0,3.0,False,2018
0,15,26,6.0,18.0,3.0,7.0,4.0,5.0,7.0,19.0,5.0,9.0,7.0,7.0,0.0728442824725625,0.31343283582089554,0.14633016260115378,0.5797101449275363,1.0,2.0,False,2018
0,4,16,9.0,14.0,4.0,6.0,5.0,7.0,8.0,17.0,3.0,5.0,3.0,6.0,0.08352735823240191,0.5303030303030303,0.0018746640671175804,0.26865671641791045,3.0,2.0,True,2018
1,17,12,12.0,19.0,7.0,14.0,9.0,10.0,10.0,17.0,4.0,10.0,3.0,4.0,0.18660081588622923,0.6060606060606061,0.10726380884413866,0.5294117647058824,3.0,2.0,True,2018
0,5,1,6.0,15.0,4.0,6.0,5.0,5.0,8.0,17.0,4.0,11.0,14.0,14.0,0.05032945912253155,0.5606060606060606,0.1735904141544638,0.7910447761194029,2.0,1.0,False,2018
1,6,25,10.0,22.0,7.0,12.0,5.0,6.0,12.0,20.0,3.0,8.0,5.0,5.0,0.04504259153278169,0.31343283582089554,0.19072897265151253,0.7424242424242424,2.0,2.0,False,2018
0,26,9,12.0,20.0,6.0,11.0,8.0,10.0,9.0,20.0,3.0,8.0,6.0,8.0,0.14633016260115378,0.5797101449275363,0.043758125825763286,0.29850746268656714,1.0,2.0,True,2018
1,28,13,10.0,17.0,3.0,6.0,2.0,2.0,10.0,19.0,3.0,8.0,9.0,9.0,0.011200274561064353,0.3582089552238806,0.07429542778363536,0.31343283582089554,2.0,2.0,False,2018
1,29,20,11.0,20.0,5.0,11.0,5.0,7.0,11.0,17.0,4.0,7.0,5.0,6.0,0.13149616156750824,0.45454545454545453,0.12900889170023908,0.5522388059701493,2.0,2.0,True,2018
0,25,6,12.0,20.0,3.0,8.0,5.0,5.0,10.0,22.0,7.0,12.0,5.0,6.0,0.19072897265151253,0.7424242424242424,0.03603407322622535,0.3088235294117647,2.0,2.0,True,2018
0,20,29,11.0,17.0,4.0,7.0,5.0,6.0,11.0,20.0,5.0,11.0,5.0,7.0,0.12900889170023908,0.5522388059701493,0.14519692925400657,0.4626865671641791,2.0,2.0,False,2018
0,19,11,8.0,16.0,2.0,5.0,5.0,8.0,9.0,12.0,3.0,8.0,4.0,9.0,0.06618847336793947,0.45454545454545453,0.1813125989437543,0.5522388059701493,4.0,2.0,False,2018
1,14,23,10.0,16.0,3.0,5.0,6.0,6.0,13.0,17.0,3.0,7.0,8.0,8.0,0.09650928365374248,0.5671641791044776,0.09134831464835964,0.5735294117647058,3.0,2.0,False,2018
1,7,3,8.0,17.0,3.0,7.0,6.0,8.0,8.0,14.0,6.0,10.0,13.0,15.0,0.014831635269010929,0.27941176470588236,0.07893258492500924,0.5757575757575758,3.0,2.0,False,2018
1,9,26,9.0,20.0,3.0,8.0,6.0,8.0,12.0,20.0,6.0,11.0,8.0,10.0,0.043758125825763286,0.29850746268656714,0.15706413008092301,0.5857142857142857,2.0,1.0,False,2018
0,3,7,8.0,14.0,6.0,10.0,13.0,15.0,8.0,17.0,3.0,7.0,6.0,8.0,0.07893258492500924,0.5757575757575758,0.011865308215208743,0.2753623188405797,2.0,3.0,True,2018
0,23,14,13.0,17.0,3.0,7.0,8.0,8.0,10.0,16.0,3.0,5.0,6.0,6.0,0.09134831464835964,0.5735294117647058,0.07720742692299398,0.5588235294117647,2.0,3.0,True,2018
1,11,19,9.0,12.0,3.0,8.0,4.0,9.0,8.0,16.0,2.0,5.0,5.0,8.0,0.1813125989437543,0.5522388059701493,0.05295077869435157,0.44776119402985076,2.0,4.0,True,2018
0,22,18,9.0,21.0,2.0,5.0,5.0,6.0,11.0,22.0,4.0,7.0,8.0,10.0,0.1492701566387193,0.582089552238806,0.12447526989630826,0.5538461538461539,2.0,2.0,True,2018
0,13,28,10.0,19.0,3.0,8.0,9.0,9.0,10.0,17.0,3.0,6.0,2.0,2.0,0.07429542778363536,0.31343283582089554,0.008960219648851481,0.35294117647058826,2.0,2.0,True,2018
0,10,5,5.0,14.0,2.0,5.0,3.0,3.0,11.0,17.0,3.0,6.0,5.0,5.0,0.03641159280414145,0.29850746268656714,0.04026356729802524,0.5522388059701493,3.0,1.0,False,2018
1,8,21,13.0,26.0,3.0,6.0,5.0,6.0,9.0,20.0,3.0,7.0,6.0,7.0,0.11863063786214956,0.5757575757575758,0.0800574720241426,0.43283582089552236,2.0,3.0,True,2018
1,5,10,11.0,17.0,3.0,6.0,5.0,5.0,5.0,14.0,2.0,5.0,3.0,3.0,0.04026356729802524,0.5522388059701493,0.029129274243313158,0.29411764705882354,1.0,3.0,True,2018
1,27,24,8.0,19.0,3.0,6.0,6.0,6.0,11.0,15.0,4.0,8.0,13.0,14.0,0.09045430578034551,0.3484848484848485,0.14773597596980972,0.5538461538461539,2.0,3.0,False,2018
0,21,8,9.0,20.0,3.0,7.0,6.0,7.0,13.0,26.0,3.0,6.0,5.0,6.0,0.0800574720241426,0.43283582089552236,0.13490451028971964,0.582089552238806,3.0,2.0,False,2018
1,18,22,11.0,22.0,4.0,7.0,8.0,10.0,9.0,21.0,2.0,5.0,5.0,6.0,0.12447526989630826,0.5538461538461539,0.15941612531097543,0.5882352941176471,2.0,2.0,False,2018
0,24,27,11.0,15.0,4.0,8.0,13.0,14.0,8.0,19.0,3.0,6.0,6.0,6.0,0.14773597596980972,0.5538461538461539,0.07236344462427641,0.34328358208955223,3.0,2.0,True,2018
0,12,15,11.0,21.0,6.0,17.0,8.0,9.0,9.0,16.0,2.0,7.0,5.0,6.0,0.10726380884413866,0.5294117647058824,0.05827542597805,0.3088235294117647,2.0,2.0,False,2018
1,15,12,9.0,16.0,2.0,7.0,5.0,6.0,11.0,21.0,6.0,17.0,8.0,9.0,0.05827542597805,0.3088235294117647,0.08581104707531093,0.5217391304347826,2.0,2.0,True,2018
1,2,14,11.0,23.0,4.0,9.0,5.0,7.0,14.0,27.0,3.0,10.0,6.0,8.0,0.1176584245650748,0.6865671641791045,0.07720742692299398,0.5588235294117647,3.0,1.0,False,2018
0,29,0,8.0,15.0,5.0,9.0,6.0,9.0,10.0,19.0,3.0,8.0,5.0,5.0,0.14519692925400657,0.4626865671641791,0.1168724341973562,0.7611940298507462,1.0,3.0,False,2018
0,14,2,14.0,27.0,3.0,10.0,6.0,8.0,11.0,23.0,4.0,9.0,5.0,7.0,0.07720742692299398,0.5588235294117647,0.09412673965205984,0.6764705882352942,1.0,3.0,True,2018
0,4,10,16.0,29.0,4.0,7.0,5.0,5.0,11.0,22.0,7.0,12.0,8.0,8.0,0.10682188658592154,0.5373134328358209,0.029129274243313158,0.29411764705882354,2.0,1.0,False,2018
1,0,29,10.0,19.0,3.0,8.0,5.0,5.0,8.0,15.0,5.0,9.0,6.0,9.0,0.1168724341973562,0.7611940298507462,0.11615754340320525,0.45588235294117646,3.0,1.0,True,2018
1,10,4,11.0,22.0,7.0,12.0,8.0,8.0,16.0,29.0,4.0,7.0,5.0,5.0,0.029129274243313158,0.29411764705882354,0.08545750926873723,0.5294117647058824,1.0,2.0,True,2018
1,1,24,9.0,16.0,7.0,9.0,8.0,9.0,13.0,24.0,3.0,6.0,2.0,3.0,0.1735904141544638,0.7910447761194029,0.15818878077584778,0.5606060606060606,3.0,2.0,True,2018
1,20,19,9.0,17.0,5.0,8.0,6.0,8.0,9.0,21.0,5.0,8.0,5.0,8.0,0.10320711336019125,0.5441176470588235,0.05295077869435157,0.44776119402985076,2.0,2.0,True,2018
0,19,20,9.0,21.0,5.0,8.0,5.0,8.0,9.0,17.0,5.0,8.0,6.0,8.0,0.05295077869435157,0.44776119402985076,0.12256569068815301,0.5507246376811594,2.0,2.0,False,2018
0,3,17,15.0,25.0,3.0,8.0,5.0,9.0,12.0,24.0,3.0,10.0,9.0,9.0,0.10314606794000739,0.582089552238806,0.18928065270898337,0.6119402985074627,2.0,3.0,False,2018
1,17,3,12.0,24.0,3.0,10.0,9.0,9.0,15.0,25.0,3.0,8.0,5.0,9.0,0.18928065270898337,0.6119402985074627,0.08251685435200591,0.5735294117647058,3.0,2.0,True,2018
1,28,18,11.0,16.0,1.0,8.0,4.0,6.0,11.0,21.0,5.0,8.0,6.0,9.0,0.008960219648851481,0.35294117647058826,0.0995802159170466,0.5454545454545454,2.0,2.0,False,2018
0,18,28,11.0,21.0,5.0,8.0,6.0,9.0,11.0,16.0,1.0,8.0,4.0,6.0,0.0995802159170466,0.5454545454545454,0.007168175719081185,0.34782608695652173,2.0,2.0,True,2018
1,16,27,8.0,18.0,5.0,9.0,5.0,7.0,6.0,12.0,5.0,7.0,10.0,10.0,0.0018746640671175804,0.26865671641791045,0.07236344462427641,0.34328358208955223,3.0,2.0,False,2018
0,27,16,6.0,12.0,5.0,7.0,10.0,10.0,8.0,18.0,5.0,9.0,5.0,7.0,0.07236344462427641,0.34328358208955223,0.0014997312536940643,0.2647058823529412,2.0,3.0,True,2018
0,25,22,8.0,15.0,3.0,8.0,6.0,7.0,9.0,19.0,3.0,4.0,3.0,6.0,0.19258317812121004,0.746268656716418,0.15941612531097543,0.5882352941176471,2.0,2.0,True,2018
1,9,21,8.0,18.0,6.0,12.0,5.0,7.0,13.0,20.0,6.0,10.0,7.0,8.0,0.03500650066061063,0.29411764705882354,0.06404597761931408,0.4264705882352941,2.0,2.0,False,2018
1,22,25,9.0,19.0,3.0,4.0,3.0,6.0,8.0,15.0,3.0,8.0,6.0,7.0,0.15941612531097543,0.5882352941176471,0.19406654249696803,0.75,2.0,2.0,False,2018
1,11,7,10.0,21.0,4.0,9.0,5.0,6.0,8.0,18.0,2.0,4.0,5.0,6.0,0.18505007915500343,0.5588235294117647,0.011865308215208743,0.2753623188405797,2.0,2.0,True,2018
0,24,1,13.0,24.0,3.0,6.0,2.0,3.0,9.0,16.0,7.0,9.0,8.0,9.0,0.15818878077584778,0.5606060606060606,0.17887233132357103,0.7941176470588235,2.0,3.0,False,2018
0,21,9,13.0,20.0,6.0,10.0,7.0,8.0,8.0,18.0,6.0,12.0,5.0,7.0,0.06404597761931408,0.4264705882352941,0.028005200528488504,0.2898550724637681,2.0,2.0,True,2018
0,7,11,8.0,18.0,2.0,4.0,5.0,6.0,10.0,21.0,4.0,9.0,5.0,6.0,0.011865308215208743,0.2753623188405797,0.18804006332400275,0.5652173913043478,2.0,2.0,False,2018
1,5,8,11.0,27.0,2.0,8.0,6.0,6.0,9.0,23.0,2.0,5.0,5.0,5.0,0.07221085383842019,0.5588235294117647,0.13490451028971964,0.582089552238806,2.0,2.0,True,2018
0,8,5,9.0,23.0,2.0,5.0,5.0,5.0,11.0,27.0,2.0,8.0,6.0,6.0,0.13490451028971964,0.582089552238806,0.09776868307073615,0.5652173913043478,2.0,2.0,False,2018
0,15,0,7.0,13.0,5.0,10.0,3.0,4.0,10.0,15.0,5.0,9.0,3.0,5.0,0.08662034078243999,0.3188405797101449,0.13349794735788495,0.7647058823529411,2.0,2.0,True,2018
1,0,15,10.0,15.0,5.0,9.0,3.0,5.0,7.0,13.0,5.0,10.0,3.0,4.0,0.13349794735788495,0.7647058823529411,0.10929627262595201,0.32857142857142857,2.0,2.0,False,2018
1,25,13,8.0,23.0,3.0,8.0,12.0,14.0,11.0,23.0,2.0,5.0,4.0,5.0,0.19406654249696803,0.75,0.0994363422269083,0.3235294117647059,1.0,3.0,True,2018
0,6,18,7.0,14.0,3.0,6.0,7.0,9.0,10.0,23.0,3.0,6.0,11.0,11.0,0.03603407322622535,0.3088235294117647,0.11966417273363728,0.5522388059701493,3.0,1.0,False,2018
0,2,10,6.0,18.0,3.0,8.0,6.0,8.0,6.0,15.0,1.0,6.0,3.0,3.0,0.09412673965205984,0.6764705882352942,0.06330341939465052,0.30434782608695654,2.0,2.0,True,2018
0,13,25,11.0,23.0,2.0,5.0,4.0,5.0,8.0,23.0,3.0,8.0,12.0,14.0,0.0994363422269083,0.3235294117647059,0.19525323399757444,0.7536231884057971,3.0,1.0,False,2018
0,12,29,10.0,18.0,4.0,8.0,6.0,6.0,9.0,17.0,4.0,6.0,7.0,9.0,0.08581104707531093,0.5217391304347826,0.11615754340320525,0.45588235294117646,2.0,2.0,True,2018
1,26,24,8.0,17.0,2.0,7.0,6.0,7.0,10.0,20.0,4.0,8.0,6.0,7.0,0.15706413008092301,0.5857142857142857,0.12655102462067822,0.5522388059701493,3.0,1.0,True,2018
1,29,12,9.0,17.0,4.0,6.0,7.0,9.0,10.0,18.0,4.0,8.0,6.0,6.0,0.11615754340320525,0.45588235294117646,0.10864883766024876,0.5285714285714286,2.0,2.0,False,2018
0,24,26,10.0,20.0,4.0,8.0,6.0,7.0,8.0,17.0,2.0,7.0,6.0,7.0,0.12655102462067822,0.5522388059701493,0.1656513040647384,0.5915492957746479,1.0,3.0,False,2018
1,10,2,6.0,15.0,1.0,6.0,3.0,3.0,6.0,18.0,3.0,8.0,6.0,8.0,0.06330341939465052,0.30434782608695654,0.11530139172164788,0.6811594202898551,2.0,2.0,False,2018
1,18,6,10.0,23.0,3.0,6.0,11.0,11.0,7.0,14.0,3.0,6.0,7.0,9.0,0.11966417273363728,0.5522388059701493,0.02882725858098028,0.30434782608695654,1.0,3.0,True,2018
0,23,5,8.0,15.0,2.0,4.0,5.0,6.0,14.0,22.0,2.0,10.0,11.0,12.0,0.11307865171868772,0.5797101449275363,0.09776868307073615,0.5652173913043478,4.0,2.0,False,2018
1,14,22,6.0,12.0,2.0,5.0,6.0,7.0,10.0,16.0,3.0,5.0,3.0,4.0,0.10176594153839517,0.5652173913043478,0.12753290024878033,0.5797101449275363,3.0,2.0,True,2018
1,27,3,13.0,20.0,8.0,11.0,6.0,8.0,15.0,26.0,4.0,9.0,3.0,5.0,0.09789075569942114,0.35294117647058826,0.08251685435200591,0.5735294117647058,2.0,2.0,False,2018
1,8,1,11.0,18.0,4.0,6.0,4.0,4.0,11.0,28.0,4.0,13.0,6.0,8.0,0.10792360823177571,0.5735294117647058,0.17887233132357103,0.7941176470588235,2.0,2.0,False,2018
0,3,27,15.0,26.0,4.0,9.0,3.0,5.0,13.0,20.0,8.0,11.0,6.0,8.0,0.08251685435200591,0.5735294117647058,0.07831260455953691,0.34782608695652173,2.0,2.0,True,2018
1,28,21,7.0,15.0,4.0,6.0,7.0,8.0,6.0,17.0,3.0,12.0,6.0,7.0,0.007168175719081185,0.34782608695652173,0.09123678209545126,0.43478260869565216,2.0,2.0,True,2018
1,4,9,12.0,25.0,3.0,6.0,9.0,9.0,13.0,26.0,4.0,13.0,8.0,8.0,0.08545750926873723,0.5294117647058824,0.028005200528488504,0.2898550724637681,3.0,2.0,True,2018
0,21,28,6.0,17.0,3.0,12.0,6.0,7.0,7.0,15.0,4.0,6.0,7.0,8.0,0.09123678209545126,0.43478260869565216,0.04573454057526495,0.35714285714285715,2.0,2.0,False,2018
0,0,7,11.0,20.0,5.0,9.0,3.0,3.0,14.0,23.0,3.0,9.0,6.0,8.0,0.10679835788630795,0.7536231884057971,0.009492246572166994,0.2714285714285714,1.0,2.0,True,2018
0,20,16,5.0,18.0,2.0,8.0,6.0,10.0,8.0,19.0,4.0,9.0,6.0,8.0,0.12256569068815301,0.5507246376811594,0.0014997312536940643,0.2647058823529412,2.0,2.0,False,2018
1,17,19,8.0,19.0,3.0,10.0,9.0,9.0,6.0,17.0,3.0,5.0,6.0,8.0,0.1914245221671867,0.6176470588235294,0.04236062295548126,0.4411764705882353,2.0,2.0,True,2018
0,15,11,9.0,17.0,5.0,8.0,3.0,4.0,11.0,21.0,3.0,8.0,8.0,10.0,0.10929627262595201,0.32857142857142857,0.18804006332400275,0.5652173913043478,1.0,2.0,False,2018
1,11,15,11.0,21.0,3.0,8.0,8.0,10.0,9.0,17.0,5.0,8.0,3.0,4.0,0.18804006332400275,0.5652173913043478,0.08743701810076161,0.323943661971831,2.0,1.0,True,2018
1,5,23,14.0,22.0,2.0,10.0,11.0,12.0,8.0,15.0,2.0,4.0,5.0,6.0,0.09776868307073615,0.5652173913043478,0.09046292137495018,0.5714285714285714,2.0,4.0,True,2018
1,7,0,14.0,23.0,3.0,9.0,6.0,8.0,11.0,20.0,5.0,9.0,3.0,3.0,0.009492246572166994,0.2714285714285714,0.12543868630904637,0.7571428571428571,2.0,1.0,False,2018
0,9,4,13.0,26.0,4.0,13.0,8.0,8.0,12.0,25.0,3.0,6.0,9.0,9.0,0.028005200528488504,0.2898550724637681,0.10836600741498978,0.5362318840579711,2.0,3.0,False,2018
0,13,6,9.0,17.0,2.0,6.0,3.0,3.0,9.0,17.0,4.0,9.0,5.0,6.0,0.07954907378152663,0.3188405797101449,0.02882725858098028,0.30434782608695654,1.0,1.0,False,2018
0,22,14,10.0,16.0,3.0,5.0,3.0,4.0,6.0,12.0,2.0,5.0,6.0,7.0,0.12753290024878033,0.5797101449275363,0.12141275323071614,0.5714285714285714,2.0,3.0,False,2018
0,1,8,11.0,28.0,4.0,13.0,6.0,8.0,11.0,18.0,4.0,6.0,4.0,4.0,0.17887233132357103,0.7941176470588235,0.08633888658542058,0.5652173913043478,2.0,2.0,True,2018
1,6,13,9.0,17.0,4.0,9.0,5.0,6.0,9.0,17.0,2.0,6.0,3.0,3.0,0.02882725858098028,0.30434782608695654,0.0636392590252213,0.3142857142857143,1.0,1.0,True,2018
1,16,20,8.0,19.0,4.0,9.0,6.0,8.0,5.0,18.0,2.0,8.0,6.0,10.0,0.0014997312536940643,0.2647058823529412,0.0980525525505224,0.5428571428571428,2.0,2.0,True,2018
0,19,17,6.0,17.0,3.0,5.0,6.0,8.0,8.0,19.0,3.0,10.0,9.0,9.0,0.04236062295548126,0.4411764705882353,0.19313961773374935,0.6231884057971014,2.0,2.0,False,2018
0,26,25,15.0,22.0,3.0,4.0,10.0,12.0,8.0,18.0,5.0,9.0,5.0,7.0,0.1656513040647384,0.5915492957746479,0.19525323399757444,0.7536231884057971,2.0,2.0,True,2018
1,23,1,9.0,16.0,3.0,5.0,10.0,10.0,9.0,18.0,4.0,9.0,14.0,14.0,0.09046292137495018,0.5714285714285714,0.18309786505885683,0.7971014492753623,1.0,1.0,False,2018
0,17,24,9.0,18.0,4.0,7.0,9.0,9.0,11.0,24.0,3.0,6.0,6.0,10.0,0.19313961773374935,0.6231884057971014,0.10124081969654257,0.5441176470588235,1.0,2.0,True,2018
0,1,23,9.0,18.0,4.0,9.0,14.0,14.0,9.0,16.0,3.0,5.0,10.0,10.0,0.18309786505885683,0.7971014492753623,0.07237033709996014,0.5633802816901409,1.0,1.0,True,2018
1,24,17,11.0,24.0,3.0,6.0,6.0,10.0,9.0,18.0,4.0,7.0,9.0,9.0,0.10124081969654257,0.5441176470588235,0.19451169418699948,0.6285714285714286,2.0,1.0,False,2018
0,2,8,9.0,16.0,2.0,6.0,5.0,8.0,14.0,24.0,3.0,5.0,7.0,9.0,0.11530139172164788,0.6811594202898551,0.08633888658542058,0.5652173913043478,2.0,1.0,False,2018
1,25,26,8.0,18.0,5.0,9.0,5.0,7.0,15.0,22.0,3.0,4.0,10.0,12.0,0.19525323399757444,0.7536231884057971,0.1725210432517907,0.5972222222222222,2.0,2.0,False,2018
1,8,2,14.0,24.0,3.0,5.0,7.0,9.0,9.0,16.0,2.0,6.0,5.0,8.0,0.08633888658542058,0.5652173913043478,0.0922411133773183,0.6714285714285714,1.0,2.0,True,2018
1,3,4,16.0,29.0,4.0,9.0,5.0,8.0,13.0,20.0,5.0,9.0,11.0,11.0,0.10601348348160473,0.5797101449275363,0.10836600741498978,0.5362318840579711,2.0,2.0,True,2018
0,21,18,8.0,19.0,3.0,9.0,7.0,7.0,10.0,17.0,5.0,9.0,3.0,4.0,0.072989425676361,0.42857142857142855,0.1357313381869098,0.5588235294117647,2.0,3.0,False,2018
0,27,28,8.0,12.0,1.0,5.0,7.0,7.0,7.0,15.0,4.0,11.0,4.0,6.0,0.07831260455953691,0.34782608695652173,0.04573454057526495,0.35714285714285715,2.0,2.0,False,2018
1,15,19,8.0,15.0,3.0,6.0,2.0,3.0,9.0,18.0,3.0,6.0,5.0,6.0,0.08743701810076161,0.323943661971831,0.033888498364385004,0.43478260869565216,2.0,2.0,False,2018
0,19,15,9.0,18.0,3.0,6.0,5.0,6.0,8.0,15.0,3.0,6.0,2.0,3.0,0.033888498364385004,0.43478260869565216,0.0699496144806093,0.3194444444444444,2.0,2.0,True,2018
1,22,29,9.0,15.0,2.0,5.0,4.0,4.0,10.0,19.0,3.0,10.0,4.0,5.0,0.10202632019902427,0.5714285714285714,0.0929260347225642,0.4492753623188406,2.0,3.0,True,2018
0,16,6,7.0,16.0,3.0,7.0,4.0,8.0,7.0,17.0,4.0,10.0,8.0,13.0,0.04119978500295526,0.2753623188405797,0.06306180686478421,0.3142857142857143,2.0,2.0,False,2018
1,5,0,13.0,22.0,3.0,6.0,7.0,7.0,8.0,18.0,2.0,8.0,6.0,6.0,0.11821494645658892,0.5714285714285714,0.12543868630904637,0.7571428571428571,2.0,2.0,True,2018
0,0,5,8.0,18.0,2.0,8.0,6.0,6.0,13.0,22.0,3.0,6.0,7.0,7.0,0.12543868630904637,0.7571428571428571,0.13457195716527112,0.5774647887323944,2.0,2.0,False,2018
1,12,20,13.0,17.0,6.0,11.0,7.0,8.0,12.0,22.0,4.0,10.0,9.0,11.0,0.10864883766024876,0.5285714285714286,0.0980525525505224,0.5428571428571428,3.0,2.0,True,2018
1,18,21,10.0,17.0,5.0,9.0,3.0,4.0,8.0,19.0,3.0,9.0,7.0,7.0,0.1357313381869098,0.5588235294117647,0.058391540541088804,0.4225352112676056,3.0,2.0,True,2018
0,4,3,13.0,20.0,5.0,9.0,11.0,11.0,16.0,29.0,4.0,9.0,5.0,8.0,0.10836600741498978,0.5362318840579711,0.12481078678528379,0.5857142857142857,2.0,2.0,False,2018
1,6,16,7.0,17.0,4.0,10.0,8.0,13.0,7.0,16.0,3.0,7.0,4.0,8.0,0.06306180686478421,0.3142857142857143,0.0329598280023642,0.2714285714285714,2.0,2.0,True,2018
1,28,27,7.0,15.0,4.0,11.0,4.0,6.0,8.0,12.0,1.0,5.0,7.0,7.0,0.04573454057526495,0.35714285714285715,0.06265008364762953,0.34285714285714286,2.0,2.0,True,2018
0,20,12,12.0,22.0,4.0,10.0,9.0,11.0,13.0,17.0,6.0,11.0,7.0,8.0,0.0980525525505224,0.5428571428571428,0.126919070128199,0.5352112676056338,2.0,3.0,False,2018
0,29,22,10.0,19.0,3.0,10.0,4.0,5.0,9.0,15.0,2.0,5.0,4.0,4.0,0.0929260347225642,0.4492753623188406,0.1216210561592194,0.5774647887323944,3.0,2.0,False,2018
0,19,7,9.0,15.0,3.0,7.0,5.0,5.0,9.0,19.0,4.0,8.0,3.0,6.0,0.06711079869150802,0.44285714285714284,0.007593797257733595,0.2676056338028169,1.0,3.0,True,2018
1,10,25,7.0,19.0,3.0,8.0,2.0,2.0,9.0,17.0,7.0,13.0,4.0,6.0,0.05064273551572042,0.3,0.15620258719805954,0.7428571428571429,4.0,2.0,False,2018
0,9,11,16.0,28.0,3.0,7.0,6.0,10.0,9.0,28.0,3.0,10.0,7.0,8.0,0.0224041604227908,0.2857142857142857,0.19043205065920218,0.5714285714285714,3.0,3.0,True,2018
0,1,17,13.0,25.0,5.0,10.0,11.0,15.0,9.0,17.0,6.0,8.0,10.0,10.0,0.18647829204708546,0.8,0.19451169418699948,0.6285714285714286,2.0,2.0,True,2018
1,7,19,9.0,19.0,4.0,8.0,3.0,6.0,9.0,15.0,3.0,7.0,5.0,5.0,0.007593797257733595,0.2676056338028169,0.09368863895320641,0.4507042253521127,3.0,1.0,False,2018
0,24,23,9.0,16.0,3.0,6.0,7.0,7.0,10.0,19.0,4.0,7.0,7.0,8.0,0.08099265575723405,0.5362318840579711,0.07237033709996014,0.5633802816901409,2.0,2.0,False,2018
1,11,9,9.0,28.0,3.0,10.0,7.0,8.0,16.0,28.0,3.0,7.0,6.0,10.0,0.19043205065920218,0.5714285714285714,0.057923328338232646,0.29577464788732394,3.0,3.0,False,2018
1,17,1,9.0,17.0,6.0,8.0,10.0,10.0,13.0,25.0,5.0,10.0,11.0,15.0,0.19451169418699948,0.6285714285714286,0.18918263363766835,0.8028169014084507,2.0,2.0,False,2018
1,2,26,8.0,15.0,3.0,9.0,5.0,5.0,9.0,21.0,5.0,8.0,7.0,11.0,0.0922411133773183,0.6714285714285714,0.1725210432517907,0.5972222222222222,2.0,2.0,True,2018
0,13,8,8.0,19.0,4.0,8.0,3.0,3.0,15.0,21.0,2.0,5.0,5.0,7.0,0.0636392590252213,0.3142857142857143,0.10907110926833645,0.5714285714285714,3.0,2.0,False,2018
0,26,2,9.0,21.0,5.0,8.0,7.0,11.0,8.0,15.0,3.0,9.0,5.0,5.0,0.1725210432517907,0.5972222222222222,0.11379289070185465,0.676056338028169,2.0,2.0,False,2018
1,23,24,10.0,19.0,4.0,7.0,7.0,8.0,9.0,16.0,3.0,6.0,7.0,7.0,0.07237033709996014,0.5633802816901409,0.06479412460578723,0.5285714285714286,2.0,2.0,True,2018
0,25,10,9.0,17.0,7.0,13.0,4.0,6.0,7.0,19.0,3.0,8.0,2.0,2.0,0.15620258719805954,0.7428571428571429,0.040514188412576334,0.29577464788732394,2.0,4.0,True,2018
1,8,13,15.0,21.0,2.0,5.0,5.0,7.0,8.0,19.0,4.0,8.0,3.0,3.0,0.10907110926833645,0.5714285714285714,0.05091140722017704,0.30985915492957744,2.0,3.0,True,2018
0,22,8,7.0,16.0,3.0,7.0,5.0,5.0,10.0,16.0,3.0,9.0,9.0,9.0,0.1216210561592194,0.5774647887323944,0.12725688741466917,0.5774647887323944,2.0,1.0,False,2018
1,3,25,11.0,19.0,4.0,6.0,12.0,14.0,8.0,16.0,6.0,9.0,9.0,10.0,0.12481078678528379,0.5857142857142857,0.16496206975844765,0.7464788732394366,2.0,1.0,True,2018
0,28,12,10.0,15.0,4.0,8.0,7.0,9.0,9.0,14.0,4.0,7.0,4.0,5.0,0.07658763246021197,0.36619718309859156,0.126919070128199,0.5352112676056338,2.0,2.0,False,2018
0,20,27,9.0,14.0,5.0,7.0,5.0,6.0,7.0,13.0,4.0,8.0,4.0,4.0,0.07844204204041792,0.5352112676056338,0.06265008364762953,0.34285714285714286,2.0,2.0,True,2018
1,27,20,7.0,13.0,4.0,8.0,4.0,4.0,9.0,14.0,5.0,7.0,5.0,6.0,0.06265008364762953,0.34285714285714286,0.10275363363233433,0.5416666666666666,2.0,2.0,False,2018
0,25,3,8.0,16.0,6.0,9.0,9.0,10.0,11.0,19.0,4.0,6.0,12.0,14.0,0.16496206975844765,0.7464788732394366,0.139848629428227,0.5915492957746479,1.0,2.0,False,2018
1,18,16,6.0,10.0,3.0,6.0,6.0,6.0,8.0,14.0,3.0,6.0,6.0,8.0,0.14858507054952785,0.5652173913043478,0.0329598280023642,0.2714285714285714,2.0,2.0,True,2018
0,16,18,8.0,14.0,3.0,6.0,6.0,8.0,6.0,10.0,3.0,6.0,6.0,6.0,0.0329598280023642,0.2714285714285714,0.15886805643962226,0.5714285714285714,2.0,2.0,False,2018
1,12,28,9.0,14.0,4.0,7.0,4.0,5.0,10.0,15.0,4.0,8.0,7.0,9.0,0.126919070128199,0.5352112676056338,0.06127010596816958,0.3611111111111111,2.0,2.0,True,2018
1,5,14,12.0,23.0,1.0,8.0,5.0,6.0,9.0,17.0,3.0,6.0,4.0,5.0,0.13457195716527112,0.5774647887323944,0.12141275323071614,0.5714285714285714,2.0,4.0,True,2018
0,14,5,9.0,17.0,3.0,6.0,4.0,5.0,12.0,23.0,1.0,8.0,5.0,6.0,0.12141275323071614,0.5714285714285714,0.14765756573221692,0.5833333333333334,4.0,2.0,False,2018
0,21,6,10.0,25.0,1.0,5.0,12.0,21.0,7.0,17.0,3.0,8.0,3.0,6.0,0.058391540541088804,0.4225352112676056,0.09044944549182737,0.323943661971831,2.0,2.0,True,2018
1,4,24,9.0,17.0,3.0,6.0,4.0,8.0,9.0,17.0,5.0,9.0,7.0,12.0,0.08669280593199183,0.5285714285714286,0.06479412460578723,0.5285714285714286,2.0,1.0,False,2018
1,6,21,7.0,17.0,3.0,8.0,3.0,6.0,10.0,25.0,1.0,5.0,12.0,21.0,0.09044944549182737,0.323943661971831,0.08671323243287106,0.4305555555555556,2.0,2.0,False,2018
0,24,4,9.0,17.0,5.0,9.0,7.0,12.0,9.0,17.0,3.0,6.0,4.0,8.0,0.06479412460578723,0.5285714285714286,0.06935424474559346,0.5211267605633803,1.0,2.0,True,2018
1,8,22,10.0,16.0,3.0,9.0,9.0,9.0,7.0,16.0,3.0,7.0,5.0,5.0,0.12725688741466917,0.5774647887323944,0.09729684492737553,0.5694444444444444,1.0,2.0,True,2018
0,16,21,7.0,15.0,1.0,3.0,4.0,4.0,13.0,18.0,10.0,14.0,10.0,10.0,0.026367862401891363,0.2676056338028169,0.08671323243287106,0.4305555555555556,1.0,1.0,False,2018
1,13,11,9.0,18.0,5.0,7.0,4.0,4.0,11.0,22.0,4.0,8.0,5.0,5.0,0.05091140722017704,0.30985915492957744,0.15234564052736174,0.5633802816901409,2.0,2.0,False,2018
1,21,16,13.0,18.0,10.0,14.0,10.0,10.0,7.0,15.0,1.0,3.0,4.0,4.0,0.08671323243287106,0.4305555555555556,0.02109428992151309,0.2638888888888889,1.0,1.0,True,2018
0,9,15,7.0,12.0,3.0,6.0,5.0,5.0,7.0,15.0,4.0,4.0,3.0,3.0,0.057923328338232646,0.29577464788732394,0.0699496144806093,0.3194444444444444,2.0,3.0,False,2018
0,19,1,9.0,22.0,2.0,7.0,5.0,10.0,8.0,20.0,3.0,9.0,13.0,18.0,0.09368863895320641,0.4507042253521127,0.18918263363766835,0.8028169014084507,2.0,2.0,False,2018
1,15,9,7.0,15.0,4.0,4.0,3.0,3.0,7.0,12.0,3.0,6.0,5.0,5.0,0.0699496144806093,0.3194444444444444,0.04633866267058612,0.2916666666666667,3.0,2.0,True,2018
1,8,29,12.0,20.0,1.0,4.0,9.0,10.0,9.0,16.0,8.0,12.0,8.0,9.0,0.14180550993173532,0.5833333333333334,0.07434082777805136,0.44285714285714284,1.0,3.0,True,2018
0,11,13,11.0,22.0,4.0,8.0,5.0,5.0,9.0,18.0,5.0,7.0,4.0,4.0,0.15234564052736174,0.5633802816901409,0.040729125776141635,0.3055555555555556,2.0,2.0,True,2018
0,18,10,7.0,12.0,3.0,7.0,5.0,5.0,8.0,15.0,3.0,5.0,3.0,6.0,0.15886805643962226,0.5714285714285714,0.040514188412576334,0.29577464788732394,1.0,2.0,True,2018
0,29,8,9.0,16.0,8.0,12.0,8.0,9.0,12.0,20.0,1.0,4.0,9.0,10.0,0.07434082777805136,0.44285714285714284,0.15344440794538827,0.589041095890411,3.0,1.0,False,2018
1,10,18,8.0,15.0,3.0,5.0,3.0,6.0,7.0,12.0,3.0,7.0,5.0,5.0,0.040514188412576334,0.29577464788732394,0.16709444515169783,0.5774647887323944,2.0,1.0,False,2018
1,1,19,8.0,20.0,3.0,9.0,13.0,18.0,9.0,22.0,2.0,7.0,5.0,10.0,0.18918263363766835,0.8028169014084507,0.07495091116256512,0.4444444444444444,2.0,2.0,True,2018
1,26,12,9.0,16.0,2.0,6.0,9.0,11.0,7.0,16.0,4.0,6.0,7.0,7.0,0.13801683460143258,0.589041095890411,0.1415352561025592,0.5416666666666666,3.0,2.0,True,2018
1,28,23,14.0,25.0,6.0,11.0,5.0,7.0,9.0,15.0,3.0,7.0,8.0,8.0,0.06127010596816958,0.3611111111111111,0.09789626967996812,0.5694444444444444,2.0,3.0,False,2018
0,23,28,9.0,15.0,3.0,7.0,8.0,8.0,14.0,25.0,6.0,11.0,5.0,7.0,0.09789626967996812,0.5694444444444444,0.04901608477453566,0.3561643835616438,3.0,2.0,True,2018
0,24,22,10.0,18.0,4.0,7.0,3.0,4.0,12.0,18.0,3.0,10.0,7.0,8.0,0.09183529968462979,0.5352112676056338,0.09729684492737553,0.5694444444444444,2.0,2.0,False,2018
1,25,6,8.0,21.0,5.0,7.0,6.0,9.0,8.0,21.0,5.0,8.0,7.0,8.0,0.13196965580675812,0.7361111111111112,0.0723595563934619,0.3194444444444444,2.0,2.0,True,2018
0,4,27,9.0,14.0,4.0,6.0,4.0,4.0,7.0,14.0,4.0,7.0,6.0,6.0,0.06935424474559346,0.5211267605633803,0.050120066918103626,0.3380281690140845,2.0,2.0,True,2018
0,2,17,9.0,14.0,5.0,6.0,7.0,7.0,12.0,22.0,4.0,11.0,4.0,4.0,0.11379289070185465,0.676056338028169,0.15560935534959958,0.6197183098591549,3.0,3.0,True,2018
1,17,2,12.0,22.0,4.0,11.0,4.0,4.0,9.0,14.0,5.0,6.0,7.0,7.0,0.15560935534959958,0.6197183098591549,0.13103431256148373,0.6805555555555556,3.0,3.0,False,2018
0,9,0,8.0,18.0,4.0,8.0,4.0,6.0,10.0,18.0,6.0,11.0,6.0,6.0,0.04633866267058612,0.2916666666666667,0.1003509490472371,0.7464788732394366,1.0,4.0,False,2018
1,0,9,10.0,18.0,6.0,11.0,6.0,6.0,8.0,18.0,4.0,8.0,4.0,6.0,0.1003509490472371,0.7464788732394366,0.037070930136468894,0.2876712328767123,4.0,1.0,True,2018
1,5,11,19.0,28.0,2.0,5.0,7.0,8.0,14.0,36.0,4.0,13.0,7.0,7.0,0.14765756573221692,0.5833333333333334,0.1618765124218894,0.5694444444444444,2.0,1.0,True,2018
0,12,26,7.0,16.0,4.0,6.0,7.0,7.0,9.0,16.0,2.0,6.0,9.0,11.0,0.1415352561025592,0.5416666666666666,0.15041346768114605,0.5945945945945946,2.0,3.0,False,2018
1,22,24,12.0,18.0,3.0,10.0,7.0,8.0,10.0,18.0,4.0,7.0,3.0,4.0,0.09729684492737553,0.5694444444444444,0.07346823974770383,0.5277777777777778,2.0,2.0,True,2018
1,27,4,7.0,14.0,4.0,7.0,6.0,6.0,9.0,14.0,4.0,6.0,4.0,4.0,0.050120066918103626,0.3380281690140845,0.09548339579647477,0.5277777777777778,2.0,2.0,False,2018
0,11,5,14.0,36.0,4.0,13.0,7.0,7.0,19.0,28.0,2.0,5.0,7.0,8.0,0.1618765124218894,0.5694444444444444,0.15812605258577353,0.589041095890411,1.0,2.0,False,2018
0,6,25,8.0,21.0,5.0,8.0,7.0,8.0,8.0,21.0,5.0,7.0,6.0,9.0,0.0723595563934619,0.3194444444444444,0.1455757246454065,0.7397260273972602,2.0,2.0,False,2018
0,20,14,10.0,21.0,5.0,12.0,8.0,8.0,9.0,18.0,6.0,9.0,4.0,4.0,0.10275363363233433,0.5416666666666666,0.09713020258457292,0.5633802816901409,2.0,2.0,True,2018
1,14,20,9.0,18.0,6.0,9.0,4.0,4.0,10.0,21.0,5.0,12.0,8.0,8.0,0.09713020258457292,0.5633802816901409,0.12220290690586748,0.547945205479452,2.0,2.0,False,2018
0,7,3,8.0,20.0,6.0,12.0,6.0,11.0,11.0,16.0,3.0,6.0,4.0,6.0,0.006075037806186876,0.2638888888888889,0.139848629428227,0.5915492957746479,3.0,2.0,False,2018
1,3,7,11.0,16.0,3.0,6.0,4.0,6.0,8.0,20.0,6.0,12.0,6.0,11.0,0.139848629428227,0.5915492957746479,0.004860030244949501,0.2602739726027397,2.0,3.0,True,2018
0,7,10,7.0,17.0,2.0,10.0,6.0,8.0,11.0,26.0,3.0,6.0,6.0,9.0,0.004860030244949501,0.2602739726027397,0.032411350730061066,0.2916666666666667,1.0,2.0,False,2018
0,8,1,10.0,22.0,3.0,6.0,5.0,6.0,11.0,24.0,4.0,11.0,2.0,2.0,0.15344440794538827,0.589041095890411,0.1913461069101347,0.8055555555555556,2.0,2.0,False,2018
1,1,8,11.0,24.0,4.0,11.0,2.0,2.0,10.0,22.0,3.0,6.0,5.0,6.0,0.1913461069101347,0.8055555555555556,0.12275552635631062,0.581081081081081,2.0,2.0,True,2018
1,10,7,11.0,26.0,3.0,6.0,6.0,9.0,7.0,17.0,2.0,10.0,6.0,8.0,0.032411350730061066,0.2916666666666667,0.003888024195959601,0.25675675675675674,2.0,1.0,True,2018
1,13,21,8.0,20.0,5.0,11.0,4.0,4.0,9.0,17.0,4.0,8.0,6.0,12.0,0.040729125776141635,0.3055555555555556,0.10937058594629685,0.4383561643835616,2.0,2.0,False,2018
0,27,19,7.0,14.0,4.0,7.0,2.0,3.0,8.0,15.0,6.0,12.0,3.0,4.0,0.0400960535344829,0.3333333333333333,0.07495091116256512,0.4444444444444444,1.0,2.0,False,2018
0,21,13,9.0,17.0,4.0,8.0,6.0,12.0,8.0,20.0,5.0,11.0,4.0,4.0,0.10937058594629685,0.4383561643835616,0.03258330062091331,0.3013698630136986,2.0,2.0,True,2018
0,23,18,7.0,17.0,2.0,6.0,7.0,8.0,6.0,12.0,3.0,9.0,6.0,8.0,0.11831701574397449,0.5753424657534246,0.16709444515169783,0.5774647887323944,1.0,2.0,False,2018
0,29,16,9.0,21.0,4.0,10.0,6.0,8.0,7.0,16.0,3.0,7.0,6.0,7.0,0.05947266222244109,0.43661971830985913,0.02109428992151309,0.2638888888888889,2.0,2.0,True,2018
1,18,23,6.0,12.0,3.0,9.0,6.0,8.0,7.0,17.0,2.0,6.0,7.0,8.0,0.16709444515169783,0.5774647887323944,0.0946536125951796,0.5675675675675675,2.0,1.0,True,2018
1,16,29,7.0,16.0,3.0,7.0,6.0,7.0,9.0,21.0,4.0,10.0,6.0,8.0,0.02109428992151309,0.2638888888888889,0.08757812977795286,0.4444444444444444,2.0,2.0,False,2018
1,19,27,8.0,15.0,6.0,12.0,3.0,4.0,7.0,14.0,4.0,7.0,2.0,3.0,0.07495091116256512,0.4444444444444444,0.03207684282758632,0.3287671232876712,2.0,1.0,True,2018
1,0,11,7.0,15.0,4.0,6.0,2.0,2.0,8.0,19.0,4.0,8.0,3.0,4.0,0.12028075923778966,0.75,0.12950120993751152,0.5616438356164384,2.0,2.0,False,2018
0,11,0,8.0,19.0,4.0,8.0,3.0,4.0,7.0,15.0,4.0,6.0,2.0,2.0,0.12950120993751152,0.5616438356164384,0.09622460739023173,0.7397260273972602,2.0,2.0,True,2018
0,5,4,12.0,21.0,3.0,8.0,10.0,12.0,9.0,16.0,3.0,5.0,4.0,6.0,0.15812605258577353,0.589041095890411,0.09548339579647477,0.5277777777777778,2.0,2.0,False,2018
0,2,15,12.0,16.0,8.0,12.0,6.0,6.0,8.0,16.0,3.0,7.0,6.0,6.0,0.13103431256148373,0.6805555555555556,0.09595969158448743,0.3287671232876712,2.0,3.0,True,2018
1,6,3,11.0,14.0,6.0,7.0,6.0,8.0,14.0,19.0,3.0,6.0,8.0,10.0,0.057887645114769515,0.3150684931506849,0.15187890354258163,0.5972222222222222,2.0,2.0,False,2018
0,17,26,14.0,24.0,5.0,9.0,11.0,11.0,9.0,20.0,2.0,7.0,8.0,8.0,0.12448748427967966,0.6111111111111112,0.15041346768114605,0.5945945945945946,2.0,2.0,True,2018
0,24,25,10.0,24.0,3.0,5.0,5.0,9.0,7.0,12.0,4.0,10.0,5.0,5.0,0.07346823974770383,0.5277777777777778,0.1455757246454065,0.7397260273972602,2.0,2.0,True,2018
1,14,28,6.0,17.0,2.0,6.0,7.0,7.0,8.0,15.0,2.0,6.0,4.0,4.0,0.07770416206765833,0.5555555555555556,0.04901608477453566,0.3561643835616438,2.0,2.0,False,2018
1,26,17,9.0,20.0,2.0,7.0,8.0,8.0,14.0,24.0,5.0,9.0,11.0,11.0,0.15041346768114605,0.5945945945945946,0.13958998742374373,0.6164383561643836,2.0,2.0,False,2018
0,28,14,8.0,15.0,2.0,6.0,4.0,4.0,6.0,17.0,2.0,6.0,7.0,7.0,0.04901608477453566,0.3561643835616438,0.062163329654126666,0.547945205479452,2.0,2.0,True,2018
1,4,5,9.0,16.0,3.0,5.0,4.0,6.0,12.0,21.0,3.0,8.0,10.0,12.0,0.09548339579647477,0.5277777777777778,0.12650084206861884,0.581081081081081,2.0,2.0,True,2018
1,25,24,7.0,12.0,4.0,10.0,5.0,5.0,10.0,24.0,3.0,5.0,5.0,9.0,0.1455757246454065,0.7397260273972602,0.09877459179816306,0.5342465753424658,2.0,2.0,False,2018
0,12,22,7.0,13.0,5.0,8.0,4.0,6.0,10.0,21.0,2.0,8.0,5.0,6.0,0.11322820488204736,0.5342465753424658,0.11783747594190044,0.5753424657534246,2.0,2.0,False,2018
0,9,1,11.0,18.0,4.0,9.0,3.0,4.0,10.0,15.0,5.0,11.0,5.0,5.0,0.037070930136468894,0.2876712328767123,0.19307688552810778,0.8082191780821918,2.0,1.0,False,2018
1,1,9,10.0,15.0,5.0,11.0,5.0,5.0,11.0,18.0,4.0,9.0,3.0,4.0,0.19307688552810778,0.8082191780821918,0.029656744109175116,0.28378378378378377,1.0,2.0,True,2018
0,3,6,14.0,19.0,3.0,6.0,8.0,10.0,11.0,14.0,6.0,7.0,6.0,8.0,0.15187890354258163,0.5972222222222222,0.04631011609181561,0.3108108108108108,2.0,2.0,True,2018
1,15,2,8.0,16.0,3.0,7.0,6.0,6.0,12.0,16.0,8.0,12.0,6.0,6.0,0.09595969158448743,0.3287671232876712,0.14482745004918698,0.684931506849315,3.0,2.0,False,2018
1,22,12,10.0,21.0,2.0,8.0,5.0,6.0,7.0,13.0,5.0,8.0,4.0,6.0,0.11783747594190044,0.5753424657534246,0.09058256390563789,0.527027027027027,2.0,2.0,True,2018
0,16,23,9.0,16.0,4.0,7.0,2.0,2.0,8.0,17.0,3.0,8.0,10.0,10.0,0.016875431937210472,0.2602739726027397,0.0946536125951796,0.5675675675675675,2.0,2.0,True,2018
1,19,29,9.0,22.0,3.0,7.0,5.0,6.0,8.0,17.0,3.0,10.0,9.0,10.0,0.09996072893005209,0.4520547945205479,0.08757812977795286,0.4444444444444444,2.0,2.0,True,2018
1,7,2,9.0,16.0,6.0,14.0,4.0,9.0,10.0,18.0,4.0,11.0,5.0,5.0,0.003888024195959601,0.25675675675675674,0.14482745004918698,0.684931506849315,2.0,1.0,False,2018
0,2,7,10.0,18.0,4.0,11.0,5.0,5.0,9.0,16.0,6.0,14.0,4.0,9.0,0.14482745004918698,0.684931506849315,0.0031104193567676806,0.25333333333333335,1.0,2.0,True,2018
1,21,28,11.0,21.0,4.0,12.0,5.0,5.0,19.0,31.0,3.0,9.0,5.0,5.0,0.1274964687570375,0.44594594594594594,0.07921286781962852,0.36486486486486486,2.0,1.0,True,2018
0,28,21,19.0,31.0,3.0,9.0,5.0,5.0,11.0,21.0,4.0,12.0,5.0,5.0,0.07921286781962852,0.36486486486486486,0.14199717500562997,0.4533333333333333,1.0,2.0,False,2018
0,20,18,8.0,18.0,5.0,8.0,6.0,11.0,7.0,14.0,4.0,8.0,8.0,10.0,0.12220290690586748,0.547945205479452,0.17367555612135824,0.5833333333333334,3.0,2.0,False,2018
0,29,19,8.0,17.0,3.0,10.0,9.0,10.0,9.0,22.0,3.0,7.0,5.0,6.0,0.08757812977795286,0.4444444444444444,0.11996858314404168,0.4594594594594595,2.0,2.0,False,2018
1,23,16,8.0,17.0,3.0,8.0,10.0,10.0,9.0,16.0,4.0,7.0,2.0,2.0,0.0946536125951796,0.5675675675675675,0.05350034554976838,0.2702702702702703,2.0,2.0,False,2018
1,18,20,7.0,14.0,4.0,8.0,8.0,10.0,8.0,18.0,5.0,8.0,6.0,11.0,0.17367555612135824,0.5833333333333334,0.09776232552469398,0.5405405405405406,2.0,3.0,True,2018
0,27,1,8.0,15.0,2.0,7.0,4.0,5.0,11.0,17.0,8.0,13.0,5.0,5.0,0.03207684282758632,0.3287671232876712,0.1944615084224862,0.8108108108108109,3.0,2.0,False,2018
1,15,13,8.0,15.0,2.0,7.0,6.0,6.0,6.0,12.0,3.0,7.0,5.0,6.0,0.07676775326758994,0.32432432432432434,0.03258330062091331,0.3013698630136986,2.0,3.0,False,2018
1,1,27,11.0,17.0,8.0,13.0,5.0,5.0,8.0,15.0,2.0,7.0,4.0,5.0,0.1944615084224862,0.8108108108108109,0.025661474262069058,0.32432432432432434,2.0,3.0,True,2018
0,20,25,11.0,21.0,3.0,7.0,5.0,6.0,7.0,12.0,3.0,7.0,3.0,4.0,0.09776232552469398,0.5405405405405406,0.1164605797163252,0.7297297297297297,1.0,2.0,False,2018
1,14,5,7.0,12.0,2.0,5.0,4.0,6.0,4.0,10.0,3.0,6.0,5.0,7.0,0.062163329654126666,0.547945205479452,0.12650084206861884,0.581081081081081,2.0,2.0,True,2018
0,17,8,18.0,33.0,3.0,10.0,2.0,3.0,15.0,24.0,2.0,8.0,6.0,6.0,0.13958998742374373,0.6164383561643836,0.12275552635631062,0.581081081081081,2.0,3.0,True,2018
1,8,17,15.0,24.0,2.0,8.0,6.0,6.0,18.0,33.0,3.0,10.0,2.0,3.0,0.12275552635631062,0.581081081081081,0.15167198993899497,0.6216216216216216,3.0,2.0,False,2018
0,13,15,6.0,12.0,3.0,7.0,5.0,6.0,8.0,15.0,2.0,7.0,6.0,6.0,0.03258330062091331,0.3013698630136986,0.061414202614071954,0.32,3.0,2.0,True,2018
1,24,4,8.0,17.0,4.0,6.0,5.0,6.0,10.0,17.0,3.0,7.0,5.0,9.0,0.09877459179816306,0.5342465753424658,0.11638671663717984,0.5342465753424658,2.0,2.0,True,2018
1,25,20,7.0,12.0,3.0,7.0,3.0,4.0,11.0,21.0,3.0,7.0,5.0,6.0,0.1164605797163252,0.7297297297297297,0.07820986041975518,0.5333333333333333,2.0,1.0,True,2018
1,0,22,5.0,17.0,2.0,6.0,2.0,2.0,9.0,17.0,3.0,6.0,4.0,5.0,0.09622460739023173,0.7397260273972602,0.13426998075352034,0.581081081081081,2.0,2.0,False,2018
1,12,3,7.0,13.0,3.0,5.0,5.0,6.0,7.0,18.0,2.0,5.0,4.0,8.0,0.09058256390563789,0.527027027027027,0.16150312283406526,0.6027397260273972,2.0,2.0,True,2018
0,4,24,10.0,17.0,3.0,7.0,5.0,9.0,8.0,17.0,4.0,6.0,5.0,6.0,0.11638671663717984,0.5342465753424658,0.11901967343853044,0.5405405405405406,2.0,2.0,False,2018
0,5,14,4.0,10.0,3.0,6.0,5.0,7.0,7.0,12.0,2.0,5.0,4.0,6.0,0.12650084206861884,0.581081081081081,0.08973066372330134,0.5540540540540541,2.0,2.0,False,2018
0,3,12,7.0,18.0,2.0,5.0,4.0,8.0,7.0,13.0,3.0,5.0,5.0,6.0,0.16150312283406526,0.6027397260273972,0.11246605112451032,0.5333333333333333,2.0,2.0,False,2018
0,22,0,9.0,17.0,3.0,6.0,4.0,5.0,5.0,17.0,2.0,6.0,2.0,2.0,0.13426998075352034,0.581081081081081,0.07697968591218537,0.7297297297297297,2.0,2.0,True,2018
0,3,21,14.0,26.0,4.0,8.0,9.0,11.0,7.0,18.0,2.0,8.0,6.0,6.0,0.12920249826725222,0.5945945945945946,0.14199717500562997,0.4533333333333333,1.0,2.0,True,2018
0,2,11,6.0,15.0,3.0,8.0,6.0,8.0,7.0,20.0,3.0,8.0,5.0,6.0,0.15586196003934957,0.6891891891891891,0.14360096795000923,0.5675675675675675,2.0,3.0,True,2018
1,18,28,9.0,19.0,3.0,10.0,6.0,6.0,9.0,20.0,2.0,8.0,7.0,9.0,0.17894044489708658,0.589041095890411,0.06337029425570281,0.36,2.0,2.0,True,2018
0,24,7,10.0,16.0,5.0,6.0,3.0,6.0,9.0,17.0,4.0,8.0,5.0,6.0,0.11901967343853044,0.5405405405405406,0.0031104193567676806,0.25333333333333335,1.0,2.0,True,2018
1,16,17,7.0,12.0,5.0,7.0,5.0,8.0,16.0,25.0,3.0,7.0,7.0,9.0,0.05350034554976838,0.2702702702702703,0.15167198993899497,0.6216216216216216,2.0,1.0,True,2018
0,17,16,16.0,25.0,3.0,7.0,7.0,9.0,7.0,12.0,5.0,7.0,5.0,8.0,0.15167198993899497,0.6216216216216216,0.08280027643981469,0.28,1.0,2.0,False,2018
0,13,29,7.0,15.0,4.0,7.0,3.0,4.0,8.0,16.0,3.0,10.0,6.0,9.0,0.06606664049673064,0.3108108108108108,0.07006250382236229,0.4383561643835616,1.0,2.0,False,2018
1,11,2,7.0,20.0,3.0,8.0,5.0,6.0,6.0,15.0,3.0,8.0,6.0,8.0,0.14360096795000923,0.5675675675675675,0.16468956803147966,0.6933333333333334,3.0,2.0,False,2018
1,10,6,11.0,21.0,3.0,6.0,5.0,5.0,6.0,15.0,3.0,8.0,6.0,7.0,0.06592908058404887,0.3013698630136986,0.04631011609181561,0.3108108108108108,4.0,3.0,False,2018
1,7,24,9.0,17.0,4.0,8.0,5.0,6.0,10.0,16.0,5.0,6.0,3.0,6.0,0.0031104193567676806,0.25333333333333335,0.13521573875082435,0.5466666666666666,2.0,1.0,False,2018
0,28,18,9.0,20.0,2.0,8.0,7.0,9.0,9.0,19.0,3.0,10.0,6.0,6.0,0.06337029425570281,0.36,0.18315235591766926,0.5945945945945946,2.0,2.0,False,2018
0,6,10,6.0,15.0,3.0,8.0,6.0,7.0,11.0,21.0,3.0,6.0,5.0,5.0,0.04631011609181561,0.3108108108108108,0.05274326446723909,0.2972972972972973,3.0,4.0,True,2018
1,23,9,19.0,32.0,6.0,8.0,12.0,15.0,8.0,14.0,4.0,6.0,8.0,9.0,0.07572289007614368,0.56,0.029656744109175116,0.28378378378378377,2.0,3.0,True,2018
1,21,3,7.0,18.0,2.0,8.0,6.0,6.0,14.0,26.0,4.0,8.0,9.0,11.0,0.14199717500562997,0.4533333333333333,0.14336199861380178,0.6,2.0,1.0,False,2018
0,9,23,8.0,14.0,4.0,6.0,8.0,9.0,19.0,32.0,6.0,8.0,12.0,15.0,0.029656744109175116,0.28378378378378377,0.10057831206091494,0.5657894736842105,3.0,2.0,False,2018
1,29,13,8.0,16.0,3.0,10.0,6.0,9.0,7.0,15.0,4.0,7.0,3.0,4.0,0.07006250382236229,0.4383561643835616,0.052853312397384514,0.30666666666666664,2.0,1.0,True,2018
1,19,14,10.0,16.0,2.0,4.0,5.0,7.0,6.0,17.0,2.0,8.0,4.0,5.0,0.11996858314404168,0.4594594594594595,0.08973066372330134,0.5540540540540541,3.0,2.0,True,2018
0,27,12,6.0,16.0,3.0,7.0,6.0,8.0,8.0,16.0,2.0,7.0,5.0,5.0,0.025661474262069058,0.32432432432432434,0.11246605112451032,0.5333333333333333,2.0,2.0,False,2018
0,14,19,6.0,17.0,2.0,8.0,4.0,5.0,10.0,16.0,2.0,4.0,5.0,7.0,0.08973066372330134,0.5540540540540541,0.13597486651523333,0.4666666666666667,2.0,3.0,False,2018
1,15,22,9.0,15.0,4.0,9.0,2.0,3.0,9.0,14.0,2.0,7.0,9.0,9.0,0.061414202614071954,0.32,0.1474159846028163,0.5866666666666667,2.0,2.0,False,2018
0,4,0,14.0,18.0,3.0,4.0,3.0,4.0,12.0,15.0,5.0,6.0,4.0,4.0,0.09310937330974386,0.527027027027027,0.07697968591218537,0.7297297297297297,2.0,2.0,True,2018
1,0,4,12.0,15.0,5.0,6.0,4.0,4.0,14.0,18.0,3.0,4.0,3.0,4.0,0.07697968591218537,0.7297297297297297,0.1144874986477951,0.5333333333333333,2.0,2.0,False,2018
1,12,27,8.0,16.0,2.0,7.0,5.0,5.0,6.0,16.0,3.0,7.0,6.0,8.0,0.11246605112451032,0.5333333333333333,0.020529179409655245,0.32,2.0,2.0,True,2018
0,26,5,9.0,20.0,3.0,6.0,5.0,8.0,9.0,19.0,3.0,9.0,6.0,8.0,0.12033077414491684,0.5866666666666667,0.10120067365489507,0.5733333333333334,4.0,2.0,False,2018
1,5,26,9.0,19.0,3.0,9.0,6.0,8.0,9.0,20.0,3.0,6.0,5.0,8.0,0.10120067365489507,0.5733333333333334,0.09626461931593347,0.5789473684210527,2.0,4.0,True,2018
0,22,15,9.0,14.0,2.0,7.0,9.0,9.0,9.0,15.0,4.0,9.0,2.0,3.0,0.1474159846028163,0.5866666666666667,0.04913136209125756,0.3157894736842105,2.0,2.0,True,2018
1,10,27,6.0,21.0,2.0,8.0,5.0,6.0,4.0,12.0,3.0,8.0,7.0,8.0,0.05274326446723909,0.2972972972972973,0.020529179409655245,0.32,2.0,1.0,False,2018
1,26,20,12.0,32.0,5.0,10.0,5.0,8.0,13.0,22.0,3.0,6.0,8.0,11.0,0.09626461931593347,0.5789473684210527,0.07820986041975518,0.5333333333333333,1.0,3.0,False,2018
1,1,7,8.0,21.0,5.0,11.0,11.0,17.0,13.0,24.0,7.0,12.0,3.0,5.0,0.19556920673798897,0.8133333333333334,0.0024883354854141446,0.25,3.0,2.0,True,2018
0,8,3,12.0,19.0,4.0,7.0,4.0,4.0,12.0,24.0,4.0,6.0,3.0,4.0,0.0982044210850485,0.5733333333333334,0.14336199861380178,0.6,3.0,2.0,False,2018
1,3,8,12.0,24.0,4.0,6.0,3.0,4.0,12.0,19.0,4.0,7.0,4.0,4.0,0.14336199861380178,0.6,0.0785635368680388,0.5657894736842105,2.0,3.0,True,2018
0,20,26,13.0,22.0,3.0,6.0,8.0,11.0,12.0,32.0,5.0,10.0,5.0,8.0,0.07820986041975518,0.5333333333333333,0.07701169545274678,0.5714285714285714,3.0,1.0,True,2018
0,27,10,4.0,12.0,3.0,8.0,7.0,8.0,6.0,21.0,2.0,8.0,5.0,6.0,0.020529179409655245,0.32,0.04219461157379127,0.29333333333333333,1.0,2.0,True,2018
0,16,11,11.0,13.0,6.0,7.0,7.0,7.0,8.0,15.0,3.0,8.0,6.0,10.0,0.08280027643981469,0.28,0.11488077436000739,0.56,2.0,2.0,False,2018
0,18,9,8.0,16.0,2.0,9.0,3.0,4.0,8.0,18.0,3.0,8.0,2.0,4.0,0.18315235591766926,0.5945945945945946,0.023725395287340093,0.28,2.0,2.0,True,2018
0,4,29,15.0,24.0,7.0,12.0,11.0,15.0,11.0,20.0,2.0,9.0,7.0,8.0,0.1144874986477951,0.5333333333333333,0.09605000305788984,0.44594594594594594,1.0,2.0,True,2018
1,11,16,8.0,15.0,3.0,8.0,6.0,10.0,11.0,13.0,6.0,7.0,7.0,7.0,0.11488077436000739,0.56,0.06624022115185176,0.27631578947368424,2.0,2.0,True,2018
1,29,4,11.0,20.0,2.0,9.0,7.0,8.0,15.0,24.0,7.0,12.0,11.0,15.0,0.09605000305788984,0.44594594594594594,0.13158999891823608,0.5394736842105263,2.0,1.0,False,2018
1,13,23,8.0,19.0,2.0,6.0,2.0,2.0,11.0,21.0,2.0,7.0,6.0,6.0,0.052853312397384514,0.30666666666666664,0.10057831206091494,0.5657894736842105,2.0,2.0,False,2018
1,17,24,9.0,17.0,2.0,10.0,5.0,6.0,10.0,22.0,2.0,3.0,4.0,6.0,0.12133759195119598,0.6133333333333333,0.13521573875082435,0.5466666666666666,2.0,2.0,True,2018
0,24,17,10.0,22.0,2.0,3.0,4.0,6.0,9.0,17.0,2.0,10.0,5.0,6.0,0.13521573875082435,0.5466666666666666,0.13707007356095677,0.618421052631579,2.0,2.0,False,2018
1,9,18,8.0,18.0,3.0,8.0,2.0,4.0,8.0,16.0,2.0,9.0,3.0,4.0,0.023725395287340093,0.28,0.18652188473413542,0.6,2.0,2.0,False,2018
0,23,13,11.0,21.0,2.0,7.0,6.0,6.0,8.0,19.0,2.0,6.0,2.0,2.0,0.10057831206091494,0.5657894736842105,0.04228264991790761,0.3026315789473684,2.0,2.0,True,2018
0,7,1,13.0,24.0,7.0,12.0,3.0,5.0,8.0,21.0,5.0,11.0,11.0,17.0,0.0024883354854141446,0.25,0.19645536539039116,0.8157894736842105,2.0,3.0,False,2018
0,6,12,8.0,16.0,3.0,7.0,5.0,7.0,7.0,17.0,2.0,5.0,4.0,5.0,0.07704809287345249,0.32,0.12997284089960826,0.5394736842105263,3.0,2.0,True,2018
0,25,2,12.0,19.0,3.0,10.0,8.0,10.0,9.0,17.0,2.0,5.0,10.0,11.0,0.13316846377306016,0.7333333333333333,0.16468956803147966,0.6933333333333334,4.0,3.0,False,2018
1,15,0,6.0,11.0,4.0,6.0,4.0,4.0,10.0,19.0,3.0,7.0,9.0,11.0,0.04913136209125756,0.3157894736842105,0.0615837487297483,0.72,2.0,2.0,False,2018
1,12,6,7.0,17.0,2.0,5.0,4.0,5.0,8.0,16.0,3.0,7.0,5.0,7.0,0.12997284089960826,0.5394736842105263,0.10163847429876198,0.32894736842105265,2.0,3.0,False,2018
0,19,28,8.0,17.0,4.0,8.0,6.0,8.0,14.0,21.0,3.0,7.0,3.0,3.0,0.13597486651523333,0.4666666666666667,0.05069623540456225,0.35526315789473684,2.0,3.0,True,2018
0,0,15,10.0,19.0,3.0,7.0,9.0,11.0,6.0,11.0,4.0,6.0,4.0,4.0,0.0615837487297483,0.72,0.03930508967300605,0.3116883116883117,2.0,2.0,True,2018
0,21,14,9.0,17.0,3.0,9.0,5.0,11.0,10.0,17.0,6.0,10.0,4.0,5.0,0.11359774000450398,0.4473684210526316,0.07178453097864107,0.5466666666666666,3.0,2.0,False,2018
1,2,25,9.0,17.0,2.0,5.0,10.0,11.0,12.0,19.0,3.0,10.0,8.0,10.0,0.16468956803147966,0.6933333333333334,0.10653477101844813,0.7236842105263158,3.0,4.0,True,2018
1,28,19,14.0,21.0,3.0,7.0,3.0,3.0,8.0,17.0,4.0,8.0,6.0,8.0,0.05069623540456225,0.35526315789473684,0.14877989321218668,0.47368421052631576,3.0,2.0,False,2018
1,14,21,10.0,17.0,6.0,10.0,4.0,5.0,9.0,17.0,3.0,9.0,5.0,11.0,0.07178453097864107,0.5466666666666666,0.09087819200360318,0.44155844155844154,2.0,3.0,True,2018
0,1,5,8.0,19.0,2.0,6.0,8.0,8.0,11.0,19.0,3.0,6.0,4.0,5.0,0.19645536539039116,0.8157894736842105,0.12096053892391605,0.5789473684210527,2.0,3.0,False,2018
1,9,10,8.0,16.0,3.0,9.0,1.0,1.0,8.0,19.0,3.0,8.0,4.0,4.0,0.018980316229872073,0.27631578947368424,0.04219461157379127,0.29333333333333333,2.0,2.0,True,2018
1,29,15,6.0,16.0,3.0,9.0,9.0,14.0,8.0,18.0,3.0,5.0,2.0,3.0,0.07684000244631187,0.44,0.03930508967300605,0.3116883116883117,2.0,1.0,False,2018
1,27,14,7.0,13.0,5.0,8.0,4.0,7.0,7.0,17.0,3.0,7.0,5.0,5.0,0.05642334352772419,0.32894736842105265,0.09742762478291286,0.5526315789473685,2.0,1.0,True,2018
1,21,18,6.0,13.0,4.0,9.0,11.0,14.0,10.0,21.0,5.0,9.0,2.0,2.0,0.09087819200360318,0.44155844155844154,0.18652188473413542,0.6,1.0,2.0,False,2018
0,11,23,10.0,15.0,5.0,6.0,6.0,7.0,10.0,22.0,2.0,6.0,6.0,6.0,0.13190461948800591,0.5657894736842105,0.12046264964873195,0.5714285714285714,2.0,2.0,True,2018
0,10,9,8.0,19.0,3.0,8.0,4.0,4.0,8.0,16.0,3.0,9.0,1.0,1.0,0.04219461157379127,0.29333333333333333,0.05518425298389766,0.2857142857142857,2.0,2.0,False,2018
1,23,11,10.0,22.0,2.0,6.0,6.0,6.0,10.0,15.0,5.0,6.0,6.0,7.0,0.12046264964873195,0.5714285714285714,0.14552369559040473,0.5714285714285714,2.0,2.0,False,2018
0,7,0,9.0,23.0,4.0,6.0,3.0,5.0,12.0,19.0,3.0,7.0,2.0,2.0,0.0019906683883313156,0.24675324675324675,0.08926699898379864,0.7236842105263158,2.0,1.0,False,2018
0,15,29,8.0,18.0,3.0,5.0,2.0,3.0,6.0,16.0,3.0,9.0,9.0,14.0,0.03930508967300605,0.3116883116883117,0.061472001957049494,0.4342105263157895,1.0,2.0,True,2018
0,16,17,11.0,26.0,4.0,9.0,2.0,3.0,7.0,16.0,3.0,8.0,11.0,11.0,0.06624022115185176,0.27631578947368424,0.13707007356095677,0.618421052631579,2.0,2.0,False,2018
0,18,21,10.0,21.0,5.0,9.0,2.0,2.0,6.0,13.0,4.0,9.0,11.0,14.0,0.18652188473413542,0.6,0.07270255360288255,0.4358974358974359,2.0,1.0,True,2018
1,5,1,11.0,19.0,3.0,6.0,4.0,5.0,8.0,19.0,2.0,6.0,8.0,8.0,0.12096053892391605,0.5789473684210527,0.15716429231231294,0.8051948051948052,3.0,2.0,True,2018
0,22,24,11.0,17.0,3.0,6.0,5.0,6.0,9.0,16.0,3.0,8.0,5.0,5.0,0.15793278768225302,0.5921052631578947,0.10817259100065948,0.5394736842105263,3.0,2.0,True,2018
1,0,7,12.0,19.0,3.0,7.0,2.0,2.0,9.0,23.0,4.0,6.0,3.0,5.0,0.08926699898379864,0.7236842105263158,0.0015925347106650525,0.24358974358974358,1.0,2.0,True,2018
0,14,27,7.0,17.0,3.0,7.0,5.0,5.0,7.0,13.0,5.0,8.0,4.0,7.0,0.09742762478291286,0.5526315789473685,0.08513867482217936,0.33766233766233766,1.0,2.0,False,2018
1,3,13,6.0,21.0,3.0,6.0,6.0,7.0,10.0,19.0,5.0,10.0,5.0,5.0,0.15468959889104142,0.6052631578947368,0.04228264991790761,0.3026315789473684,2.0,2.0,True,2018
0,26,8,9.0,24.0,4.0,11.0,8.0,11.0,8.0,17.0,3.0,7.0,9.0,11.0,0.07701169545274678,0.5714285714285714,0.0785635368680388,0.5657894736842105,2.0,2.0,True,2018
1,8,26,8.0,17.0,3.0,7.0,9.0,11.0,9.0,24.0,4.0,11.0,8.0,11.0,0.0785635368680388,0.5657894736842105,0.10160935636219741,0.5769230769230769,2.0,2.0,False,2018
1,20,4,14.0,24.0,3.0,7.0,10.0,10.0,14.0,23.0,5.0,8.0,6.0,7.0,0.10256788833580414,0.5394736842105263,0.13158999891823608,0.5394736842105263,2.0,2.0,True,2018
1,17,16,7.0,16.0,3.0,8.0,11.0,11.0,11.0,26.0,4.0,9.0,2.0,3.0,0.13707007356095677,0.618421052631579,0.05299217692148141,0.2727272727272727,2.0,2.0,True,2018
0,13,3,10.0,19.0,5.0,10.0,5.0,5.0,6.0,21.0,3.0,6.0,6.0,7.0,0.04228264991790761,0.3026315789473684,0.16375167911283312,0.6103896103896104,2.0,2.0,False,2018
1,24,22,9.0,16.0,3.0,8.0,5.0,5.0,11.0,17.0,3.0,6.0,5.0,6.0,0.10817259100065948,0.5394736842105263,0.16634623014580244,0.5974025974025974,2.0,3.0,False,2018
0,19,6,9.0,22.0,2.0,5.0,11.0,13.0,6.0,15.0,3.0,11.0,3.0,4.0,0.14877989321218668,0.47368421052631576,0.10163847429876198,0.32894736842105265,1.0,1.0,True,2018
0,4,20,14.0,23.0,5.0,8.0,6.0,7.0,14.0,24.0,3.0,7.0,10.0,10.0,0.13158999891823608,0.5394736842105263,0.12205431066864332,0.5454545454545454,2.0,2.0,False,2018
1,6,19,6.0,15.0,3.0,11.0,3.0,4.0,9.0,22.0,2.0,5.0,11.0,13.0,0.10163847429876198,0.32894736842105265,0.15902391456974935,0.4805194805194805,1.0,1.0,False,2018
0,21,27,8.0,15.0,5.0,10.0,9.0,13.0,8.0,17.0,5.0,9.0,4.0,5.0,0.07270255360288255,0.4358974358974359,0.08513867482217936,0.33766233766233766,2.0,2.0,False,2018
1,20,22,11.0,18.0,4.0,6.0,5.0,6.0,10.0,19.0,4.0,5.0,4.0,6.0,0.12205431066864332,0.5454545454545454,0.16634623014580244,0.5974025974025974,2.0,2.0,True,2018
1,28,10,7.0,13.0,1.0,7.0,3.0,4.0,7.0,15.0,5.0,8.0,3.0,4.0,0.040556988323649804,0.35064935064935066,0.033755689259033016,0.2894736842105263,3.0,2.0,False,2018
0,0,26,9.0,25.0,2.0,9.0,14.0,14.0,15.0,26.0,3.0,9.0,11.0,12.0,0.1114135991870389,0.7272727272727273,0.10160935636219741,0.5769230769230769,2.0,2.0,True,2018
0,6,18,7.0,11.0,3.0,7.0,5.0,8.0,8.0,15.0,4.0,8.0,3.0,4.0,0.08131077943900958,0.3246753246753247,0.18921750778730834,0.6052631578947368,2.0,2.0,False,2018
0,15,7,8.0,21.0,4.0,9.0,6.0,6.0,10.0,23.0,2.0,5.0,6.0,8.0,0.07144407173840485,0.32051282051282054,0.0015925347106650525,0.24358974358974358,2.0,2.0,False,2018
1,3,25,8.0,14.0,4.0,6.0,8.0,11.0,8.0,15.0,3.0,7.0,5.0,5.0,0.16375167911283312,0.6103896103896104,0.10653477101844813,0.7236842105263158,2.0,3.0,True,2018
1,18,6,8.0,15.0,4.0,8.0,3.0,4.0,7.0,11.0,3.0,7.0,5.0,8.0,0.18921750778730834,0.6052631578947368,0.06504862355120766,0.32051282051282054,2.0,2.0,True,2018
0,17,13,7.0,20.0,4.0,10.0,15.0,15.0,8.0,16.0,3.0,10.0,4.0,6.0,0.14965605884876543,0.6233766233766234,0.03382611993432609,0.2987012987012987,2.0,2.0,False,2018
1,27,21,8.0,17.0,5.0,9.0,4.0,5.0,8.0,15.0,5.0,10.0,9.0,13.0,0.08513867482217936,0.33766233766233766,0.058162042882306045,0.43037974683544306,2.0,2.0,True,2018
0,22,20,10.0,19.0,4.0,5.0,4.0,6.0,11.0,18.0,4.0,6.0,5.0,6.0,0.16634623014580244,0.5974025974025974,0.13764344853491467,0.5512820512820513,2.0,2.0,False,2018
0,10,28,7.0,15.0,5.0,8.0,3.0,4.0,7.0,13.0,1.0,7.0,3.0,4.0,0.033755689259033016,0.2894736842105263,0.032445590658919846,0.34615384615384615,2.0,3.0,True,2018
0,2,4,9.0,16.0,3.0,8.0,7.0,8.0,11.0,22.0,2.0,5.0,7.0,8.0,0.17175165442518375,0.6973684210526315,0.10527199913458887,0.5324675324675324,3.0,2.0,False,2018
0,14,1,10.0,15.0,3.0,7.0,6.0,10.0,12.0,18.0,5.0,9.0,9.0,10.0,0.0779420998263303,0.5454545454545454,0.15716429231231294,0.8051948051948052,2.0,2.0,False,2018
0,9,12,7.0,19.0,4.0,8.0,3.0,3.0,9.0,14.0,3.0,8.0,4.0,4.0,0.05518425298389766,0.2857142857142857,0.1039782727196866,0.5324675324675324,2.0,3.0,False,2018
1,11,29,10.0,21.0,4.0,8.0,7.0,7.0,9.0,18.0,5.0,9.0,7.0,12.0,0.14552369559040473,0.5714285714285714,0.061472001957049494,0.4342105263157895,2.0,2.0,True,2018
1,1,14,12.0,18.0,5.0,9.0,9.0,10.0,10.0,15.0,3.0,7.0,6.0,10.0,0.15716429231231294,0.8051948051948052,0.062353679861064236,0.5384615384615384,2.0,2.0,True,2018
0,5,24,13.0,21.0,3.0,9.0,9.0,9.0,11.0,20.0,3.0,7.0,8.0,10.0,0.13676843113913284,0.5844155844155844,0.08653807280052758,0.5324675324675324,2.0,2.0,False,2018
1,13,17,8.0,16.0,3.0,10.0,4.0,6.0,7.0,20.0,4.0,10.0,15.0,15.0,0.03382611993432609,0.2987012987012987,0.11972484707901235,0.6153846153846154,2.0,2.0,True,2018
0,29,11,9.0,18.0,5.0,9.0,7.0,12.0,10.0,21.0,4.0,8.0,7.0,7.0,0.061472001957049494,0.4342105263157895,0.1564189564723238,0.5769230769230769,2.0,2.0,False,2018
1,7,15,10.0,23.0,2.0,5.0,6.0,8.0,8.0,21.0,4.0,9.0,6.0,6.0,0.0015925347106650525,0.24358974358974358,0.05715525739072388,0.31645569620253167,2.0,2.0,True,2018
1,24,5,11.0,20.0,3.0,7.0,8.0,10.0,13.0,21.0,3.0,9.0,9.0,9.0,0.08653807280052758,0.5324675324675324,0.10941474491130627,0.5769230769230769,2.0,2.0,True,2018
1,26,0,15.0,26.0,3.0,9.0,11.0,12.0,9.0,25.0,2.0,9.0,14.0,14.0,0.10160935636219741,0.5769230769230769,0.12913087934963113,0.7307692307692307,2.0,2.0,False,2018
1,12,9,9.0,14.0,3.0,8.0,4.0,4.0,7.0,19.0,4.0,8.0,3.0,3.0,0.1039782727196866,0.5324675324675324,0.04414740238711813,0.28205128205128205,3.0,2.0,True,2018
1,4,2,11.0,22.0,2.0,5.0,7.0,8.0,9.0,16.0,3.0,8.0,7.0,8.0,0.10527199913458887,0.5324675324675324,0.137401323540147,0.6883116883116883,2.0,3.0,True,2018
0,25,3,8.0,15.0,3.0,7.0,5.0,5.0,8.0,14.0,4.0,6.0,8.0,11.0,0.10653477101844813,0.7236842105263158,0.17100134329026653,0.6153846153846154,3.0,2.0,False,2018
1,8,16,11.0,16.0,7.0,10.0,11.0,13.0,9.0,17.0,5.0,10.0,4.0,5.0,0.06285082949443103,0.5584415584415584,0.05299217692148141,0.2727272727272727,3.0,3.0,True,2018
1,29,5,11.0,23.0,5.0,9.0,5.0,6.0,12.0,20.0,3.0,6.0,9.0,13.0,0.04917760156563959,0.42857142857142855,0.10941474491130627,0.5769230769230769,1.0,1.0,True,2018
0,5,29,12.0,20.0,3.0,6.0,9.0,13.0,11.0,23.0,5.0,9.0,5.0,6.0,0.10941474491130627,0.5769230769230769,0.07934208125251167,0.4358974358974359,1.0,1.0,False,2018
0,13,10,6.0,15.0,3.0,7.0,3.0,4.0,8.0,16.0,2.0,6.0,4.0,6.0,0.06706089594746087,0.3076923076923077,0.06700455140722641,0.2987012987012987,1.0,1.0,False,2018
0,18,19,10.0,16.0,5.0,7.0,4.0,6.0,9.0,15.0,7.0,8.0,6.0,7.0,0.19137400622984663,0.6103896103896104,0.15902391456974935,0.4805194805194805,1.0,3.0,True,2018
0,2,25,7.0,14.0,1.0,4.0,9.0,9.0,7.0,17.0,3.0,7.0,2.0,2.0,0.137401323540147,0.6883116883116883,0.08522781681475851,0.7142857142857143,1.0,1.0,False,2018
0,12,9,7.0,16.0,5.0,8.0,3.0,4.0,8.0,14.0,3.0,6.0,4.0,5.0,0.1231826181757493,0.5384615384615384,0.04414740238711813,0.28205128205128205,1.0,1.0,True,2018
0,16,8,9.0,17.0,5.0,10.0,4.0,5.0,11.0,16.0,7.0,10.0,11.0,13.0,0.05299217692148141,0.2727272727272727,0.09028066359554483,0.5641025641025641,3.0,3.0,False,2018
1,25,2,7.0,17.0,3.0,7.0,2.0,2.0,7.0,14.0,1.0,4.0,9.0,9.0,0.08522781681475851,0.7142857142857143,0.1099210588321176,0.6794871794871795,1.0,1.0,True,2018
1,9,12,8.0,14.0,3.0,6.0,4.0,5.0,7.0,16.0,5.0,8.0,3.0,4.0,0.04414740238711813,0.28205128205128205,0.13854609454059943,0.5443037974683544,1.0,1.0,False,2018
1,10,13,8.0,16.0,2.0,6.0,4.0,6.0,6.0,15.0,3.0,7.0,3.0,4.0,0.06700455140722641,0.2987012987012987,0.053648716757968694,0.3037974683544304,1.0,1.0,True,2018
1,19,18,9.0,15.0,7.0,8.0,6.0,7.0,10.0,16.0,5.0,7.0,4.0,6.0,0.15902391456974935,0.4805194805194805,0.19309920498387734,0.6153846153846154,3.0,1.0,False,2018
1,22,0,11.0,17.0,6.0,7.0,4.0,5.0,8.0,23.0,4.0,10.0,9.0,9.0,0.13307698411664196,0.5897435897435898,0.12913087934963113,0.7307692307692307,2.0,2.0,True,2018
1,20,23,8.0,20.0,5.0,9.0,6.0,9.0,10.0,16.0,2.0,5.0,5.0,6.0,0.13764344853491467,0.5512820512820513,0.09637011971898556,0.5641025641025641,2.0,4.0,True,2018
1,1,17,11.0,19.0,3.0,8.0,7.0,10.0,7.0,25.0,2.0,9.0,4.0,5.0,0.16573143384985034,0.8076923076923077,0.11972484707901235,0.6153846153846154,2.0,2.0,True,2018
1,11,24,7.0,15.0,3.0,6.0,7.0,8.0,7.0,12.0,2.0,6.0,6.0,7.0,0.1564189564723238,0.5769230769230769,0.10923045824042207,0.5384615384615384,2.0,2.0,True,2018
0,23,20,10.0,16.0,2.0,5.0,5.0,6.0,8.0,20.0,5.0,9.0,6.0,9.0,0.09637011971898556,0.5641025641025641,0.15011475882793174,0.5569620253164557,4.0,2.0,False,2018
0,17,1,7.0,25.0,2.0,9.0,4.0,5.0,11.0,19.0,3.0,8.0,7.0,10.0,0.11972484707901235,0.6153846153846154,0.17258514707988026,0.810126582278481,2.0,2.0,False,2018
0,6,4,9.0,16.0,5.0,10.0,8.0,8.0,9.0,21.0,2.0,6.0,11.0,11.0,0.06504862355120766,0.32051282051282054,0.1242175993076711,0.5384615384615384,2.0,2.0,True,2018
1,3,14,12.0,20.0,4.0,7.0,7.0,10.0,10.0,20.0,4.0,6.0,6.0,6.0,0.17100134329026653,0.6153846153846154,0.062353679861064236,0.5384615384615384,2.0,2.0,True,2018
0,0,22,8.0,23.0,4.0,10.0,9.0,9.0,11.0,17.0,6.0,7.0,4.0,5.0,0.12913087934963113,0.7307692307692307,0.14646158729331354,0.5949367088607594,2.0,2.0,False,2018
0,14,3,10.0,20.0,4.0,6.0,6.0,6.0,12.0,20.0,4.0,7.0,7.0,10.0,0.062353679861064236,0.5384615384615384,0.17680107463221323,0.620253164556962,2.0,2.0,False,2018
0,24,11,7.0,12.0,2.0,6.0,6.0,7.0,7.0,15.0,3.0,6.0,7.0,8.0,0.10923045824042207,0.5384615384615384,0.16513516517785903,0.5822784810126582,2.0,2.0,False,2018
1,4,6,9.0,21.0,2.0,6.0,11.0,11.0,9.0,16.0,5.0,10.0,8.0,8.0,0.1242175993076711,0.5384615384615384,0.09203889884096614,0.3291139240506329,2.0,2.0,False,2018
0,23,29,9.0,22.0,2.0,5.0,5.0,8.0,7.0,13.0,3.0,6.0,10.0,10.0,0.07709609577518844,0.5569620253164557,0.07934208125251167,0.4358974358974359,1.0,2.0,True,2018
0,22,25,4.0,11.0,3.0,5.0,5.0,6.0,10.0,17.0,5.0,8.0,4.0,5.0,0.14646158729331354,0.5949367088607594,0.1081822534518068,0.717948717948718,1.0,2.0,False,2018
0,3,18,17.0,29.0,5.0,8.0,8.0,11.0,12.0,19.0,6.0,12.0,6.0,7.0,0.17680107463221323,0.620253164556962,0.19309920498387734,0.6153846153846154,1.0,2.0,False,2018
1,29,23,7.0,13.0,3.0,6.0,10.0,10.0,9.0,22.0,2.0,5.0,5.0,8.0,0.07934208125251167,0.4358974358974359,0.10167687662015076,0.5625,2.0,1.0,False,2018
0,9,14,8.0,18.0,4.0,8.0,6.0,6.0,12.0,24.0,3.0,7.0,7.0,9.0,0.0353179219096945,0.27848101265822783,0.04988294388885139,0.5316455696202531,2.0,1.0,True,2018
1,14,9,12.0,24.0,3.0,7.0,7.0,9.0,8.0,18.0,4.0,8.0,6.0,6.0,0.04988294388885139,0.5316455696202531,0.0682543375277556,0.2875,1.0,2.0,False,2018
0,27,2,8.0,14.0,5.0,7.0,4.0,6.0,11.0,19.0,7.0,10.0,3.0,5.0,0.10811093985774349,0.34615384615384615,0.1099210588321176,0.6794871794871795,3.0,2.0,False,2018
1,25,22,10.0,17.0,5.0,8.0,4.0,5.0,4.0,11.0,3.0,5.0,5.0,6.0,0.1081822534518068,0.717948717948718,0.11716926983465084,0.5875,2.0,1.0,True,2018
1,2,27,11.0,19.0,7.0,10.0,3.0,5.0,8.0,14.0,5.0,7.0,4.0,6.0,0.1099210588321176,0.6794871794871795,0.08648875188619479,0.34177215189873417,2.0,3.0,True,2018
1,7,8,7.0,24.0,4.0,8.0,8.0,10.0,11.0,25.0,5.0,11.0,9.0,11.0,0.04127402776853204,0.25316455696202533,0.09028066359554483,0.5641025641025641,3.0,2.0,False,2018
0,12,28,6.0,13.0,2.0,7.0,6.0,6.0,12.0,21.0,4.0,10.0,4.0,7.0,0.13854609454059943,0.5443037974683544,0.032445590658919846,0.34615384615384615,2.0,3.0,False,2018
1,10,21,8.0,13.0,2.0,5.0,2.0,4.0,8.0,15.0,4.0,6.0,6.0,8.0,0.09360364112578112,0.3076923076923077,0.058162042882306045,0.43037974683544306,2.0,3.0,False,2018
0,15,16,9.0,14.0,3.0,6.0,3.0,5.0,11.0,20.0,3.0,7.0,5.0,8.0,0.05715525739072388,0.31645569620253167,0.04239374153718513,0.2692307692307692,3.0,2.0,True,2018
1,19,13,11.0,18.0,4.0,7.0,2.0,6.0,11.0,19.0,3.0,8.0,3.0,4.0,0.12721913165579948,0.47435897435897434,0.053648716757968694,0.3037974683544304,2.0,2.0,True,2018
0,13,19,11.0,19.0,3.0,8.0,3.0,4.0,11.0,18.0,4.0,7.0,2.0,6.0,0.053648716757968694,0.3037974683544304,0.14177530532463958,0.4810126582278481,2.0,2.0,False,2018
0,21,10,8.0,15.0,4.0,6.0,6.0,8.0,8.0,13.0,2.0,5.0,2.0,4.0,0.058162042882306045,0.43037974683544306,0.0748829129006249,0.3037974683544304,3.0,2.0,True,2018
1,28,12,12.0,21.0,4.0,10.0,4.0,7.0,6.0,13.0,2.0,7.0,6.0,6.0,0.032445590658919846,0.34615384615384615,0.11083687563247954,0.5375,3.0,2.0,True,2018
1,16,15,11.0,20.0,3.0,7.0,5.0,8.0,9.0,14.0,3.0,6.0,3.0,5.0,0.04239374153718513,0.2692307692307692,0.0857242059125791,0.325,2.0,3.0,False,2018
1,18,3,12.0,19.0,6.0,12.0,6.0,7.0,17.0,29.0,5.0,8.0,8.0,11.0,0.19309920498387734,0.6153846153846154,0.14144085970577058,0.6125,2.0,1.0,True,2018
0,8,7,11.0,25.0,5.0,11.0,9.0,11.0,7.0,24.0,4.0,8.0,8.0,10.0,0.09028066359554483,0.5641025641025641,0.03301922221482563,0.25,2.0,3.0,True,2018
0,6,27,7.0,15.0,6.0,13.0,2.0,2.0,8.0,15.0,2.0,9.0,4.0,6.0,0.09203889884096614,0.3291139240506329,0.08648875188619479,0.34177215189873417,2.0,1.0,True,2018
0,20,24,11.0,15.0,5.0,9.0,4.0,5.0,7.0,19.0,2.0,6.0,10.0,12.0,0.15011475882793174,0.5569620253164557,0.08738436659233766,0.5316455696202531,2.0,2.0,True,2018
0,4,28,8.0,22.0,3.0,6.0,6.0,7.0,7.0,15.0,2.0,4.0,3.0,3.0,0.09937407944613688,0.5316455696202531,0.06595647252713588,0.35443037974683544,2.0,1.0,True,2018
1,24,20,7.0,19.0,2.0,6.0,10.0,12.0,11.0,15.0,5.0,9.0,4.0,5.0,0.08738436659233766,0.5316455696202531,0.16009180706234538,0.5625,2.0,2.0,False,2018
1,1,26,7.0,16.0,4.0,8.0,9.0,12.0,10.0,28.0,3.0,7.0,9.0,10.0,0.17258514707988026,0.810126582278481,0.08128748508975793,0.569620253164557,2.0,4.0,False,2018
0,8,0,13.0,24.0,6.0,11.0,8.0,10.0,16.0,26.0,5.0,8.0,5.0,7.0,0.11222453087643587,0.569620253164557,0.10330470347970491,0.7215189873417721,1.0,2.0,True,2018
0,26,1,10.0,28.0,3.0,7.0,9.0,10.0,7.0,16.0,4.0,8.0,9.0,12.0,0.08128748508975793,0.569620253164557,0.1380681176639042,0.8,4.0,2.0,True,2018
1,5,17,13.0,22.0,3.0,5.0,7.0,10.0,11.0,22.0,6.0,12.0,5.0,5.0,0.08753179592904502,0.569620253164557,0.09577987766320988,0.6075949367088608,3.0,2.0,True,2018
1,28,4,7.0,15.0,2.0,4.0,3.0,3.0,8.0,22.0,3.0,6.0,6.0,7.0,0.06595647252713588,0.35443037974683544,0.1194992635569095,0.5375,1.0,2.0,False,2018
1,27,6,8.0,15.0,2.0,9.0,4.0,6.0,7.0,15.0,6.0,13.0,2.0,2.0,0.08648875188619479,0.34177215189873417,0.1136311190727729,0.3375,1.0,2.0,False,2018
0,17,5,11.0,22.0,6.0,12.0,5.0,5.0,13.0,22.0,3.0,5.0,7.0,10.0,0.09577987766320988,0.6075949367088608,0.11002543674323602,0.575,2.0,3.0,False,2018
1,0,8,16.0,26.0,5.0,8.0,5.0,7.0,13.0,24.0,6.0,11.0,8.0,10.0,0.10330470347970491,0.7215189873417721,0.1297796247011487,0.575,2.0,1.0,False,2018
0,19,16,6.0,13.0,4.0,8.0,7.0,7.0,9.0,16.0,4.0,7.0,11.0,14.0,0.14177530532463958,0.4810126582278481,0.0339149932297481,0.26582278481012656,2.0,2.0,False,2018
0,22,21,13.0,21.0,3.0,6.0,5.0,5.0,8.0,17.0,4.0,11.0,6.0,7.0,0.11716926983465084,0.5875,0.08652963430584484,0.4375,2.0,2.0,True,2018
0,0,7,14.0,23.0,6.0,13.0,4.0,6.0,9.0,18.0,2.0,9.0,4.0,4.0,0.08264376278376392,0.7125,0.03301922221482563,0.25,1.0,2.0,True,2018
0,11,29,9.0,18.0,4.0,11.0,7.0,10.0,10.0,18.0,2.0,8.0,5.0,5.0,0.16513516517785903,0.5822784810126582,0.06347366500200934,0.43037974683544306,3.0,2.0,True,2018
1,7,0,9.0,18.0,2.0,9.0,4.0,4.0,14.0,23.0,6.0,13.0,4.0,6.0,0.03301922221482563,0.25,0.10611501022701116,0.7160493827160493,2.0,1.0,False,2018
1,2,9,8.0,12.0,3.0,5.0,4.0,5.0,12.0,17.0,7.0,8.0,3.0,4.0,0.12793684706569408,0.6835443037974683,0.0682543375277556,0.2875,2.0,2.0,False,2018
1,16,19,9.0,16.0,4.0,7.0,11.0,14.0,6.0,13.0,4.0,8.0,7.0,7.0,0.0339149932297481,0.26582278481012656,0.11342024425971167,0.475,2.0,2.0,True,2018
1,25,10,7.0,13.0,5.0,10.0,5.0,6.0,6.0,12.0,3.0,6.0,3.0,5.0,0.12654580276144545,0.7215189873417721,0.0748829129006249,0.3037974683544304,2.0,2.0,True,2018
0,9,2,12.0,17.0,7.0,8.0,3.0,4.0,8.0,12.0,3.0,5.0,4.0,5.0,0.0682543375277556,0.2875,0.10234947765255527,0.675,2.0,2.0,True,2018
1,18,13,7.0,15.0,3.0,6.0,4.0,6.0,9.0,25.0,2.0,9.0,3.0,6.0,0.19447936398710186,0.620253164556962,0.042918973406374954,0.3,2.0,2.0,True,2018
1,29,11,10.0,18.0,2.0,8.0,5.0,5.0,9.0,18.0,4.0,11.0,7.0,10.0,0.06347366500200934,0.43037974683544306,0.1721081321422872,0.5875,2.0,3.0,False,2018
0,13,18,9.0,25.0,2.0,9.0,3.0,6.0,7.0,15.0,3.0,6.0,4.0,6.0,0.042918973406374954,0.3,0.1955834911896815,0.625,2.0,2.0,False,2018
1,21,22,8.0,17.0,4.0,11.0,6.0,7.0,13.0,21.0,3.0,6.0,5.0,5.0,0.08652963430584484,0.4375,0.13373541586772067,0.5925925925925926,2.0,2.0,False,2018
0,10,25,6.0,12.0,3.0,6.0,3.0,5.0,7.0,13.0,5.0,10.0,5.0,6.0,0.0748829129006249,0.3037974683544304,0.14123664220915635,0.725,2.0,2.0,False,2018
0,10,4,8.0,17.0,2.0,6.0,4.0,6.0,7.0,17.0,2.0,7.0,7.0,7.0,0.059906330320499926,0.3,0.1194992635569095,0.5375,1.0,2.0,False,2018
0,25,19,11.0,13.0,3.0,7.0,2.0,2.0,7.0,18.0,3.0,7.0,7.0,8.0,0.14123664220915635,0.725,0.11342024425971167,0.475,1.0,1.0,True,2018
1,12,26,8.0,14.0,2.0,4.0,4.0,4.0,8.0,21.0,5.0,13.0,9.0,11.0,0.11083687563247954,0.5375,0.10502998807180634,0.575,3.0,2.0,False,2018
1,20,17,8.0,15.0,2.0,6.0,5.0,6.0,9.0,22.0,2.0,10.0,7.0,11.0,0.16009180706234538,0.5625,0.0766239021305679,0.6,2.0,2.0,True,2018
1,28,3,8.0,16.0,3.0,7.0,3.0,5.0,9.0,17.0,6.0,13.0,9.0,10.0,0.0527651780217087,0.35,0.14144085970577058,0.6125,2.0,3.0,False,2018
0,17,20,9.0,22.0,2.0,10.0,7.0,11.0,8.0,15.0,2.0,6.0,5.0,6.0,0.0766239021305679,0.6,0.1680734456498763,0.5679012345679012,2.0,2.0,False,2018
1,5,15,6.0,19.0,3.0,10.0,8.0,9.0,10.0,20.0,3.0,6.0,5.0,8.0,0.11002543674323602,0.575,0.0857242059125791,0.325,2.0,3.0,True,2018
1,24,8,9.0,15.0,2.0,5.0,3.0,4.0,11.0,22.0,4.0,9.0,6.0,7.0,0.06990749327387012,0.525,0.1297796247011487,0.575,2.0,2.0,False,2018
1,4,10,7.0,17.0,2.0,7.0,7.0,7.0,8.0,17.0,2.0,6.0,4.0,6.0,0.1194992635569095,0.5375,0.04792506425639994,0.2962962962962963,2.0,1.0,True,2018
0,3,28,9.0,17.0,6.0,13.0,9.0,10.0,8.0,16.0,3.0,7.0,3.0,5.0,0.14144085970577058,0.6125,0.04221214241736696,0.345679012345679,3.0,2.0,True,2018
0,16,23,8.0,16.0,2.0,5.0,6.0,7.0,11.0,19.0,2.0,6.0,9.0,11.0,0.06713199458379848,0.275,0.10167687662015076,0.5625,1.0,3.0,False,2018
0,26,12,8.0,21.0,5.0,13.0,9.0,11.0,8.0,14.0,2.0,4.0,4.0,4.0,0.10502998807180634,0.575,0.08866950050598363,0.5308641975308642,2.0,3.0,True,2018
1,23,16,11.0,19.0,2.0,6.0,9.0,11.0,8.0,16.0,2.0,5.0,6.0,7.0,0.10167687662015076,0.5625,0.05370559566703879,0.2716049382716049,3.0,1.0,True,2018
0,8,24,11.0,22.0,4.0,9.0,6.0,7.0,9.0,15.0,2.0,5.0,3.0,4.0,0.1297796247011487,0.575,0.0559259946190961,0.5185185185185185,2.0,2.0,True,2018
1,6,27,12.0,21.0,8.0,12.0,9.0,9.0,7.0,14.0,3.0,7.0,2.0,4.0,0.1136311190727729,0.3375,0.06919100150895582,0.3375,2.0,2.0,True,2018
0,15,5,10.0,20.0,3.0,6.0,5.0,8.0,6.0,19.0,3.0,10.0,8.0,9.0,0.0857242059125791,0.325,0.1280203493945888,0.5802469135802469,3.0,2.0,False,2018
1,19,25,7.0,18.0,3.0,7.0,7.0,8.0,11.0,13.0,3.0,7.0,2.0,2.0,0.11342024425971167,0.475,0.15298931376732508,0.7283950617283951,1.0,1.0,False,2018
0,27,6,7.0,14.0,3.0,7.0,2.0,4.0,12.0,21.0,8.0,12.0,9.0,9.0,0.06919100150895582,0.3375,0.1309048952582183,0.345679012345679,2.0,2.0,False,2018
1,29,1,8.0,17.0,4.0,8.0,3.0,3.0,9.0,15.0,4.0,9.0,6.0,6.0,0.05077893200160747,0.425,0.1380681176639042,0.8,2.0,3.0,False,2018
0,7,13,12.0,20.0,8.0,13.0,4.0,4.0,9.0,19.0,2.0,9.0,4.0,6.0,0.026415377771860503,0.24691358024691357,0.03433517872509996,0.2962962962962963,2.0,2.0,True,2018
1,11,0,8.0,12.0,4.0,8.0,3.0,4.0,9.0,27.0,3.0,8.0,3.0,4.0,0.1721081321422872,0.5875,0.10611501022701116,0.7160493827160493,2.0,2.0,True,2018
1,9,18,9.0,25.0,6.0,18.0,6.0,7.0,9.0,17.0,6.0,12.0,6.0,8.0,0.09460347002220448,0.2962962962962963,0.1955834911896815,0.625,2.0,2.0,False,2018
0,0,11,9.0,27.0,3.0,8.0,3.0,4.0,8.0,12.0,4.0,8.0,3.0,4.0,0.10611501022701116,0.7160493827160493,0.17768650571382977,0.5925925925925926,2.0,2.0,False,2018
1,13,7,9.0,19.0,2.0,9.0,4.0,6.0,12.0,20.0,8.0,13.0,4.0,4.0,0.03433517872509996,0.2962962962962963,0.0611323022174884,0.25609756097560976,2.0,2.0,False,2018
0,2,14,8.0,18.0,6.0,10.0,5.0,6.0,9.0,16.0,4.0,8.0,7.0,9.0,0.10234947765255527,0.675,0.03990635511108111,0.525,2.0,4.0,False,2018
0,1,29,9.0,15.0,4.0,9.0,6.0,6.0,8.0,17.0,4.0,8.0,3.0,3.0,0.1380681176639042,0.8,0.04062314560128598,0.41975308641975306,3.0,2.0,True,2018
1,22,21,6.0,12.0,3.0,6.0,2.0,4.0,10.0,17.0,5.0,10.0,2.0,4.0,0.13373541586772067,0.5925925925925926,0.06922370744467587,0.43209876543209874,2.0,2.0,False,2018
0,21,22,10.0,17.0,5.0,10.0,2.0,4.0,6.0,12.0,3.0,6.0,2.0,4.0,0.06922370744467587,0.43209876543209874,0.10698833269417654,0.5853658536585366,2.0,2.0,True,2018
1,14,2,9.0,16.0,4.0,8.0,7.0,9.0,8.0,18.0,6.0,10.0,5.0,6.0,0.03990635511108111,0.525,0.08187958212204421,0.6666666666666666,4.0,2.0,True,2018
0,18,9,9.0,17.0,6.0,12.0,6.0,8.0,9.0,25.0,6.0,18.0,6.0,7.0,0.1955834911896815,0.625,0.07568277601776359,0.2926829268292683,2.0,2.0,True,2018
0,4,18,9.0,15.0,3.0,5.0,6.0,8.0,10.0,19.0,5.0,12.0,3.0,4.0,0.1355994108455276,0.5432098765432098,0.19646679295174518,0.6296296296296297,2.0,1.0,False,2018
1,23,20,12.0,21.0,3.0,5.0,10.0,13.0,14.0,25.0,5.0,10.0,3.0,4.0,0.12134150129612062,0.5679012345679012,0.1680734456498763,0.5679012345679012,2.0,2.0,True,2018
1,10,14,5.0,13.0,3.0,6.0,7.0,10.0,6.0,15.0,5.0,10.0,4.0,7.0,0.04792506425639994,0.2962962962962963,0.07192508408886489,0.5308641975308642,2.0,1.0,True,2018
0,20,23,14.0,25.0,5.0,10.0,3.0,4.0,12.0,21.0,3.0,5.0,10.0,13.0,0.1680734456498763,0.5679012345679012,0.13707320103689652,0.573170731707317,2.0,2.0,False,2018
1,3,28,7.0,19.0,4.0,10.0,6.0,9.0,9.0,16.0,4.0,7.0,2.0,3.0,0.15315268776461646,0.6172839506172839,0.04221214241736696,0.345679012345679,2.0,2.0,False,2018
1,18,4,10.0,19.0,5.0,12.0,3.0,4.0,9.0,15.0,3.0,5.0,6.0,8.0,0.19646679295174518,0.6296296296296297,0.10847952867642208,0.5365853658536586,1.0,2.0,True,2018
1,24,29,9.0,15.0,3.0,5.0,3.0,5.0,11.0,19.0,7.0,9.0,5.0,5.0,0.0559259946190961,0.5185185185185185,0.04062314560128598,0.41975308641975306,2.0,1.0,False,2018
1,15,1,9.0,13.0,2.0,7.0,8.0,10.0,11.0,22.0,7.0,17.0,3.0,6.0,0.06857936473006328,0.32098765432098764,0.15045449413112338,0.8024691358024691,2.0,1.0,True,2018
0,29,24,11.0,19.0,7.0,9.0,5.0,5.0,9.0,15.0,3.0,5.0,3.0,5.0,0.04062314560128598,0.41975308641975306,0.04474079569527688,0.5121951219512195,1.0,2.0,True,2018
1,2,6,12.0,23.0,2.0,5.0,3.0,4.0,6.0,13.0,5.0,10.0,4.0,7.0,0.08187958212204421,0.6666666666666666,0.1309048952582183,0.345679012345679,1.0,2.0,True,2018
0,25,12,10.0,20.0,5.0,10.0,7.0,9.0,12.0,16.0,8.0,12.0,3.0,6.0,0.15298931376732508,0.7283950617283951,0.08866950050598363,0.5308641975308642,2.0,2.0,False,2018
1,12,25,12.0,16.0,8.0,12.0,3.0,6.0,10.0,20.0,5.0,10.0,7.0,9.0,0.08866950050598363,0.5308641975308642,0.12239145101386006,0.7195121951219512,2.0,2.0,True,2018
0,28,3,9.0,16.0,4.0,7.0,2.0,3.0,7.0,19.0,4.0,10.0,6.0,9.0,0.04221214241736696,0.345679012345679,0.12252215021169317,0.6097560975609756,2.0,2.0,True,2018
1,8,5,11.0,18.0,2.0,7.0,6.0,12.0,5.0,12.0,2.0,5.0,5.0,5.0,0.14382369976091897,0.5802469135802469,0.1280203493945888,0.5802469135802469,2.0,2.0,True,2018
0,6,2,6.0,13.0,5.0,10.0,4.0,7.0,12.0,23.0,2.0,5.0,3.0,4.0,0.1309048952582183,0.345679012345679,0.10550366569763536,0.6707317073170732,2.0,1.0,False,2018
0,14,10,6.0,15.0,5.0,10.0,4.0,7.0,5.0,13.0,3.0,6.0,7.0,10.0,0.07192508408886489,0.5308641975308642,0.07834005140511995,0.3048780487804878,1.0,2.0,False,2018
0,11,17,6.0,23.0,2.0,8.0,6.0,6.0,13.0,25.0,4.0,10.0,6.0,6.0,0.17768650571382977,0.5925925925925926,0.06129912170445432,0.5925925925925926,1.0,2.0,False,2018
0,16,26,14.0,22.0,3.0,7.0,6.0,6.0,13.0,20.0,8.0,14.0,6.0,8.0,0.05370559566703879,0.2716049382716049,0.12402399045744508,0.5802469135802469,2.0,2.0,False,2018
0,5,8,5.0,12.0,2.0,5.0,5.0,5.0,11.0,18.0,2.0,7.0,6.0,12.0,0.1280203493945888,0.5802469135802469,0.15505895980873516,0.5853658536585366,2.0,2.0,False,2018
0,1,15,11.0,22.0,7.0,17.0,3.0,6.0,9.0,13.0,2.0,7.0,8.0,10.0,0.15045449413112338,0.8024691358024691,0.09486349178405062,0.32926829268292684,1.0,2.0,False,2018
1,27,19,7.0,16.0,3.0,7.0,4.0,6.0,8.0,14.0,4.0,7.0,4.0,4.0,0.05535280120716466,0.3333333333333333,0.09073619540776934,0.4691358024691358,2.0,2.0,False,2018
1,17,11,13.0,25.0,4.0,10.0,6.0,6.0,6.0,23.0,2.0,8.0,6.0,6.0,0.06129912170445432,0.5925925925925926,0.1421492045710638,0.5853658536585366,2.0,1.0,True,2018
1,26,16,13.0,20.0,8.0,14.0,6.0,8.0,14.0,22.0,3.0,7.0,6.0,6.0,0.12402399045744508,0.5802469135802469,0.04296447653363103,0.2682926829268293,2.0,2.0,True,2018
0,19,27,8.0,14.0,4.0,7.0,4.0,4.0,7.0,16.0,3.0,7.0,4.0,6.0,0.09073619540776934,0.4691358024691358,0.04428224096573173,0.32926829268292684,2.0,2.0,True,2018
1,18,12,9.0,17.0,4.0,7.0,8.0,10.0,9.0,13.0,4.0,5.0,4.0,7.0,0.19717343436139614,0.6341463414634146,0.11093560040478692,0.5365853658536586,3.0,3.0,True,2018
0,12,18,9.0,13.0,4.0,5.0,4.0,7.0,9.0,17.0,4.0,7.0,8.0,10.0,0.11093560040478692,0.5365853658536586,0.1977387474891169,0.6385542168674698,3.0,3.0,False,2018
0,8,17,14.0,26.0,4.0,10.0,7.0,9.0,7.0,23.0,4.0,10.0,5.0,5.0,0.15505895980873516,0.5853658536585366,0.08903929736356346,0.5975609756097561,3.0,3.0,True,2018
1,17,8,7.0,23.0,4.0,10.0,5.0,5.0,14.0,26.0,4.0,10.0,7.0,9.0,0.08903929736356346,0.5975609756097561,0.16404716784698814,0.5903614457831325,3.0,3.0,False,2018
1,25,14,8.0,17.0,4.0,7.0,4.0,4.0,9.0,20.0,3.0,6.0,8.0,10.0,0.12239145101386006,0.7195121951219512,0.05754006727109191,0.524390243902439,3.0,3.0,True,2018
0,5,0,5.0,12.0,2.0,4.0,5.0,7.0,11.0,17.0,5.0,6.0,5.0,6.0,0.10241627951567105,0.573170731707317,0.08489200818160893,0.7073170731707317,3.0,4.0,False,2018
1,0,5,11.0,17.0,5.0,6.0,5.0,6.0,5.0,12.0,2.0,4.0,5.0,7.0,0.08489200818160893,0.7073170731707317,0.08193302361253683,0.5662650602409639,4.0,3.0,True,2018
0,14,25,9.0,20.0,3.0,6.0,8.0,10.0,8.0,17.0,4.0,7.0,4.0,4.0,0.05754006727109191,0.524390243902439,0.13791316081108804,0.7228915662650602,3.0,3.0,False,2018
1,1,23,15.0,26.0,7.0,12.0,7.0,9.0,7.0,15.0,3.0,7.0,6.0,7.0,0.12036359530489871,0.7926829268292683,0.13707320103689652,0.573170731707317,4.0,4.0,True,2018
1,3,22,7.0,17.0,3.0,6.0,10.0,14.0,11.0,19.0,6.0,9.0,4.0,8.0,0.12252215021169317,0.6097560975609756,0.10698833269417654,0.5853658536585366,4.0,5.0,False,2018
0,22,3,11.0,19.0,6.0,9.0,4.0,8.0,7.0,17.0,3.0,6.0,10.0,14.0,0.10698833269417654,0.5853658536585366,0.09801772016935453,0.6024096385542169,5.0,4.0,True,2018
0,11,26,11.0,22.0,3.0,9.0,4.0,6.0,13.0,25.0,8.0,11.0,9.0,9.0,0.1421492045710638,0.5853658536585366,0.13921919236595606,0.5853658536585366,4.0,4.0,False,2018
0,4,2,12.0,21.0,5.0,7.0,13.0,16.0,9.0,20.0,4.0,9.0,13.0,14.0,0.10847952867642208,0.5365853658536586,0.10550366569763536,0.6707317073170732,4.0,4.0,False,2018
1,2,4,9.0,20.0,4.0,9.0,13.0,14.0,12.0,21.0,5.0,7.0,13.0,16.0,0.10550366569763536,0.6707317073170732,0.08678362294113766,0.5301204819277109,4.0,4.0,True,2018
1,26,11,13.0,25.0,8.0,11.0,9.0,9.0,11.0,22.0,3.0,9.0,4.0,6.0,0.13921919236595606,0.5853658536585366,0.11371936365685105,0.5783132530120482,4.0,4.0,True,2018
0,23,1,7.0,15.0,3.0,7.0,6.0,7.0,15.0,26.0,7.0,12.0,7.0,9.0,0.13707320103689652,0.573170731707317,0.13629087624391895,0.7951807228915663,4.0,4.0,False,2018
0,5,0,11.0,21.0,3.0,9.0,12.0,12.0,12.0,20.0,5.0,9.0,9.0,10.0,0.08193302361253683,0.5662650602409639,0.10791360654528712,0.7108433734939759,2.0,2.0,False,2018
1,0,5,12.0,20.0,5.0,9.0,9.0,10.0,11.0,21.0,3.0,9.0,12.0,12.0,0.10791360654528712,0.7108433734939759,0.06554641889002946,0.5595238095238095,2.0,2.0,True,2018
1,18,12,10.0,20.0,3.0,10.0,4.0,6.0,11.0,16.0,3.0,8.0,6.0,8.0,0.1977387474891169,0.6385542168674698,0.08874848032382954,0.5301204819277109,2.0,2.0,False,2018
0,12,18,11.0,16.0,3.0,8.0,6.0,8.0,10.0,20.0,3.0,10.0,4.0,6.0,0.08874848032382954,0.5301204819277109,0.15819099799129352,0.6309523809523809,2.0,2.0,True,2018
0,4,2,13.0,17.0,4.0,6.0,4.0,9.0,12.0,22.0,5.0,12.0,4.0,7.0,0.08678362294113766,0.5301204819277109,0.12440293255810828,0.6746987951807228,2.0,2.0,False,2018
1,25,14,14.0,23.0,4.0,8.0,6.0,8.0,9.0,17.0,4.0,5.0,11.0,11.0,0.13791316081108804,0.7228915662650602,0.04603205381687353,0.5180722891566265,3.0,3.0,True,2018
0,14,25,9.0,17.0,4.0,5.0,11.0,11.0,14.0,23.0,4.0,8.0,6.0,8.0,0.04603205381687353,0.5180722891566265,0.15033052864887045,0.7261904761904762,3.0,3.0,False,2018
0,8,17,14.0,24.0,3.0,7.0,3.0,5.0,9.0,21.0,4.0,8.0,3.0,4.0,0.16404716784698814,0.5903614457831325,0.07123143789085076,0.5903614457831325,3.0,3.0,True,2018
1,2,4,12.0,22.0,5.0,12.0,4.0,7.0,13.0,17.0,4.0,6.0,4.0,9.0,0.12440293255810828,0.6746987951807228,0.06942689835291013,0.5238095238095238,2.0,2.0,True,2018
1,17,8,9.0,21.0,4.0,8.0,3.0,4.0,14.0,24.0,3.0,7.0,3.0,5.0,0.07123143789085076,0.5903614457831325,0.1712377342775905,0.5952380952380952,3.0,3.0,False,2018
1,26,11,7.0,21.0,4.0,12.0,3.0,4.0,10.0,25.0,5.0,8.0,8.0,12.0,0.15137535389276485,0.5903614457831325,0.11371936365685105,0.5783132530120482,3.0,3.0,False,2018
0,22,3,9.0,18.0,2.0,8.0,3.0,4.0,17.0,24.0,4.0,8.0,10.0,13.0,0.12559066615534123,0.5903614457831325,0.09801772016935453,0.6024096385542169,3.0,3.0,False,2018
1,3,22,17.0,24.0,4.0,8.0,10.0,13.0,9.0,18.0,2.0,8.0,3.0,4.0,0.09801772016935453,0.6024096385542169,0.10047253292427298,0.5833333333333334,3.0,3.0,True,2018
0,23,1,6.0,14.0,2.0,4.0,4.0,5.0,10.0,18.0,5.0,12.0,7.0,8.0,0.10965856082951722,0.5662650602409639,0.13629087624391895,0.7951807228915663,3.0,3.0,False,2018
1,1,23,10.0,18.0,5.0,12.0,7.0,8.0,6.0,14.0,2.0,4.0,4.0,5.0,0.13629087624391895,0.7951807228915663,0.08772684866361377,0.5595238095238095,3.0,3.0,True,2018
0,11,26,10.0,25.0,5.0,8.0,8.0,12.0,7.0,21.0,4.0,12.0,3.0,4.0,0.11371936365685105,0.5783132530120482,0.12110028311421188,0.5833333333333334,3.0,3.0,True,2018
0,18,12,7.0,17.0,4.0,8.0,10.0,15.0,8.0,13.0,4.0,7.0,7.0,8.0,0.15819099799129352,0.6309523809523809,0.11099878425906362,0.5357142857142857,3.0,3.0,True,2018
1,5,0,6.0,13.0,2.0,7.0,6.0,7.0,9.0,17.0,3.0,6.0,8.0,8.0,0.06554641889002946,0.5595238095238095,0.1263308852362297,0.7142857142857143,3.0,3.0,False,2018
0,0,5,9.0,17.0,3.0,6.0,8.0,8.0,6.0,13.0,2.0,7.0,6.0,7.0,0.1263308852362297,0.7142857142857143,0.05243713511202357,0.5529411764705883,3.0,3.0,True,2018
0,17,8,9.0,16.0,3.0,9.0,7.0,8.0,12.0,18.0,4.0,6.0,6.0,7.0,0.05698515031268061,0.5833333333333334,0.1712377342775905,0.5952380952380952,2.0,2.0,False,2018
1,8,17,12.0,18.0,4.0,6.0,6.0,7.0,9.0,16.0,3.0,9.0,7.0,8.0,0.1712377342775905,0.5952380952380952,0.045588120250144484,0.5764705882352941,2.0,2.0,True,2018
1,12,18,8.0,13.0,4.0,7.0,7.0,8.0,7.0,17.0,4.0,8.0,10.0,15.0,0.11099878425906362,0.5357142857142857,0.16655279839303483,0.6352941176470588,3.0,3.0,False,2018
0,25,14,10.0,22.0,5.0,8.0,4.0,5.0,12.0,23.0,4.0,9.0,4.0,5.0,0.15033052864887045,0.7261904761904762,0.03682564305349882,0.5119047619047619,3.0,3.0,False,2018
0,2,4,7.0,13.0,2.0,5.0,7.0,10.0,10.0,17.0,3.0,6.0,5.0,7.0,0.13952234604648664,0.6785714285714286,0.06942689835291013,0.5238095238095238,3.0,3.0,False,2018
1,4,2,10.0,17.0,3.0,6.0,5.0,7.0,7.0,13.0,2.0,5.0,7.0,10.0,0.06942689835291013,0.5238095238095238,0.11161787683718931,0.6705882352941176,3.0,3.0,True,2018
0,3,22,10.0,22.0,4.0,8.0,5.0,6.0,11.0,15.0,7.0,9.0,7.0,8.0,0.11841417613548362,0.6071428571428571,0.10047253292427298,0.5833333333333334,2.0,2.0,False,2018
1,22,3,11.0,15.0,7.0,9.0,7.0,8.0,10.0,22.0,4.0,8.0,5.0,6.0,0.10047253292427298,0.5833333333333334,0.09473134090838689,0.6,2.0,2.0,True,2018
1,14,25,12.0,23.0,4.0,9.0,4.0,5.0,10.0,22.0,5.0,8.0,4.0,5.0,0.03682564305349882,0.5119047619047619,0.12026442291909636,0.7176470588235294,3.0,3.0,True,2018
1,11,26,9.0,20.0,5.0,10.0,6.0,8.0,7.0,17.0,4.0,8.0,6.0,7.0,0.13097549092548083,0.5833333333333334,0.12110028311421188,0.5833333333333334,3.0,3.0,True,2018
0,18,12,8.0,18.0,2.0,9.0,10.0,13.0,10.0,22.0,3.0,6.0,5.0,6.0,0.16655279839303483,0.6352941176470588,0.0887990274072509,0.5294117647058824,2.0,2.0,True,2018
0,26,11,7.0,17.0,4.0,8.0,6.0,7.0,9.0,20.0,5.0,10.0,6.0,8.0,0.12110028311421188,0.5833333333333334,0.14478039274038468,0.5882352941176471,3.0,3.0,False,2018
0,1,23,9.0,21.0,4.0,9.0,8.0,10.0,10.0,19.0,4.0,6.0,7.0,7.0,0.14903270099513516,0.7976190476190477,0.08772684866361377,0.5595238095238095,3.0,3.0,False,2018
1,12,18,10.0,22.0,3.0,6.0,5.0,6.0,8.0,18.0,2.0,9.0,10.0,13.0,0.0887990274072509,0.5294117647058824,0.17324223871442784,0.6395348837209303,2.0,2.0,False,2018
0,17,8,15.0,22.0,5.0,11.0,6.0,7.0,15.0,23.0,2.0,7.0,15.0,17.0,0.045588120250144484,0.5764705882352941,0.1769901874220724,0.6,2.0,2.0,False,2018
1,23,1,10.0,19.0,4.0,6.0,7.0,7.0,9.0,21.0,4.0,9.0,8.0,10.0,0.08772684866361377,0.5595238095238095,0.11922616079610812,0.788235294117647,3.0,3.0,True,2018
1,8,17,15.0,23.0,2.0,7.0,15.0,17.0,15.0,22.0,5.0,11.0,6.0,7.0,0.1769901874220724,0.6,0.03647049620011559,0.5697674418604651,2.0,2.0,True,2018
1,4,2,12.0,20.0,3.0,5.0,4.0,6.0,13.0,24.0,5.0,10.0,5.0,6.0,0.0955415186823281,0.5294117647058824,0.11161787683718931,0.6705882352941176,2.0,2.0,True,2018
0,2,4,13.0,24.0,5.0,10.0,5.0,6.0,12.0,20.0,3.0,5.0,4.0,6.0,0.11161787683718931,0.6705882352941176,0.11643321494586249,0.5348837209302325,2.0,2.0,False,2018
1,22,3,9.0,20.0,3.0,8.0,4.0,5.0,12.0,22.0,4.0,10.0,8.0,9.0,0.12037802633941838,0.5882352941176471,0.09473134090838689,0.6,2.0,2.0,False,2018
0,3,22,12.0,22.0,4.0,10.0,8.0,9.0,9.0,20.0,3.0,8.0,4.0,5.0,0.09473134090838689,0.6,0.09630242107153471,0.5813953488372093,2.0,2.0,True,2018
1,14,25,10.0,24.0,5.0,7.0,7.0,10.0,10.0,29.0,4.0,6.0,14.0,18.0,0.06946051444279906,0.5176470588235295,0.12026442291909636,0.7176470588235294,2.0,2.0,True,2018
0,0,5,12.0,28.0,4.0,13.0,6.0,7.0,7.0,19.0,3.0,7.0,5.0,5.0,0.14106470818898376,0.7176470588235294,0.05243713511202357,0.5529411764705883,3.0,3.0,False,2018
0,25,14,10.0,29.0,4.0,6.0,14.0,18.0,10.0,24.0,5.0,7.0,7.0,10.0,0.12026442291909636,0.7176470588235294,0.09556841155423926,0.5232558139534884,2.0,2.0,False,2018
1,5,0,7.0,19.0,3.0,7.0,5.0,5.0,12.0,28.0,4.0,13.0,6.0,7.0,0.05243713511202357,0.5529411764705883,0.112851766551187,0.7093023255813954,3.0,3.0,True,2018
0,26,11,9.0,21.0,2.0,9.0,12.0,12.0,13.0,28.0,5.0,11.0,4.0,5.0,0.0968802264913695,0.5764705882352941,0.14478039274038468,0.5882352941176471,2.0,2.0,False,2018
1,11,26,13.0,28.0,5.0,11.0,4.0,5.0,9.0,21.0,2.0,9.0,12.0,12.0,0.14478039274038468,0.5882352941176471,0.0775041811930956,0.5697674418604651,2.0,2.0,True,2018
0,1,23,12.0,26.0,5.0,11.0,7.0,7.0,9.0,17.0,2.0,5.0,4.0,6.0,0.11922616079610812,0.788235294117647,0.11018147893089103,0.5647058823529412,2.0,2.0,True,2018
1,23,1,9.0,17.0,2.0,5.0,4.0,6.0,12.0,26.0,5.0,11.0,7.0,7.0,0.11018147893089103,0.5647058823529412,0.1353809286368865,0.7906976744186046,2.0,2.0,False,2018
0,12,18,7.0,16.0,3.0,7.0,4.0,5.0,8.0,14.0,5.0,10.0,10.0,10.0,0.07103922192580073,0.5232558139534884,0.17324223871442784,0.6395348837209303,3.0,3.0,False,2018
1,2,4,7.0,15.0,3.0,8.0,6.0,10.0,9.0,21.0,3.0,7.0,6.0,9.0,0.08929430146975145,0.6627906976744186,0.11643321494586249,0.5348837209302325,2.0,2.0,True,2018
0,5,0,8.0,18.0,4.0,10.0,14.0,14.0,11.0,22.0,2.0,8.0,8.0,8.0,0.08194970808961885,0.5581395348837209,0.112851766551187,0.7093023255813954,2.0,2.0,False,2018
1,0,5,11.0,22.0,2.0,8.0,8.0,8.0,8.0,18.0,4.0,10.0,14.0,14.0,0.112851766551187,0.7093023255813954,0.06555976647169508,0.5517241379310345,2.0,2.0,True,2018
1,18,12,8.0,14.0,5.0,10.0,10.0,10.0,7.0,16.0,3.0,7.0,4.0,5.0,0.17324223871442784,0.6395348837209303,0.05683137754064058,0.5172413793103449,3.0,3.0,True,2018
0,4,2,9.0,21.0,3.0,7.0,6.0,9.0,7.0,15.0,3.0,8.0,6.0,10.0,0.11643321494586249,0.5348837209302325,0.11143544117580118,0.6666666666666666,2.0,2.0,False,2018
0,22,3,8.0,15.0,3.0,7.0,7.0,9.0,14.0,24.0,5.0,9.0,15.0,15.0,0.09630242107153471,0.5813953488372093,0.1157850727267095,0.6046511627906976,3.0,3.0,False,2018
1,25,14,12.0,24.0,3.0,7.0,5.0,6.0,10.0,21.0,3.0,8.0,7.0,7.0,0.0962115383352771,0.7093023255813954,0.09556841155423926,0.5232558139534884,3.0,3.0,True,2018
1,1,23,12.0,21.0,5.0,11.0,6.0,7.0,9.0,14.0,3.0,5.0,4.0,6.0,0.1353809286368865,0.7906976744186046,0.08814518314471283,0.5581395348837209,2.0,2.0,True,2018
0,11,26,9.0,22.0,6.0,14.0,6.0,8.0,17.0,39.0,5.0,9.0,8.0,10.0,0.15582431419230774,0.5930232558139535,0.0775041811930956,0.5697674418604651,2.0,2.0,False,2018
0,14,25,10.0,21.0,3.0,8.0,7.0,7.0,12.0,24.0,3.0,7.0,5.0,6.0,0.09556841155423926,0.5232558139534884,0.11696923066822167,0.7126436781609196,3.0,3.0,False,2018
1,3,22,14.0,24.0,5.0,9.0,15.0,15.0,8.0,15.0,3.0,7.0,7.0,9.0,0.1157850727267095,0.6046511627906976,0.07704193685722777,0.5747126436781609,3.0,3.0,True,2018
1,26,11,17.0,39.0,5.0,9.0,8.0,10.0,9.0,22.0,6.0,14.0,6.0,8.0,0.0775041811930956,0.5697674418604651,0.12465945135384619,0.5862068965517241,2.0,2.0,True,2018
0,23,1,9.0,14.0,3.0,5.0,4.0,6.0,12.0,21.0,5.0,11.0,6.0,7.0,0.08814518314471283,0.5581395348837209,0.1483047429095092,0.7931034482758621,2.0,2.0,False,2018
1,4,2,13.0,23.0,2.0,6.0,5.0,8.0,6.0,17.0,4.0,12.0,8.0,9.0,0.09314657195668999,0.5287356321839081,0.11143544117580118,0.6666666666666666,2.0,2.0,True,2018
0,2,4,6.0,17.0,4.0,12.0,8.0,9.0,13.0,23.0,2.0,6.0,5.0,8.0,0.11143544117580118,0.6666666666666666,0.114517257565352,0.5340909090909091,2.0,2.0,False,2018
0,25,14,9.0,18.0,3.0,7.0,4.0,4.0,10.0,22.0,6.0,10.0,6.0,6.0,0.11696923066822167,0.7126436781609196,0.0764547292433914,0.5172413793103449,2.0,2.0,True,2018
1,11,26,14.0,26.0,5.0,8.0,5.0,7.0,18.0,43.0,7.0,19.0,3.0,6.0,0.12465945135384619,0.5862068965517241,0.1020033449544765,0.5747126436781609,2.0,2.0,True,2018
0,26,11,18.0,43.0,7.0,19.0,3.0,6.0,14.0,26.0,5.0,8.0,5.0,7.0,0.1020033449544765,0.5747126436781609,0.13972756108307696,0.5909090909090909,2.0,2.0,False,2018
1,22,3,11.0,19.0,6.0,8.0,3.0,4.0,7.0,16.0,3.0,8.0,5.0,5.0,0.07704193685722777,0.5747126436781609,0.1326280581813676,0.6091954022988506,2.0,2.0,True,2018
0,3,22,7.0,16.0,3.0,8.0,5.0,5.0,11.0,19.0,6.0,8.0,3.0,4.0,0.1326280581813676,0.6091954022988506,0.10163354948578221,0.5795454545454546,2.0,2.0,False,2018
1,14,25,10.0,22.0,6.0,10.0,6.0,6.0,9.0,18.0,3.0,7.0,4.0,4.0,0.0764547292433914,0.5172413793103449,0.13357538453457735,0.7159090909090909,2.0,2.0,False,2018
0,8,0,9.0,20.0,2.0,5.0,3.0,4.0,10.0,22.0,4.0,9.0,5.0,6.0,0.18159214993765793,0.6046511627906976,0.1302814132409496,0.7126436781609196,7.0,4.0,False,2018
1,0,8,10.0,22.0,4.0,9.0,5.0,6.0,9.0,20.0,2.0,5.0,3.0,4.0,0.1302814132409496,0.7126436781609196,0.14527371995012633,0.5977011494252874,4.0,7.0,True,2018
0,4,2,11.0,18.0,5.0,9.0,7.0,7.0,13.0,17.0,5.0,8.0,5.0,5.0,0.114517257565352,0.5340909090909091,0.08914835294064094,0.6590909090909091,2.0,2.0,False,2018
1,2,4,13.0,17.0,5.0,8.0,5.0,5.0,11.0,18.0,5.0,9.0,7.0,7.0,0.08914835294064094,0.6590909090909091,0.0916138060522816,0.5280898876404494,2.0,2.0,True,2018
0,11,1,9.0,22.0,5.0,7.0,3.0,6.0,12.0,26.0,7.0,12.0,10.0,11.0,0.13972756108307696,0.5909090909090909,0.1483047429095092,0.7931034482758621,2.0,4.0,False,2018
1,1,11,12.0,26.0,7.0,12.0,10.0,11.0,9.0,22.0,5.0,7.0,3.0,6.0,0.1483047429095092,0.7931034482758621,0.11178204886646156,0.5842696629213483,4.0,2.0,True,2018
1,3,22,16.0,25.0,4.0,8.0,11.0,15.0,10.0,21.0,4.0,9.0,6.0,9.0,0.10610244654509408,0.6022727272727273,0.10163354948578221,0.5795454545454546,2.0,2.0,True,2018
0,22,3,10.0,21.0,4.0,9.0,6.0,9.0,16.0,25.0,4.0,8.0,11.0,15.0,0.10163354948578221,0.5795454545454546,0.12488195723607527,0.6067415730337079,2.0,2.0,False,2018
1,2,18,11.0,18.0,7.0,9.0,11.0,12.0,12.0,21.0,2.0,7.0,6.0,11.0,0.11131868235251274,0.6629213483146067,0.1785937909715423,0.6436781609195402,2.0,6.0,True,2018
0,18,2,12.0,21.0,2.0,7.0,6.0,11.0,11.0,18.0,7.0,9.0,11.0,12.0,0.1785937909715423,0.6436781609195402,0.1290549458820102,0.6666666666666666,6.0,2.0,False,2018
1,25,3,10.0,20.0,3.0,6.0,7.0,9.0,12.0,30.0,5.0,12.0,7.0,8.0,0.13357538453457735,0.7159090909090909,0.12488195723607527,0.6067415730337079,4.0,2.0,False,2018
0,8,0,12.0,24.0,4.0,9.0,3.0,3.0,11.0,23.0,5.0,11.0,7.0,7.0,0.14527371995012633,0.5977011494252874,0.14422513059275968,0.7159090909090909,3.0,3.0,False,2018
0,3,25,12.0,30.0,5.0,12.0,7.0,8.0,10.0,20.0,3.0,6.0,7.0,9.0,0.12488195723607527,0.6067415730337079,0.10686030762766188,0.7078651685393258,2.0,4.0,True,2018
1,0,8,11.0,23.0,5.0,11.0,7.0,7.0,12.0,24.0,4.0,9.0,3.0,3.0,0.14422513059275968,0.7159090909090909,0.11621897596010107,0.5909090909090909,3.0,3.0,True,2018
0,11,1,10.0,21.0,7.0,9.0,5.0,9.0,10.0,22.0,3.0,10.0,12.0,13.0,0.11178204886646156,0.5842696629213483,0.1586437943276074,0.7954545454545454,3.0,3.0,True,2018
1,1,11,10.0,22.0,3.0,10.0,12.0,13.0,10.0,21.0,7.0,9.0,5.0,9.0,0.1586437943276074,0.7954545454545454,0.12942563909316926,0.5888888888888889,3.0,3.0,False,2018
1,2,18,7.0,15.0,4.0,10.0,5.0,6.0,9.0,22.0,5.0,9.0,4.0,6.0,0.1290549458820102,0.6666666666666666,0.14287503277723385,0.6363636363636364,3.0,3.0,True,2018
0,18,2,9.0,22.0,5.0,9.0,4.0,6.0,7.0,15.0,4.0,10.0,5.0,6.0,0.14287503277723385,0.6363636363636364,0.14324395670560813,0.6703296703296703,3.0,3.0,False,2018
1,25,3,11.0,23.0,4.0,7.0,4.0,5.0,19.0,28.0,4.0,6.0,7.0,8.0,0.10686030762766188,0.7078651685393258,0.1399055657888602,0.6111111111111112,2.0,2.0,False,2018
0,3,25,19.0,28.0,4.0,6.0,7.0,8.0,11.0,23.0,4.0,7.0,4.0,5.0,0.1399055657888602,0.6111111111111112,0.0854882461021295,0.7,2.0,2.0,True,2018
1,11,1,7.0,16.0,3.0,7.0,4.0,6.0,8.0,17.0,4.0,8.0,7.0,7.0,0.12942563909316926,0.5888888888888889,0.1269150354620859,0.7865168539325843,2.0,2.0,False,2018
0,1,11,8.0,17.0,4.0,8.0,7.0,7.0,7.0,16.0,3.0,7.0,4.0,6.0,0.1269150354620859,0.7865168539325843,0.10354051127453541,0.5824175824175825,2.0,2.0,True,2018
0,0,8,9.0,22.0,3.0,9.0,5.0,6.0,15.0,27.0,3.0,7.0,3.0,4.0,0.15538010447420775,0.7191011235955056,0.11621897596010107,0.5909090909090909,3.0,3.0,False,2018
1,8,0,15.0,27.0,3.0,7.0,3.0,4.0,9.0,22.0,3.0,9.0,5.0,6.0,0.11621897596010107,0.5909090909090909,0.1243040835793662,0.7111111111111111,3.0,3.0,True,2018
0,25,3,9.0,13.0,4.0,8.0,5.0,6.0,14.0,26.0,4.0,6.0,9.0,11.0,0.0854882461021295,0.7,0.15192445263108817,0.6153846153846154,2.0,2.0,False,2018
0,2,18,11.0,17.0,3.0,8.0,3.0,4.0,10.0,26.0,3.0,8.0,4.0,4.0,0.14324395670560813,0.6703296703296703,0.11430002622178707,0.6292134831460674,2.0,2.0,True,2018
1,18,2,10.0,26.0,3.0,8.0,4.0,4.0,11.0,17.0,3.0,8.0,3.0,4.0,0.11430002622178707,0.6292134831460674,0.15459516536448653,0.6739130434782609,2.0,2.0,False,2018
1,3,25,14.0,26.0,4.0,6.0,9.0,11.0,9.0,13.0,4.0,8.0,5.0,6.0,0.15192445263108817,0.6153846153846154,0.0683905968817036,0.6923076923076923,2.0,2.0,True,2018
1,11,1,8.0,24.0,2.0,7.0,7.0,7.0,12.0,23.0,3.0,7.0,7.0,8.0,0.10354051127453541,0.5824175824175825,0.14153202836966874,0.7888888888888889,2.0,2.0,False,2018
1,8,0,8.0,22.0,1.0,7.0,10.0,10.0,15.0,27.0,4.0,9.0,6.0,6.0,0.13297518076808085,0.5955056179775281,0.1243040835793662,0.7111111111111111,2.0,2.0,False,2018
0,1,11,12.0,23.0,3.0,7.0,7.0,8.0,8.0,24.0,2.0,7.0,7.0,7.0,0.14153202836966874,0.7888888888888889,0.08283240901962832,0.5760869565217391,2.0,2.0,True,2018
0,0,8,15.0,27.0,4.0,9.0,6.0,6.0,8.0,22.0,1.0,7.0,10.0,10.0,0.1243040835793662,0.7111111111111111,0.10638014461446468,0.5888888888888889,2.0,2.0,True,2018
1,18,2,9.0,17.0,2.0,7.0,7.0,8.0,7.0,16.0,3.0,6.0,4.0,4.0,0.09144002097742966,0.6222222222222222,0.15459516536448653,0.6739130434782609,2.0,2.0,True,2018
1,3,25,12.0,19.0,4.0,6.0,5.0,8.0,7.0,14.0,2.0,4.0,4.0,6.0,0.16153956210487053,0.6195652173913043,0.0683905968817036,0.6923076923076923,2.0,2.0,True,2018
0,25,3,7.0,14.0,2.0,4.0,4.0,6.0,12.0,19.0,4.0,6.0,5.0,8.0,0.0683905968817036,0.6923076923076923,0.16923164968389642,0.6236559139784946,2.0,2.0,False,2018
0,2,18,7.0,16.0,3.0,6.0,4.0,4.0,9.0,17.0,2.0,7.0,7.0,8.0,0.15459516536448653,0.6739130434782609,0.11315201678194373,0.6263736263736264,2.0,2.0,False,2018
0,8,0,13.0,26.0,3.0,6.0,7.0,9.0,10.0,22.0,3.0,8.0,5.0,5.0,0.10638014461446468,0.5888888888888889,0.13944326686349295,0.7142857142857143,2.0,2.0,False,2018
1,0,8,10.0,22.0,3.0,8.0,5.0,5.0,13.0,26.0,3.0,6.0,7.0,9.0,0.13944326686349295,0.7142857142857143,0.08510411569157175,0.5824175824175825,2.0,2.0,True,2018
0,11,1,9.0,17.0,3.0,7.0,5.0,5.0,13.0,22.0,8.0,10.0,7.0,8.0,0.08283240901962832,0.5760869565217391,0.15322562269573498,0.7912087912087912,2.0,2.0,False,2018
1,1,11,13.0,22.0,8.0,10.0,7.0,8.0,9.0,17.0,3.0,7.0,5.0,5.0,0.15322562269573498,0.7912087912087912,0.06626592721570265,0.5698924731182796,2.0,2.0,True,2018
0,18,2,9.0,18.0,3.0,7.0,9.0,11.0,10.0,16.0,3.0,9.0,9.0,13.0,0.11315201678194373,0.6263736263736264,0.12367613229158922,0.6666666666666666,2.0,2.0,False,2018
1,2,18,10.0,16.0,3.0,9.0,9.0,13.0,9.0,18.0,3.0,7.0,9.0,11.0,0.12367613229158922,0.6666666666666666,0.09052161342555498,0.6195652173913043,2.0,2.0,True,2018
1,2,3,9.0,16.0,3.0,5.0,4.0,5.0,5.0,16.0,1.0,5.0,6.0,6.0,0.1389409058332714,0.6702127659574468,0.16923164968389642,0.6236559139784946,4.0,6.0,True,2018
0,3,2,5.0,16.0,1.0,5.0,6.0,6.0,9.0,16.0,3.0,5.0,4.0,5.0,0.16923164968389642,0.6236559139784946,0.1511527246666171,0.6736842105263158,6.0,4.0,False,2018
0,0,1,14.0,27.0,6.0,15.0,7.0,8.0,14.0,24.0,5.0,9.0,8.0,10.0,0.15155461349079435,0.717391304347826,0.162580498156588,0.7934782608695652,6.0,6.0,True,2018
1,1,0,14.0,24.0,5.0,9.0,8.0,10.0,14.0,27.0,6.0,15.0,7.0,8.0,0.162580498156588,0.7934782608695652,0.16124369079263548,0.7204301075268817,6.0,6.0,False,2018
1,2,3,9.0,18.0,3.0,8.0,4.0,5.0,16.0,29.0,5.0,11.0,5.0,10.0,0.1511527246666171,0.6736842105263158,0.13538531974711715,0.6170212765957447,2.0,2.0,True,2018
0,3,2,16.0,29.0,5.0,11.0,5.0,10.0,9.0,18.0,3.0,8.0,4.0,5.0,0.13538531974711715,0.6170212765957447,0.16092217973329367,0.6770833333333334,2.0,2.0,False,2018
1,1,0,9.0,24.0,6.0,15.0,6.0,6.0,13.0,22.0,3.0,8.0,9.0,9.0,0.1300643985252704,0.7849462365591398,0.16124369079263548,0.7204301075268817,2.0,2.0,True,2018
0,0,1,13.0,22.0,3.0,8.0,9.0,9.0,9.0,24.0,6.0,15.0,6.0,6.0,0.16124369079263548,0.7204301075268817,0.14405151882021633,0.7872340425531915,2.0,2.0,False,2018
0,2,3,6.0,12.0,2.0,4.0,6.0,8.0,8.0,12.0,4.0,9.0,8.0,10.0,0.16092217973329367,0.6770833333333334,0.10830825579769372,0.6105263157894737,4.0,4.0,False,2018
1,3,2,8.0,12.0,4.0,9.0,8.0,10.0,6.0,12.0,2.0,4.0,6.0,8.0,0.10830825579769372,0.6105263157894737,0.12873774378663494,0.6701030927835051,4.0,4.0,True,2018
0,1,0,7.0,16.0,2.0,8.0,4.0,5.0,13.0,23.0,5.0,12.0,4.0,4.0,0.14405151882021633,0.7872340425531915,0.12899495263410837,0.7127659574468085,4.0,4.0,False,2018
1,0,1,13.0,23.0,5.0,12.0,4.0,4.0,7.0,16.0,2.0,8.0,4.0,5.0,0.12899495263410837,0.7127659574468085,0.11524121505617306,0.7789473684210526,4.0,4.0,True,2018
1,3,2,17.0,28.0,3.0,6.0,9.0,13.0,10.0,23.0,3.0,9.0,7.0,8.0,0.12664660463815497,0.6145833333333334,0.12873774378663494,0.6701030927835051,2.0,2.0,True,2018
0,2,3,10.0,23.0,3.0,9.0,7.0,8.0,17.0,28.0,3.0,6.0,9.0,13.0,0.12873774378663494,0.6701030927835051,0.141317283710524,0.6185567010309279,2.0,2.0,False,2018
1,0,1,10.0,26.0,6.0,13.0,8.0,8.0,11.0,26.0,5.0,12.0,5.0,5.0,0.14319596210728672,0.7157894736842105,0.11524121505617306,0.7789473684210526,2.0,2.0,False,2018
0,1,0,11.0,26.0,5.0,12.0,5.0,5.0,10.0,26.0,6.0,13.0,8.0,8.0,0.11524121505617306,0.7789473684210526,0.11455676968582937,0.7083333333333334,2.0,2.0,True,2018
0,3,2,11.0,22.0,2.0,7.0,5.0,6.0,7.0,15.0,3.0,8.0,7.0,8.0,0.141317283710524,0.6185567010309279,0.10299019502930795,0.6632653061224489,2.0,2.0,False,2018
1,2,3,7.0,15.0,3.0,8.0,7.0,8.0,11.0,22.0,2.0,7.0,5.0,6.0,0.10299019502930795,0.6632653061224489,0.11305382696841919,0.6122448979591837,2.0,2.0,True,2018
0,0,1,8.0,22.0,4.0,8.0,10.0,10.0,6.0,21.0,4.0,11.0,9.0,10.0,0.11455676968582937,0.7083333333333334,0.13219297204493846,0.78125,2.0,2.0,False,2018
1,1,0,6.0,21.0,4.0,11.0,9.0,10.0,8.0,22.0,4.0,8.0,10.0,10.0,0.13219297204493846,0.78125,0.0916454157486635,0.7010309278350515,2.0,2.0,True,2018
0,2,3,11.0,18.0,6.0,10.0,3.0,6.0,17.0,33.0,5.0,7.0,7.0,11.0,0.12239215602344636,0.6666666666666666,0.11305382696841919,0.6122448979591837,2.0,2.0,False,2018
1,3,2,17.0,33.0,5.0,7.0,7.0,11.0,11.0,18.0,6.0,10.0,3.0,6.0,0.11305382696841919,0.6122448979591837,0.09791372481875708,0.66,2.0,2.0,True,2018
0,1,0,10.0,24.0,4.0,12.0,8.0,9.0,13.0,23.0,9.0,14.0,10.0,14.0,0.14575437763595075,0.7835051546391752,0.0916454157486635,0.7010309278350515,2.0,2.0,False,2018
1,0,1,13.0,23.0,9.0,14.0,10.0,14.0,10.0,24.0,4.0,12.0,8.0,9.0,0.0916454157486635,0.7010309278350515,0.11660350210876061,0.7755102040816326,2.0,2.0,True,2018
0,3,2,12.0,24.0,3.0,9.0,8.0,11.0,9.0,18.0,3.0,12.0,4.0,4.0,0.13044306157473534,0.6161616161616161,0.09791372481875708,0.66,2.0,2.0,True,2018
1,2,3,9.0,18.0,3.0,12.0,4.0,4.0,12.0,24.0,3.0,9.0,8.0,11.0,0.09791372481875708,0.66,0.1443544492597883,0.62,2.0,2.0,False,2018
0,0,1,11.0,22.0,7.0,15.0,7.0,10.0,12.0,29.0,2.0,13.0,6.0,8.0,0.11331633259893079,0.7040816326530612,0.11660350210876061,0.7755102040816326,2.0,2.0,True,2018
1,1,0,12.0,29.0,2.0,13.0,6.0,8.0,11.0,22.0,7.0,15.0,7.0,10.0,0.11660350210876061,0.7755102040816326,0.13065306607914465,0.7070707070707071,2.0,2.0,False,2018
0,3,0,19.0,32.0,3.0,8.0,10.0,11.0,11.0,23.0,5.0,11.0,9.0,10.0,0.1443544492597883,0.62,0.13065306607914465,0.7070707070707071,4.0,3.0,False,2018
1,0,3,11.0,23.0,5.0,11.0,9.0,10.0,19.0,32.0,3.0,8.0,10.0,11.0,0.13065306607914465,0.7070707070707071,0.11548355940783064,0.6138613861386139,3.0,4.0,True,2018
1,0,3,11.0,26.0,9.0,17.0,4.0,4.0,10.0,20.0,3.0,8.0,7.0,9.0,0.14452245286331572,0.71,0.11548355940783064,0.6138613861386139,3.0,3.0,True,2018
0,3,0,10.0,20.0,3.0,8.0,7.0,9.0,11.0,26.0,9.0,17.0,4.0,4.0,0.11548355940783064,0.6138613861386139,0.15561796229065256,0.7128712871287128,3.0,3.0,False,2018
1,3,0,13.0,28.0,3.0,10.0,6.0,7.0,15.0,23.0,6.0,10.0,7.0,7.0,0.09238684752626451,0.6078431372549019,0.15561796229065256,0.7128712871287128,3.0,3.0,False,2018
0,0,3,15.0,23.0,6.0,10.0,7.0,7.0,13.0,28.0,3.0,10.0,6.0,7.0,0.15561796229065256,0.7128712871287128,0.07390947802101161,0.6019417475728155,3.0,3.0,True,2018
0,0,3,12.0,27.0,7.0,15.0,6.0,6.0,7.0,14.0,3.0,5.0,9.0,11.0,0.16449436983252205,0.7156862745098039,0.07390947802101161,0.6019417475728155,2.0,2.0,True,2018
1,3,0,7.0,14.0,3.0,5.0,9.0,11.0,12.0,27.0,7.0,15.0,6.0,6.0,0.07390947802101161,0.6019417475728155,0.17159549586601763,0.7184466019417476,2.0,2.0,False,2018
1,2,18,9.0,17.0,2.0,8.0,4.0,5.0,9.0,21.0,2.0,8.0,5.0,10.0,0.07833097985500567,0.6534653465346535,0.09052161342555498,0.6195652173913043,142.0,160.0,True,2019
0,26,0,9.0,23.0,4.0,12.0,5.0,8.0,11.0,21.0,5.0,9.0,9.0,10.0,0.0816026759635812,0.5681818181818182,0.17159549586601763,0.7184466019417476,172.0,130.0,False,2019
1,0,26,11.0,21.0,5.0,9.0,9.0,10.0,9.0,23.0,4.0,12.0,5.0,8.0,0.17159549586601763,0.7184466019417476,0.06528214077086496,0.5617977528089888,130.0,172.0,True,2019
0,18,2,9.0,21.0,2.0,8.0,5.0,10.0,9.0,17.0,2.0,8.0,4.0,5.0,0.09052161342555498,0.6195652173913043,0.5,0.5,160.0,142.0,False,2019
0,6,19,10.0,18.0,2.0,7.0,7.0,8.0,10.0,21.0,2.0,9.0,9.0,11.0,0.10472391620657465,0.34146341463414637,0.11258895632621546,0.47560975609756095,189.0,189.0,False,2019
1,21,4,15.0,29.0,7.0,13.0,4.0,6.0,9.0,21.0,3.0,6.0,7.0,12.0,0.0953789659557407,0.43902439024390244,0.0916138060522816,0.5280898876404494,190.0,172.0,False,2019
0,23,5,9.0,23.0,2.0,6.0,9.0,9.0,10.0,23.0,3.0,6.0,7.0,11.0,0.07051614651577026,0.5517241379310345,0.06555976647169508,0.5517241379310345,175.0,176.0,False,2019
1,19,6,10.0,21.0,2.0,9.0,9.0,11.0,10.0,18.0,2.0,7.0,7.0,8.0,0.11258895632621546,0.47560975609756095,0.08377913296525971,0.3373493975903614,189.0,189.0,True,2019
1,10,12,9.0,18.0,4.0,5.0,4.0,6.0,9.0,21.0,3.0,10.0,5.0,7.0,0.07834005140511995,0.3048780487804878,0.05683137754064058,0.5172413793103449,189.0,176.0,True,2019
1,24,20,6.0,14.0,4.0,7.0,6.0,6.0,6.0,16.0,3.0,5.0,9.0,12.0,0.04474079569527688,0.5121951219512195,0.13445875651990105,0.5609756097560976,189.0,189.0,False,2019
0,3,25,7.0,18.0,2.0,4.0,10.0,14.0,10.0,22.0,5.0,7.0,5.0,6.0,0.059127582416809286,0.5961538461538461,0.05471247750536288,0.6847826086956522,131.0,163.0,False,2019
1,5,23,10.0,23.0,3.0,6.0,7.0,11.0,9.0,23.0,2.0,6.0,9.0,9.0,0.06555976647169508,0.5517241379310345,0.05641291721261621,0.5454545454545454,176.0,175.0,True,2019
0,8,1,13.0,21.0,6.0,8.0,6.0,7.0,7.0,15.0,4.0,9.0,5.0,5.0,0.08510411569157175,0.5824175824175825,0.09328280168700849,0.7676767676767676,162.0,142.0,True,2019
0,4,21,9.0,21.0,3.0,6.0,7.0,12.0,15.0,29.0,7.0,13.0,4.0,6.0,0.0916138060522816,0.5280898876404494,0.07630317276459256,0.43373493975903615,172.0,190.0,True,2019
0,16,22,4.0,13.0,4.0,8.0,7.0,8.0,7.0,12.0,3.0,6.0,2.0,2.0,0.04296447653363103,0.2682926829268293,0.08130683958862576,0.5730337078651685,189.0,171.0,False,2019
1,1,8,7.0,15.0,4.0,9.0,5.0,5.0,13.0,21.0,6.0,8.0,6.0,7.0,0.09328280168700849,0.7676767676767676,0.1080832925532574,0.5869565217391305,142.0,162.0,False,2019
0,20,24,6.0,16.0,3.0,5.0,9.0,12.0,6.0,14.0,4.0,7.0,6.0,6.0,0.13445875651990105,0.5609756097560976,0.0357926365562215,0.5060240963855421,189.0,189.0,True,2019
0,9,28,7.0,15.0,3.0,7.0,4.0,4.0,10.0,22.0,3.0,9.0,8.0,8.0,0.07568277601776359,0.2926829268292683,0.07376971393389356,0.35365853658536583,190.0,189.0,False,2019
1,28,9,10.0,22.0,3.0,9.0,8.0,8.0,7.0,15.0,3.0,7.0,4.0,4.0,0.07376971393389356,0.35365853658536583,0.06054622081421087,0.2891566265060241,189.0,190.0,True,2019
0,11,15,9.0,21.0,4.0,10.0,7.0,9.0,10.0,18.0,2.0,4.0,5.0,7.0,0.06626592721570265,0.5698924731182796,0.09486349178405062,0.32926829268292684,162.0,189.0,True,2019
1,15,11,10.0,18.0,2.0,4.0,5.0,7.0,9.0,21.0,4.0,10.0,7.0,9.0,0.09486349178405062,0.32926829268292684,0.09301274177256212,0.574468085106383,189.0,162.0,False,2019
1,7,13,12.0,19.0,6.0,10.0,5.0,6.0,6.0,19.0,2.0,7.0,5.0,6.0,0.0611323022174884,0.25609756097560976,0.02746814298007997,0.2926829268292683,190.0,190.0,True,2019
1,22,16,7.0,12.0,3.0,6.0,2.0,2.0,4.0,13.0,4.0,8.0,7.0,8.0,0.08130683958862576,0.5730337078651685,0.03437158122690483,0.26506024096385544,171.0,189.0,True,2019
1,25,3,10.0,22.0,5.0,7.0,5.0,6.0,7.0,18.0,2.0,4.0,10.0,14.0,0.05471247750536288,0.6847826086956522,0.04730206593344743,0.5904761904761905,163.0,131.0,True,2019
0,13,7,6.0,19.0,2.0,7.0,5.0,6.0,12.0,19.0,6.0,10.0,5.0,6.0,0.02746814298007997,0.2926829268292683,0.08890584177399072,0.26506024096385544,190.0,190.0,False,2019
0,12,10,9.0,21.0,3.0,10.0,5.0,7.0,9.0,18.0,4.0,5.0,4.0,6.0,0.05683137754064058,0.5172413793103449,0.10267204112409596,0.3132530120481928,176.0,189.0,False,2019
0,29,17,9.0,16.0,3.0,7.0,8.0,9.0,9.0,21.0,5.0,8.0,8.0,8.0,0.07249851648102877,0.4268292682926829,0.03647049620011559,0.5697674418604651,190.0,180.0,False,2019
1,18,27,9.0,15.0,4.0,11.0,12.0,14.0,11.0,19.0,3.0,9.0,6.0,7.0,0.07241729074044398,0.6129032258064516,0.04428224096573173,0.32926829268292684,2.0,190.0,True,2019
1,14,12,9.0,16.0,2.0,7.0,7.0,10.0,8.0,21.0,5.0,11.0,7.0,9.0,0.06116378339471312,0.5113636363636364,0.045465102032512465,0.5113636363636364,174.0,1.0,False,2019
1,17,29,9.0,21.0,5.0,8.0,8.0,8.0,9.0,16.0,3.0,7.0,8.0,9.0,0.03647049620011559,0.5697674418604651,0.057998813184823014,0.42168674698795183,180.0,190.0,True,2019
0,27,18,11.0,19.0,3.0,9.0,6.0,7.0,9.0,15.0,4.0,11.0,12.0,14.0,0.04428224096573173,0.32926829268292684,0.09793383259235519,0.6170212765957447,190.0,2.0,False,2019
0,12,14,8.0,21.0,5.0,11.0,7.0,9.0,9.0,16.0,2.0,7.0,7.0,10.0,0.045465102032512465,0.5113636363636364,0.0489310267157705,0.5056179775280899,1.0,174.0,True,2019
1,8,15,14.0,21.0,5.0,9.0,8.0,12.0,9.0,14.0,3.0,4.0,6.0,7.0,0.1080832925532574,0.5869565217391305,0.0758907934272405,0.3253012048192771,2.0,2.0,True,2019
1,11,0,10.0,23.0,7.0,12.0,8.0,11.0,14.0,25.0,5.0,9.0,9.0,9.0,0.09301274177256212,0.574468085106383,0.1772763966928141,0.7211538461538461,2.0,3.0,False,2019
0,28,6,12.0,25.0,3.0,8.0,6.0,7.0,8.0,13.0,3.0,6.0,10.0,11.0,0.09901577114711486,0.3614457831325301,0.08377913296525971,0.3373493975903614,2.0,2.0,False,2019
1,10,21,6.0,15.0,2.0,9.0,5.0,5.0,8.0,16.0,5.0,10.0,5.0,5.0,0.10267204112409596,0.3132530120481928,0.07630317276459256,0.43373493975903615,2.0,2.0,False,2019
1,25,2,10.0,25.0,4.0,7.0,9.0,9.0,10.0,20.0,3.0,7.0,2.0,2.0,0.0837699820042903,0.6881720430107527,0.5,0.5,2.0,3.0,True,2019
0,0,11,14.0,25.0,5.0,9.0,9.0,9.0,10.0,23.0,7.0,12.0,8.0,11.0,0.1772763966928141,0.7211538461538461,0.07441019341804969,0.5684210526315789,3.0,2.0,True,2019
1,16,9,10.0,13.0,5.0,6.0,6.0,9.0,10.0,18.0,4.0,9.0,4.0,6.0,0.03437158122690483,0.26506024096385544,0.06054622081421087,0.2891566265060241,2.0,2.0,True,2019
0,15,8,9.0,14.0,3.0,4.0,6.0,7.0,14.0,21.0,5.0,9.0,8.0,12.0,0.0758907934272405,0.3253012048192771,0.1264666340426059,0.5913978494623656,2.0,2.0,False,2019
0,2,25,10.0,20.0,3.0,7.0,2.0,2.0,10.0,25.0,4.0,7.0,9.0,9.0,0.5,0.5,0.10701598560343224,0.6914893617021277,3.0,2.0,False,2019
1,23,3,10.0,21.0,3.0,7.0,12.0,12.0,9.0,19.0,4.0,7.0,10.0,10.0,0.05641291721261621,0.5454545454545454,0.04730206593344743,0.5904761904761905,2.0,2.0,True,2019
0,3,23,9.0,19.0,4.0,7.0,10.0,10.0,10.0,21.0,3.0,7.0,12.0,12.0,0.04730206593344743,0.5904761904761905,0.08513033377009296,0.550561797752809,2.0,2.0,False,2019
1,4,22,12.0,23.0,5.0,9.0,4.0,6.0,10.0,23.0,4.0,6.0,4.0,6.0,0.11329104484182528,0.5333333333333333,0.10504547167090061,0.5777777777777777,2.0,2.0,True,2019
0,9,16,10.0,18.0,4.0,9.0,4.0,6.0,10.0,13.0,5.0,6.0,6.0,9.0,0.06054622081421087,0.2891566265060241,0.06749726498152386,0.27380952380952384,2.0,2.0,False,2019
0,22,4,10.0,23.0,4.0,6.0,4.0,6.0,12.0,23.0,5.0,9.0,4.0,6.0,0.10504547167090061,0.5777777777777777,0.13063283587346022,0.5384615384615384,2.0,2.0,False,2019
1,24,26,10.0,23.0,4.0,7.0,7.0,8.0,8.0,27.0,3.0,11.0,4.0,4.0,0.0357926365562215,0.5060240963855421,0.06528214077086496,0.5617977528089888,2.0,3.0,True,2019
0,21,10,8.0,16.0,5.0,10.0,5.0,5.0,6.0,15.0,2.0,9.0,5.0,5.0,0.07630317276459256,0.43373493975903615,0.08213763289927677,0.30952380952380953,2.0,2.0,True,2019
0,26,24,8.0,27.0,3.0,11.0,4.0,4.0,10.0,23.0,4.0,7.0,7.0,8.0,0.06528214077086496,0.5617977528089888,0.0686341092449772,0.5119047619047619,3.0,2.0,False,2019
1,6,28,8.0,13.0,3.0,6.0,10.0,11.0,12.0,25.0,3.0,8.0,6.0,7.0,0.08377913296525971,0.3373493975903614,0.0792126169176919,0.35714285714285715,2.0,2.0,True,2019
0,5,17,11.0,22.0,5.0,8.0,6.0,6.0,9.0,15.0,4.0,7.0,8.0,8.0,0.09244781317735606,0.5568181818181818,0.06917639696009246,0.5747126436781609,3.0,2.0,False,2019
0,6,22,8.0,16.0,5.0,6.0,4.0,5.0,10.0,20.0,4.0,6.0,5.0,6.0,0.10702330637220778,0.34523809523809523,0.0840363773367205,0.5714285714285714,1.0,1.0,False,2019
1,27,19,12.0,21.0,2.0,6.0,7.0,9.0,12.0,23.0,5.0,7.0,6.0,6.0,0.03542579277258538,0.3253012048192771,0.13007116506097235,0.4819277108433735,2.0,3.0,False,2019
0,19,27,12.0,23.0,5.0,7.0,6.0,6.0,12.0,21.0,2.0,6.0,7.0,9.0,0.13007116506097235,0.4819277108433735,0.028340634218068306,0.32142857142857145,3.0,2.0,True,2019
0,2,28,8.0,16.0,2.0,5.0,6.0,7.0,8.0,21.0,5.0,11.0,5.0,7.0,0.5,0.0,0.0792126169176919,0.35714285714285715,1.0,1.0,True,2019
1,18,10,13.0,26.0,8.0,13.0,3.0,4.0,12.0,23.0,6.0,10.0,6.0,9.0,0.09793383259235519,0.6170212765957447,0.08213763289927677,0.30952380952380953,2.0,1.0,True,2019
1,17,5,9.0,15.0,4.0,7.0,8.0,8.0,11.0,22.0,5.0,8.0,6.0,6.0,0.06917639696009246,0.5747126436781609,0.07395825054188485,0.550561797752809,2.0,3.0,True,2019
1,13,23,8.0,19.0,4.0,11.0,6.0,9.0,11.0,21.0,4.0,6.0,9.0,10.0,0.021974514384063976,0.2891566265060241,0.08513033377009296,0.550561797752809,3.0,1.0,True,2019
1,28,2,8.0,21.0,5.0,11.0,5.0,7.0,8.0,16.0,2.0,5.0,6.0,7.0,0.0792126169176919,0.35714285714285715,0.5,0.5,1.0,1.0,False,2019
0,23,13,11.0,21.0,4.0,6.0,9.0,10.0,8.0,19.0,4.0,11.0,6.0,9.0,0.08513033377009296,0.550561797752809,0.057579611507251174,0.2976190476190476,1.0,3.0,False,2019
1,29,1,9.0,22.0,4.0,8.0,5.0,7.0,10.0,19.0,5.0,10.0,11.0,15.0,0.057998813184823014,0.42168674698795183,0.0746262413496068,0.76,2.0,3.0,False,2019
1,12,21,9.0,17.0,4.0,6.0,6.0,8.0,14.0,31.0,7.0,15.0,4.0,7.0,0.07637208162600997,0.5168539325842697,0.10104253821167404,0.44047619047619047,2.0,1.0,False,2019
1,20,7,11.0,18.0,3.0,7.0,10.0,11.0,7.0,15.0,3.0,8.0,14.0,17.0,0.14756700521592084,0.5662650602409639,0.08890584177399072,0.26506024096385544,3.0,3.0,True,2019
0,7,20,7.0,15.0,3.0,8.0,14.0,17.0,11.0,18.0,3.0,7.0,10.0,11.0,0.08890584177399072,0.26506024096385544,0.15805360417273667,0.5714285714285714,3.0,3.0,False,2019
0,1,29,10.0,19.0,5.0,10.0,11.0,15.0,9.0,22.0,4.0,8.0,5.0,7.0,0.0746262413496068,0.76,0.04639905054785841,0.4166666666666667,3.0,2.0,True,2019
1,22,6,10.0,20.0,4.0,6.0,5.0,6.0,8.0,16.0,5.0,6.0,4.0,5.0,0.0840363773367205,0.5714285714285714,0.08561864509776622,0.3411764705882353,1.0,1.0,True,2019
0,10,18,12.0,23.0,6.0,10.0,6.0,9.0,13.0,26.0,8.0,13.0,3.0,4.0,0.08213763289927677,0.30952380952380953,0.11834706607388416,0.6210526315789474,1.0,2.0,False,2019
0,21,12,14.0,31.0,7.0,15.0,4.0,7.0,9.0,17.0,4.0,6.0,6.0,8.0,0.10104253821167404,0.44047619047619047,0.06109766530080798,0.5111111111111111,1.0,2.0,True,2019
0,25,14,10.0,21.0,4.0,9.0,8.0,10.0,12.0,21.0,6.0,11.0,11.0,13.0,0.10701598560343224,0.6914893617021277,0.0489310267157705,0.5056179775280899,1.0,2.0,True,2019
1,14,25,12.0,21.0,6.0,11.0,11.0,13.0,10.0,21.0,4.0,9.0,8.0,10.0,0.0489310267157705,0.5056179775280899,0.1256127884827458,0.6947368421052632,2.0,1.0,False,2019
1,3,9,7.0,19.0,3.0,8.0,3.0,5.0,13.0,23.0,6.0,14.0,5.0,5.0,0.037841652746757944,0.5849056603773585,0.048436976651368695,0.2857142857142857,2.0,2.0,False,2019
0,0,20,10.0,23.0,6.0,16.0,6.0,7.0,11.0,20.0,2.0,9.0,9.0,12.0,0.18182111735425127,0.7238095238095238,0.15805360417273667,0.5714285714285714,2.0,1.0,False,2019
0,1,24,11.0,26.0,5.0,12.0,5.0,6.0,9.0,19.0,2.0,7.0,6.0,6.0,0.09970099307968543,0.7623762376237624,0.0686341092449772,0.5119047619047619,1.0,2.0,False,2019
0,9,3,13.0,23.0,6.0,14.0,5.0,5.0,7.0,19.0,3.0,8.0,3.0,5.0,0.048436976651368695,0.2857142857142857,0.030273322197406353,0.5794392523364486,2.0,2.0,True,2019
1,26,15,13.0,23.0,3.0,9.0,6.0,11.0,9.0,13.0,4.0,7.0,7.0,9.0,0.05222571261669197,0.5555555555555556,0.06071263474179241,0.32142857142857145,2.0,2.0,False,2019
0,15,26,9.0,13.0,4.0,7.0,7.0,9.0,13.0,23.0,3.0,9.0,6.0,11.0,0.06071263474179241,0.32142857142857145,0.04178057009335358,0.5494505494505495,2.0,2.0,True,2019
1,20,0,11.0,20.0,2.0,9.0,9.0,12.0,10.0,23.0,6.0,16.0,6.0,7.0,0.15805360417273667,0.5714285714285714,0.14545689388340102,0.7169811320754716,1.0,2.0,True,2019
1,24,1,9.0,19.0,2.0,7.0,6.0,6.0,11.0,26.0,5.0,12.0,5.0,6.0,0.0686341092449772,0.5119047619047619,0.07976079446374834,0.7549019607843137,2.0,1.0,True,2019
0,14,17,10.0,25.0,6.0,10.0,6.0,11.0,9.0,25.0,3.0,10.0,13.0,15.0,0.0391448213726164,0.5,0.09534111756807398,0.5795454545454546,2.0,2.0,True,2019
0,10,2,11.0,18.0,3.0,7.0,2.0,2.0,10.0,19.0,3.0,8.0,4.0,4.0,0.06571010631942141,0.3058823529411765,0.5,0.5,2.0,2.0,True,2019
1,0,7,11.0,18.0,6.0,13.0,3.0,5.0,12.0,21.0,3.0,9.0,8.0,8.0,0.14545689388340102,0.7169811320754716,0.07112467341919257,0.2619047619047619,1.0,2.0,True,2019
0,27,13,11.0,15.0,5.0,7.0,7.0,8.0,8.0,15.0,4.0,11.0,6.0,6.0,0.028340634218068306,0.32142857142857145,0.057579611507251174,0.2976190476190476,2.0,2.0,False,2019
1,29,5,15.0,25.0,4.0,10.0,8.0,11.0,13.0,29.0,4.0,8.0,11.0,18.0,0.04639905054785841,0.4166666666666667,0.07395825054188485,0.550561797752809,2.0,2.0,False,2019
1,2,10,10.0,19.0,3.0,8.0,4.0,4.0,11.0,18.0,3.0,7.0,2.0,2.0,0.5,0.5,0.09256808505553714,0.313953488372093,2.0,2.0,False,2019
1,25,21,9.0,14.0,4.0,7.0,3.0,4.0,11.0,22.0,3.0,7.0,5.0,6.0,0.1256127884827458,0.6947368421052632,0.12083403056933924,0.4470588235294118,2.0,2.0,True,2019
0,21,25,11.0,22.0,3.0,7.0,5.0,6.0,9.0,14.0,4.0,7.0,3.0,4.0,0.12083403056933924,0.4470588235294118,0.14049023078619666,0.6979166666666666,2.0,2.0,False,2019
1,17,14,9.0,25.0,3.0,10.0,13.0,15.0,10.0,25.0,6.0,10.0,6.0,11.0,0.09534111756807398,0.5795454545454546,0.07131585709809311,0.5054945054945055,2.0,2.0,False,2019
1,11,16,6.0,17.0,2.0,7.0,5.0,7.0,6.0,20.0,3.0,6.0,10.0,11.0,0.07441019341804969,0.5684210526315789,0.06749726498152386,0.27380952380952384,3.0,3.0,False,2019
0,5,29,13.0,29.0,4.0,8.0,11.0,18.0,15.0,25.0,4.0,10.0,8.0,11.0,0.07395825054188485,0.550561797752809,0.037119240438286724,0.4117647058823529,2.0,2.0,True,2019
1,4,28,13.0,29.0,7.0,8.0,5.0,7.0,10.0,23.0,4.0,9.0,5.0,6.0,0.13063283587346022,0.5384615384615384,0.06337009353415352,0.35294117647058826,3.0,2.0,True,2019
0,28,4,10.0,23.0,4.0,9.0,5.0,6.0,13.0,29.0,7.0,8.0,5.0,7.0,0.06337009353415352,0.35294117647058826,0.14450626869876818,0.5434782608695652,2.0,3.0,False,2019
0,7,0,12.0,21.0,3.0,9.0,8.0,8.0,11.0,18.0,6.0,13.0,3.0,5.0,0.07112467341919257,0.2619047619047619,0.1563655151067208,0.719626168224299,2.0,1.0,False,2019
0,16,11,6.0,20.0,3.0,6.0,10.0,11.0,6.0,17.0,2.0,7.0,5.0,7.0,0.06749726498152386,0.27380952380952384,0.05952815473443975,0.5625,3.0,3.0,True,2019
1,23,22,6.0,13.0,2.0,6.0,8.0,8.0,8.0,23.0,4.0,7.0,3.0,4.0,0.06810426701607437,0.5444444444444444,0.1072291018693764,0.5760869565217391,2.0,2.0,True,2019
0,22,23,8.0,23.0,4.0,7.0,3.0,4.0,6.0,13.0,2.0,6.0,8.0,8.0,0.1072291018693764,0.5760869565217391,0.0944834136128595,0.5494505494505495,2.0,2.0,False,2019
1,13,27,8.0,15.0,4.0,11.0,6.0,6.0,11.0,15.0,5.0,7.0,7.0,8.0,0.057579611507251174,0.2976190476190476,0.022672507374454646,0.3176470588235294,2.0,2.0,True,2019
1,20,15,8.0,12.0,3.0,6.0,4.0,4.0,9.0,11.0,3.0,5.0,2.0,5.0,0.16644288333818935,0.5764705882352941,0.08857010779343392,0.32941176470588235,2.0,2.0,True,2019
0,18,19,11.0,21.0,6.0,15.0,11.0,14.0,20.0,35.0,5.0,10.0,6.0,11.0,0.11834706607388416,0.6210526315789474,0.1440569320487779,0.4880952380952381,3.0,3.0,False,2019
1,19,18,20.0,35.0,5.0,10.0,6.0,11.0,11.0,21.0,6.0,15.0,11.0,14.0,0.1440569320487779,0.4880952380952381,0.09467765285910733,0.6145833333333334,3.0,3.0,True,2019
0,24,8,8.0,16.0,2.0,5.0,8.0,9.0,11.0,21.0,2.0,6.0,10.0,15.0,0.09490728739598175,0.5176470588235295,0.1264666340426059,0.5913978494623656,2.0,4.0,False,2019
1,8,24,11.0,21.0,2.0,6.0,10.0,15.0,8.0,16.0,2.0,5.0,8.0,9.0,0.1264666340426059,0.5913978494623656,0.0759258299167854,0.5116279069767442,4.0,2.0,True,2019
0,15,20,9.0,11.0,3.0,5.0,2.0,5.0,8.0,12.0,3.0,6.0,4.0,4.0,0.08857010779343392,0.32941176470588235,0.17315430667055148,0.5813953488372093,2.0,2.0,False,2019
1,25,23,15.0,23.0,2.0,6.0,4.0,4.0,7.0,17.0,4.0,7.0,5.0,10.0,0.14049023078619666,0.6979166666666666,0.0944834136128595,0.5494505494505495,2.0,2.0,True,2019
0,11,1,14.0,25.0,4.0,9.0,6.0,8.0,10.0,21.0,3.0,12.0,6.0,9.0,0.05952815473443975,0.5625,0.07976079446374834,0.7549019607843137,2.0,3.0,True,2019
0,13,9,9.0,21.0,5.0,14.0,5.0,8.0,12.0,22.0,5.0,11.0,10.0,13.0,0.08606368920580094,0.3058823529411765,0.07874958132109497,0.29411764705882354,2.0,3.0,False,2019
1,9,13,12.0,22.0,5.0,11.0,10.0,13.0,9.0,21.0,5.0,14.0,5.0,8.0,0.07874958132109497,0.29411764705882354,0.06885095136464076,0.3023255813953488,3.0,2.0,True,2019
0,14,0,10.0,15.0,3.0,9.0,8.0,8.0,15.0,24.0,11.0,16.0,10.0,10.0,0.07131585709809311,0.5054945054945055,0.1563655151067208,0.719626168224299,2.0,2.0,False,2019
0,23,25,7.0,17.0,4.0,7.0,5.0,10.0,15.0,23.0,2.0,6.0,4.0,4.0,0.0944834136128595,0.5494505494505495,0.15239218462895732,0.7010309278350515,2.0,2.0,False,2019
1,12,28,8.0,15.0,5.0,6.0,6.0,10.0,8.0,15.0,3.0,8.0,4.0,6.0,0.06109766530080798,0.5111111111111111,0.050696074827322815,0.3488372093023256,4.0,2.0,True,2019
1,27,21,10.0,22.0,7.0,11.0,11.0,12.0,6.0,15.0,3.0,9.0,10.0,11.0,0.022672507374454646,0.3176470588235294,0.09666722445547139,0.4418604651162791,2.0,2.0,True,2019
0,21,27,6.0,15.0,3.0,9.0,10.0,11.0,10.0,22.0,7.0,11.0,11.0,12.0,0.09666722445547139,0.4418604651162791,0.058138005899563715,0.32558139534883723,2.0,2.0,False,2019
1,1,11,10.0,21.0,3.0,12.0,6.0,9.0,14.0,25.0,4.0,9.0,6.0,8.0,0.07976079446374834,0.7549019607843137,0.0876225237875518,0.5670103092783505,3.0,2.0,False,2019
1,7,29,11.0,16.0,3.0,6.0,5.0,7.0,10.0,16.0,4.0,6.0,4.0,6.0,0.056899738735354054,0.25882352941176473,0.037119240438286724,0.4117647058823529,2.0,2.0,False,2019
0,29,7,10.0,16.0,4.0,6.0,4.0,6.0,11.0,16.0,3.0,6.0,5.0,7.0,0.037119240438286724,0.4117647058823529,0.045519790988283244,0.2558139534883721,2.0,2.0,True,2019
0,22,5,7.0,14.0,5.0,7.0,4.0,4.0,8.0,18.0,2.0,5.0,5.0,5.0,0.08578328149550112,0.5698924731182796,0.09916660043350788,0.5555555555555556,2.0,2.0,True,2019
1,0,14,15.0,24.0,11.0,16.0,10.0,10.0,10.0,15.0,3.0,9.0,8.0,8.0,0.1563655151067208,0.719626168224299,0.05705268567847449,0.5,2.0,2.0,True,2019
1,4,18,12.0,24.0,5.0,11.0,10.0,10.0,9.0,24.0,3.0,8.0,10.0,13.0,0.14450626869876818,0.5434782608695652,0.09467765285910733,0.6145833333333334,2.0,1.0,True,2019
0,18,4,9.0,24.0,3.0,8.0,10.0,13.0,12.0,24.0,5.0,11.0,10.0,10.0,0.09467765285910733,0.6145833333333334,0.15560501495901452,0.5483870967741935,1.0,2.0,False,2019
1,15,16,10.0,20.0,3.0,6.0,7.0,12.0,10.0,22.0,4.0,11.0,3.0,4.0,0.07085608623474714,0.32558139534883723,0.09399781198521909,0.2823529411764706,1.0,2.0,True,2019
0,16,15,10.0,22.0,4.0,11.0,3.0,4.0,10.0,20.0,3.0,6.0,7.0,12.0,0.09399781198521909,0.2823529411764706,0.09668486898779773,0.3333333333333333,2.0,1.0,False,2019
0,6,3,6.0,14.0,4.0,7.0,6.0,6.0,6.0,14.0,2.0,5.0,6.0,6.0,0.08561864509776622,0.3411764705882353,0.030273322197406353,0.5794392523364486,4.0,3.0,True,2019
1,3,6,6.0,14.0,2.0,5.0,6.0,6.0,6.0,14.0,4.0,7.0,6.0,6.0,0.030273322197406353,0.5794392523364486,0.10849491607821297,0.3488372093023256,3.0,4.0,False,2019
1,5,22,8.0,18.0,2.0,5.0,5.0,5.0,7.0,14.0,5.0,7.0,4.0,4.0,0.09916660043350788,0.5555555555555556,0.1086266251964009,0.574468085106383,2.0,2.0,False,2019
0,28,12,8.0,15.0,3.0,8.0,4.0,6.0,8.0,15.0,5.0,6.0,6.0,10.0,0.050696074827322815,0.3488372093023256,0.08887813224064638,0.5164835164835165,2.0,4.0,False,2019
0,2,26,8.0,18.0,4.0,6.0,7.0,8.0,7.0,22.0,2.0,10.0,6.0,8.0,0.5,0.3333333333333333,0.04178057009335358,0.5494505494505495,3.0,4.0,True,2019
0,17,10,13.0,23.0,5.0,10.0,10.0,12.0,10.0,16.0,5.0,9.0,4.0,6.0,0.07627289405445918,0.5730337078651685,0.09256808505553714,0.313953488372093,3.0,3.0,True,2019
1,10,17,10.0,16.0,5.0,9.0,4.0,6.0,13.0,23.0,5.0,10.0,10.0,12.0,0.09256808505553714,0.313953488372093,0.10101831524356734,0.5777777777777777,3.0,3.0,False,2019
0,3,19,8.0,12.0,4.0,7.0,4.0,5.0,11.0,17.0,4.0,8.0,5.0,10.0,0.02421865775792508,0.5740740740740741,0.15524554563902232,0.49411764705882355,1.0,2.0,False,2019
1,26,2,7.0,22.0,2.0,10.0,6.0,8.0,8.0,18.0,4.0,6.0,7.0,8.0,0.04178057009335358,0.5494505494505495,0.5,0.5,4.0,3.0,False,2019
0,20,29,9.0,17.0,2.0,5.0,6.0,7.0,10.0,18.0,2.0,6.0,7.0,10.0,0.17315430667055148,0.5813953488372093,0.06969539235062938,0.4186046511627907,2.0,1.0,False,2019
1,29,20,10.0,18.0,2.0,6.0,7.0,10.0,9.0,17.0,2.0,5.0,6.0,7.0,0.06969539235062938,0.4186046511627907,0.13852344533644118,0.5747126436781609,1.0,2.0,True,2019
1,19,3,11.0,17.0,4.0,8.0,5.0,10.0,8.0,12.0,4.0,7.0,4.0,5.0,0.15524554563902232,0.49411764705882355,0.019374926206340064,0.5688073394495413,2.0,1.0,True,2019
1,23,4,7.0,16.0,3.0,7.0,3.0,5.0,6.0,10.0,4.0,7.0,5.0,6.0,0.0755867308902876,0.5434782608695652,0.15560501495901452,0.5483870967741935,2.0,2.0,False,2019
1,15,14,9.0,17.0,6.0,10.0,4.0,6.0,9.0,20.0,5.0,11.0,7.0,8.0,0.09668486898779773,0.3333333333333333,0.05705268567847449,0.5,2.0,2.0,True,2019
1,25,13,8.0,16.0,4.0,7.0,6.0,6.0,9.0,17.0,4.0,8.0,8.0,9.0,0.15239218462895732,0.7010309278350515,0.06885095136464076,0.3023255813953488,2.0,2.0,True,2019
1,28,0,9.0,21.0,4.0,12.0,2.0,3.0,17.0,24.0,6.0,11.0,3.0,3.0,0.04055685986185825,0.3448275862068966,0.16509241208537667,0.7222222222222222,2.0,2.0,False,2019
0,14,15,9.0,20.0,5.0,11.0,7.0,8.0,9.0,17.0,6.0,10.0,4.0,6.0,0.05705268567847449,0.5,0.11734789519023817,0.3409090909090909,2.0,2.0,False,2019
1,1,24,8.0,18.0,6.0,10.0,6.0,6.0,8.0,14.0,3.0,4.0,14.0,15.0,0.06380863557099867,0.7475728155339806,0.0759258299167854,0.5116279069767442,2.0,3.0,False,2019
0,0,28,17.0,24.0,6.0,11.0,3.0,3.0,9.0,21.0,4.0,12.0,2.0,3.0,0.16509241208537667,0.7222222222222222,0.032445487889486604,0.3409090909090909,2.0,2.0,True,2019
1,8,6,9.0,19.0,3.0,7.0,5.0,7.0,9.0,23.0,6.0,9.0,4.0,5.0,0.14117330723408475,0.5957446808510638,0.10849491607821297,0.3488372093023256,3.0,2.0,True,2019
1,21,27,11.0,18.0,5.0,10.0,3.0,4.0,7.0,16.0,4.0,8.0,4.0,6.0,0.07733377956437712,0.4367816091954023,0.058138005899563715,0.32558139534883723,2.0,2.0,True,2019
0,13,25,9.0,17.0,4.0,8.0,8.0,9.0,8.0,16.0,4.0,7.0,6.0,6.0,0.06885095136464076,0.3023255813953488,0.16191374770316586,0.7040816326530612,2.0,2.0,False,2019
0,4,23,6.0,10.0,4.0,7.0,5.0,6.0,7.0,16.0,3.0,7.0,3.0,5.0,0.15560501495901452,0.5483870967741935,0.06046938471223008,0.5376344086021505,2.0,2.0,True,2019
0,27,21,7.0,16.0,4.0,8.0,4.0,6.0,11.0,18.0,5.0,10.0,3.0,4.0,0.058138005899563715,0.32558139534883723,0.10186702365150169,0.4431818181818182,2.0,2.0,False,2019
0,6,8,9.0,23.0,6.0,9.0,4.0,5.0,9.0,19.0,3.0,7.0,5.0,7.0,0.10849491607821297,0.3488372093023256,0.1529386457872678,0.6,2.0,3.0,False,2019
0,24,1,8.0,14.0,3.0,4.0,14.0,15.0,8.0,18.0,6.0,10.0,6.0,6.0,0.0759258299167854,0.5116279069767442,0.051046908456798934,0.7403846153846154,3.0,2.0,True,2019
0,27,9,9.0,19.0,4.0,10.0,8.0,10.0,5.0,14.0,4.0,7.0,7.0,9.0,0.04651040471965097,0.3218390804597701,0.10299966505687597,0.3023255813953488,1.0,3.0,True,2019
1,18,21,10.0,22.0,4.0,8.0,6.0,6.0,11.0,31.0,3.0,15.0,12.0,14.0,0.07574212228728586,0.6082474226804123,0.10186702365150169,0.4431818181818182,3.0,1.0,True,2019
1,5,29,14.0,23.0,2.0,5.0,4.0,5.0,13.0,21.0,3.0,8.0,7.0,8.0,0.0793332803468063,0.5494505494505495,0.09575631388050351,0.42528735632183906,3.0,2.0,True,2019
0,22,3,10.0,15.0,2.0,5.0,4.0,6.0,8.0,15.0,2.0,8.0,8.0,9.0,0.1086266251964009,0.574468085106383,0.019374926206340064,0.5688073394495413,3.0,2.0,True,2019
1,3,22,8.0,15.0,2.0,8.0,8.0,9.0,10.0,15.0,2.0,5.0,4.0,6.0,0.019374926206340064,0.5688073394495413,0.1269013001571207,0.5789473684210527,2.0,3.0,False,2019
0,7,16,12.0,13.0,3.0,8.0,3.0,6.0,8.0,16.0,3.0,6.0,6.0,6.0,0.045519790988283244,0.2558139534883721,0.07519824958817527,0.27906976744186046,3.0,3.0,False,2019
1,16,7,8.0,16.0,3.0,6.0,6.0,6.0,12.0,13.0,3.0,8.0,3.0,6.0,0.07519824958817527,0.27906976744186046,0.036415832790626594,0.25287356321839083,3.0,3.0,True,2019
0,29,5,13.0,21.0,3.0,8.0,7.0,8.0,14.0,23.0,2.0,5.0,4.0,5.0,0.09575631388050351,0.42528735632183906,0.10346662427744505,0.5543478260869565,2.0,3.0,False,2019
0,11,8,11.0,14.0,3.0,7.0,9.0,9.0,10.0,18.0,4.0,9.0,7.0,9.0,0.0876225237875518,0.5670103092783505,0.1529386457872678,0.6,3.0,1.0,True,2019
1,19,2,8.0,13.0,3.0,8.0,3.0,4.0,7.0,13.0,3.0,7.0,4.0,6.0,0.16419643651121785,0.5,0.5,0.5,2.0,2.0,False,2019
1,4,10,9.0,12.0,2.0,4.0,8.0,8.0,7.0,15.0,3.0,8.0,4.0,4.0,0.16448401196721166,0.5531914893617021,0.07405446804442971,0.3103448275862069,1.0,2.0,True,2019
1,9,27,5.0,14.0,4.0,7.0,7.0,9.0,9.0,19.0,4.0,10.0,8.0,10.0,0.10299966505687597,0.3023255813953488,0.07720832377572077,0.32954545454545453,3.0,1.0,False,2019
0,10,4,7.0,15.0,3.0,8.0,4.0,4.0,9.0,12.0,2.0,4.0,8.0,8.0,0.07405446804442971,0.3103448275862069,0.17158720957376933,0.5578947368421052,2.0,1.0,False,2019
0,17,12,15.0,28.0,5.0,11.0,8.0,8.0,10.0,19.0,4.0,9.0,4.0,5.0,0.10101831524356734,0.5777777777777777,0.08887813224064638,0.5164835164835165,2.0,3.0,False,2019
1,12,17,10.0,19.0,4.0,9.0,4.0,5.0,15.0,28.0,5.0,11.0,8.0,8.0,0.08887813224064638,0.5164835164835165,0.08081465219485387,0.5714285714285714,3.0,2.0,True,2019
0,21,18,11.0,31.0,3.0,15.0,12.0,14.0,10.0,22.0,4.0,8.0,6.0,6.0,0.10186702365150169,0.4431818181818182,0.1005936978298287,0.6122448979591837,1.0,3.0,False,2019
0,2,19,7.0,13.0,3.0,7.0,4.0,6.0,8.0,13.0,3.0,8.0,3.0,4.0,0.5,0.5,0.1313571492089743,0.4942528735632184,2.0,2.0,True,2019
1,8,11,10.0,18.0,4.0,9.0,7.0,9.0,11.0,14.0,3.0,7.0,9.0,9.0,0.1529386457872678,0.6,0.11009801903004143,0.5714285714285714,1.0,3.0,False,2019
0,11,13,10.0,19.0,3.0,7.0,5.0,6.0,12.0,19.0,3.0,6.0,10.0,12.0,0.11009801903004143,0.5714285714285714,0.0550807610917126,0.2988505747126437,1.0,2.0,True,2019
1,6,0,9.0,18.0,5.0,8.0,2.0,3.0,11.0,26.0,7.0,15.0,10.0,11.0,0.08679593286257038,0.3448275862068966,0.17207392966830135,0.7247706422018348,2.0,2.0,False,2019
0,14,24,8.0,20.0,1.0,7.0,6.0,6.0,9.0,14.0,3.0,6.0,2.0,4.0,0.04564214854277959,0.4946236559139785,0.10074066393342833,0.5172413793103449,2.0,2.0,False,2019
0,7,26,8.0,17.0,3.0,6.0,6.0,6.0,9.0,15.0,4.0,8.0,7.0,10.0,0.036415832790626594,0.25287356321839083,0.03342445607468286,0.5434782608695652,1.0,3.0,False,2019
1,26,7,9.0,15.0,4.0,8.0,7.0,10.0,8.0,17.0,3.0,6.0,6.0,6.0,0.03342445607468286,0.5434782608695652,0.029132666232501277,0.25,3.0,1.0,True,2019
0,0,6,11.0,26.0,7.0,15.0,10.0,11.0,9.0,18.0,5.0,8.0,2.0,3.0,0.17207392966830135,0.7247706422018348,0.0694367462900563,0.3409090909090909,2.0,2.0,True,2019
1,13,11,12.0,19.0,3.0,6.0,10.0,12.0,10.0,19.0,3.0,7.0,5.0,6.0,0.0550807610917126,0.2988505747126437,0.12807841522403315,0.5757575757575758,2.0,1.0,False,2019
1,24,14,9.0,14.0,3.0,6.0,2.0,4.0,8.0,20.0,1.0,7.0,6.0,6.0,0.10074066393342833,0.5172413793103449,0.03651371883422368,0.48936170212765956,2.0,2.0,True,2019
1,27,0,8.0,17.0,4.0,7.0,4.0,8.0,18.0,29.0,14.0,24.0,7.0,7.0,0.07720832377572077,0.32954545454545453,0.17765914373464106,0.7272727272727273,2.0,1.0,False,2019
1,28,6,8.0,19.0,3.0,8.0,6.0,7.0,8.0,15.0,3.0,7.0,4.0,5.0,0.032445487889486604,0.3409090909090909,0.0694367462900563,0.3409090909090909,3.0,1.0,True,2019
0,8,20,8.0,17.0,3.0,11.0,8.0,11.0,9.0,19.0,2.0,6.0,6.0,8.0,0.12235091662981423,0.59375,0.13852344533644118,0.5747126436781609,2.0,4.0,False,2019
1,20,8,9.0,19.0,2.0,6.0,6.0,8.0,8.0,17.0,3.0,11.0,8.0,11.0,0.13852344533644118,0.5747126436781609,0.09788073330385139,0.5876288659793815,4.0,2.0,True,2019
0,9,18,7.0,16.0,2.0,6.0,2.0,5.0,8.0,16.0,4.0,11.0,5.0,5.0,0.08239973204550077,0.2988505747126437,0.1005936978298287,0.6122448979591837,2.0,2.0,False,2019
1,18,9,8.0,16.0,4.0,11.0,5.0,5.0,7.0,16.0,2.0,6.0,2.0,5.0,0.1005936978298287,0.6122448979591837,0.06591978563640062,0.29545454545454547,2.0,2.0,True,2019
0,29,23,11.0,23.0,3.0,7.0,4.0,5.0,12.0,20.0,6.0,7.0,8.0,8.0,0.07660505110440281,0.42045454545454547,0.06046938471223008,0.5376344086021505,2.0,3.0,False,2019
0,6,28,8.0,15.0,3.0,7.0,4.0,5.0,8.0,19.0,3.0,8.0,6.0,7.0,0.0694367462900563,0.3409090909090909,0.06595639031158929,0.34831460674157305,1.0,3.0,False,2019
1,22,17,9.0,24.0,2.0,6.0,4.0,4.0,7.0,15.0,2.0,7.0,4.0,4.0,0.1269013001571207,0.5789473684210527,0.08081465219485387,0.5714285714285714,2.0,2.0,False,2019
1,4,25,8.0,12.0,4.0,9.0,5.0,5.0,12.0,21.0,2.0,9.0,4.0,6.0,0.17158720957376933,0.5578947368421052,0.16191374770316586,0.7040816326530612,2.0,3.0,True,2019
1,5,13,12.0,21.0,2.0,6.0,10.0,10.0,11.0,18.0,4.0,6.0,5.0,6.0,0.10346662427744505,0.5543478260869565,0.04406460887337008,0.29545454545454547,2.0,1.0,True,2019
0,17,22,7.0,15.0,2.0,7.0,4.0,4.0,9.0,24.0,2.0,6.0,4.0,4.0,0.08081465219485387,0.5714285714285714,0.10152104012569656,0.5729166666666666,2.0,2.0,True,2019
1,23,29,12.0,20.0,6.0,7.0,8.0,8.0,11.0,23.0,3.0,7.0,4.0,5.0,0.06046938471223008,0.5376344086021505,0.06128404088352225,0.4157303370786517,3.0,2.0,True,2019
1,12,15,10.0,21.0,4.0,10.0,7.0,7.0,11.0,17.0,4.0,7.0,4.0,7.0,0.1111025057925171,0.5217391304347826,0.11734789519023817,0.3409090909090909,2.0,3.0,False,2019
0,15,12,11.0,17.0,4.0,7.0,4.0,7.0,10.0,21.0,4.0,10.0,7.0,7.0,0.11734789519023817,0.3409090909090909,0.08888200463401368,0.5161290322580645,3.0,2.0,True,2019
0,13,5,11.0,18.0,4.0,6.0,5.0,6.0,12.0,21.0,2.0,6.0,10.0,10.0,0.04406460887337008,0.29545454545454547,0.12277329942195603,0.5591397849462365,1.0,2.0,False,2019
0,0,27,18.0,29.0,14.0,24.0,7.0,7.0,8.0,17.0,4.0,7.0,4.0,8.0,0.17765914373464106,0.7272727272727273,0.06176665902057662,0.3258426966292135,1.0,2.0,True,2019
0,25,4,12.0,21.0,2.0,9.0,4.0,6.0,8.0,12.0,4.0,9.0,5.0,5.0,0.16191374770316586,0.7040816326530612,0.17726976765901548,0.5625,3.0,2.0,False,2019
1,10,15,7.0,17.0,3.0,9.0,5.0,6.0,9.0,15.0,3.0,5.0,6.0,6.0,0.05924357443554377,0.3068181818181818,0.13387831615219054,0.34831460674157305,3.0,1.0,False,2019
0,24,26,7.0,15.0,3.0,4.0,10.0,10.0,13.0,25.0,3.0,5.0,11.0,14.0,0.12059253114674266,0.5227272727272727,0.06673956485974629,0.5483870967741935,2.0,2.0,False,2019
1,26,24,13.0,25.0,3.0,5.0,11.0,14.0,7.0,15.0,3.0,4.0,10.0,10.0,0.06673956485974629,0.5483870967741935,0.09647402491739412,0.5168539325842697,2.0,2.0,True,2019
1,1,17,6.0,19.0,3.0,9.0,4.0,7.0,8.0,13.0,3.0,6.0,8.0,10.0,0.051046908456798934,0.7403846153846154,0.10465172175588311,0.5760869565217391,4.0,1.0,False,2019
0,17,1,8.0,13.0,3.0,6.0,8.0,10.0,6.0,19.0,3.0,9.0,4.0,7.0,0.10465172175588311,0.5760869565217391,0.04083752676543915,0.7333333333333333,1.0,4.0,True,2019
1,3,9,9.0,15.0,4.0,5.0,8.0,9.0,9.0,13.0,3.0,6.0,3.0,6.0,0.01549994096507205,0.5636363636363636,0.06591978563640062,0.29545454545454547,3.0,1.0,True,2019
0,15,10,9.0,15.0,3.0,5.0,6.0,6.0,7.0,17.0,3.0,9.0,5.0,6.0,0.13387831615219054,0.34831460674157305,0.04739485954843502,0.30337078651685395,1.0,3.0,True,2019
0,12,21,6.0,13.0,4.0,6.0,5.0,6.0,8.0,15.0,4.0,8.0,7.0,8.0,0.08888200463401368,0.5161290322580645,0.08149361892120136,0.43820224719101125,1.0,3.0,False,2019
1,25,18,10.0,19.0,3.0,7.0,9.0,10.0,11.0,21.0,4.0,11.0,6.0,7.0,0.1295309981625327,0.696969696969697,0.12047495826386297,0.6161616161616161,1.0,1.0,True,2019
0,19,2,8.0,17.0,3.0,7.0,8.0,8.0,10.0,16.0,4.0,7.0,7.0,8.0,0.1313571492089743,0.4942528735632184,0.2,0.6,3.0,3.0,False,2019
1,21,12,8.0,15.0,4.0,8.0,7.0,8.0,6.0,13.0,4.0,6.0,5.0,6.0,0.08149361892120136,0.43820224719101125,0.07110560370721095,0.5106382978723404,3.0,1.0,True,2019
0,9,3,9.0,13.0,3.0,6.0,3.0,6.0,9.0,15.0,4.0,5.0,8.0,9.0,0.06591978563640062,0.29545454545454547,0.05239995277205765,0.5675675675675675,1.0,3.0,False,2019
0,14,16,9.0,16.0,4.0,12.0,7.0,8.0,7.0,18.0,4.0,8.0,6.0,7.0,0.03651371883422368,0.48936170212765956,0.10015859967054022,0.28735632183908044,2.0,3.0,False,2019
1,16,14,7.0,18.0,4.0,8.0,6.0,7.0,9.0,16.0,4.0,12.0,7.0,8.0,0.10015859967054022,0.28735632183908044,0.029210975067378943,0.4842105263157895,3.0,2.0,True,2019
1,2,19,10.0,16.0,4.0,7.0,7.0,8.0,8.0,17.0,3.0,7.0,8.0,8.0,0.2,0.6,0.10508571936717943,0.48863636363636365,3.0,3.0,True,2019
0,18,25,11.0,21.0,4.0,11.0,6.0,7.0,10.0,19.0,3.0,7.0,9.0,10.0,0.12047495826386297,0.6161616161616161,0.14362479853002613,0.7,1.0,1.0,False,2019
0,20,27,9.0,20.0,3.0,6.0,3.0,5.0,11.0,24.0,5.0,9.0,5.0,6.0,0.15081875626915295,0.5795454545454546,0.06176665902057662,0.3258426966292135,2.0,2.0,True,2019
1,6,19,8.0,16.0,5.0,9.0,6.0,6.0,8.0,23.0,4.0,8.0,8.0,10.0,0.05554939703204505,0.33707865168539325,0.10508571936717943,0.48863636363636365,2.0,1.0,True,2019
0,11,23,10.0,24.0,5.0,9.0,5.0,9.0,19.0,31.0,4.0,9.0,8.0,11.0,0.12807841522403315,0.5757575757575758,0.08837550776978406,0.5425531914893617,3.0,2.0,False,2019
1,7,5,8.0,16.0,2.0,6.0,4.0,4.0,10.0,14.0,1.0,6.0,5.0,5.0,0.029132666232501277,0.25,0.12277329942195603,0.5591397849462365,3.0,2.0,False,2019
0,13,29,8.0,16.0,4.0,10.0,4.0,6.0,11.0,19.0,3.0,3.0,5.0,7.0,0.03525168709869607,0.29213483146067415,0.06128404088352225,0.4157303370786517,2.0,2.0,False,2019
1,29,13,11.0,19.0,3.0,3.0,5.0,7.0,8.0,16.0,4.0,10.0,4.0,6.0,0.06128404088352225,0.4157303370786517,0.028201349678956857,0.28888888888888886,2.0,2.0,True,2019
1,23,11,19.0,31.0,4.0,9.0,8.0,11.0,10.0,24.0,5.0,9.0,5.0,9.0,0.08837550776978406,0.5425531914893617,0.10246273217922652,0.57,2.0,3.0,True,2019
1,27,20,11.0,24.0,5.0,9.0,5.0,6.0,9.0,20.0,3.0,6.0,3.0,5.0,0.06176665902057662,0.3258426966292135,0.16065500501532234,0.5842696629213483,2.0,2.0,False,2019
0,8,0,10.0,19.0,3.0,8.0,8.0,11.0,12.0,20.0,7.0,11.0,6.0,7.0,0.09788073330385139,0.5876288659793815,0.18212731498771284,0.7297297297297297,2.0,2.0,False,2019
1,0,8,12.0,20.0,7.0,11.0,6.0,7.0,10.0,19.0,3.0,8.0,8.0,11.0,0.18212731498771284,0.7297297297297297,0.07830458664308111,0.5816326530612245,2.0,2.0,True,2019
1,28,22,10.0,19.0,7.0,11.0,10.0,10.0,12.0,18.0,3.0,9.0,6.0,7.0,0.06595639031158929,0.34831460674157305,0.10152104012569656,0.5729166666666666,2.0,2.0,False,2019
0,22,28,12.0,18.0,3.0,9.0,6.0,7.0,10.0,19.0,7.0,11.0,10.0,10.0,0.10152104012569656,0.5729166666666666,0.052765112249271426,0.34444444444444444,2.0,2.0,True,2019
0,5,7,10.0,14.0,1.0,6.0,5.0,5.0,8.0,16.0,2.0,6.0,4.0,4.0,0.12277329942195603,0.5591397849462365,0.02330613298600102,0.24719101123595505,2.0,3.0,True,2019
0,19,6,8.0,23.0,4.0,8.0,8.0,10.0,8.0,16.0,5.0,9.0,6.0,6.0,0.10508571936717943,0.48863636363636365,0.08443951762563603,0.34444444444444444,1.0,2.0,False,2019
1,9,15,8.0,13.0,2.0,7.0,7.0,10.0,10.0,17.0,5.0,7.0,10.0,11.0,0.052735828509120494,0.29213483146067415,0.14710265292175242,0.35555555555555557,2.0,2.0,False,2019
1,18,24,16.0,32.0,3.0,8.0,7.0,9.0,10.0,19.0,4.0,8.0,11.0,11.0,0.09637996661109037,0.61,0.09647402491739412,0.5168539325842697,2.0,2.0,True,2019
0,26,21,12.0,24.0,5.0,10.0,5.0,8.0,7.0,16.0,4.0,12.0,6.0,7.0,0.09339165188779702,0.5531914893617021,0.10519489513696108,0.4444444444444444,2.0,2.0,True,2019
1,21,26,7.0,16.0,4.0,12.0,6.0,7.0,12.0,24.0,5.0,10.0,5.0,8.0,0.10519489513696108,0.4444444444444444,0.11471332151023764,0.5578947368421052,2.0,2.0,False,2019
0,24,18,10.0,19.0,4.0,8.0,11.0,11.0,16.0,32.0,3.0,8.0,7.0,9.0,0.09647402491739412,0.5168539325842697,0.1171039732888723,0.6138613861386139,2.0,2.0,False,2019
1,3,20,7.0,14.0,2.0,6.0,6.0,6.0,6.0,13.0,5.0,8.0,6.0,7.0,0.05239995277205765,0.5675675675675675,0.16065500501532234,0.5842696629213483,2.0,1.0,False,2019
0,15,9,10.0,17.0,5.0,7.0,10.0,11.0,8.0,13.0,2.0,7.0,7.0,10.0,0.14710265292175242,0.35555555555555557,0.0421886628072964,0.28888888888888886,2.0,2.0,True,2019
1,2,4,10.0,20.0,6.0,12.0,3.0,4.0,13.0,22.0,3.0,10.0,7.0,11.0,0.2,0.6666666666666666,0.17726976765901548,0.5625,2.0,3.0,True,2019
1,17,8,7.0,16.0,4.0,7.0,8.0,8.0,9.0,20.0,2.0,6.0,11.0,12.0,0.12372137740470648,0.5806451612903226,0.07830458664308111,0.5816326530612245,2.0,1.0,True,2019
0,4,2,13.0,22.0,3.0,10.0,7.0,11.0,10.0,20.0,6.0,12.0,3.0,4.0,0.17726976765901548,0.5625,0.2,0.7142857142857143,3.0,2.0,False,2019
0,20,3,6.0,13.0,5.0,8.0,6.0,7.0,7.0,14.0,2.0,6.0,6.0,6.0,0.16065500501532234,0.5842696629213483,0.041919962217646115,0.5625,1.0,2.0,True,2019
0,8,17,9.0,20.0,2.0,6.0,11.0,12.0,7.0,16.0,4.0,7.0,8.0,8.0,0.07830458664308111,0.5816326530612245,0.13897710192376517,0.5851063829787234,1.0,2.0,False,2019
0,16,11,7.0,18.0,4.0,6.0,11.0,13.0,9.0,17.0,4.0,8.0,4.0,6.0,0.12012687973643217,0.29545454545454547,0.10246273217922652,0.57,3.0,2.0,True,2019
0,24,10,8.0,13.0,5.0,5.0,9.0,10.0,10.0,21.0,1.0,4.0,4.0,6.0,0.0771792199339153,0.5111111111111111,0.04739485954843502,0.30337078651685395,1.0,3.0,True,2019
1,14,26,10.0,17.0,4.0,7.0,6.0,8.0,10.0,16.0,4.0,7.0,5.0,6.0,0.029210975067378943,0.4842105263157895,0.11471332151023764,0.5578947368421052,3.0,1.0,False,2019
1,11,16,9.0,17.0,4.0,8.0,4.0,6.0,7.0,18.0,4.0,6.0,11.0,13.0,0.10246273217922652,0.57,0.13610150378914573,0.30337078651685395,2.0,3.0,False,2019
0,28,13,8.0,17.0,4.0,11.0,6.0,7.0,8.0,15.0,2.0,7.0,5.0,10.0,0.052765112249271426,0.34444444444444444,0.028201349678956857,0.28888888888888886,2.0,2.0,True,2019
0,26,14,10.0,16.0,4.0,7.0,5.0,6.0,10.0,17.0,4.0,7.0,6.0,8.0,0.11471332151023764,0.5578947368421052,0.023368780053903155,0.4791666666666667,1.0,3.0,True,2019
0,22,27,9.0,19.0,2.0,6.0,7.0,8.0,9.0,21.0,5.0,11.0,4.0,4.0,0.12121683210055725,0.5773195876288659,0.04941332721646129,0.32222222222222224,2.0,2.0,True,2019
1,27,22,9.0,21.0,5.0,11.0,4.0,4.0,9.0,19.0,2.0,6.0,7.0,8.0,0.04941332721646129,0.32222222222222224,0.1369734656804458,0.5816326530612245,2.0,2.0,False,2019
1,13,28,8.0,15.0,2.0,7.0,5.0,10.0,8.0,17.0,4.0,11.0,6.0,7.0,0.028201349678956857,0.28888888888888886,0.08221208979941715,0.3516483516483517,2.0,2.0,False,2019
0,1,6,13.0,27.0,6.0,12.0,7.0,10.0,10.0,17.0,4.0,6.0,5.0,7.0,0.04083752676543915,0.7333333333333333,0.08443951762563603,0.34444444444444444,3.0,2.0,True,2019
0,23,0,10.0,23.0,4.0,9.0,6.0,7.0,11.0,24.0,4.0,12.0,8.0,9.0,0.11070040621582726,0.5473684210526316,0.18570185199017025,0.7321428571428571,2.0,2.0,False,2019
1,7,25,8.0,20.0,2.0,7.0,4.0,6.0,7.0,14.0,3.0,5.0,4.0,6.0,0.02330613298600102,0.24719101123595505,0.14362479853002613,0.7,2.0,3.0,False,2019
0,25,7,7.0,14.0,3.0,5.0,4.0,6.0,8.0,20.0,2.0,7.0,4.0,6.0,0.14362479853002613,0.7,0.018644906388800817,0.24444444444444444,3.0,2.0,True,2019
1,6,1,10.0,17.0,4.0,6.0,5.0,7.0,13.0,27.0,6.0,12.0,7.0,10.0,0.08443951762563603,0.34444444444444444,0.07267002141235132,0.7358490566037735,2.0,3.0,False,2019
1,0,23,11.0,24.0,4.0,12.0,8.0,9.0,10.0,23.0,4.0,9.0,6.0,7.0,0.18570185199017025,0.7321428571428571,0.08856032497266181,0.5416666666666666,2.0,2.0,True,2019
1,10,24,10.0,21.0,1.0,4.0,4.0,6.0,8.0,13.0,5.0,5.0,9.0,10.0,0.04739485954843502,0.30337078651685395,0.10174337594713223,0.5164835164835165,3.0,1.0,False,2019
1,22,2,6.0,18.0,4.0,13.0,8.0,8.0,9.0,14.0,4.0,8.0,2.0,2.0,0.1369734656804458,0.5816326530612245,0.2,0.7142857142857143,1.0,2.0,True,2019
0,2,22,9.0,14.0,4.0,8.0,2.0,2.0,6.0,18.0,4.0,13.0,8.0,8.0,0.2,0.7142857142857143,0.14957877254435664,0.5858585858585859,2.0,1.0,False,2019
1,17,29,13.0,24.0,2.0,9.0,8.0,8.0,9.0,20.0,2.0,5.0,9.0,11.0,0.13897710192376517,0.5851063829787234,0.0890272327068178,0.4222222222222222,2.0,3.0,False,2019
0,3,21,6.0,13.0,4.0,6.0,3.0,4.0,8.0,15.0,4.0,9.0,3.0,3.0,0.041919962217646115,0.5625,0.08415591610956887,0.43956043956043955,2.0,2.0,False,2019
0,12,9,10.0,18.0,6.0,10.0,6.0,6.0,9.0,19.0,3.0,8.0,4.0,5.0,0.07110560370721095,0.5106382978723404,0.0421886628072964,0.28888888888888886,4.0,2.0,False,2019
0,8,5,13.0,21.0,2.0,6.0,7.0,12.0,11.0,24.0,4.0,5.0,4.0,5.0,0.06264366931446488,0.5757575757575758,0.1382186395375648,0.5638297872340425,2.0,3.0,False,2019
0,29,17,9.0,20.0,2.0,5.0,9.0,11.0,13.0,24.0,2.0,9.0,8.0,8.0,0.0890272327068178,0.4222222222222222,0.11118168153901213,0.5789473684210527,3.0,2.0,True,2019
1,9,12,9.0,19.0,3.0,8.0,4.0,5.0,10.0,18.0,6.0,10.0,6.0,6.0,0.0421886628072964,0.28888888888888886,0.05688448296576876,0.5052631578947369,2.0,4.0,True,2019
1,21,3,8.0,15.0,4.0,9.0,3.0,3.0,6.0,13.0,4.0,6.0,3.0,4.0,0.08415591610956887,0.43956043956043955,0.033535969774116894,0.5575221238938053,2.0,2.0,True,2019
1,18,19,10.0,18.0,2.0,8.0,18.0,23.0,12.0,21.0,2.0,7.0,12.0,16.0,0.1171039732888723,0.6138613861386139,0.08406857549374355,0.48314606741573035,2.0,3.0,True,2019
1,27,1,6.0,16.0,3.0,7.0,12.0,13.0,8.0,17.0,5.0,12.0,6.0,8.0,0.03953066177316904,0.31868131868131866,0.07267002141235132,0.7358490566037735,1.0,1.0,False,2019
0,1,27,8.0,17.0,5.0,12.0,6.0,8.0,6.0,16.0,3.0,7.0,12.0,13.0,0.07267002141235132,0.7358490566037735,0.03162452941853523,0.31521739130434784,1.0,1.0,True,2019
0,19,18,12.0,21.0,2.0,7.0,12.0,16.0,10.0,18.0,2.0,8.0,18.0,23.0,0.08406857549374355,0.48314606741573035,0.13368317863109785,0.6176470588235294,3.0,2.0,False,2019
0,11,20,8.0,22.0,4.0,9.0,4.0,8.0,8.0,16.0,3.0,5.0,4.0,5.0,0.08197018574338122,0.5643564356435643,0.16852400401225787,0.5888888888888889,1.0,2.0,False,2019
1,20,11,8.0,16.0,3.0,5.0,4.0,5.0,8.0,22.0,4.0,9.0,4.0,8.0,0.16852400401225787,0.5888888888888889,0.06557614859470498,0.5588235294117647,2.0,1.0,True,2019
1,5,8,11.0,24.0,4.0,5.0,4.0,5.0,13.0,21.0,2.0,6.0,7.0,12.0,0.1382186395375648,0.5638297872340425,0.050114935451571904,0.57,3.0,2.0,True,2019
1,4,15,8.0,12.0,3.0,9.0,9.0,12.0,9.0,15.0,4.0,7.0,4.0,9.0,0.1418158141272124,0.5567010309278351,0.15768212233740192,0.3626373626373626,3.0,3.0,True,2019
0,23,17,7.0,16.0,2.0,5.0,7.0,8.0,8.0,16.0,1.0,4.0,8.0,8.0,0.08856032497266181,0.5416666666666666,0.11118168153901213,0.5789473684210527,2.0,1.0,False,2019
1,7,16,7.0,17.0,4.0,8.0,9.0,10.0,7.0,16.0,2.0,5.0,5.0,8.0,0.018644906388800817,0.24444444444444444,0.13610150378914573,0.30337078651685395,2.0,2.0,True,2019
0,16,7,7.0,16.0,2.0,5.0,5.0,8.0,7.0,17.0,4.0,8.0,9.0,10.0,0.13610150378914573,0.30337078651685395,0.05491592511104065,0.25274725274725274,2.0,2.0,False,2019
1,5,10,9.0,16.0,4.0,9.0,6.0,6.0,11.0,20.0,4.0,10.0,5.0,6.0,0.15057491163005185,0.5684210526315789,0.037915887638748015,0.3,1.0,2.0,False,2019
1,17,23,8.0,16.0,1.0,4.0,8.0,8.0,7.0,16.0,2.0,5.0,7.0,8.0,0.11118168153901213,0.5789473684210527,0.07084825997812945,0.5360824742268041,1.0,2.0,True,2019
0,15,4,9.0,15.0,4.0,7.0,4.0,9.0,8.0,12.0,3.0,9.0,9.0,12.0,0.15768212233740192,0.3626373626373626,0.1534526513017699,0.5612244897959183,3.0,3.0,False,2019
1,14,28,9.0,16.0,3.0,7.0,7.0,8.0,8.0,14.0,2.0,5.0,4.0,4.0,0.023368780053903155,0.4791666666666667,0.08221208979941715,0.3516483516483517,2.0,2.0,True,2019
1,6,18,10.0,21.0,3.0,6.0,5.0,6.0,8.0,13.0,2.0,6.0,8.0,10.0,0.06755161410050883,0.34065934065934067,0.13368317863109785,0.6176470588235294,2.0,1.0,True,2019
0,25,29,15.0,19.0,5.0,8.0,4.0,4.0,10.0,16.0,2.0,4.0,6.0,7.0,0.15489983882402092,0.7029702970297029,0.11122178616545422,0.42857142857142855,2.0,1.0,True,2019
1,29,25,10.0,16.0,2.0,4.0,6.0,7.0,15.0,19.0,5.0,8.0,4.0,4.0,0.11122178616545422,0.42857142857142855,0.16391987105921674,0.7058823529411765,1.0,2.0,False,2019
0,18,6,8.0,13.0,2.0,6.0,8.0,10.0,10.0,21.0,3.0,6.0,5.0,6.0,0.13368317863109785,0.6176470588235294,0.09404129128040706,0.34782608695652173,1.0,2.0,False,2019
0,10,5,11.0,20.0,4.0,10.0,5.0,6.0,9.0,16.0,4.0,9.0,6.0,6.0,0.037915887638748015,0.3,0.12045992930404148,0.5625,2.0,1.0,True,2019
0,28,14,8.0,14.0,2.0,5.0,4.0,4.0,9.0,16.0,3.0,7.0,7.0,8.0,0.08221208979941715,0.3516483516483517,0.058695024043122525,0.4845360824742268,2.0,2.0,False,2019
0,2,20,13.0,17.0,4.0,6.0,4.0,4.0,19.0,30.0,5.0,11.0,5.0,6.0,0.16,0.625,0.1748192032098063,0.5934065934065934,2.0,2.0,False,2019
1,24,23,8.0,17.0,4.0,7.0,6.0,6.0,8.0,20.0,2.0,7.0,8.0,11.0,0.10174337594713223,0.5164835164835165,0.07084825997812945,0.5360824742268041,3.0,1.0,True,2019
1,10,3,9.0,15.0,3.0,9.0,4.0,4.0,10.0,17.0,3.0,9.0,2.0,3.0,0.07033271011099841,0.3076923076923077,0.033535969774116894,0.5575221238938053,1.0,2.0,True,2019
0,1,22,8.0,15.0,5.0,12.0,9.0,9.0,11.0,21.0,4.0,11.0,6.0,9.0,0.09813601712988106,0.7383177570093458,0.14957877254435664,0.5858585858585859,2.0,2.0,True,2019
0,27,28,13.0,25.0,4.0,10.0,11.0,14.0,8.0,18.0,2.0,7.0,9.0,9.0,0.03162452941853523,0.31521739130434784,0.06576967183953372,0.34782608695652173,2.0,1.0,True,2019
1,19,12,11.0,22.0,4.0,9.0,6.0,9.0,11.0,21.0,3.0,9.0,6.0,7.0,0.06725486039499484,0.4777777777777778,0.05688448296576876,0.5052631578947369,2.0,2.0,False,2019
1,0,16,11.0,21.0,4.0,7.0,8.0,8.0,6.0,16.0,2.0,5.0,4.0,6.0,0.1885614815921362,0.7345132743362832,0.10888120303131658,0.3,3.0,1.0,True,2019
0,23,24,8.0,20.0,2.0,7.0,8.0,11.0,8.0,17.0,4.0,7.0,6.0,6.0,0.07084825997812945,0.5360824742268041,0.12139470075770578,0.5217391304347826,1.0,3.0,False,2019
0,16,0,6.0,16.0,2.0,5.0,4.0,6.0,11.0,21.0,4.0,7.0,8.0,8.0,0.10888120303131658,0.3,0.19084918527370895,0.7368421052631579,1.0,3.0,False,2019
1,22,1,11.0,21.0,4.0,11.0,6.0,9.0,8.0,15.0,5.0,12.0,9.0,9.0,0.14957877254435664,0.5858585858585859,0.11850881370390484,0.7407407407407407,2.0,2.0,False,2019
1,11,25,7.0,13.0,2.0,6.0,6.0,10.0,8.0,14.0,3.0,7.0,4.0,4.0,0.06557614859470498,0.5588235294117647,0.16391987105921674,0.7058823529411765,2.0,1.0,False,2019
0,25,11,8.0,14.0,3.0,7.0,4.0,4.0,7.0,13.0,2.0,6.0,6.0,10.0,0.16391987105921674,0.7058823529411765,0.052460918875763984,0.5533980582524272,1.0,2.0,True,2019
1,20,2,19.0,30.0,5.0,11.0,5.0,6.0,13.0,17.0,4.0,6.0,4.0,4.0,0.1748192032098063,0.5934065934065934,0.128,0.5555555555555556,2.0,2.0,True,2019
0,8,26,10.0,20.0,3.0,6.0,6.0,7.0,9.0,17.0,4.0,10.0,7.0,8.0,0.050114935451571904,0.57,0.1317706572081901,0.5625,2.0,3.0,False,2019
0,3,10,10.0,17.0,3.0,9.0,2.0,3.0,9.0,15.0,3.0,9.0,4.0,4.0,0.033535969774116894,0.5575221238938053,0.09626616808879873,0.31521739130434784,2.0,1.0,False,2019
0,12,19,11.0,21.0,3.0,9.0,6.0,7.0,11.0,22.0,4.0,9.0,6.0,9.0,0.05688448296576876,0.5052631578947369,0.053803888315995876,0.4725274725274725,2.0,2.0,True,2019
1,26,8,9.0,17.0,4.0,10.0,7.0,8.0,10.0,20.0,3.0,6.0,6.0,7.0,0.1317706572081901,0.5625,0.040091948361257526,0.5643564356435643,3.0,2.0,True,2019
1,28,27,8.0,18.0,2.0,7.0,9.0,9.0,13.0,25.0,4.0,10.0,11.0,14.0,0.06576967183953372,0.34782608695652173,0.06529962353482818,0.3225806451612903,1.0,2.0,False,2019
1,21,9,12.0,22.0,4.0,10.0,4.0,4.0,8.0,19.0,2.0,7.0,4.0,4.0,0.10732473288765507,0.44565217391304346,0.07375093024583712,0.2967032967032967,3.0,3.0,True,2019
1,17,4,17.0,26.0,5.0,10.0,2.0,4.0,11.0,19.0,6.0,10.0,2.0,2.0,0.1289453452312097,0.5833333333333334,0.1534526513017699,0.5612244897959183,2.0,2.0,True,2019
0,4,17,11.0,19.0,6.0,10.0,2.0,2.0,17.0,26.0,5.0,10.0,2.0,4.0,0.1534526513017699,0.5612244897959183,0.14315627618496776,0.5876288659793815,2.0,2.0,False,2019
1,13,14,9.0,16.0,5.0,8.0,5.0,5.0,8.0,20.0,5.0,9.0,6.0,8.0,0.022561079743165485,0.2857142857142857,0.058695024043122525,0.4845360824742268,4.0,2.0,True,2019
0,9,21,8.0,19.0,2.0,7.0,4.0,4.0,12.0,22.0,4.0,10.0,4.0,4.0,0.07375093024583712,0.2967032967032967,0.12585978631012407,0.45161290322580644,3.0,3.0,False,2019
0,6,7,10.0,16.0,3.0,6.0,3.0,5.0,6.0,21.0,2.0,8.0,6.0,6.0,0.09404129128040706,0.34782608695652173,0.05491592511104065,0.25274725274725274,2.0,2.0,True,2019
0,14,13,8.0,20.0,5.0,9.0,6.0,8.0,9.0,16.0,5.0,8.0,5.0,5.0,0.058695024043122525,0.4845360824742268,0.05804886379453238,0.29347826086956524,2.0,4.0,False,2019
1,7,6,6.0,21.0,2.0,8.0,6.0,6.0,10.0,16.0,3.0,6.0,3.0,5.0,0.05491592511104065,0.25274725274725274,0.11523303302432564,0.3548387096774194,2.0,2.0,False,2019
1,3,26,7.0,17.0,3.0,11.0,4.0,4.0,11.0,19.0,3.0,10.0,6.0,8.0,0.026828775819293514,0.5526315789473685,0.1454165257665521,0.5670103092783505,2.0,2.0,False,2019
0,19,10,10.0,17.0,4.0,8.0,5.0,6.0,12.0,19.0,3.0,6.0,3.0,4.0,0.053803888315995876,0.4725274725274725,0.09626616808879873,0.31521739130434784,2.0,2.0,True,2019
0,18,22,7.0,16.0,4.0,7.0,6.0,6.0,14.0,30.0,4.0,14.0,4.0,6.0,0.10694654290487829,0.6116504854368932,0.11966301803548532,0.58,3.0,2.0,True,2019
1,8,27,13.0,24.0,3.0,8.0,4.0,7.0,9.0,26.0,3.0,12.0,6.0,8.0,0.040091948361257526,0.5643564356435643,0.06529962353482818,0.3225806451612903,2.0,2.0,True,2019
0,28,9,8.0,22.0,3.0,11.0,16.0,20.0,6.0,19.0,3.0,10.0,7.0,9.0,0.052615737471626976,0.34408602150537637,0.059000744196669695,0.29347826086956524,2.0,1.0,True,2019
1,9,28,6.0,19.0,3.0,10.0,7.0,9.0,8.0,22.0,3.0,11.0,16.0,20.0,0.059000744196669695,0.29347826086956524,0.08209258997730158,0.35106382978723405,1.0,2.0,False,2019
1,15,25,10.0,22.0,3.0,9.0,4.0,5.0,8.0,17.0,2.0,8.0,9.0,9.0,0.12614569786992152,0.358695652173913,0.17113589684737338,0.7087378640776699,3.0,2.0,False,2019
1,10,19,12.0,19.0,3.0,6.0,3.0,4.0,10.0,17.0,4.0,8.0,5.0,6.0,0.09626616808879873,0.31521739130434784,0.08304311065279671,0.4782608695652174,2.0,2.0,False,2019
0,27,8,9.0,26.0,3.0,12.0,6.0,8.0,13.0,24.0,3.0,8.0,4.0,7.0,0.06529962353482818,0.3225806451612903,0.07207355868900603,0.5686274509803921,2.0,2.0,False,2019
1,22,18,14.0,30.0,4.0,14.0,4.0,6.0,7.0,16.0,4.0,7.0,6.0,6.0,0.11966301803548532,0.58,0.12555723432390262,0.6153846153846154,2.0,3.0,False,2019
0,13,11,7.0,14.0,3.0,5.0,7.0,8.0,9.0,17.0,4.0,8.0,4.0,7.0,0.05804886379453238,0.29347826086956524,0.052460918875763984,0.5533980582524272,1.0,2.0,False,2019
0,5,12,8.0,22.0,4.0,12.0,5.0,5.0,10.0,22.0,6.0,10.0,9.0,11.0,0.12045992930404148,0.5625,0.085507586372615,0.5104166666666666,3.0,2.0,False,2019
1,12,5,10.0,22.0,6.0,10.0,9.0,11.0,8.0,22.0,4.0,12.0,5.0,5.0,0.085507586372615,0.5104166666666666,0.09636794344323318,0.5567010309278351,2.0,3.0,True,2019
1,11,13,9.0,17.0,4.0,8.0,4.0,7.0,7.0,14.0,3.0,5.0,7.0,8.0,0.052460918875763984,0.5533980582524272,0.0464390910356259,0.2903225806451613,2.0,1.0,True,2019
0,26,3,11.0,19.0,3.0,10.0,6.0,8.0,7.0,17.0,3.0,11.0,4.0,4.0,0.1454165257665521,0.5670103092783505,0.02146302065543481,0.5478260869565217,2.0,2.0,True,2019
1,16,20,7.0,15.0,2.0,5.0,7.0,7.0,6.0,21.0,3.0,9.0,5.0,6.0,0.08710496242505326,0.2967032967032967,0.179855362567845,0.5978260869565217,2.0,2.0,True,2019
1,29,23,10.0,21.0,5.0,9.0,6.0,6.0,11.0,18.0,7.0,9.0,2.0,2.0,0.08897742893236338,0.42391304347826086,0.05667860798250356,0.5306122448979592,3.0,2.0,True,2019
0,23,29,11.0,18.0,7.0,9.0,2.0,2.0,10.0,21.0,5.0,9.0,6.0,6.0,0.05667860798250356,0.5306122448979592,0.1111819431458907,0.43010752688172044,2.0,3.0,False,2019
0,20,16,6.0,21.0,3.0,9.0,5.0,6.0,7.0,15.0,2.0,5.0,7.0,7.0,0.179855362567845,0.5978260869565217,0.10968396994004262,0.30434782608695654,2.0,2.0,False,2019
0,25,15,8.0,17.0,2.0,8.0,9.0,9.0,10.0,22.0,3.0,9.0,4.0,5.0,0.17113589684737338,0.7087378640776699,0.10091655829593722,0.3548387096774194,2.0,3.0,True,2019
1,26,1,7.0,21.0,4.0,11.0,5.0,9.0,8.0,19.0,4.0,12.0,2.0,3.0,0.15633322061324167,0.5714285714285714,0.11850881370390484,0.7407407407407407,1.0,3.0,True,2019
1,0,4,9.0,15.0,3.0,7.0,4.0,6.0,10.0,16.0,2.0,9.0,10.0,11.0,0.19084918527370895,0.7368421052631579,0.12276212104141593,0.5555555555555556,3.0,2.0,False,2019
0,24,17,8.0,22.0,5.0,8.0,4.0,6.0,11.0,25.0,3.0,7.0,8.0,8.0,0.12139470075770578,0.5217391304347826,0.14315627618496776,0.5876288659793815,3.0,2.0,False,2019
0,2,7,13.0,28.0,6.0,13.0,7.0,7.0,15.0,30.0,4.0,13.0,8.0,8.0,0.128,0.5555555555555556,0.04393274008883252,0.25,3.0,2.0,True,2019
1,7,2,15.0,30.0,4.0,13.0,8.0,8.0,13.0,28.0,6.0,13.0,7.0,7.0,0.04393274008883252,0.25,0.1424,0.6,2.0,3.0,False,2019
1,17,24,11.0,25.0,3.0,7.0,8.0,8.0,8.0,22.0,5.0,8.0,4.0,6.0,0.14315627618496776,0.5876288659793815,0.09711576060616463,0.5161290322580645,2.0,3.0,True,2019
0,1,26,8.0,19.0,4.0,12.0,2.0,3.0,7.0,21.0,4.0,11.0,5.0,9.0,0.11850881370390484,0.7407407407407407,0.16506657649059336,0.5757575757575758,3.0,1.0,False,2019
0,4,0,10.0,16.0,2.0,9.0,10.0,11.0,9.0,15.0,3.0,7.0,4.0,6.0,0.12276212104141593,0.5555555555555556,0.15267934821896717,0.7304347826086957,2.0,3.0,True,2019
1,20,6,14.0,22.0,2.0,5.0,8.0,10.0,7.0,14.0,3.0,5.0,6.0,9.0,0.143884290054276,0.5913978494623656,0.11523303302432564,0.3548387096774194,2.0,3.0,False,2019
0,21,18,9.0,29.0,3.0,14.0,9.0,10.0,11.0,18.0,4.0,9.0,19.0,22.0,0.12585978631012407,0.45161290322580644,0.12555723432390262,0.6153846153846154,3.0,2.0,False,2019
1,12,22,6.0,17.0,3.0,6.0,5.0,7.0,9.0,22.0,3.0,5.0,5.0,8.0,0.108406069098092,0.5154639175257731,0.09573041442838826,0.5742574257425742,2.0,2.0,False,2019
0,19,9,10.0,16.0,5.0,9.0,3.0,7.0,7.0,10.0,2.0,5.0,8.0,8.0,0.08304311065279671,0.4782608695652174,0.047200595357335756,0.2903225806451613,2.0,2.0,True,2019
0,6,20,7.0,14.0,3.0,5.0,6.0,9.0,14.0,22.0,2.0,5.0,8.0,10.0,0.11523303302432564,0.3548387096774194,0.1151074320434208,0.5851063829787234,3.0,2.0,True,2019
0,2,11,7.0,17.0,5.0,9.0,6.0,6.0,10.0,15.0,5.0,9.0,10.0,13.0,0.1424,0.6,0.08196873510061119,0.5576923076923077,1.0,2.0,False,2019
1,9,19,7.0,10.0,2.0,5.0,8.0,8.0,10.0,16.0,5.0,9.0,3.0,7.0,0.047200595357335756,0.2903225806451613,0.10643448852223736,0.4838709677419355,2.0,2.0,False,2019
1,15,23,11.0,16.0,4.0,11.0,9.0,12.0,15.0,27.0,3.0,6.0,7.0,10.0,0.10091655829593722,0.3548387096774194,0.04534288638600285,0.5252525252525253,2.0,2.0,True,2019
0,14,10,10.0,21.0,4.0,9.0,5.0,6.0,10.0,17.0,3.0,10.0,5.0,6.0,0.04695601923449802,0.47959183673469385,0.07701293447103899,0.3118279569892473,3.0,2.0,False,2019
1,18,21,11.0,18.0,4.0,9.0,19.0,22.0,9.0,29.0,3.0,14.0,9.0,10.0,0.12555723432390262,0.6153846153846154,0.10068782904809925,0.44680851063829785,2.0,3.0,True,2019
1,10,14,10.0,17.0,3.0,10.0,5.0,6.0,10.0,21.0,4.0,9.0,5.0,6.0,0.07701293447103899,0.3118279569892473,0.03756481538759841,0.47474747474747475,2.0,3.0,True,2019
0,23,15,15.0,27.0,3.0,6.0,7.0,10.0,11.0,16.0,4.0,11.0,9.0,12.0,0.04534288638600285,0.5252525252525253,0.12073324663674978,0.3617021276595745,2.0,2.0,False,2019
0,22,12,9.0,22.0,3.0,5.0,5.0,8.0,6.0,17.0,3.0,6.0,5.0,7.0,0.09573041442838826,0.5742574257425742,0.0867248552784736,0.5102040816326531,2.0,2.0,True,2019
1,11,2,10.0,15.0,5.0,9.0,10.0,13.0,7.0,17.0,5.0,9.0,6.0,6.0,0.08196873510061119,0.5576923076923077,0.11392,0.5454545454545454,2.0,1.0,True,2019
0,3,27,10.0,16.0,2.0,4.0,4.0,4.0,9.0,22.0,3.0,4.0,5.0,8.0,0.02146302065543481,0.5478260869565217,0.052239698827862543,0.3191489361702128,3.0,3.0,False,2019
0,4,24,11.0,19.0,6.0,12.0,6.0,11.0,9.0,16.0,5.0,8.0,8.0,11.0,0.13820969683313272,0.56,0.09711576060616463,0.5161290322580645,2.0,2.0,False,2019
1,5,1,10.0,21.0,3.0,5.0,7.0,8.0,10.0,27.0,3.0,14.0,10.0,13.0,0.09636794344323318,0.5567010309278351,0.09480705096312388,0.7339449541284404,3.0,2.0,True,2019
0,14,12,9.0,20.0,3.0,5.0,7.0,10.0,8.0,14.0,4.0,9.0,6.0,8.0,0.03756481538759841,0.47474747474747475,0.0867248552784736,0.5102040816326531,1.0,1.0,True,2019
1,15,29,8.0,17.0,3.0,6.0,5.0,6.0,10.0,18.0,3.0,7.0,2.0,4.0,0.12073324663674978,0.3617021276595745,0.1111819431458907,0.43010752688172044,1.0,3.0,False,2019
0,1,5,10.0,27.0,3.0,14.0,10.0,13.0,10.0,21.0,3.0,5.0,7.0,8.0,0.09480705096312388,0.7339449541284404,0.11709435475458654,0.5612244897959183,2.0,3.0,False,2019
1,8,7,9.0,19.0,3.0,7.0,12.0,12.0,9.0,16.0,4.0,10.0,7.0,7.0,0.07207355868900603,0.5686274509803921,0.03514619207106602,0.24731182795698925,3.0,2.0,True,2019
1,24,4,9.0,16.0,5.0,8.0,8.0,11.0,11.0,19.0,6.0,12.0,6.0,11.0,0.09711576060616463,0.5161290322580645,0.11056775746650618,0.5544554455445545,2.0,2.0,True,2019
0,7,8,9.0,16.0,4.0,10.0,7.0,7.0,9.0,19.0,3.0,7.0,12.0,12.0,0.03514619207106602,0.24731182795698925,0.09765884695120482,0.5728155339805825,2.0,3.0,False,2019
0,6,0,9.0,16.0,4.0,6.0,6.0,9.0,11.0,20.0,3.0,5.0,9.0,9.0,0.1321864264194605,0.3617021276595745,0.15267934821896717,0.7304347826086957,1.0,2.0,False,2019
1,0,6,11.0,20.0,3.0,5.0,9.0,9.0,9.0,16.0,4.0,6.0,6.0,9.0,0.15267934821896717,0.7304347826086957,0.1057491411355684,0.35789473684210527,2.0,1.0,True,2019
0,28,25,11.0,17.0,2.0,6.0,5.0,5.0,7.0,11.0,3.0,7.0,8.0,10.0,0.08209258997730158,0.35106382978723405,0.1769087174778987,0.7115384615384616,3.0,3.0,False,2019
0,18,16,9.0,15.0,3.0,11.0,6.0,10.0,12.0,24.0,4.0,10.0,4.0,6.0,0.14044578745912212,0.6190476190476191,0.10968396994004262,0.30434782608695654,1.0,3.0,False,2019
1,13,26,9.0,15.0,3.0,6.0,3.0,4.0,8.0,21.0,3.0,9.0,4.0,8.0,0.0464390910356259,0.2903225806451613,0.16506657649059336,0.5757575757575758,3.0,2.0,True,2019
0,29,15,10.0,18.0,3.0,7.0,2.0,4.0,8.0,17.0,3.0,6.0,5.0,6.0,0.1111819431458907,0.43010752688172044,0.09658659730939982,0.35789473684210527,3.0,1.0,True,2019
1,16,18,12.0,24.0,4.0,10.0,4.0,6.0,9.0,15.0,3.0,11.0,6.0,10.0,0.10968396994004262,0.30434782608695654,0.1123566299672977,0.6132075471698113,3.0,1.0,True,2019
1,12,14,8.0,14.0,4.0,9.0,6.0,8.0,9.0,20.0,3.0,5.0,7.0,10.0,0.0867248552784736,0.5102040816326531,0.07005185231007874,0.48,1.0,1.0,False,2019
1,27,3,9.0,22.0,3.0,4.0,5.0,8.0,10.0,16.0,2.0,4.0,4.0,4.0,0.052239698827862543,0.3191489361702128,0.017170416524347847,0.5431034482758621,3.0,3.0,True,2019
0,26,13,8.0,21.0,3.0,9.0,4.0,8.0,9.0,15.0,3.0,6.0,3.0,4.0,0.16506657649059336,0.5757575757575758,0.07715127282850072,0.2978723404255319,2.0,3.0,False,2019
1,25,28,7.0,11.0,3.0,7.0,8.0,10.0,11.0,17.0,2.0,6.0,5.0,5.0,0.1769087174778987,0.7115384615384616,0.06567407198184126,0.3473684210526316,3.0,3.0,True,2019
0,21,19,11.0,18.0,3.0,7.0,4.0,4.0,9.0,16.0,6.0,9.0,5.0,7.0,0.10068782904809925,0.44680851063829785,0.10643448852223736,0.4838709677419355,2.0,2.0,True,2019
1,19,21,9.0,16.0,6.0,9.0,5.0,7.0,11.0,18.0,3.0,7.0,4.0,4.0,0.10643448852223736,0.4838709677419355,0.1205502632384794,0.45263157894736844,2.0,2.0,False,2019
1,28,10,7.0,15.0,2.0,6.0,7.0,10.0,10.0,17.0,5.0,8.0,4.0,5.0,0.06567407198184126,0.3473684210526316,0.10161034757683118,0.3191489361702128,1.0,2.0,False,2019
0,2,17,9.0,24.0,5.0,10.0,4.0,4.0,8.0,15.0,3.0,7.0,3.0,4.0,0.11392,0.5454545454545454,0.1545250209479742,0.5918367346938775,2.0,3.0,False,2019
1,17,2,8.0,15.0,3.0,7.0,3.0,4.0,9.0,24.0,5.0,10.0,4.0,4.0,0.1545250209479742,0.5918367346938775,0.091136,0.5,3.0,2.0,True,2019
0,10,28,10.0,17.0,5.0,8.0,4.0,5.0,7.0,15.0,2.0,6.0,7.0,10.0,0.10161034757683118,0.3191489361702128,0.05253925758547301,0.34375,2.0,1.0,True,2019
1,29,9,10.0,20.0,3.0,9.0,4.0,7.0,9.0,18.0,5.0,8.0,4.0,4.0,0.12894555451671255,0.43617021276595747,0.03776047628586861,0.2872340425531915,1.0,2.0,True,2019
0,22,1,7.0,24.0,3.0,10.0,5.0,6.0,9.0,20.0,8.0,18.0,14.0,15.0,0.1165843315427106,0.5784313725490197,0.0758456407704991,0.7272727272727273,2.0,1.0,False,2019
0,4,20,11.0,17.0,8.0,13.0,3.0,5.0,7.0,16.0,5.0,8.0,8.0,11.0,0.11056775746650618,0.5544554455445545,0.1151074320434208,0.5851063829787234,1.0,2.0,True,2019
1,1,22,9.0,20.0,8.0,18.0,14.0,15.0,7.0,24.0,3.0,10.0,5.0,6.0,0.0758456407704991,0.7272727272727273,0.09326746523416848,0.5728155339805825,1.0,2.0,True,2019
0,9,29,9.0,18.0,5.0,8.0,4.0,4.0,10.0,20.0,3.0,9.0,4.0,7.0,0.03776047628586861,0.2872340425531915,0.14315644361337004,0.4421052631578947,2.0,1.0,False,2019
1,20,4,7.0,16.0,5.0,8.0,8.0,11.0,11.0,17.0,8.0,13.0,3.0,5.0,0.1151074320434208,0.5851063829787234,0.12845420597320495,0.5588235294117647,2.0,1.0,False,2019
0,11,16,6.0,14.0,3.0,7.0,6.0,7.0,7.0,16.0,3.0,8.0,7.0,7.0,0.10557498808048896,0.5619047619047619,0.12774717595203408,0.3118279569892473,3.0,2.0,True,2019
1,15,5,9.0,17.0,3.0,7.0,2.0,4.0,8.0,17.0,3.0,7.0,7.0,8.0,0.09658659730939982,0.35789473684210527,0.11709435475458654,0.5612244897959183,2.0,2.0,True,2019
0,6,23,10.0,22.0,9.0,15.0,4.0,6.0,9.0,18.0,3.0,5.0,8.0,9.0,0.1057491411355684,0.35789473684210527,0.03627430910880228,0.52,2.0,3.0,False,2019
1,27,13,8.0,23.0,3.0,7.0,10.0,11.0,7.0,16.0,2.0,7.0,8.0,9.0,0.08179175906229004,0.3263157894736842,0.07715127282850072,0.2978723404255319,2.0,2.0,False,2019
1,23,6,9.0,18.0,3.0,5.0,8.0,9.0,10.0,22.0,9.0,15.0,4.0,6.0,0.03627430910880228,0.52,0.08459931290845471,0.3541666666666667,3.0,2.0,True,2019
0,10,14,8.0,17.0,4.0,7.0,3.0,4.0,9.0,20.0,4.0,10.0,5.0,8.0,0.12128827806146494,0.3263157894736842,0.07005185231007874,0.48,1.0,2.0,False,2019
1,24,0,10.0,18.0,2.0,6.0,14.0,14.0,13.0,31.0,5.0,16.0,11.0,13.0,0.11769260848493171,0.5212765957446809,0.16214347857517375,0.7327586206896551,2.0,2.0,True,2019
0,18,12,11.0,20.0,3.0,10.0,16.0,20.0,8.0,15.0,4.0,10.0,6.0,7.0,0.1123566299672977,0.6132075471698113,0.06937988422277888,0.5050505050505051,2.0,2.0,True,2019
0,5,15,8.0,17.0,3.0,7.0,7.0,8.0,9.0,17.0,3.0,7.0,2.0,4.0,0.11709435475458654,0.5612244897959183,0.11726927784751986,0.3645833333333333,2.0,2.0,False,2019
0,13,27,7.0,16.0,2.0,7.0,8.0,9.0,8.0,23.0,3.0,7.0,10.0,11.0,0.07715127282850072,0.2978723404255319,0.06543340724983203,0.3229166666666667,2.0,2.0,True,2019
1,25,8,8.0,20.0,2.0,8.0,5.0,5.0,13.0,20.0,3.0,7.0,3.0,5.0,0.18152697398231896,0.7142857142857143,0.09765884695120482,0.5728155339805825,2.0,2.0,False,2019
1,16,11,7.0,16.0,3.0,8.0,7.0,7.0,6.0,14.0,3.0,7.0,6.0,7.0,0.12774717595203408,0.3118279569892473,0.12445999046439116,0.5660377358490566,2.0,3.0,False,2019
1,14,10,9.0,20.0,4.0,10.0,5.0,8.0,8.0,17.0,4.0,7.0,3.0,4.0,0.07005185231007874,0.48,0.09703062244917196,0.3229166666666667,2.0,1.0,True,2019
0,7,26,10.0,18.0,2.0,6.0,6.0,6.0,11.0,19.0,6.0,10.0,6.0,6.0,0.028116953656852815,0.24468085106382978,0.13205326119247468,0.57,2.0,2.0,False,2019
1,26,7,11.0,19.0,6.0,10.0,6.0,6.0,10.0,18.0,2.0,6.0,6.0,6.0,0.13205326119247468,0.57,0.02249356292548225,0.24210526315789474,2.0,2.0,True,2019
0,0,24,13.0,31.0,5.0,16.0,11.0,13.0,10.0,18.0,2.0,6.0,14.0,14.0,0.16214347857517375,0.7327586206896551,0.13415408678794535,0.5263157894736842,2.0,2.0,False,2019
0,8,25,13.0,20.0,3.0,7.0,3.0,5.0,8.0,20.0,2.0,8.0,5.0,5.0,0.09765884695120482,0.5728155339805825,0.14522157918585515,0.7075471698113207,2.0,2.0,True,2019
1,12,18,8.0,15.0,4.0,10.0,6.0,7.0,11.0,20.0,3.0,10.0,16.0,20.0,0.06937988422277888,0.5050505050505051,0.12988530397383816,0.616822429906542,2.0,2.0,False,2019
1,20,1,7.0,14.0,3.0,6.0,4.0,4.0,11.0,16.0,4.0,10.0,6.0,8.0,0.09208594563473664,0.5789473684210527,0.10067651261639927,0.7297297297297297,2.0,2.0,False,2019
0,1,20,11.0,16.0,4.0,10.0,6.0,8.0,7.0,14.0,3.0,6.0,4.0,4.0,0.10067651261639927,0.7297297297297297,0.07366875650778931,0.5729166666666666,2.0,2.0,True,2019
1,3,21,9.0,18.0,3.0,7.0,5.0,5.0,8.0,16.0,2.0,8.0,5.0,5.0,0.017170416524347847,0.5431034482758621,0.1205502632384794,0.45263157894736844,3.0,2.0,True,2019
0,21,3,8.0,16.0,2.0,8.0,5.0,5.0,9.0,18.0,3.0,7.0,5.0,5.0,0.1205502632384794,0.45263157894736844,0.05373633321947828,0.5470085470085471,2.0,3.0,False,2019
0,9,0,8.0,16.0,4.0,7.0,3.0,5.0,9.0,23.0,4.0,7.0,11.0,11.0,0.030208381028694886,0.28421052631578947,0.129714782860139,0.7264957264957265,2.0,1.0,False,2019
1,0,9,9.0,23.0,4.0,7.0,11.0,11.0,8.0,16.0,4.0,7.0,3.0,5.0,0.129714782860139,0.7264957264957265,0.02416670482295591,0.28125,1.0,2.0,True,2019
0,8,23,13.0,25.0,4.0,8.0,9.0,10.0,9.0,22.0,4.0,9.0,5.0,6.0,0.11812707756096386,0.5769230769230769,0.06901944728704182,0.5247524752475248,2.0,2.0,False,2019
1,23,8,9.0,22.0,4.0,9.0,5.0,6.0,13.0,25.0,4.0,8.0,9.0,10.0,0.06901944728704182,0.5247524752475248,0.09450166204877108,0.5714285714285714,2.0,2.0,True,2019
0,28,26,8.0,16.0,3.0,8.0,5.0,7.0,13.0,22.0,5.0,11.0,4.0,4.0,0.05253925758547301,0.34375,0.14564260895397976,0.5742574257425742,3.0,2.0,False,2019
1,26,28,13.0,22.0,5.0,11.0,4.0,4.0,8.0,16.0,3.0,8.0,5.0,7.0,0.14564260895397976,0.5742574257425742,0.04203140606837841,0.3402061855670103,2.0,3.0,True,2019
0,12,6,9.0,15.0,2.0,7.0,4.0,6.0,6.0,18.0,2.0,5.0,5.0,7.0,0.055503907378223104,0.5,0.08459931290845471,0.3541666666666667,2.0,2.0,True,2019
0,3,14,9.0,16.0,2.0,4.0,6.0,6.0,7.0,16.0,3.0,10.0,4.0,6.0,0.05373633321947828,0.5470085470085471,0.09604148184806298,0.48514851485148514,1.0,2.0,False,2019
0,16,4,10.0,18.0,6.0,12.0,6.0,8.0,10.0,16.0,2.0,7.0,11.0,12.0,0.10219774076162727,0.30851063829787234,0.12845420597320495,0.5588235294117647,2.0,3.0,True,2019
1,14,3,7.0,16.0,3.0,10.0,4.0,6.0,9.0,16.0,2.0,4.0,6.0,6.0,0.09604148184806298,0.48514851485148514,0.04298906657558262,0.5423728813559322,2.0,1.0,True,2019
1,2,27,8.0,15.0,4.0,8.0,4.0,4.0,7.0,13.0,2.0,7.0,4.0,4.0,0.091136,0.5,0.06543340724983203,0.3229166666666667,3.0,2.0,True,2019
1,6,12,6.0,18.0,2.0,5.0,5.0,7.0,9.0,15.0,2.0,7.0,4.0,6.0,0.08459931290845471,0.3541666666666667,0.08440312590257848,0.504950495049505,2.0,2.0,False,2019
0,19,25,13.0,22.0,3.0,8.0,4.0,5.0,10.0,18.0,1.0,6.0,6.0,8.0,0.08514759081778989,0.4787234042553192,0.14522157918585515,0.7075471698113207,3.0,2.0,True,2019
0,11,13,4.0,12.0,2.0,9.0,4.0,6.0,6.0,13.0,3.0,5.0,4.0,7.0,0.12445999046439116,0.5660377358490566,0.10172101826280058,0.30526315789473685,2.0,2.0,False,2019
1,25,19,10.0,18.0,1.0,6.0,6.0,8.0,13.0,22.0,3.0,8.0,4.0,5.0,0.14522157918585515,0.7075471698113207,0.1081180726542319,0.4842105263157895,2.0,3.0,False,2019
1,4,16,10.0,16.0,2.0,7.0,11.0,12.0,10.0,18.0,6.0,12.0,6.0,8.0,0.12845420597320495,0.5588235294117647,0.1217581926093018,0.3157894736842105,3.0,2.0,False,2019
1,7,5,10.0,17.0,5.0,8.0,4.0,4.0,7.0,15.0,3.0,6.0,10.0,10.0,0.02249356292548225,0.24210526315789474,0.09367548380366923,0.5555555555555556,2.0,2.0,True,2019
0,18,10,8.0,20.0,4.0,7.0,3.0,5.0,10.0,19.0,3.0,6.0,7.0,8.0,0.12988530397383816,0.616822429906542,0.09703062244917196,0.3229166666666667,2.0,2.0,False,2019
0,5,7,7.0,15.0,3.0,6.0,10.0,10.0,10.0,17.0,5.0,8.0,4.0,4.0,0.09367548380366923,0.5555555555555556,0.0579948503403858,0.25,2.0,2.0,False,2019
1,29,17,13.0,19.0,5.0,6.0,13.0,15.0,9.0,23.0,4.0,9.0,12.0,13.0,0.14315644361337004,0.4421052631578947,0.1636200167583794,0.5959595959595959,3.0,3.0,True,2019
1,13,11,6.0,13.0,3.0,5.0,4.0,7.0,4.0,12.0,2.0,9.0,4.0,6.0,0.10172101826280058,0.30526315789473685,0.09956799237151293,0.5607476635514018,2.0,2.0,True,2019
0,17,29,9.0,23.0,4.0,9.0,12.0,13.0,13.0,19.0,5.0,6.0,13.0,15.0,0.1636200167583794,0.5959595959595959,0.15452515489069601,0.4479166666666667,3.0,3.0,False,2019
0,27,2,7.0,13.0,2.0,7.0,4.0,4.0,8.0,15.0,4.0,8.0,4.0,4.0,0.06543340724983203,0.3229166666666667,0.11290879999999999,0.5384615384615384,2.0,3.0,False,2019
1,10,18,10.0,19.0,3.0,6.0,7.0,8.0,8.0,20.0,4.0,7.0,3.0,5.0,0.09703062244917196,0.3229166666666667,0.10390824317907052,0.6111111111111112,2.0,2.0,True,2019
0,9,20,5.0,15.0,3.0,7.0,5.0,7.0,9.0,14.0,3.0,6.0,5.0,7.0,0.02416670482295591,0.28125,0.07366875650778931,0.5729166666666666,2.0,2.0,False,2019
0,0,1,6.0,16.0,3.0,5.0,8.0,8.0,8.0,23.0,4.0,14.0,7.0,8.0,0.1437718262881112,0.7288135593220338,0.12054121009311942,0.7321428571428571,2.0,2.0,False,2019
1,20,9,9.0,14.0,3.0,6.0,5.0,7.0,5.0,15.0,3.0,7.0,5.0,7.0,0.07366875650778931,0.5729166666666666,0.019333363858364726,0.27835051546391754,2.0,2.0,True,2019
0,5,24,14.0,30.0,5.0,8.0,6.0,8.0,9.0,20.0,2.0,6.0,9.0,10.0,0.07494038704293539,0.55,0.13415408678794535,0.5263157894736842,1.0,3.0,False,2019
1,1,0,8.0,23.0,4.0,14.0,7.0,8.0,6.0,16.0,3.0,5.0,8.0,8.0,0.12054121009311942,0.7321428571428571,0.11501746103048896,0.7226890756302521,2.0,2.0,True,2019
1,24,5,9.0,20.0,2.0,6.0,9.0,10.0,14.0,30.0,5.0,8.0,6.0,8.0,0.13415408678794535,0.5263157894736842,0.05995230963434831,0.5445544554455446,3.0,1.0,True,2019
0,11,18,13.0,35.0,2.0,11.0,5.0,9.0,12.0,20.0,3.0,5.0,8.0,9.0,0.09956799237151293,0.5607476635514018,0.10390824317907052,0.6111111111111112,2.0,2.0,False,2019
1,18,11,12.0,20.0,3.0,5.0,8.0,9.0,13.0,35.0,2.0,11.0,5.0,9.0,0.10390824317907052,0.6111111111111112,0.07965439389721034,0.5555555555555556,2.0,2.0,True,2019
1,8,28,16.0,25.0,3.0,8.0,10.0,15.0,10.0,23.0,4.0,12.0,8.0,10.0,0.09450166204877108,0.5714285714285714,0.04203140606837841,0.3402061855670103,2.0,2.0,True,2019
0,15,16,8.0,17.0,3.0,6.0,6.0,8.0,11.0,16.0,3.0,6.0,4.0,8.0,0.11726927784751986,0.3645833333333333,0.1217581926093018,0.3157894736842105,4.0,2.0,False,2019
0,6,14,8.0,16.0,3.0,6.0,6.0,9.0,9.0,19.0,1.0,5.0,7.0,10.0,0.06767945032676377,0.35051546391752575,0.11683318547845038,0.49019607843137253,2.0,2.0,True,2019
1,14,6,9.0,19.0,1.0,5.0,7.0,10.0,8.0,16.0,3.0,6.0,6.0,9.0,0.11683318547845038,0.49019607843137253,0.09414356026141102,0.35714285714285715,2.0,2.0,False,2019
1,2,25,18.0,26.0,3.0,6.0,6.0,6.0,11.0,25.0,3.0,7.0,9.0,11.0,0.11290879999999999,0.5384615384615384,0.11617726334868413,0.7009345794392523,2.0,2.0,True,2019
0,12,22,10.0,16.0,7.0,10.0,2.0,4.0,7.0,13.0,5.0,7.0,6.0,6.0,0.08440312590257848,0.504950495049505,0.09326746523416848,0.5728155339805825,2.0,5.0,False,2019
1,4,27,10.0,15.0,4.0,8.0,5.0,9.0,9.0,20.0,6.0,9.0,3.0,4.0,0.10276336477856396,0.5533980582524272,0.05234672579986562,0.31958762886597936,2.0,2.0,True,2019
0,17,23,8.0,18.0,2.0,7.0,5.0,6.0,9.0,21.0,4.0,8.0,3.0,4.0,0.1308960134067035,0.59,0.09521555782963345,0.5294117647058824,2.0,2.0,False,2019
0,28,8,10.0,23.0,4.0,12.0,8.0,10.0,16.0,25.0,3.0,8.0,10.0,15.0,0.04203140606837841,0.3402061855670103,0.11560132963901686,0.5754716981132075,2.0,2.0,False,2019
1,16,15,11.0,16.0,3.0,6.0,4.0,8.0,8.0,17.0,3.0,6.0,6.0,8.0,0.1217581926093018,0.3157894736842105,0.0938154222780159,0.36082474226804123,2.0,4.0,True,2019
1,23,17,9.0,21.0,4.0,8.0,3.0,4.0,8.0,18.0,2.0,7.0,5.0,6.0,0.09521555782963345,0.5294117647058824,0.1047168107253628,0.5841584158415841,2.0,2.0,True,2019
0,27,4,9.0,20.0,6.0,9.0,3.0,4.0,10.0,15.0,4.0,8.0,5.0,9.0,0.05234672579986562,0.31958762886597936,0.12221069182285116,0.5576923076923077,2.0,2.0,False,2019
0,25,2,11.0,25.0,3.0,7.0,9.0,11.0,18.0,26.0,3.0,6.0,6.0,6.0,0.11617726334868413,0.7009345794392523,0.13032704,0.5714285714285714,2.0,2.0,False,2019
1,22,12,7.0,13.0,5.0,7.0,6.0,6.0,10.0,16.0,7.0,10.0,2.0,4.0,0.09326746523416848,0.5728155339805825,0.06752250072206278,0.5,5.0,2.0,True,2019
1,22,9,7.0,12.0,3.0,7.0,5.0,5.0,7.0,14.0,2.0,5.0,6.0,7.0,0.11461397218733478,0.5769230769230769,0.019333363858364726,0.27835051546391754,1.0,2.0,True,2019
0,9,22,7.0,14.0,2.0,5.0,6.0,7.0,7.0,12.0,3.0,7.0,5.0,5.0,0.019333363858364726,0.27835051546391754,0.13169117774986783,0.580952380952381,2.0,1.0,False,2019
0,26,7,11.0,22.0,3.0,10.0,11.0,11.0,10.0,19.0,3.0,8.0,3.0,4.0,0.1565140871631838,0.5784313725490197,0.0579948503403858,0.25,3.0,3.0,True,2019
1,7,26,10.0,19.0,3.0,8.0,3.0,4.0,11.0,22.0,3.0,10.0,11.0,11.0,0.0579948503403858,0.25,0.16521126973054706,0.5825242718446602,3.0,3.0,False,2019
0,24,6,11.0,17.0,5.0,7.0,8.0,9.0,9.0,16.0,5.0,7.0,8.0,9.0,0.14732326943035629,0.53125,0.09414356026141102,0.35714285714285715,2.0,1.0,True,2019
0,29,10,8.0,19.0,3.0,6.0,6.0,6.0,15.0,23.0,3.0,8.0,5.0,5.0,0.15452515489069601,0.4479166666666667,0.11762449795933756,0.32989690721649484,3.0,3.0,False,2019
1,2,11,8.0,16.0,1.0,6.0,4.0,5.0,10.0,21.0,5.0,12.0,6.0,7.0,0.13032704,0.5714285714285714,0.07965439389721034,0.5555555555555556,1.0,1.0,False,2019
1,6,24,9.0,16.0,5.0,7.0,8.0,9.0,11.0,17.0,5.0,7.0,8.0,9.0,0.09414356026141102,0.35714285714285715,0.15785861554428504,0.5360824742268041,1.0,2.0,False,2019
0,15,1,10.0,17.0,3.0,6.0,2.0,3.0,11.0,17.0,6.0,11.0,10.0,10.0,0.0938154222780159,0.36082474226804123,0.13643296807449554,0.7345132743362832,1.0,2.0,False,2019
0,25,27,7.0,13.0,4.0,8.0,4.0,4.0,6.0,19.0,3.0,8.0,5.0,8.0,0.0929418106789473,0.6944444444444444,0.0418773806398925,0.3163265306122449,1.0,1.0,True,2019
0,20,8,10.0,20.0,6.0,9.0,3.0,4.0,10.0,20.0,3.0,7.0,20.0,21.0,0.09893500520623147,0.5773195876288659,0.11560132963901686,0.5754716981132075,2.0,1.0,False,2019
1,13,0,9.0,20.0,2.0,8.0,7.0,11.0,11.0,24.0,3.0,11.0,10.0,11.0,0.12137681461024045,0.3125,0.11501746103048896,0.7226890756302521,3.0,2.0,True,2019
0,11,2,10.0,21.0,5.0,12.0,6.0,7.0,8.0,16.0,1.0,6.0,4.0,5.0,0.07965439389721034,0.5555555555555556,0.104261632,0.5333333333333333,1.0,1.0,True,2019
1,21,18,21.0,34.0,6.0,14.0,12.0,12.0,9.0,23.0,5.0,11.0,13.0,14.0,0.09644021059078352,0.4479166666666667,0.12312659454325643,0.6146788990825688,4.0,1.0,False,2019
1,10,29,15.0,23.0,3.0,8.0,5.0,5.0,8.0,19.0,3.0,6.0,6.0,6.0,0.11762449795933756,0.32989690721649484,0.1236201239125568,0.44329896907216493,3.0,3.0,True,2019
1,1,15,11.0,17.0,6.0,11.0,10.0,10.0,10.0,17.0,3.0,6.0,2.0,3.0,0.13643296807449554,0.7345132743362832,0.07505233782241272,0.35714285714285715,2.0,1.0,True,2019
1,27,25,6.0,19.0,3.0,8.0,5.0,8.0,7.0,13.0,4.0,8.0,4.0,4.0,0.0418773806398925,0.3163265306122449,0.11435344854315783,0.6972477064220184,1.0,1.0,False,2019
0,18,21,9.0,23.0,5.0,11.0,13.0,14.0,21.0,34.0,6.0,14.0,12.0,12.0,0.12312659454325643,0.6146788990825688,0.07715216847262682,0.44329896907216493,1.0,4.0,True,2019
1,8,20,10.0,20.0,3.0,7.0,20.0,21.0,10.0,20.0,6.0,9.0,3.0,4.0,0.11560132963901686,0.5754716981132075,0.07914800416498517,0.5714285714285714,1.0,2.0,True,2019
0,0,13,11.0,24.0,3.0,11.0,10.0,11.0,9.0,20.0,2.0,8.0,7.0,11.0,0.11501746103048896,0.7226890756302521,0.13710145168819238,0.31958762886597936,2.0,3.0,False,2019
1,23,16,6.0,18.0,4.0,8.0,4.0,4.0,8.0,13.0,4.0,7.0,6.0,10.0,0.11617244626370675,0.5339805825242718,0.13740655408744146,0.3229166666666667,2.0,2.0,False,2019
0,17,14,12.0,29.0,3.0,10.0,13.0,15.0,10.0,21.0,3.0,6.0,3.0,5.0,0.1047168107253628,0.5841584158415841,0.0934665483827603,0.4854368932038835,2.0,2.0,True,2019
1,14,17,10.0,21.0,3.0,6.0,3.0,5.0,12.0,29.0,3.0,10.0,13.0,15.0,0.0934665483827603,0.4854368932038835,0.12377344858029024,0.5882352941176471,2.0,2.0,False,2019
0,16,23,8.0,13.0,4.0,7.0,6.0,10.0,6.0,18.0,4.0,8.0,4.0,4.0,0.13740655408744146,0.3229166666666667,0.0929379570109654,0.5288461538461539,2.0,2.0,True,2019
1,10,28,13.0,17.0,4.0,8.0,6.0,6.0,11.0,20.0,5.0,10.0,9.0,10.0,0.13409959836747004,0.336734693877551,0.033625124854702725,0.336734693877551,1.0,2.0,True,2019
1,5,0,10.0,19.0,3.0,7.0,4.0,6.0,11.0,26.0,3.0,11.0,9.0,10.0,0.05995230963434831,0.5445544554455446,0.09201396882439117,0.7166666666666667,3.0,1.0,True,2019
0,29,12,19.0,31.0,6.0,8.0,8.0,10.0,7.0,16.0,5.0,11.0,3.0,4.0,0.1236201239125568,0.44329896907216493,0.06752250072206278,0.5,1.0,2.0,True,2019
0,28,10,11.0,20.0,5.0,10.0,9.0,10.0,13.0,17.0,4.0,8.0,6.0,6.0,0.033625124854702725,0.336734693877551,0.14727967869397604,0.3434343434343434,2.0,1.0,False,2019
1,12,29,7.0,16.0,5.0,11.0,3.0,4.0,19.0,31.0,6.0,8.0,8.0,10.0,0.06752250072206278,0.5,0.13889609913004547,0.4489795918367347,2.0,1.0,False,2019
0,0,5,11.0,26.0,3.0,11.0,9.0,10.0,10.0,19.0,3.0,7.0,4.0,6.0,0.09201396882439117,0.7166666666666667,0.08796184770747864,0.5490196078431373,1.0,3.0,False,2019
1,8,5,13.0,22.0,3.0,4.0,3.0,5.0,7.0,19.0,5.0,6.0,7.0,7.0,0.1324810637112135,0.5794392523364486,0.08796184770747864,0.5490196078431373,2.0,1.0,True,2019
1,16,13,10.0,18.0,7.0,11.0,5.0,6.0,6.0,20.0,3.0,9.0,5.0,6.0,0.14992524326995316,0.32989690721649484,0.13710145168819238,0.31958762886597936,1.0,2.0,True,2019
0,13,16,6.0,20.0,3.0,9.0,5.0,6.0,10.0,18.0,7.0,11.0,5.0,6.0,0.13710145168819238,0.31958762886597936,0.1599401946159625,0.336734693877551,2.0,1.0,False,2019
0,2,21,12.0,25.0,4.0,8.0,3.0,6.0,14.0,25.0,7.0,13.0,8.0,9.0,0.104261632,0.5333333333333333,0.07715216847262682,0.44329896907216493,2.0,2.0,False,2019
0,3,19,6.0,11.0,2.0,4.0,4.0,6.0,10.0,19.0,4.0,10.0,5.0,6.0,0.04298906657558262,0.5423728813559322,0.1081180726542319,0.4842105263157895,5.0,5.0,False,2019
1,21,2,14.0,25.0,7.0,13.0,8.0,9.0,12.0,25.0,4.0,8.0,3.0,6.0,0.07715216847262682,0.44329896907216493,0.08340930560000001,0.5,2.0,2.0,True,2019
0,11,22,10.0,13.0,5.0,7.0,3.0,4.0,9.0,14.0,3.0,5.0,4.0,6.0,0.10372351511776827,0.5596330275229358,0.13169117774986783,0.580952380952381,2.0,2.0,False,2019
0,5,8,7.0,19.0,5.0,6.0,7.0,7.0,13.0,22.0,3.0,4.0,3.0,5.0,0.08796184770747864,0.5490196078431373,0.1459848509689708,0.5833333333333334,1.0,2.0,False,2019
1,22,11,9.0,14.0,3.0,5.0,4.0,6.0,10.0,13.0,5.0,7.0,3.0,4.0,0.13169117774986783,0.580952380952381,0.08297881209421462,0.5545454545454546,2.0,2.0,True,2019
1,15,26,9.0,18.0,5.0,11.0,4.0,6.0,12.0,25.0,4.0,14.0,5.0,5.0,0.07505233782241272,0.35714285714285715,0.16521126973054706,0.5825242718446602,2.0,2.0,True,2019
1,9,24,8.0,22.0,3.0,8.0,8.0,9.0,8.0,15.0,6.0,12.0,15.0,18.0,0.01546669108669178,0.2755102040816326,0.15785861554428504,0.5360824742268041,2.0,2.0,False,2019
0,7,18,13.0,28.0,6.0,15.0,5.0,7.0,12.0,23.0,2.0,6.0,9.0,12.0,0.04639588027230864,0.24742268041237114,0.13850127563460515,0.6181818181818182,2.0,2.0,False,2019
0,24,9,8.0,15.0,6.0,12.0,15.0,18.0,8.0,22.0,3.0,8.0,8.0,9.0,0.15785861554428504,0.5360824742268041,0.012373352869353423,0.2727272727272727,2.0,2.0,True,2019
1,18,7,12.0,23.0,2.0,6.0,9.0,12.0,13.0,28.0,6.0,15.0,5.0,7.0,0.13850127563460515,0.6181818181818182,0.037116704217846914,0.24489795918367346,2.0,2.0,True,2019
1,4,20,13.0,25.0,3.0,8.0,4.0,9.0,8.0,18.0,4.0,8.0,2.0,2.0,0.12221069182285116,0.5576923076923077,0.07914800416498517,0.5714285714285714,3.0,2.0,True,2019
0,20,4,8.0,18.0,4.0,8.0,2.0,2.0,13.0,25.0,3.0,8.0,4.0,9.0,0.07914800416498517,0.5714285714285714,0.13776855345828093,0.5619047619047619,2.0,3.0,False,2019
1,19,3,10.0,19.0,4.0,10.0,5.0,6.0,6.0,11.0,2.0,4.0,4.0,6.0,0.1081180726542319,0.4842105263157895,0.0343912532604661,0.5378151260504201,5.0,5.0,True,2019
0,26,15,12.0,25.0,4.0,14.0,5.0,5.0,9.0,18.0,5.0,11.0,4.0,6.0,0.16521126973054706,0.5825242718446602,0.10004187025793017,0.36363636363636365,2.0,2.0,False,2019
1,12,6,9.0,21.0,2.0,8.0,4.0,7.0,9.0,22.0,2.0,8.0,4.0,6.0,0.05401800057765023,0.49514563106796117,0.07531484820912882,0.35353535353535354,2.0,3.0,False,2019
1,14,24,9.0,24.0,5.0,12.0,11.0,14.0,12.0,21.0,4.0,6.0,4.0,5.0,0.07477323870620825,0.4807692307692308,0.16628689243542802,0.5408163265306123,2.0,1.0,True,2019
0,24,14,12.0,21.0,4.0,6.0,4.0,5.0,9.0,24.0,5.0,12.0,11.0,14.0,0.16628689243542802,0.5408163265306123,0.09981859096496659,0.4857142857142857,1.0,2.0,False,2019
0,25,10,8.0,16.0,3.0,9.0,2.0,3.0,11.0,20.0,4.0,9.0,4.0,5.0,0.11435344854315783,0.6972477064220184,0.14727967869397604,0.3434343434343434,3.0,2.0,True,2019
1,28,17,10.0,21.0,3.0,6.0,9.0,9.0,13.0,23.0,5.0,9.0,8.0,10.0,0.026900099883762178,0.3333333333333333,0.12377344858029024,0.5882352941176471,2.0,2.0,False,2019
1,10,25,11.0,20.0,4.0,9.0,4.0,5.0,8.0,16.0,3.0,9.0,2.0,3.0,0.14727967869397604,0.3434343434343434,0.13148275883452626,0.7,2.0,3.0,False,2019
0,6,12,9.0,22.0,2.0,8.0,4.0,6.0,9.0,21.0,2.0,8.0,4.0,7.0,0.07531484820912882,0.35353535353535354,0.04321440046212018,0.49038461538461536,3.0,2.0,True,2019
0,17,28,13.0,23.0,5.0,9.0,8.0,10.0,10.0,21.0,3.0,6.0,9.0,9.0,0.12377344858029024,0.5882352941176471,0.021520079907009743,0.33,2.0,2.0,True,2019
1,4,17,13.0,20.0,3.0,7.0,6.0,9.0,7.0,15.0,2.0,9.0,11.0,13.0,0.13776855345828093,0.5619047619047619,0.1390187588642322,0.5922330097087378,2.0,1.0,True,2019
0,8,18,13.0,25.0,3.0,7.0,8.0,9.0,11.0,23.0,4.0,7.0,7.0,9.0,0.1459848509689708,0.5833333333333334,0.15080102050768412,0.6216216216216216,2.0,2.0,False,2019
0,17,4,7.0,15.0,2.0,9.0,11.0,13.0,13.0,20.0,3.0,7.0,6.0,9.0,0.1390187588642322,0.5922330097087378,0.15021484276662472,0.5660377358490566,1.0,2.0,False,2019
0,6,13,10.0,18.0,7.0,11.0,8.0,10.0,10.0,20.0,5.0,8.0,9.0,11.0,0.10025187856730304,0.36,0.1096811613505539,0.3163265306122449,1.0,2.0,False,2019
0,29,3,11.0,20.0,3.0,6.0,8.0,12.0,7.0,18.0,5.0,8.0,4.0,4.0,0.13889609913004547,0.4489795918367347,0.0343912532604661,0.5378151260504201,3.0,2.0,True,2019
0,26,0,12.0,23.0,5.0,11.0,3.0,3.0,11.0,22.0,3.0,8.0,4.0,7.0,0.13216901578443765,0.5769230769230769,0.07361117505951294,0.7107438016528925,2.0,3.0,True,2019
1,27,7,10.0,20.0,4.0,6.0,8.0,10.0,9.0,20.0,3.0,8.0,4.0,4.0,0.033501904511913996,0.31313131313131315,0.037116704217846914,0.24489795918367346,4.0,2.0,True,2019
0,15,11,11.0,19.0,3.0,9.0,4.0,5.0,13.0,23.0,4.0,10.0,5.0,8.0,0.10004187025793017,0.36363636363636365,0.08297881209421462,0.5545454545454546,2.0,2.0,True,2019
0,7,27,9.0,20.0,3.0,8.0,4.0,4.0,10.0,20.0,4.0,6.0,8.0,10.0,0.037116704217846914,0.24489795918367346,0.0668015236095312,0.32,2.0,4.0,False,2019
1,13,6,10.0,20.0,5.0,8.0,9.0,11.0,10.0,18.0,7.0,11.0,8.0,10.0,0.1096811613505539,0.3163265306122449,0.08020150285384244,0.3564356435643564,2.0,1.0,True,2019
1,1,19,12.0,20.0,4.0,9.0,19.0,19.0,9.0,21.0,6.0,9.0,13.0,15.0,0.14914637445959644,0.7368421052631579,0.1264944581233855,0.4895833333333333,4.0,2.0,True,2019
0,25,9,9.0,13.0,3.0,7.0,5.0,8.0,11.0,15.0,4.0,8.0,4.0,5.0,0.13148275883452626,0.7,0.012373352869353423,0.2727272727272727,1.0,2.0,True,2019
0,22,21,8.0,14.0,4.0,7.0,6.0,6.0,8.0,13.0,5.0,7.0,4.0,5.0,0.14535294219989425,0.5849056603773585,0.10172173477810145,0.4489795918367347,2.0,2.0,False,2019
1,0,26,11.0,22.0,3.0,8.0,4.0,7.0,12.0,23.0,5.0,11.0,3.0,3.0,0.07361117505951294,0.7107438016528925,0.14573521262755013,0.580952380952381,3.0,2.0,False,2019
1,18,8,11.0,23.0,4.0,7.0,7.0,9.0,13.0,25.0,3.0,7.0,8.0,9.0,0.15080102050768412,0.6216216216216216,0.11678788077517663,0.5779816513761468,2.0,2.0,True,2019
0,19,1,9.0,21.0,6.0,9.0,13.0,15.0,12.0,20.0,4.0,9.0,19.0,19.0,0.1264944581233855,0.4895833333333333,0.15931709956767715,0.7391304347826086,2.0,4.0,False,2019
0,16,5,11.0,23.0,3.0,7.0,8.0,8.0,10.0,21.0,3.0,6.0,7.0,9.0,0.1599401946159625,0.336734693877551,0.07036947816598291,0.5436893203883495,2.0,2.0,True,2019
1,5,16,10.0,21.0,3.0,6.0,7.0,9.0,11.0,23.0,3.0,7.0,8.0,8.0,0.07036947816598291,0.5436893203883495,0.16795215569277003,0.3434343434343434,2.0,2.0,False,2019
1,23,20,7.0,15.0,4.0,9.0,7.0,9.0,11.0,16.0,4.0,8.0,2.0,2.0,0.0929379570109654,0.5288461538461539,0.06331840333198814,0.5656565656565656,3.0,2.0,False,2019
1,9,25,11.0,15.0,4.0,8.0,4.0,5.0,9.0,13.0,3.0,7.0,5.0,8.0,0.012373352869353423,0.2727272727272727,0.14518620706762103,0.7027027027027027,2.0,1.0,False,2019
0,20,23,11.0,16.0,4.0,8.0,2.0,2.0,7.0,15.0,4.0,9.0,7.0,9.0,0.06331840333198814,0.5656565656565656,0.07435036560877231,0.5238095238095238,2.0,3.0,True,2019
1,11,15,13.0,23.0,4.0,10.0,5.0,8.0,11.0,19.0,3.0,9.0,4.0,5.0,0.08297881209421462,0.5545454545454546,0.12003349620634414,0.37,2.0,2.0,False,2019
1,3,29,7.0,18.0,5.0,8.0,4.0,4.0,11.0,20.0,3.0,6.0,8.0,12.0,0.0343912532604661,0.5378151260504201,0.15111687930403636,0.45454545454545453,2.0,3.0,False,2019
1,2,28,9.0,25.0,3.0,9.0,6.0,9.0,11.0,20.0,4.0,7.0,3.0,4.0,0.08340930560000001,0.5,0.021520079907009743,0.33,2.0,1.0,False,2019
1,21,22,8.0,13.0,5.0,7.0,4.0,5.0,8.0,14.0,4.0,7.0,6.0,6.0,0.10172173477810145,0.4489795918367347,0.1162823537599154,0.5794392523364486,2.0,2.0,True,2019
0,28,2,11.0,20.0,4.0,7.0,3.0,4.0,9.0,25.0,3.0,9.0,6.0,9.0,0.021520079907009743,0.33,0.06672744448000001,0.47058823529411764,1.0,2.0,True,2019
0,2,9,6.0,11.0,3.0,7.0,5.0,5.0,7.0,13.0,2.0,6.0,5.0,8.0,0.06672744448000001,0.47058823529411764,0.009898682295482738,0.27,2.0,2.0,True,2019
1,6,23,6.0,14.0,4.0,10.0,5.0,6.0,11.0,18.0,2.0,4.0,6.0,6.0,0.08020150285384244,0.3564356435643564,0.07435036560877231,0.5238095238095238,2.0,2.0,False,2019
0,1,19,14.0,27.0,3.0,11.0,12.0,14.0,9.0,18.0,2.0,6.0,12.0,14.0,0.15931709956767715,0.7391304347826086,0.1011955664987084,0.4845360824742268,2.0,2.0,False,2019
0,12,27,10.0,16.0,5.0,9.0,8.0,10.0,11.0,27.0,5.0,10.0,7.0,8.0,0.04321440046212018,0.49038461538461536,0.0668015236095312,0.32,3.0,2.0,True,2019
1,18,3,10.0,14.0,4.0,8.0,9.0,9.0,10.0,20.0,5.0,7.0,4.0,5.0,0.1606408164061473,0.625,0.027513002608372878,0.5333333333333333,2.0,2.0,False,2019
1,25,14,12.0,22.0,3.0,7.0,5.0,6.0,7.0,16.0,2.0,7.0,5.0,6.0,0.14518620706762103,0.7027027027027027,0.09981859096496659,0.4857142857142857,2.0,3.0,True,2019
1,9,2,7.0,13.0,2.0,6.0,5.0,8.0,6.0,11.0,3.0,7.0,5.0,5.0,0.009898682295482738,0.27,0.093381955584,0.5,2.0,2.0,False,2019
1,0,17,13.0,21.0,5.0,9.0,4.0,5.0,9.0,24.0,3.0,8.0,6.0,10.0,0.05888894004761035,0.7049180327868853,0.11121500709138576,0.5865384615384616,2.0,2.0,True,2019
1,19,1,9.0,18.0,2.0,6.0,12.0,14.0,14.0,27.0,3.0,11.0,12.0,14.0,0.1011955664987084,0.4845360824742268,0.12745367965414173,0.7327586206896551,2.0,2.0,True,2019
1,28,8,10.0,20.0,4.0,7.0,6.0,7.0,12.0,25.0,3.0,9.0,8.0,10.0,0.057216063925607796,0.33663366336633666,0.11678788077517663,0.5779816513761468,2.0,2.0,True,2019
0,8,28,12.0,25.0,3.0,9.0,8.0,10.0,10.0,20.0,4.0,7.0,6.0,7.0,0.11678788077517663,0.5779816513761468,0.08577285114048624,0.3431372549019608,2.0,2.0,False,2019
0,23,6,11.0,18.0,2.0,4.0,6.0,6.0,6.0,14.0,4.0,10.0,5.0,6.0,0.07435036560877231,0.5238095238095238,0.06416120228307395,0.35294117647058826,2.0,2.0,True,2019
0,17,0,9.0,24.0,3.0,8.0,6.0,10.0,13.0,21.0,5.0,9.0,4.0,5.0,0.11121500709138576,0.5865384615384616,0.08711115203808827,0.7073170731707317,2.0,2.0,False,2019
0,21,26,10.0,23.0,2.0,10.0,8.0,8.0,10.0,21.0,4.0,10.0,9.0,11.0,0.12137738782248116,0.45454545454545453,0.14573521262755013,0.580952380952381,2.0,2.0,False,2019
1,20,10,9.0,18.0,2.0,5.0,4.0,4.0,7.0,14.0,4.0,5.0,5.0,6.0,0.09065472266559052,0.57,0.11782374295518083,0.34,2.0,3.0,True,2019
1,22,5,10.0,15.0,2.0,5.0,3.0,6.0,14.0,25.0,3.0,6.0,5.0,6.0,0.1162823537599154,0.5794392523364486,0.056295582532786326,0.5384615384615384,2.0,2.0,False,2019
0,5,22,14.0,25.0,3.0,6.0,5.0,6.0,10.0,15.0,2.0,5.0,3.0,6.0,0.056295582532786326,0.5384615384615384,0.09302588300793233,0.5740740740740741,2.0,2.0,True,2019
1,29,11,8.0,17.0,2.0,5.0,6.0,10.0,7.0,15.0,2.0,5.0,6.0,7.0,0.15111687930403636,0.45454545454545453,0.0663830496753717,0.5495495495495496,2.0,2.0,True,2019
1,27,12,11.0,27.0,5.0,10.0,7.0,8.0,10.0,16.0,5.0,9.0,8.0,10.0,0.0668015236095312,0.32,0.07457152036969614,0.49523809523809526,2.0,3.0,False,2019
0,11,29,7.0,15.0,2.0,5.0,6.0,7.0,8.0,17.0,2.0,5.0,6.0,10.0,0.0663830496753717,0.5495495495495496,0.1608935034432291,0.46,2.0,2.0,False,2019
0,16,24,11.0,19.0,3.0,7.0,4.0,5.0,7.0,14.0,5.0,8.0,8.0,10.0,0.16795215569277003,0.3434343434343434,0.13302951394834242,0.5353535353535354,2.0,3.0,False,2019
1,24,16,7.0,14.0,5.0,8.0,8.0,10.0,11.0,19.0,3.0,7.0,4.0,5.0,0.13302951394834242,0.5353535353535354,0.13436172455421602,0.34,3.0,2.0,True,2019
1,26,21,10.0,21.0,4.0,10.0,9.0,11.0,10.0,23.0,2.0,10.0,8.0,8.0,0.14573521262755013,0.580952380952381,0.09710191025798492,0.45,2.0,2.0,True,2019
1,4,7,14.0,17.0,3.0,12.0,7.0,12.0,13.0,26.0,3.0,7.0,6.0,7.0,0.15021484276662472,0.5660377358490566,0.029693363374277533,0.24242424242424243,2.0,2.0,False,2019
0,10,20,7.0,14.0,4.0,5.0,5.0,6.0,9.0,18.0,2.0,5.0,4.0,4.0,0.11782374295518083,0.34,0.11252377813247241,0.5742574257425742,3.0,2.0,False,2019
0,7,4,13.0,26.0,3.0,7.0,6.0,7.0,14.0,17.0,3.0,12.0,7.0,12.0,0.029693363374277533,0.24242424242424243,0.12017187421329978,0.5607476635514018,2.0,2.0,True,2019
0,14,25,7.0,16.0,2.0,7.0,5.0,6.0,12.0,22.0,3.0,7.0,5.0,6.0,0.09981859096496659,0.4857142857142857,0.1561489656540968,0.7053571428571429,3.0,2.0,False,2019
0,3,18,10.0,20.0,5.0,7.0,4.0,5.0,10.0,14.0,4.0,8.0,9.0,9.0,0.027513002608372878,0.5333333333333333,0.12851265312491783,0.6194690265486725,2.0,2.0,True,2019
1,13,2,9.0,16.0,5.0,9.0,4.0,7.0,9.0,24.0,3.0,6.0,6.0,6.0,0.12774492908044313,0.32323232323232326,0.093381955584,0.5,3.0,1.0,True,2019
0,8,14,10.0,18.0,5.0,9.0,8.0,10.0,12.0,16.0,3.0,6.0,5.0,10.0,0.0934303046201413,0.5727272727272728,0.07985487277197327,0.4811320754716981,1.0,1.0,False,2019
1,26,20,8.0,23.0,3.0,12.0,6.0,7.0,9.0,23.0,3.0,7.0,4.0,6.0,0.1565881701020401,0.5849056603773585,0.11252377813247241,0.5742574257425742,1.0,1.0,False,2019
0,5,4,13.0,26.0,4.0,7.0,7.0,10.0,10.0,16.0,4.0,9.0,16.0,20.0,0.08503646602622907,0.5428571428571428,0.12017187421329978,0.5607476635514018,1.0,1.0,False,2019
1,0,15,13.0,26.0,5.0,12.0,16.0,17.0,12.0,21.0,4.0,6.0,6.0,8.0,0.08711115203808827,0.7073170731707317,0.12003349620634414,0.37,1.0,3.0,True,2019
1,23,27,13.0,23.0,3.0,10.0,8.0,10.0,11.0,18.0,4.0,13.0,10.0,12.0,0.09948029248701787,0.5283018867924528,0.053441218887624965,0.31683168316831684,1.0,1.0,True,2019
0,2,13,9.0,24.0,3.0,6.0,6.0,6.0,9.0,16.0,5.0,9.0,4.0,7.0,0.093381955584,0.5,0.1421959432643545,0.33,1.0,3.0,False,2019
1,14,8,12.0,16.0,3.0,6.0,5.0,10.0,10.0,18.0,5.0,9.0,8.0,10.0,0.07985487277197327,0.4811320754716981,0.07474424369611304,0.5675675675675675,1.0,1.0,True,2019
0,20,26,9.0,23.0,3.0,7.0,4.0,6.0,8.0,23.0,3.0,12.0,6.0,7.0,0.11252377813247241,0.5742574257425742,0.12527053608163208,0.5794392523364486,1.0,1.0,True,2019
1,4,5,10.0,16.0,4.0,9.0,16.0,20.0,13.0,26.0,4.0,7.0,7.0,10.0,0.12017187421329978,0.5607476635514018,0.06802917282098325,0.5377358490566038,1.0,1.0,True,2019
0,27,23,11.0,18.0,4.0,13.0,10.0,12.0,13.0,23.0,3.0,10.0,8.0,10.0,0.053441218887624965,0.31683168316831684,0.11958423398961429,0.5327102803738317,1.0,1.0,False,2019
0,1,3,14.0,30.0,5.0,12.0,7.0,12.0,14.0,21.0,3.0,5.0,5.0,8.0,0.12745367965414173,0.7327586206896551,0.0620104020866983,0.5371900826446281,1.0,1.0,False,2019
1,3,1,14.0,21.0,3.0,5.0,5.0,8.0,14.0,30.0,5.0,12.0,7.0,12.0,0.0620104020866983,0.5371900826446281,0.10196294372331338,0.7264957264957265,1.0,1.0,True,2019
0,15,0,12.0,21.0,4.0,6.0,6.0,8.0,13.0,26.0,5.0,12.0,16.0,17.0,0.12003349620634414,0.37,0.10968892163047061,0.7096774193548387,3.0,1.0,False,2019
0,24,17,14.0,22.0,2.0,6.0,5.0,12.0,12.0,27.0,3.0,13.0,3.0,4.0,0.14642361115867392,0.54,0.08897200567310862,0.580952380952381,2.0,2.0,True,2019
1,16,28,10.0,24.0,4.0,10.0,5.0,8.0,9.0,16.0,3.0,7.0,8.0,8.0,0.13436172455421602,0.34,0.08577285114048624,0.3431372549019608,2.0,2.0,False,2019
1,25,12,8.0,20.0,3.0,9.0,10.0,12.0,13.0,22.0,4.0,8.0,8.0,12.0,0.1561489656540968,0.7053571428571429,0.07457152036969614,0.49523809523809526,2.0,2.0,True,2019
0,18,6,11.0,20.0,5.0,6.0,10.0,12.0,16.0,28.0,4.0,6.0,5.0,6.0,0.12851265312491783,0.6194690265486725,0.06416120228307395,0.35294117647058826,2.0,2.0,True,2019
1,29,10,8.0,15.0,4.0,7.0,6.0,11.0,10.0,20.0,4.0,8.0,8.0,8.0,0.1608935034432291,0.46,0.09425899436414467,0.33663366336633666,2.0,2.0,False,2019
0,21,9,9.0,23.0,7.0,11.0,6.0,9.0,11.0,18.0,4.0,10.0,3.0,3.0,0.09710191025798492,0.45,0.00791894583638619,0.26732673267326734,2.0,2.0,False,2019
0,12,25,13.0,22.0,4.0,8.0,8.0,12.0,8.0,20.0,3.0,9.0,10.0,12.0,0.07457152036969614,0.49523809523809526,0.16491917252327745,0.7079646017699115,2.0,2.0,False,2019
0,28,16,9.0,16.0,3.0,7.0,8.0,8.0,10.0,24.0,4.0,10.0,5.0,8.0,0.08577285114048624,0.3431372549019608,0.10748937964337282,0.33663366336633666,2.0,2.0,True,2019
0,7,19,14.0,24.0,3.0,9.0,6.0,6.0,9.0,20.0,4.0,15.0,5.0,8.0,0.06375469069942202,0.25,0.12095645319896672,0.4897959183673469,2.0,2.0,False,2019
1,19,7,9.0,20.0,4.0,15.0,5.0,8.0,14.0,24.0,3.0,9.0,6.0,6.0,0.12095645319896672,0.4897959183673469,0.05100375255953762,0.24752475247524752,2.0,2.0,True,2019
1,15,11,6.0,14.0,2.0,5.0,6.0,8.0,11.0,16.0,2.0,6.0,4.0,6.0,0.09602679696507531,0.36633663366336633,0.05310643974029736,0.5446428571428571,1.0,2.0,False,2019
1,17,24,12.0,27.0,3.0,13.0,3.0,4.0,14.0,22.0,2.0,6.0,5.0,12.0,0.08897200567310862,0.580952380952381,0.15713888892693914,0.5445544554455446,2.0,2.0,False,2019
0,11,15,11.0,16.0,2.0,6.0,4.0,6.0,6.0,14.0,2.0,5.0,6.0,8.0,0.05310643974029736,0.5446428571428571,0.07682143757206025,0.3627450980392157,2.0,1.0,True,2019
0,10,29,10.0,20.0,4.0,8.0,8.0,8.0,8.0,15.0,4.0,7.0,6.0,11.0,0.09425899436414467,0.33663366336633666,0.1287148027545833,0.45544554455445546,2.0,2.0,True,2019
1,6,18,16.0,28.0,4.0,6.0,5.0,6.0,11.0,20.0,5.0,6.0,10.0,12.0,0.06416120228307395,0.35294117647058826,0.14281012249993427,0.6228070175438597,2.0,2.0,False,2019
1,9,21,11.0,18.0,4.0,10.0,3.0,3.0,9.0,23.0,7.0,11.0,6.0,9.0,0.00791894583638619,0.26732673267326734,0.07768152820638793,0.44554455445544555,2.0,2.0,True,2019
1,8,2,8.0,19.0,6.0,11.0,11.0,12.0,10.0,22.0,5.0,10.0,4.0,4.0,0.07474424369611304,0.5675675675675675,0.0747055644672,0.47368421052631576,2.0,2.0,False,2019
1,21,4,8.0,15.0,4.0,6.0,13.0,16.0,7.0,18.0,4.0,12.0,5.0,7.0,0.07768152820638793,0.44554455445544555,0.13613749937063982,0.5648148148148148,1.0,2.0,True,2019
0,10,0,12.0,21.0,4.0,6.0,6.0,7.0,16.0,33.0,6.0,12.0,13.0,13.0,0.11540719549131573,0.3431372549019608,0.10968892163047061,0.7096774193548387,1.0,2.0,False,2019
1,0,10,16.0,33.0,6.0,12.0,13.0,13.0,12.0,21.0,4.0,6.0,6.0,7.0,0.10968892163047061,0.7096774193548387,0.09232575639305259,0.33980582524271846,2.0,1.0,True,2019
1,11,22,6.0,11.0,2.0,5.0,3.0,6.0,8.0,13.0,3.0,5.0,3.0,4.0,0.08248515179223789,0.5486725663716814,0.09302588300793233,0.5740740740740741,1.0,3.0,False,2019
0,2,8,10.0,22.0,5.0,10.0,4.0,4.0,8.0,19.0,6.0,11.0,11.0,12.0,0.0747055644672,0.47368421052631576,0.05979539495689044,0.5625,2.0,2.0,True,2019
0,23,3,9.0,19.0,4.0,7.0,4.0,5.0,8.0,19.0,6.0,9.0,2.0,3.0,0.11958423398961429,0.5327102803738317,0.08960832166935864,0.5409836065573771,2.0,2.0,True,2019
0,5,27,9.0,18.0,3.0,7.0,4.0,5.0,10.0,26.0,5.0,8.0,5.0,6.0,0.06802917282098325,0.5377358490566038,0.04275297511009997,0.3137254901960784,2.0,2.0,True,2019
1,27,5,10.0,26.0,5.0,8.0,5.0,6.0,9.0,18.0,3.0,7.0,4.0,5.0,0.04275297511009997,0.3137254901960784,0.09442333825678659,0.5420560747663551,2.0,2.0,False,2019
0,1,14,17.0,32.0,8.0,16.0,13.0,15.0,13.0,24.0,4.0,8.0,8.0,11.0,0.10196294372331338,0.7264957264957265,0.10388389821757862,0.48598130841121495,2.0,2.0,False,2019
1,14,1,13.0,24.0,4.0,8.0,8.0,11.0,17.0,32.0,8.0,16.0,13.0,15.0,0.10388389821757862,0.48598130841121495,0.0815703549786507,0.7203389830508474,2.0,2.0,True,2019
0,22,11,8.0,13.0,3.0,5.0,3.0,4.0,6.0,11.0,2.0,5.0,3.0,6.0,0.09302588300793233,0.5740740740740741,0.06598812143379032,0.543859649122807,3.0,1.0,True,2019
0,4,21,7.0,18.0,4.0,12.0,5.0,7.0,8.0,15.0,4.0,6.0,13.0,16.0,0.13613749937063982,0.5648148148148148,0.10214522256511036,0.45098039215686275,2.0,1.0,False,2019
1,3,23,8.0,19.0,6.0,9.0,2.0,3.0,9.0,19.0,4.0,7.0,4.0,5.0,0.08960832166935864,0.5409836065573771,0.1356673871916914,0.5370370370370371,2.0,2.0,False,2019
0,28,19,8.0,16.0,3.0,7.0,9.0,12.0,9.0,21.0,2.0,5.0,12.0,16.0,0.10861828091238901,0.34951456310679613,0.1367651625591734,0.494949494949495,2.0,2.0,False,2019
1,16,25,10.0,19.0,4.0,7.0,4.0,6.0,8.0,14.0,5.0,8.0,6.0,9.0,0.10748937964337282,0.33663366336633666,0.16491917252327745,0.7079646017699115,2.0,2.0,False,2019
0,9,12,6.0,12.0,3.0,6.0,5.0,6.0,6.0,17.0,5.0,11.0,8.0,9.0,0.04633515666910896,0.27450980392156865,0.05965721629575691,0.49056603773584906,2.0,2.0,True,2019
0,22,7,7.0,14.0,5.0,7.0,7.0,8.0,11.0,21.0,3.0,9.0,6.0,6.0,0.11442070640634587,0.5779816513761468,0.05100375255953762,0.24752475247524752,1.0,2.0,True,2019
1,19,28,9.0,21.0,2.0,5.0,12.0,16.0,8.0,16.0,3.0,7.0,9.0,12.0,0.1367651625591734,0.494949494949495,0.0868946247299112,0.34615384615384615,2.0,2.0,True,2019
1,12,9,6.0,17.0,5.0,11.0,8.0,9.0,6.0,12.0,3.0,6.0,5.0,6.0,0.05965721629575691,0.49056603773584906,0.07706812533528716,0.2815533980582524,2.0,2.0,False,2019
1,20,29,9.0,18.0,2.0,6.0,3.0,4.0,9.0,15.0,1.0,7.0,4.0,6.0,0.1300190225059779,0.5784313725490197,0.1287148027545833,0.45544554455445546,3.0,2.0,True,2019
1,7,22,11.0,21.0,3.0,9.0,6.0,6.0,7.0,14.0,5.0,7.0,7.0,8.0,0.05100375255953762,0.24752475247524752,0.1315365651250767,0.5818181818181818,2.0,1.0,False,2019
0,29,20,9.0,15.0,1.0,7.0,4.0,6.0,9.0,18.0,2.0,6.0,3.0,4.0,0.1287148027545833,0.45544554455445546,0.14401521800478234,0.5825242718446602,2.0,3.0,False,2019
0,25,16,8.0,14.0,5.0,8.0,6.0,9.0,10.0,19.0,4.0,7.0,4.0,6.0,0.16491917252327745,0.7079646017699115,0.08599150371469826,0.3333333333333333,2.0,2.0,True,2019
0,14,8,9.0,18.0,4.0,9.0,4.0,6.0,12.0,21.0,3.0,8.0,8.0,9.0,0.1231071185740629,0.49074074074074076,0.05979539495689044,0.5625,2.0,2.0,False,2019
0,13,1,6.0,14.0,5.0,7.0,5.0,8.0,9.0,15.0,4.0,11.0,7.0,9.0,0.1421959432643545,0.33,0.0815703549786507,0.7203389830508474,4.0,2.0,True,2019
1,8,14,12.0,21.0,3.0,8.0,8.0,9.0,9.0,18.0,4.0,9.0,4.0,6.0,0.05979539495689044,0.5625,0.09848569485925032,0.48623853211009177,2.0,2.0,True,2019
1,24,7,9.0,15.0,4.0,6.0,10.0,12.0,9.0,21.0,3.0,6.0,4.0,4.0,0.15713888892693914,0.5445544554455446,0.04080300204763009,0.24509803921568626,3.0,1.0,True,2019
1,6,11,6.0,25.0,3.0,7.0,8.0,11.0,12.0,24.0,3.0,8.0,6.0,9.0,0.051328961826459164,0.34951456310679613,0.06598812143379032,0.543859649122807,3.0,2.0,False,2019
1,21,9,7.0,19.0,2.0,6.0,9.0,10.0,7.0,19.0,4.0,9.0,8.0,10.0,0.10214522256511036,0.45098039215686275,0.07706812533528716,0.2815533980582524,2.0,1.0,True,2019
0,7,24,9.0,21.0,3.0,6.0,4.0,4.0,9.0,15.0,4.0,6.0,10.0,12.0,0.04080300204763009,0.24509803921568626,0.1657111111415513,0.5490196078431373,1.0,3.0,False,2019
0,11,6,12.0,24.0,3.0,8.0,6.0,9.0,6.0,25.0,3.0,7.0,8.0,11.0,0.06598812143379032,0.543859649122807,0.04106316946116733,0.34615384615384615,2.0,3.0,True,2019
1,4,27,14.0,21.0,6.0,9.0,8.0,12.0,9.0,21.0,5.0,10.0,6.0,7.0,0.10890999949651185,0.5596330275229358,0.03420238008807998,0.3106796116504854,2.0,2.0,True,2019
0,9,21,7.0,19.0,4.0,9.0,8.0,10.0,7.0,19.0,2.0,6.0,9.0,10.0,0.07706812533528716,0.2815533980582524,0.1217161780520883,0.4563106796116505,1.0,2.0,False,2019
0,27,4,9.0,21.0,5.0,10.0,6.0,7.0,14.0,21.0,6.0,9.0,8.0,12.0,0.03420238008807998,0.3106796116504854,0.1271279995972095,0.5636363636363636,2.0,2.0,False,2019
0,28,18,7.0,15.0,2.0,6.0,5.0,5.0,10.0,21.0,4.0,6.0,6.0,8.0,0.0868946247299112,0.34615384615384615,0.14281012249993427,0.6228070175438597,1.0,3.0,False,2019
1,23,5,8.0,15.0,4.0,9.0,3.0,4.0,7.0,11.0,3.0,7.0,6.0,6.0,0.1356673871916914,0.5370370370370371,0.09442333825678659,0.5420560747663551,2.0,2.0,True,2019
0,10,17,8.0,16.0,3.0,7.0,4.0,5.0,13.0,22.0,10.0,15.0,7.0,8.0,0.09232575639305259,0.33980582524271846,0.0711776045384869,0.5754716981132075,2.0,3.0,False,2019
1,18,28,10.0,21.0,4.0,6.0,6.0,8.0,7.0,15.0,2.0,6.0,5.0,5.0,0.14281012249993427,0.6228070175438597,0.06951569978392896,0.34285714285714286,3.0,1.0,True,2019
1,17,10,13.0,22.0,10.0,15.0,7.0,8.0,8.0,16.0,3.0,7.0,4.0,5.0,0.0711776045384869,0.5754716981132075,0.07386060511444206,0.33653846153846156,3.0,2.0,True,2019
0,5,23,7.0,11.0,3.0,7.0,6.0,6.0,8.0,15.0,4.0,9.0,3.0,4.0,0.09442333825678659,0.5420560747663551,0.14853390975335315,0.5412844036697247,2.0,2.0,False,2019
1,1,13,9.0,15.0,4.0,11.0,7.0,9.0,6.0,14.0,5.0,7.0,5.0,8.0,0.0815703549786507,0.7203389830508474,0.15375675461148358,0.33663366336633666,2.0,4.0,False,2019
1,26,3,10.0,17.0,2.0,8.0,4.0,5.0,10.0,22.0,4.0,8.0,2.0,3.0,0.12527053608163208,0.5794392523364486,0.07168665733548692,0.5365853658536586,4.0,2.0,True,2019
0,3,26,10.0,22.0,4.0,8.0,2.0,3.0,10.0,17.0,2.0,8.0,4.0,5.0,0.07168665733548692,0.5365853658536586,0.14021642886530566,0.5833333333333334,2.0,4.0,False,2019
0,0,25,18.0,31.0,4.0,9.0,11.0,12.0,14.0,24.0,3.0,7.0,7.0,8.0,0.12775113730437648,0.712,0.17193533801862196,0.7105263157894737,3.0,2.0,False,2019
1,29,22,15.0,27.0,3.0,7.0,6.0,10.0,6.0,13.0,2.0,5.0,7.0,8.0,0.10297184220366665,0.45098039215686275,0.1315365651250767,0.5818181818181818,2.0,2.0,True,2019
1,25,0,14.0,24.0,3.0,7.0,7.0,8.0,18.0,31.0,4.0,9.0,11.0,12.0,0.17193533801862196,0.7105263157894737,0.10220090984350119,0.7063492063492064,2.0,3.0,True,2019
1,15,24,8.0,20.0,3.0,7.0,7.0,8.0,11.0,17.0,4.0,7.0,8.0,12.0,0.07682143757206025,0.3627450980392157,0.1657111111415513,0.5490196078431373,4.0,1.0,False,2019
0,24,15,11.0,17.0,4.0,7.0,8.0,12.0,8.0,20.0,3.0,7.0,7.0,8.0,0.1657111111415513,0.5490196078431373,0.0614571500576482,0.3592233009708738,1.0,4.0,True,2019
0,22,29,6.0,13.0,2.0,5.0,7.0,8.0,15.0,27.0,3.0,7.0,6.0,10.0,0.1315365651250767,0.5818181818181818,0.12237747376293331,0.4563106796116505,2.0,2.0,False,2019
1,6,16,10.0,27.0,5.0,14.0,8.0,8.0,13.0,25.0,3.0,7.0,9.0,9.0,0.04106316946116733,0.34615384615384615,0.08599150371469826,0.3333333333333333,2.0,3.0,False,2019
0,27,19,11.0,18.0,2.0,6.0,6.0,7.0,9.0,16.0,6.0,9.0,4.0,7.0,0.02736190407046398,0.3076923076923077,0.14941213004733872,0.5,2.0,3.0,False,2019
0,11,21,12.0,22.0,6.0,10.0,4.0,6.0,10.0,18.0,3.0,8.0,2.0,5.0,0.09279049714703225,0.5478260869565217,0.1217161780520883,0.4563106796116505,2.0,2.0,True,2019
0,14,18,6.0,15.0,3.0,6.0,5.0,5.0,6.0,13.0,2.0,7.0,6.0,10.0,0.09848569485925032,0.48623853211009177,0.15424809799994743,0.6260869565217392,2.0,2.0,False,2019
1,26,9,8.0,15.0,7.0,11.0,5.0,6.0,9.0,15.0,3.0,6.0,2.0,3.0,0.14021642886530566,0.5833333333333334,0.06165450026822973,0.27884615384615385,2.0,2.0,True,2019
1,17,20,14.0,21.0,3.0,8.0,5.0,5.0,9.0,21.0,4.0,10.0,5.0,7.0,0.09694208363078952,0.5794392523364486,0.14401521800478234,0.5825242718446602,2.0,3.0,False,2019
0,20,17,9.0,21.0,4.0,10.0,5.0,7.0,14.0,21.0,3.0,8.0,5.0,5.0,0.14401521800478234,0.5825242718446602,0.07755366690463161,0.5740740740740741,3.0,2.0,True,2019
0,1,5,12.0,20.0,7.0,11.0,3.0,4.0,7.0,16.0,2.0,6.0,8.0,10.0,0.06525628398292056,0.7142857142857143,0.07553867060542926,0.5370370370370371,2.0,2.0,True,2019
1,5,1,7.0,16.0,2.0,6.0,8.0,10.0,12.0,20.0,7.0,11.0,3.0,4.0,0.07553867060542926,0.5370370370370371,0.09220502718633646,0.7166666666666667,2.0,2.0,False,2019
1,19,27,9.0,16.0,6.0,9.0,4.0,7.0,11.0,18.0,2.0,6.0,6.0,7.0,0.14941213004733872,0.5,0.021889523256371186,0.3047619047619048,3.0,2.0,True,2019
1,18,14,6.0,13.0,2.0,7.0,6.0,10.0,6.0,15.0,3.0,6.0,5.0,5.0,0.15424809799994743,0.6260869565217392,0.07878855588740026,0.4818181818181818,2.0,2.0,True,2019
1,7,10,9.0,21.0,3.0,6.0,5.0,6.0,11.0,20.0,2.0,6.0,5.0,7.0,0.03264240163810407,0.24271844660194175,0.07386060511444206,0.33653846153846156,2.0,2.0,False,2019
0,16,6,13.0,25.0,3.0,7.0,9.0,9.0,10.0,27.0,5.0,14.0,8.0,8.0,0.08599150371469826,0.3333333333333333,0.032850535568933865,0.34285714285714286,3.0,2.0,True,2019
0,13,29,9.0,17.0,4.0,6.0,7.0,9.0,12.0,21.0,3.0,7.0,8.0,10.0,0.15375675461148358,0.33663366336633666,0.12237747376293331,0.4563106796116505,2.0,1.0,False,2019
1,2,3,11.0,15.0,5.0,7.0,5.0,5.0,6.0,18.0,3.0,6.0,7.0,8.0,0.09976445157376,0.5,0.057349325868389534,0.532258064516129,4.0,2.0,True,2019
0,10,7,11.0,20.0,2.0,6.0,5.0,7.0,9.0,21.0,3.0,6.0,5.0,6.0,0.07386060511444206,0.33653846153846156,0.026113921310483255,0.2403846153846154,2.0,2.0,True,2019
0,9,26,9.0,15.0,3.0,6.0,2.0,3.0,8.0,15.0,7.0,11.0,5.0,6.0,0.06165450026822973,0.27884615384615385,0.15217314309224453,0.5871559633027523,2.0,2.0,False,2019
0,3,2,6.0,18.0,3.0,6.0,7.0,8.0,11.0,15.0,5.0,7.0,5.0,5.0,0.057349325868389534,0.532258064516129,0.119811561259008,0.5238095238095238,2.0,4.0,False,2019
1,12,8,8.0,22.0,3.0,10.0,4.0,6.0,15.0,23.0,3.0,9.0,9.0,10.0,0.04772577303660553,0.48598130841121495,0.08783631596551235,0.5663716814159292,3.0,2.0,True,2019
0,8,12,15.0,23.0,3.0,9.0,9.0,10.0,8.0,22.0,3.0,10.0,4.0,6.0,0.08783631596551235,0.5663716814159292,0.07818061842928442,0.49074074074074076,2.0,3.0,False,2019
1,21,11,10.0,18.0,3.0,8.0,2.0,5.0,12.0,22.0,6.0,10.0,4.0,6.0,0.1217161780520883,0.4563106796116505,0.11423239771762579,0.5517241379310345,2.0,2.0,False,2019
1,29,13,12.0,21.0,3.0,7.0,8.0,10.0,9.0,17.0,4.0,6.0,7.0,9.0,0.12237747376293331,0.4563106796116505,0.12300540368918686,0.3333333333333333,1.0,2.0,True,2019
0,25,3,11.0,21.0,3.0,9.0,9.0,9.0,7.0,17.0,1.0,7.0,6.0,6.0,0.17754827041489754,0.7130434782608696,0.045879460694711625,0.528,2.0,1.0,True,2019
0,4,28,11.0,18.0,4.0,9.0,13.0,16.0,10.0,22.0,5.0,12.0,4.0,5.0,0.1271279995972095,0.5636363636363636,0.06951569978392896,0.34285714285714286,3.0,3.0,False,2019
1,14,6,12.0,24.0,3.0,6.0,6.0,7.0,5.0,13.0,3.0,7.0,4.0,4.0,0.07878855588740026,0.4818181818181818,0.032850535568933865,0.34285714285714286,1.0,1.0,True,2019
1,23,2,11.0,18.0,2.0,7.0,7.0,7.0,8.0,16.0,4.0,9.0,10.0,10.0,0.14853390975335315,0.5412844036697247,0.119811561259008,0.5238095238095238,3.0,1.0,False,2019
1,3,25,7.0,17.0,1.0,7.0,6.0,6.0,11.0,21.0,3.0,9.0,9.0,9.0,0.045879460694711625,0.528,0.18203861633191804,0.7155172413793104,1.0,2.0,False,2019
0,27,1,11.0,17.0,2.0,8.0,5.0,5.0,9.0,16.0,6.0,11.0,6.0,7.0,0.021889523256371186,0.3047619047619048,0.09220502718633646,0.7166666666666667,1.0,1.0,False,2019
0,2,23,8.0,16.0,4.0,9.0,10.0,10.0,11.0,18.0,2.0,7.0,7.0,7.0,0.119811561259008,0.5238095238095238,0.11882712780268252,0.5363636363636364,1.0,3.0,True,2019
0,22,15,10.0,19.0,2.0,6.0,5.0,6.0,8.0,16.0,3.0,9.0,7.0,7.0,0.10522925210006136,0.5765765765765766,0.0614571500576482,0.3592233009708738,2.0,2.0,False,2019
0,6,14,5.0,13.0,3.0,7.0,4.0,4.0,12.0,24.0,3.0,6.0,6.0,7.0,0.032850535568933865,0.34285714285714286,0.10303084470992022,0.4864864864864865,1.0,1.0,False,2019
1,19,0,9.0,22.0,3.0,9.0,6.0,8.0,10.0,21.0,3.0,9.0,9.0,9.0,0.15952970403787098,0.504950495049505,0.10220090984350119,0.7063492063492064,1.0,2.0,True,2019
1,28,4,10.0,22.0,5.0,12.0,4.0,5.0,11.0,18.0,4.0,9.0,13.0,16.0,0.06951569978392896,0.34285714285714286,0.10170239967776759,0.5585585585585585,3.0,3.0,True,2019
0,0,19,10.0,21.0,3.0,9.0,9.0,9.0,9.0,22.0,3.0,9.0,6.0,8.0,0.10220090984350119,0.7063492063492064,0.16762376323029676,0.5098039215686274,2.0,1.0,False,2019
1,15,22,8.0,16.0,3.0,9.0,7.0,7.0,10.0,19.0,2.0,6.0,5.0,6.0,0.0614571500576482,0.3592233009708738,0.08418340168004909,0.5714285714285714,2.0,2.0,True,2019
1,1,27,9.0,16.0,6.0,11.0,6.0,7.0,11.0,17.0,2.0,8.0,5.0,5.0,0.09220502718633646,0.7166666666666667,0.017511618605096948,0.3018867924528302,1.0,1.0,True,2019
1,12,11,11.0,17.0,4.0,9.0,6.0,7.0,9.0,24.0,3.0,7.0,4.0,5.0,0.07818061842928442,0.49074074074074076,0.11423239771762579,0.5517241379310345,2.0,2.0,True,2019
1,21,8,7.0,16.0,3.0,6.0,4.0,6.0,14.0,19.0,3.0,10.0,6.0,6.0,0.09737294244167063,0.4519230769230769,0.07026905277240988,0.5614035087719298,2.0,2.0,False,2019
0,11,12,9.0,24.0,3.0,7.0,4.0,5.0,11.0,17.0,4.0,9.0,6.0,7.0,0.11423239771762579,0.5517241379310345,0.10254449474342753,0.4954128440366973,2.0,2.0,False,2019
0,17,5,12.0,28.0,4.0,11.0,10.0,10.0,13.0,27.0,4.0,5.0,10.0,10.0,0.07755366690463161,0.5740740740740741,0.06043093648434341,0.5321100917431193,2.0,2.0,False,2019
1,5,17,13.0,27.0,4.0,5.0,10.0,10.0,12.0,28.0,4.0,11.0,10.0,10.0,0.06043093648434341,0.5321100917431193,0.06204293352370529,0.5688073394495413,2.0,2.0,True,2019
0,24,13,11.0,18.0,2.0,6.0,5.0,6.0,11.0,28.0,3.0,9.0,5.0,7.0,0.17256888891324101,0.5533980582524272,0.12300540368918686,0.3333333333333333,3.0,2.0,False,2019
0,8,21,14.0,19.0,3.0,10.0,6.0,6.0,7.0,16.0,3.0,6.0,4.0,6.0,0.07026905277240988,0.5614035087719298,0.07789835395333651,0.44761904761904764,2.0,2.0,True,2019
1,29,7,9.0,17.0,3.0,8.0,4.0,7.0,7.0,13.0,3.0,7.0,3.0,4.0,0.13790197901034665,0.46153846153846156,0.026113921310483255,0.2403846153846154,2.0,2.0,True,2019
1,13,24,11.0,28.0,3.0,9.0,5.0,7.0,11.0,18.0,2.0,6.0,5.0,6.0,0.12300540368918686,0.3333333333333333,0.13805511113059282,0.5480769230769231,2.0,3.0,True,2019
0,16,18,6.0,17.0,3.0,6.0,6.0,7.0,9.0,17.0,3.0,6.0,7.0,8.0,0.10879320297175861,0.33980582524271846,0.16339847839995794,0.6293103448275862,2.0,2.0,False,2019
1,18,16,9.0,17.0,3.0,6.0,7.0,8.0,6.0,17.0,3.0,6.0,6.0,7.0,0.16339847839995794,0.6293103448275862,0.0870345623774069,0.33653846153846156,2.0,2.0,True,2019
0,7,29,7.0,13.0,3.0,7.0,3.0,4.0,9.0,17.0,3.0,8.0,4.0,7.0,0.026113921310483255,0.2403846153846154,0.15032158320827732,0.4666666666666667,2.0,2.0,False,2019
0,1,23,11.0,17.0,3.0,8.0,10.0,13.0,10.0,24.0,3.0,4.0,7.0,8.0,0.11376402174906916,0.71900826446281,0.11882712780268252,0.5363636363636364,2.0,2.0,False,2019
1,9,0,11.0,20.0,3.0,6.0,4.0,6.0,10.0,20.0,6.0,10.0,7.0,8.0,0.04932360021458378,0.2761904761904762,0.08176072787480096,0.7007874015748031,3.0,2.0,False,2019
1,28,14,7.0,15.0,4.0,9.0,4.0,5.0,12.0,25.0,5.0,8.0,3.0,4.0,0.09561255982714319,0.3490566037735849,0.10303084470992022,0.4864864864864865,2.0,2.0,False,2019
1,8,24,15.0,24.0,4.0,8.0,4.0,7.0,10.0,16.0,2.0,6.0,8.0,9.0,0.0962152422179279,0.5652173913043478,0.13805511113059282,0.5480769230769231,1.0,1.0,False,2019
0,20,25,9.0,21.0,3.0,7.0,7.0,8.0,10.0,19.0,3.0,7.0,6.0,6.0,0.15521217440382587,0.5865384615384616,0.18203861633191804,0.7155172413793104,3.0,2.0,True,2019
1,25,20,10.0,19.0,3.0,7.0,6.0,6.0,9.0,21.0,3.0,7.0,7.0,8.0,0.18203861633191804,0.7155172413793104,0.1641697395230607,0.5904761904761905,2.0,3.0,False,2019
0,24,8,10.0,16.0,2.0,6.0,8.0,9.0,15.0,24.0,4.0,8.0,4.0,7.0,0.13805511113059282,0.5480769230769231,0.07697219377434232,0.5603448275862069,1.0,1.0,True,2019
0,0,9,10.0,20.0,6.0,10.0,7.0,8.0,11.0,20.0,3.0,6.0,4.0,6.0,0.08176072787480096,0.7007874015748031,0.03945888017166703,0.27358490566037735,2.0,3.0,True,2019
1,23,1,10.0,24.0,3.0,4.0,7.0,8.0,11.0,17.0,3.0,8.0,10.0,13.0,0.11882712780268252,0.5363636363636364,0.09101121739925533,0.7131147540983607,2.0,2.0,True,2019
0,14,28,12.0,25.0,5.0,8.0,3.0,4.0,7.0,15.0,4.0,9.0,4.0,5.0,0.10303084470992022,0.4864864864864865,0.07649004786171455,0.34579439252336447,2.0,2.0,True,2019
0,3,6,9.0,22.0,1.0,4.0,5.0,5.0,13.0,31.0,4.0,12.0,2.0,6.0,0.0367035685557693,0.5238095238095238,0.02628042845514709,0.33962264150943394,2.0,2.0,True,2019
0,26,19,7.0,18.0,2.0,8.0,7.0,7.0,7.0,18.0,3.0,8.0,5.0,6.0,0.15217314309224453,0.5871559633027523,0.16762376323029676,0.5098039215686274,3.0,2.0,True,2019
1,19,26,7.0,18.0,3.0,8.0,5.0,6.0,7.0,18.0,2.0,8.0,7.0,7.0,0.16762376323029676,0.5098039215686274,0.1617385144737956,0.5909090909090909,2.0,3.0,False,2019
1,6,3,13.0,31.0,4.0,12.0,2.0,6.0,9.0,22.0,1.0,4.0,5.0,5.0,0.02628042845514709,0.33962264150943394,0.06936285484461543,0.5275590551181102,2.0,2.0,False,2019
0,17,13,10.0,23.0,2.0,8.0,11.0,12.0,6.0,14.0,3.0,6.0,7.0,9.0,0.06204293352370529,0.5688073394495413,0.1384043229513495,0.33980582524271846,2.0,2.0,False,2019
0,5,11,9.0,13.0,2.0,5.0,2.0,3.0,7.0,13.0,4.0,6.0,8.0,10.0,0.08834474918747473,0.5363636363636364,0.09138591817410063,0.5470085470085471,2.0,2.0,False,2019
0,15,7,7.0,13.0,3.0,5.0,5.0,9.0,9.0,13.0,4.0,9.0,4.0,6.0,0.08916572004611856,0.36538461538461536,0.020891137048386604,0.23809523809523808,3.0,2.0,True,2019
1,11,5,7.0,13.0,4.0,6.0,8.0,10.0,9.0,13.0,2.0,5.0,2.0,3.0,0.09138591817410063,0.5470085470085471,0.07067579934997978,0.5315315315315315,2.0,2.0,True,2019
0,10,12,8.0,16.0,3.0,6.0,4.0,4.0,6.0,14.0,4.0,10.0,1.0,2.0,0.09908848409155364,0.34285714285714286,0.10254449474342753,0.4954128440366973,4.0,2.0,True,2019
1,7,15,9.0,13.0,4.0,9.0,4.0,6.0,7.0,13.0,3.0,5.0,5.0,9.0,0.020891137048386604,0.23809523809523808,0.11133257603689484,0.37142857142857144,2.0,3.0,False,2019
1,22,27,8.0,17.0,3.0,4.0,8.0,8.0,8.0,24.0,5.0,13.0,2.0,2.0,0.08418340168004909,0.5714285714285714,0.017511618605096948,0.3018867924528302,3.0,3.0,True,2019
1,13,17,6.0,14.0,3.0,6.0,7.0,9.0,10.0,23.0,2.0,8.0,11.0,12.0,0.1384043229513495,0.33980582524271846,0.04963434681896423,0.5636363636363636,2.0,2.0,True,2019
0,27,22,8.0,24.0,5.0,13.0,2.0,2.0,8.0,17.0,3.0,4.0,8.0,8.0,0.017511618605096948,0.3018867924528302,0.10734672134403926,0.5752212389380531,3.0,3.0,False,2019
1,12,10,6.0,14.0,4.0,10.0,1.0,2.0,8.0,16.0,3.0,6.0,4.0,4.0,0.10254449474342753,0.4954128440366973,0.11927078727324292,0.3490566037735849,2.0,4.0,False,2019
0,26,6,15.0,27.0,6.0,13.0,11.0,14.0,7.0,15.0,7.0,13.0,5.0,8.0,0.1617385144737956,0.5909090909090909,0.021024342764117673,0.3364485981308411,2.0,2.0,True,2019
0,0,3,11.0,20.0,9.0,14.0,11.0,12.0,7.0,17.0,3.0,9.0,4.0,6.0,0.10540858229984076,0.703125,0.06936285484461543,0.5275590551181102,2.0,2.0,True,2019
1,4,19,10.0,17.0,3.0,6.0,7.0,7.0,11.0,22.0,4.0,11.0,5.0,6.0,0.10170239967776759,0.5585585585585585,0.1340990105842374,0.5048543689320388,4.0,2.0,True,2019
0,13,8,6.0,13.0,3.0,9.0,4.0,5.0,11.0,20.0,4.0,6.0,5.0,7.0,0.15072345836107962,0.34615384615384615,0.07697219377434232,0.5603448275862069,1.0,2.0,False,2019
0,19,4,11.0,22.0,4.0,11.0,5.0,6.0,10.0,17.0,3.0,6.0,7.0,7.0,0.1340990105842374,0.5048543689320388,0.12136191974221408,0.5625,2.0,4.0,False,2019
0,18,25,15.0,27.0,5.0,12.0,4.0,4.0,13.0,24.0,5.0,7.0,8.0,9.0,0.17071878271996635,0.6324786324786325,0.14563089306553442,0.7094017094017094,3.0,2.0,False,2019
1,6,26,7.0,15.0,7.0,13.0,5.0,8.0,15.0,27.0,6.0,13.0,11.0,14.0,0.021024342764117673,0.3364485981308411,0.16939081157903652,0.5945945945945946,2.0,2.0,False,2019
1,9,14,12.0,18.0,3.0,9.0,5.0,9.0,12.0,22.0,2.0,9.0,10.0,13.0,0.03945888017166703,0.27358490566037735,0.12242467576793617,0.49107142857142855,2.0,2.0,False,2019
1,3,0,7.0,17.0,3.0,9.0,4.0,6.0,11.0,20.0,9.0,14.0,11.0,12.0,0.06936285484461543,0.5275590551181102,0.1243268658398726,0.7054263565891473,2.0,2.0,False,2019
0,14,9,12.0,22.0,2.0,9.0,10.0,13.0,12.0,18.0,3.0,9.0,5.0,9.0,0.12242467576793617,0.49107142857142855,0.03156710413733362,0.27102803738317754,2.0,2.0,True,2019
0,20,10,10.0,25.0,2.0,4.0,9.0,11.0,11.0,19.0,6.0,10.0,4.0,4.0,0.1641697395230607,0.5904761904761905,0.11927078727324292,0.3490566037735849,2.0,1.0,True,2019
0,21,23,7.0,18.0,3.0,6.0,4.0,5.0,13.0,20.0,4.0,5.0,5.0,7.0,0.07789835395333651,0.44761904761904764,0.13506170224214603,0.5405405405405406,3.0,2.0,False,2019
1,10,20,11.0,19.0,6.0,10.0,4.0,4.0,10.0,25.0,2.0,4.0,9.0,11.0,0.11927078727324292,0.3490566037735849,0.17133579161844856,0.5943396226415094,1.0,2.0,False,2019
1,25,18,13.0,24.0,5.0,7.0,8.0,9.0,15.0,27.0,5.0,12.0,4.0,4.0,0.14563089306553442,0.7094017094017094,0.13657502617597309,0.6271186440677966,2.0,3.0,True,2019
1,29,5,15.0,24.0,3.0,9.0,9.0,13.0,12.0,27.0,3.0,7.0,8.0,8.0,0.15032158320827732,0.4666666666666667,0.07067579934997978,0.5315315315315315,3.0,1.0,True,2019
1,16,24,9.0,16.0,2.0,5.0,5.0,6.0,5.0,15.0,3.0,7.0,11.0,12.0,0.0870345623774069,0.33653846153846156,0.15044408890447425,0.5523809523809524,3.0,2.0,True,2019
0,24,16,5.0,15.0,3.0,7.0,11.0,12.0,9.0,16.0,2.0,5.0,5.0,6.0,0.15044408890447425,0.5523809523809524,0.1096276499019255,0.34285714285714286,2.0,3.0,False,2019
0,5,29,12.0,27.0,3.0,7.0,8.0,8.0,15.0,24.0,3.0,9.0,9.0,13.0,0.07067579934997978,0.5315315315315315,0.16025726656662187,0.4716981132075472,1.0,3.0,False,2019
1,23,21,13.0,20.0,4.0,5.0,5.0,7.0,7.0,18.0,3.0,6.0,4.0,5.0,0.13506170224214603,0.5405405405405406,0.06231868316266921,0.44339622641509435,2.0,3.0,True,2019
1,8,13,11.0,20.0,4.0,6.0,5.0,7.0,6.0,13.0,3.0,9.0,4.0,5.0,0.07697219377434232,0.5603448275862069,0.12057876668886369,0.34285714285714286,2.0,1.0,True,2019
1,11,1,10.0,13.0,4.0,6.0,5.0,6.0,5.0,16.0,2.0,8.0,3.0,4.0,0.1131087345392805,0.5508474576271186,0.09101121739925533,0.7131147540983607,2.0,3.0,True,2019
1,2,28,9.0,15.0,3.0,7.0,7.0,9.0,7.0,19.0,6.0,13.0,5.0,5.0,0.1358492490072064,0.5454545454545454,0.07649004786171455,0.34579439252336447,5.0,3.0,True,2019
0,28,2,7.0,19.0,6.0,13.0,5.0,5.0,9.0,15.0,3.0,7.0,7.0,9.0,0.07649004786171455,0.34579439252336447,0.14867939920576512,0.5652173913043478,3.0,5.0,False,2019
0,7,17,6.0,14.0,2.0,6.0,3.0,3.0,10.0,14.0,3.0,5.0,6.0,7.0,0.016712909638709285,0.2358490566037736,0.04963434681896423,0.5636363636363636,2.0,2.0,False,2019
0,1,11,5.0,16.0,2.0,8.0,3.0,4.0,10.0,13.0,4.0,6.0,5.0,6.0,0.09101121739925533,0.7131147540983607,0.13048698763142438,0.5546218487394958,3.0,2.0,False,2019
1,17,7,10.0,14.0,3.0,5.0,6.0,7.0,6.0,14.0,2.0,6.0,3.0,3.0,0.04963434681896423,0.5636363636363636,0.013370327710967429,0.2336448598130841,2.0,2.0,True,2019
1,21,20,6.0,14.0,3.0,8.0,11.0,12.0,8.0,20.0,4.0,10.0,8.0,9.0,0.06231868316266921,0.44339622641509435,0.17133579161844856,0.5943396226415094,2.0,2.0,True,2019
0,20,21,8.0,20.0,4.0,10.0,8.0,9.0,6.0,14.0,3.0,8.0,11.0,12.0,0.17133579161844856,0.5943396226415094,0.08985494653013536,0.4485981308411215,2.0,2.0,False,2019
1,7,12,8.0,13.0,6.0,10.0,7.0,9.0,7.0,12.0,4.0,8.0,10.0,11.0,0.013370327710967429,0.2336448598130841,0.08203559579474203,0.4909090909090909,1.0,3.0,False,2019
1,4,0,8.0,14.0,2.0,7.0,6.0,9.0,8.0,17.0,4.0,9.0,4.0,4.0,0.12136191974221408,0.5625,0.1243268658398726,0.7054263565891473,2.0,2.0,False,2019
1,19,18,7.0,19.0,2.0,9.0,17.0,24.0,13.0,27.0,4.0,10.0,11.0,12.0,0.10727920846738992,0.5,0.13657502617597309,0.6271186440677966,2.0,2.0,False,2019
0,18,19,13.0,27.0,4.0,10.0,11.0,12.0,7.0,19.0,2.0,9.0,17.0,24.0,0.13657502617597309,0.6271186440677966,0.08582336677391193,0.49523809523809526,2.0,2.0,True,2019
1,8,16,10.0,21.0,4.0,6.0,6.0,8.0,9.0,12.0,3.0,6.0,5.0,6.0,0.10157775501947386,0.5641025641025641,0.1096276499019255,0.34285714285714286,2.0,2.0,False,2019
0,12,7,7.0,12.0,4.0,8.0,10.0,11.0,8.0,13.0,6.0,10.0,7.0,9.0,0.08203559579474203,0.4909090909090909,0.010696262168773943,0.23148148148148148,3.0,1.0,True,2019
1,6,25,13.0,22.0,3.0,8.0,2.0,3.0,10.0,21.0,5.0,7.0,7.0,8.0,0.01681947421129414,0.3333333333333333,0.15650471445242756,0.711864406779661,2.0,2.0,True,2019
0,15,3,12.0,18.0,5.0,8.0,2.0,3.0,11.0,19.0,4.0,7.0,5.0,6.0,0.11133257603689484,0.37142857142857144,0.055490283875692346,0.5234375,3.0,2.0,True,2019
1,3,15,11.0,19.0,4.0,7.0,5.0,6.0,12.0,18.0,5.0,8.0,2.0,3.0,0.055490283875692346,0.5234375,0.12906606082951586,0.37735849056603776,2.0,3.0,False,2019
0,26,27,9.0,21.0,3.0,9.0,5.0,7.0,10.0,18.0,4.0,8.0,4.0,5.0,0.16939081157903652,0.5945945945945946,0.014009294884077558,0.29906542056074764,2.0,3.0,False,2019
0,0,4,8.0,17.0,4.0,9.0,4.0,4.0,8.0,14.0,2.0,7.0,6.0,9.0,0.1243268658398726,0.7054263565891473,0.09708953579377126,0.5575221238938053,2.0,2.0,True,2019
0,29,5,13.0,28.0,3.0,8.0,6.0,9.0,11.0,20.0,4.0,7.0,14.0,18.0,0.16025726656662187,0.4716981132075472,0.05654063947998382,0.5267857142857143,2.0,2.0,False,2019
1,27,26,10.0,18.0,4.0,8.0,4.0,5.0,9.0,21.0,3.0,9.0,5.0,7.0,0.014009294884077558,0.29906542056074764,0.1355126492632292,0.5892857142857143,3.0,2.0,True,2019
0,25,6,10.0,21.0,5.0,7.0,7.0,8.0,13.0,22.0,3.0,8.0,2.0,3.0,0.15650471445242756,0.711864406779661,0.05345557936903531,0.3394495412844037,2.0,2.0,False,2019
1,10,22,9.0,18.0,3.0,6.0,3.0,3.0,10.0,18.0,2.0,6.0,6.0,6.0,0.09541662981859433,0.34579439252336447,0.10734672134403926,0.5752212389380531,2.0,3.0,False,2019
0,22,10,10.0,18.0,2.0,6.0,6.0,6.0,9.0,18.0,3.0,6.0,3.0,3.0,0.10734672134403926,0.5752212389380531,0.07633330385487547,0.3425925925925926,3.0,2.0,True,2019
1,5,29,11.0,20.0,4.0,7.0,14.0,18.0,13.0,28.0,3.0,8.0,6.0,9.0,0.05654063947998382,0.5267857142857143,0.1282058132532975,0.4672897196261682,2.0,2.0,True,2019
0,16,8,9.0,12.0,3.0,6.0,5.0,6.0,10.0,21.0,4.0,6.0,6.0,8.0,0.1096276499019255,0.34285714285714286,0.08126220401557908,0.559322033898305,2.0,2.0,True,2019
0,20,9,9.0,17.0,3.0,9.0,6.0,7.0,12.0,20.0,3.0,8.0,3.0,5.0,0.13706863329475885,0.5887850467289719,0.03156710413733362,0.27102803738317754,1.0,3.0,False,2019
0,2,27,8.0,15.0,4.0,6.0,4.0,7.0,8.0,15.0,3.0,7.0,3.0,3.0,0.14867939920576512,0.5652173913043478,0.051207435907262046,0.3055555555555556,2.0,1.0,True,2019
0,29,16,9.0,18.0,4.0,8.0,2.0,3.0,7.0,12.0,1.0,4.0,3.0,4.0,0.1282058132532975,0.4672897196261682,0.1277021199215404,0.3490566037735849,1.0,1.0,True,2019
1,9,20,12.0,20.0,3.0,8.0,3.0,5.0,9.0,17.0,3.0,9.0,6.0,7.0,0.03156710413733362,0.27102803738317754,0.10965490663580708,0.5833333333333334,3.0,1.0,True,2019
1,27,2,8.0,15.0,3.0,7.0,3.0,3.0,8.0,15.0,4.0,6.0,4.0,7.0,0.051207435907262046,0.3055555555555556,0.1589435193646121,0.5833333333333334,1.0,2.0,False,2019
0,12,24,8.0,21.0,5.0,10.0,9.0,11.0,8.0,19.0,2.0,8.0,6.0,6.0,0.10562847663579363,0.4954954954954955,0.1203552711235794,0.5471698113207547,1.0,3.0,True,2019
0,14,3,12.0,25.0,4.0,7.0,5.0,5.0,13.0,23.0,4.0,7.0,3.0,4.0,0.13793974061434894,0.49557522123893805,0.04439222710055388,0.5193798449612403,3.0,1.0,False,2019
1,16,29,7.0,12.0,1.0,4.0,3.0,4.0,9.0,18.0,4.0,8.0,2.0,3.0,0.1277021199215404,0.3490566037735849,0.14256465060263798,0.4722222222222222,1.0,1.0,False,2019
1,24,12,8.0,19.0,2.0,8.0,6.0,6.0,8.0,21.0,5.0,10.0,9.0,11.0,0.1203552711235794,0.5471698113207547,0.1245027813086349,0.5,3.0,1.0,False,2019
1,3,14,13.0,23.0,4.0,7.0,3.0,4.0,12.0,25.0,4.0,7.0,5.0,5.0,0.04439222710055388,0.5193798449612403,0.11035179249147915,0.49122807017543857,1.0,3.0,True,2019
1,22,15,7.0,13.0,2.0,6.0,7.0,7.0,8.0,20.0,4.0,12.0,4.0,4.0,0.12587737707523142,0.5789473684210527,0.12906606082951586,0.37735849056603776,1.0,1.0,True,2019
1,28,6,10.0,13.0,3.0,5.0,5.0,6.0,10.0,17.0,5.0,5.0,4.0,8.0,0.06119203828937164,0.3425925925925926,0.05345557936903531,0.3394495412844037,2.0,1.0,False,2019
1,13,1,7.0,17.0,4.0,7.0,5.0,7.0,11.0,22.0,6.0,16.0,7.0,7.0,0.12057876668886369,0.34285714285714286,0.07280897391940426,0.7073170731707317,3.0,2.0,True,2019
1,17,23,8.0,16.0,4.0,9.0,8.0,9.0,9.0,25.0,2.0,6.0,5.0,6.0,0.0797074774551714,0.5675675675675675,0.1480493617937168,0.5446428571428571,2.0,3.0,True,2019
0,23,17,9.0,25.0,2.0,6.0,5.0,6.0,8.0,16.0,4.0,9.0,8.0,9.0,0.1480493617937168,0.5446428571428571,0.10376598196413711,0.5714285714285714,3.0,2.0,False,2019
0,15,22,8.0,20.0,4.0,12.0,4.0,4.0,7.0,13.0,2.0,6.0,7.0,7.0,0.12906606082951586,0.37735849056603776,0.14070190166018512,0.5826086956521739,1.0,1.0,False,2019
0,6,28,10.0,17.0,5.0,5.0,4.0,8.0,10.0,13.0,3.0,5.0,5.0,6.0,0.05345557936903531,0.3394495412844037,0.04895363063149731,0.3394495412844037,1.0,2.0,True,2019
0,1,13,11.0,22.0,6.0,16.0,7.0,7.0,7.0,17.0,4.0,7.0,5.0,7.0,0.07280897391940426,0.7073170731707317,0.13646301335109096,0.3490566037735849,2.0,3.0,False,2019
1,28,21,10.0,25.0,4.0,8.0,4.0,4.0,8.0,20.0,4.0,11.0,5.0,6.0,0.04895363063149731,0.3394495412844037,0.08985494653013536,0.4485981308411215,1.0,2.0,False,2019
1,25,4,9.0,21.0,5.0,11.0,3.0,3.0,8.0,15.0,5.0,8.0,6.0,6.0,0.12520377156194204,0.7058823529411765,0.09708953579377126,0.5575221238938053,2.0,2.0,False,2019
1,19,8,13.0,25.0,4.0,10.0,5.0,8.0,14.0,22.0,6.0,10.0,6.0,7.0,0.08582336677391193,0.49523809523809526,0.08126220401557908,0.559322033898305,2.0,2.0,False,2019
1,5,11,10.0,23.0,2.0,6.0,6.0,6.0,11.0,23.0,3.0,8.0,8.0,10.0,0.08523251158398706,0.5309734513274337,0.13048698763142438,0.5546218487394958,2.0,3.0,True,2019
0,21,28,8.0,20.0,4.0,11.0,5.0,6.0,10.0,25.0,4.0,8.0,4.0,4.0,0.08985494653013536,0.4485981308411215,0.03916290450519785,0.33636363636363636,2.0,1.0,True,2019
0,11,5,11.0,23.0,3.0,8.0,8.0,10.0,10.0,23.0,2.0,6.0,6.0,6.0,0.13048698763142438,0.5546218487394958,0.10818600926718965,0.5350877192982456,3.0,2.0,False,2019
0,4,25,8.0,15.0,5.0,8.0,6.0,6.0,9.0,21.0,5.0,11.0,3.0,3.0,0.09708953579377126,0.5575221238938053,0.10016301724955363,0.7,2.0,2.0,True,2019
0,8,19,14.0,22.0,6.0,10.0,6.0,7.0,13.0,25.0,4.0,10.0,5.0,8.0,0.08126220401557908,0.559322033898305,0.06865869341912954,0.49056603773584906,2.0,2.0,True,2019
1,0,23,12.0,23.0,7.0,14.0,7.0,7.0,11.0,18.0,3.0,6.0,8.0,12.0,0.13946149267189809,0.7076923076923077,0.11843948943497344,0.5398230088495575,3.0,2.0,True,2019
0,14,22,10.0,27.0,4.0,9.0,6.0,7.0,11.0,16.0,3.0,5.0,5.0,6.0,0.11035179249147915,0.49122807017543857,0.14070190166018512,0.5826086956521739,2.0,2.0,False,2019
1,26,11,9.0,18.0,5.0,6.0,10.0,12.0,6.0,15.0,3.0,8.0,5.0,6.0,0.1355126492632292,0.5892857142857143,0.10438959010513951,0.55,3.0,1.0,True,2019
1,7,24,9.0,16.0,4.0,8.0,5.0,7.0,11.0,19.0,2.0,5.0,11.0,12.0,0.010696262168773943,0.23148148148148148,0.09628421689886352,0.5420560747663551,3.0,2.0,False,2019
1,27,15,7.0,16.0,3.0,8.0,3.0,3.0,8.0,16.0,4.0,9.0,5.0,6.0,0.04096594872580964,0.30275229357798167,0.10325284866361269,0.37383177570093457,2.0,2.0,False,2019
0,15,27,8.0,16.0,4.0,9.0,5.0,6.0,7.0,16.0,3.0,8.0,3.0,3.0,0.10325284866361269,0.37383177570093457,0.03277275898064771,0.3,2.0,2.0,True,2019
0,12,29,11.0,20.0,6.0,10.0,3.0,4.0,14.0,22.0,4.0,7.0,4.0,8.0,0.1245027813086349,0.5,0.14256465060263798,0.4722222222222222,2.0,2.0,False,2019
0,19,18,11.0,18.0,5.0,8.0,5.0,11.0,8.0,16.0,4.0,7.0,11.0,14.0,0.06865869341912954,0.49056603773584906,0.14926002094077845,0.6302521008403361,1.0,3.0,False,2019
1,18,19,8.0,16.0,4.0,7.0,11.0,14.0,11.0,18.0,5.0,8.0,5.0,11.0,0.14926002094077845,0.6302521008403361,0.05492695473530364,0.48598130841121495,3.0,1.0,True,2019
0,16,20,5.0,14.0,2.0,8.0,7.0,7.0,9.0,14.0,4.0,5.0,8.0,9.0,0.10216169593723232,0.34579439252336447,0.10965490663580708,0.5833333333333334,2.0,2.0,False,2019
0,10,13,7.0,15.0,2.0,6.0,2.0,2.0,7.0,15.0,5.0,10.0,5.0,5.0,0.07633330385487547,0.3425925925925926,0.13646301335109096,0.3490566037735849,3.0,2.0,False,2019
0,24,7,11.0,19.0,2.0,5.0,11.0,12.0,9.0,16.0,4.0,8.0,5.0,7.0,0.09628421689886352,0.5420560747663551,0.008557009735019154,0.22935779816513763,2.0,3.0,True,2019
0,11,26,6.0,15.0,3.0,8.0,5.0,6.0,9.0,18.0,5.0,6.0,10.0,12.0,0.10438959010513951,0.55,0.14841011941058338,0.5929203539823009,1.0,3.0,False,2019
0,23,0,11.0,18.0,3.0,6.0,8.0,12.0,12.0,23.0,7.0,14.0,7.0,7.0,0.11843948943497344,0.5398230088495575,0.1515691941375185,0.7099236641221374,2.0,3.0,False,2019
1,2,8,10.0,16.0,5.0,8.0,6.0,7.0,17.0,34.0,2.0,4.0,7.0,9.0,0.1589435193646121,0.5833333333333334,0.10500976321246328,0.5630252100840336,2.0,1.0,True,2019
0,8,2,17.0,34.0,2.0,4.0,7.0,9.0,10.0,16.0,5.0,8.0,6.0,7.0,0.10500976321246328,0.5630252100840336,0.16715481549168967,0.6,1.0,2.0,False,2019
1,4,3,8.0,16.0,4.0,5.0,4.0,4.0,8.0,18.0,3.0,5.0,3.0,4.0,0.11767162863501701,0.5614035087719298,0.0755137816804431,0.5230769230769231,1.0,2.0,True,2019
1,29,12,14.0,22.0,4.0,7.0,4.0,8.0,11.0,20.0,6.0,10.0,3.0,4.0,0.14256465060263798,0.4722222222222222,0.09960222504690792,0.49557522123893805,2.0,2.0,True,2019
1,20,16,9.0,14.0,4.0,5.0,8.0,9.0,5.0,14.0,2.0,8.0,7.0,7.0,0.10965490663580708,0.5833333333333334,0.08172935674978585,0.3425925925925926,2.0,2.0,True,2019
1,22,14,11.0,16.0,3.0,5.0,5.0,6.0,10.0,27.0,4.0,9.0,6.0,7.0,0.14070190166018512,0.5826086956521739,0.08828143399318332,0.48695652173913045,2.0,2.0,True,2019
0,3,4,8.0,18.0,3.0,5.0,3.0,4.0,8.0,16.0,4.0,5.0,4.0,4.0,0.0755137816804431,0.5230769230769231,0.1341373029080136,0.5652173913043478,2.0,1.0,False,2019
1,13,10,7.0,15.0,5.0,10.0,5.0,5.0,7.0,15.0,2.0,6.0,2.0,2.0,0.13646301335109096,0.3490566037735849,0.06106664308390038,0.3394495412844037,2.0,3.0,True,2019
1,1,17,10.0,21.0,4.0,9.0,7.0,8.0,12.0,25.0,4.0,7.0,9.0,10.0,0.05824717913552341,0.7016129032258065,0.10376598196413711,0.5714285714285714,3.0,3.0,True,2019
1,24,25,7.0,11.0,3.0,5.0,4.0,4.0,11.0,18.0,4.0,8.0,2.0,2.0,0.11702737351909083,0.5462962962962963,0.10016301724955363,0.7,1.0,2.0,False,2019
0,7,5,9.0,16.0,3.0,7.0,4.0,5.0,8.0,16.0,5.0,5.0,4.0,4.0,0.008557009735019154,0.22935779816513763,0.10818600926718965,0.5350877192982456,1.0,2.0,False,2019
0,25,24,11.0,18.0,4.0,8.0,2.0,2.0,7.0,11.0,3.0,5.0,4.0,4.0,0.10016301724955363,0.7,0.09362189881527266,0.5412844036697247,2.0,1.0,True,2019
0,17,1,12.0,25.0,4.0,7.0,9.0,10.0,10.0,21.0,4.0,9.0,7.0,8.0,0.10376598196413711,0.5714285714285714,0.08659774330841874,0.704,3.0,3.0,False,2019
1,5,7,8.0,16.0,5.0,5.0,4.0,4.0,9.0,16.0,3.0,7.0,4.0,5.0,0.10818600926718965,0.5350877192982456,0.006845607788015323,0.22727272727272727,2.0,1.0,True,2019
0,6,18,11.0,18.0,4.0,8.0,13.0,14.0,12.0,18.0,3.0,7.0,7.0,8.0,0.08276446349522824,0.34545454545454546,0.15940801675262278,0.6333333333333333,4.0,2.0,True,2019
0,28,3,8.0,18.0,4.0,9.0,4.0,4.0,12.0,21.0,3.0,7.0,4.0,4.0,0.03916290450519785,0.33636363636363636,0.06041102534435448,0.5190839694656488,3.0,2.0,False,2019
1,8,26,16.0,32.0,1.0,6.0,11.0,11.0,9.0,18.0,4.0,11.0,6.0,10.0,0.08400781056997061,0.5583333333333333,0.14841011941058338,0.5929203539823009,2.0,2.0,True,2019
1,0,25,13.0,22.0,2.0,8.0,2.0,2.0,9.0,18.0,2.0,7.0,6.0,6.0,0.1515691941375185,0.7099236641221374,0.12013041379964291,0.7024793388429752,2.0,1.0,False,2019
0,9,13,11.0,22.0,4.0,6.0,3.0,5.0,8.0,16.0,5.0,8.0,12.0,15.0,0.06525368330986689,0.2777777777777778,0.14917041068087275,0.35514018691588783,4.0,2.0,False,2019
1,3,28,12.0,21.0,3.0,7.0,4.0,4.0,8.0,18.0,4.0,9.0,4.0,4.0,0.06041102534435448,0.5190839694656488,0.03133032360415828,0.3333333333333333,2.0,3.0,True,2019
0,26,8,9.0,18.0,4.0,11.0,6.0,10.0,16.0,32.0,1.0,6.0,11.0,11.0,0.14841011941058338,0.5929203539823009,0.10720624845597651,0.5619834710743802,2.0,2.0,False,2019
1,21,19,8.0,25.0,4.0,11.0,11.0,13.0,9.0,16.0,4.0,11.0,5.0,9.0,0.1118839572241083,0.4537037037037037,0.05492695473530364,0.48598130841121495,3.0,2.0,True,2019
1,15,23,9.0,15.0,5.0,9.0,9.0,10.0,10.0,15.0,2.0,5.0,6.0,7.0,0.12260227893089015,0.37962962962962965,0.09475159154797876,0.5350877192982456,2.0,2.0,True,2019
1,18,6,12.0,18.0,3.0,7.0,7.0,8.0,11.0,18.0,4.0,8.0,13.0,14.0,0.15940801675262278,0.6333333333333333,0.1062115707961826,0.35135135135135137,2.0,4.0,False,2019
0,19,21,9.0,16.0,4.0,11.0,5.0,9.0,8.0,25.0,4.0,11.0,11.0,13.0,0.05492695473530364,0.48598130841121495,0.12950716577928661,0.45871559633027525,2.0,3.0,False,2019
1,14,2,14.0,26.0,3.0,8.0,6.0,8.0,12.0,28.0,4.0,11.0,10.0,10.0,0.08828143399318332,0.48695652173913045,0.16715481549168967,0.6,2.0,2.0,False,2019
0,12,11,5.0,12.0,4.0,6.0,4.0,5.0,9.0,17.0,4.0,6.0,6.0,6.0,0.09960222504690792,0.49557522123893805,0.08351167208411162,0.5454545454545454,2.0,2.0,False,2019
1,11,12,9.0,17.0,4.0,6.0,6.0,6.0,5.0,12.0,4.0,6.0,4.0,5.0,0.08351167208411162,0.5454545454545454,0.07968178003752634,0.49122807017543857,2.0,2.0,True,2019
0,17,16,16.0,27.0,2.0,5.0,6.0,7.0,9.0,18.0,2.0,5.0,4.0,6.0,0.08301278557130969,0.5663716814159292,0.08172935674978585,0.3425925925925926,1.0,2.0,False,2019
0,25,0,9.0,18.0,2.0,7.0,6.0,6.0,13.0,22.0,2.0,8.0,2.0,2.0,0.12013041379964291,0.7024793388429752,0.12125535531001479,0.7045454545454546,1.0,2.0,True,2019
1,13,9,8.0,16.0,5.0,8.0,12.0,15.0,11.0,22.0,4.0,6.0,3.0,5.0,0.14917041068087275,0.35514018691588783,0.05220294664789351,0.27522935779816515,2.0,4.0,True,2019
0,2,14,12.0,28.0,4.0,11.0,10.0,10.0,14.0,26.0,3.0,8.0,6.0,8.0,0.16715481549168967,0.6,0.07062514719454666,0.4827586206896552,2.0,2.0,True,2019
1,22,4,9.0,22.0,4.0,6.0,6.0,8.0,11.0,18.0,4.0,12.0,3.0,6.0,0.1525615213281481,0.5862068965517241,0.1341373029080136,0.5652173913043478,2.0,2.0,True,2019
0,23,15,10.0,15.0,2.0,5.0,6.0,7.0,9.0,15.0,5.0,9.0,9.0,10.0,0.09475159154797876,0.5350877192982456,0.13808182314471212,0.3853211009174312,2.0,2.0,False,2019
1,16,17,9.0,18.0,2.0,5.0,4.0,6.0,16.0,27.0,2.0,5.0,6.0,7.0,0.08172935674978585,0.3425925925925926,0.06641022845704775,0.5614035087719298,2.0,1.0,True,2019
0,4,22,11.0,18.0,4.0,12.0,3.0,6.0,9.0,22.0,4.0,6.0,6.0,8.0,0.1341373029080136,0.5652173913043478,0.16204921706251849,0.5897435897435898,2.0,2.0,False,2019
0,13,7,6.0,15.0,2.0,9.0,4.0,7.0,11.0,18.0,3.0,6.0,5.0,6.0,0.1593363285446982,0.3611111111111111,0.006845607788015323,0.22727272727272727,1.0,2.0,False,2019
0,27,10,10.0,18.0,4.0,6.0,5.0,5.0,11.0,21.0,3.0,6.0,5.0,5.0,0.03277275898064771,0.3,0.06106664308390038,0.3394495412844037,3.0,3.0,False,2019
1,1,29,14.0,26.0,4.0,12.0,18.0,19.0,12.0,18.0,3.0,6.0,7.0,7.0,0.08659774330841874,0.704,0.1540517204821104,0.47706422018348627,2.0,3.0,True,2019
1,10,27,11.0,21.0,3.0,6.0,5.0,5.0,10.0,18.0,4.0,6.0,5.0,5.0,0.06106664308390038,0.3394495412844037,0.026218207184518165,0.2972972972972973,3.0,3.0,True,2019
0,24,5,6.0,14.0,3.0,7.0,7.0,7.0,12.0,14.0,2.0,7.0,4.0,4.0,0.09362189881527266,0.5412844036697247,0.1265488074137517,0.5391304347826087,2.0,2.0,False,2019
1,7,13,11.0,18.0,3.0,6.0,5.0,6.0,6.0,15.0,2.0,9.0,4.0,7.0,0.006845607788015323,0.22727272727272727,0.12746906283575857,0.3577981651376147,2.0,1.0,True,2019
1,5,24,12.0,14.0,2.0,7.0,4.0,4.0,6.0,14.0,3.0,7.0,7.0,7.0,0.1265488074137517,0.5391304347826087,0.07489751905221813,0.5363636363636364,2.0,2.0,True,2019
0,29,1,12.0,18.0,3.0,6.0,7.0,7.0,14.0,26.0,4.0,12.0,18.0,19.0,0.1540517204821104,0.47706422018348627,0.10927819464673498,0.7063492063492064,3.0,2.0,False,2019
1,2,9,8.0,15.0,6.0,8.0,4.0,5.0,7.0,11.0,5.0,8.0,7.0,12.0,0.17372385239335172,0.6153846153846154,0.05220294664789351,0.27522935779816515,2.0,2.0,True,2019
1,20,26,8.0,16.0,3.0,6.0,6.0,6.0,12.0,24.0,3.0,6.0,5.0,7.0,0.12772392530864568,0.5871559633027523,0.1187280955284667,0.5877192982456141,4.0,2.0,True,2019
1,6,14,8.0,15.0,3.0,7.0,9.0,11.0,13.0,22.0,3.0,7.0,3.0,4.0,0.1062115707961826,0.35135135135135137,0.07062514719454666,0.4827586206896552,2.0,2.0,True,2019
0,28,21,14.0,21.0,3.0,8.0,5.0,6.0,9.0,21.0,5.0,13.0,2.0,3.0,0.03133032360415828,0.3333333333333333,0.12950716577928661,0.45871559633027525,2.0,2.0,True,2019
1,15,0,11.0,21.0,5.0,13.0,8.0,11.0,11.0,27.0,5.0,14.0,11.0,12.0,0.13808182314471212,0.3853211009174312,0.12125535531001479,0.7045454545454546,2.0,2.0,False,2019
0,4,3,14.0,19.0,3.0,10.0,16.0,21.0,8.0,19.0,3.0,8.0,5.0,5.0,0.10730984232641087,0.5603448275862069,0.08832882027548358,0.5227272727272727,2.0,2.0,True,2019
0,25,17,8.0,17.0,5.0,7.0,8.0,10.0,8.0,15.0,3.0,5.0,5.0,5.0,0.13610433103971434,0.7049180327868853,0.06641022845704775,0.5614035087719298,2.0,2.0,False,2019
1,3,4,8.0,19.0,3.0,8.0,5.0,5.0,14.0,19.0,3.0,10.0,16.0,21.0,0.08832882027548358,0.5227272727272727,0.1258478738611287,0.5641025641025641,2.0,2.0,False,2019
0,14,6,13.0,22.0,3.0,7.0,3.0,4.0,8.0,15.0,3.0,7.0,9.0,11.0,0.07062514719454666,0.4827586206896552,0.12496925663694607,0.35714285714285715,2.0,2.0,False,2019
0,22,18,9.0,19.0,3.0,5.0,8.0,9.0,13.0,22.0,4.0,12.0,13.0,16.0,0.16204921706251849,0.5897435897435898,0.12752641340209822,0.628099173553719,2.0,2.0,True,2019
1,21,28,9.0,21.0,5.0,13.0,2.0,3.0,14.0,21.0,3.0,8.0,5.0,6.0,0.12950716577928661,0.45871559633027525,0.06506425888332663,0.3392857142857143,2.0,2.0,False,2019
0,9,2,7.0,11.0,5.0,8.0,7.0,12.0,8.0,15.0,6.0,8.0,4.0,5.0,0.05220294664789351,0.27522935779816515,0.1789790819146814,0.6296296296296297,2.0,2.0,False,2019
1,17,25,8.0,15.0,3.0,5.0,5.0,5.0,8.0,17.0,5.0,7.0,8.0,10.0,0.06641022845704775,0.5614035087719298,0.10888346483177147,0.6991869918699187,2.0,2.0,True,2019
0,26,20,12.0,24.0,3.0,6.0,5.0,7.0,8.0,16.0,3.0,6.0,6.0,6.0,0.1187280955284667,0.5877192982456141,0.14217914024691652,0.5909090909090909,2.0,4.0,False,2019
1,16,12,7.0,16.0,3.0,7.0,6.0,6.0,7.0,17.0,4.0,7.0,4.0,5.0,0.1053834853998287,0.3486238532110092,0.07968178003752634,0.49122807017543857,2.0,2.0,False,2019
1,18,22,13.0,22.0,4.0,12.0,13.0,16.0,9.0,19.0,3.0,5.0,8.0,9.0,0.12752641340209822,0.628099173553719,0.16963937365001477,0.5932203389830508,2.0,2.0,False,2019
0,12,16,7.0,17.0,4.0,7.0,4.0,5.0,7.0,16.0,3.0,7.0,6.0,6.0,0.07968178003752634,0.49122807017543857,0.08430678831986296,0.34545454545454546,2.0,2.0,True,2019
0,0,15,11.0,27.0,5.0,14.0,11.0,12.0,11.0,21.0,5.0,13.0,8.0,11.0,0.12125535531001479,0.7045454545454546,0.1104654585157697,0.38181818181818183,2.0,2.0,True,2019
1,10,11,8.0,15.0,3.0,7.0,8.0,10.0,8.0,21.0,2.0,7.0,9.0,9.0,0.0888533144671203,0.34545454545454546,0.10680933766728928,0.5491803278688525,2.0,3.0,True,2019
0,2,19,11.0,25.0,5.0,7.0,5.0,6.0,8.0,16.0,4.0,10.0,10.0,13.0,0.1789790819146814,0.6296296296296297,0.04394156378824291,0.48148148148148145,1.0,3.0,False,2019
1,21,29,7.0,14.0,2.0,6.0,5.0,6.0,9.0,15.0,3.0,6.0,8.0,12.0,0.10360573262342929,0.45454545454545453,0.12324137638568833,0.4727272727272727,1.0,2.0,False,2019
0,24,26,10.0,16.0,4.0,6.0,4.0,7.0,11.0,19.0,5.0,9.0,6.0,8.0,0.07489751905221813,0.5363636363636364,0.09498247642277337,0.5826086956521739,2.0,1.0,False,2019
0,29,21,9.0,15.0,3.0,6.0,8.0,12.0,7.0,14.0,2.0,6.0,5.0,6.0,0.12324137638568833,0.4727272727272727,0.08288458609874343,0.45045045045045046,2.0,1.0,True,2019
1,5,27,10.0,23.0,5.0,7.0,9.0,11.0,11.0,19.0,3.0,10.0,5.0,5.0,0.1412390459310014,0.5431034482758621,0.026218207184518165,0.2972972972972973,2.0,2.0,False,2019
1,16,1,8.0,17.0,1.0,6.0,5.0,5.0,10.0,14.0,4.0,9.0,11.0,13.0,0.08430678831986296,0.34545454545454546,0.10927819464673498,0.7063492063492064,1.0,2.0,False,2019
1,7,23,10.0,19.0,3.0,7.0,5.0,6.0,11.0,26.0,2.0,7.0,5.0,6.0,0.04547648623041226,0.23423423423423423,0.07580127323838301,0.5304347826086957,2.0,3.0,True,2019
0,1,16,10.0,14.0,4.0,9.0,11.0,13.0,8.0,17.0,1.0,6.0,5.0,5.0,0.10927819464673498,0.7063492063492064,0.06744543065589037,0.34234234234234234,2.0,1.0,True,2019
0,11,10,8.0,21.0,2.0,7.0,9.0,9.0,8.0,15.0,3.0,7.0,8.0,10.0,0.10680933766728928,0.5491803278688525,0.11108265157369623,0.35135135135135137,3.0,2.0,False,2019
0,23,7,11.0,26.0,2.0,7.0,5.0,6.0,10.0,19.0,3.0,7.0,5.0,6.0,0.07580127323838301,0.5304347826086957,0.0763811889843298,0.24107142857142858,3.0,2.0,False,2019
1,19,2,8.0,16.0,4.0,10.0,10.0,13.0,11.0,25.0,5.0,7.0,5.0,6.0,0.04394156378824291,0.48148148148148145,0.14318326553174512,0.6071428571428571,3.0,1.0,True,2019
0,27,5,11.0,19.0,3.0,10.0,5.0,5.0,10.0,23.0,5.0,7.0,9.0,11.0,0.026218207184518165,0.2972972972972973,0.11299123674480112,0.5384615384615384,2.0,2.0,True,2019
1,26,24,11.0,19.0,5.0,9.0,6.0,8.0,10.0,16.0,4.0,6.0,4.0,7.0,0.09498247642277337,0.5826086956521739,0.0599180152417745,0.5315315315315315,1.0,2.0,True,2019
1,3,18,6.0,16.0,3.0,6.0,4.0,7.0,10.0,16.0,4.0,6.0,4.0,6.0,0.07066305622038686,0.518796992481203,0.10202113072167858,0.6229508196721312,2.0,2.0,False,2019
1,22,28,10.0,19.0,5.0,8.0,7.0,8.0,8.0,18.0,3.0,9.0,7.0,10.0,0.16963937365001477,0.5932203389830508,0.06506425888332663,0.3392857142857143,2.0,2.0,True,2019
0,9,6,13.0,19.0,5.0,6.0,5.0,6.0,13.0,19.0,5.0,9.0,8.0,8.0,0.041762357318314805,0.2727272727272727,0.12496925663694607,0.35714285714285715,2.0,2.0,False,2019
1,8,12,10.0,19.0,4.0,8.0,5.0,6.0,9.0,20.0,3.0,8.0,4.0,4.0,0.10720624845597651,0.5619834710743802,0.10374542403002107,0.4956521739130435,4.0,2.0,False,2019
1,14,29,16.0,27.0,4.0,9.0,4.0,6.0,9.0,16.0,4.0,7.0,3.0,6.0,0.056500117755637326,0.47863247863247865,0.13859310110855066,0.4774774774774775,2.0,1.0,True,2019
0,18,3,10.0,16.0,4.0,6.0,4.0,6.0,6.0,16.0,3.0,6.0,4.0,7.0,0.10202113072167858,0.6229508196721312,0.05653044497630949,0.5149253731343284,2.0,2.0,True,2019
0,29,14,9.0,16.0,4.0,7.0,3.0,6.0,16.0,27.0,4.0,9.0,4.0,6.0,0.13859310110855066,0.4774774774774775,0.08520009420450986,0.4830508474576271,1.0,2.0,False,2019
1,20,25,11.0,19.0,3.0,8.0,4.0,5.0,12.0,21.0,2.0,9.0,4.0,4.0,0.14217914024691652,0.5909090909090909,0.10888346483177147,0.6991869918699187,2.0,2.0,True,2019
0,12,8,9.0,20.0,3.0,8.0,4.0,4.0,10.0,19.0,4.0,8.0,5.0,6.0,0.10374542403002107,0.4956521739130435,0.0857649987647812,0.5573770491803278,2.0,4.0,True,2019
1,13,15,9.0,16.0,3.0,7.0,9.0,14.0,12.0,23.0,4.0,9.0,6.0,6.0,0.12746906283575857,0.3577981651376147,0.1104654585157697,0.38181818181818183,3.0,2.0,False,2019
0,15,13,12.0,23.0,4.0,9.0,6.0,6.0,9.0,16.0,3.0,7.0,9.0,14.0,0.1104654585157697,0.38181818181818183,0.10197525026860685,0.35454545454545455,2.0,3.0,True,2019
1,6,9,13.0,19.0,5.0,9.0,8.0,8.0,13.0,19.0,5.0,6.0,5.0,6.0,0.12496925663694607,0.35714285714285715,0.03340988585465184,0.2702702702702703,2.0,2.0,True,2019
0,28,22,8.0,18.0,3.0,9.0,7.0,10.0,10.0,19.0,5.0,8.0,7.0,8.0,0.06506425888332663,0.3392857142857143,0.1757114989200118,0.5966386554621849,2.0,2.0,False,2019
0,25,20,12.0,21.0,2.0,9.0,4.0,4.0,11.0,19.0,3.0,8.0,4.0,5.0,0.10888346483177147,0.6991869918699187,0.15374331219753323,0.5945945945945946,2.0,2.0,False,2019
0,27,26,7.0,17.0,3.0,8.0,3.0,4.0,8.0,19.0,4.0,10.0,5.0,6.0,0.06097456574761454,0.30357142857142855,0.11598598113821867,0.5862068965517241,2.0,2.0,False,2019
1,1,11,14.0,31.0,4.0,12.0,15.0,16.0,8.0,22.0,3.0,8.0,6.0,7.0,0.12742255571738798,0.7086614173228346,0.08544747013383143,0.5447154471544715,2.0,2.0,True,2019
1,28,7,12.0,21.0,2.0,7.0,6.0,7.0,11.0,23.0,4.0,8.0,14.0,15.0,0.052051407106661306,0.336283185840708,0.0763811889843298,0.24107142857142858,1.0,2.0,False,2019
1,19,4,9.0,14.0,5.0,7.0,9.0,12.0,15.0,21.0,3.0,6.0,5.0,6.0,0.07515325103059432,0.48623853211009177,0.1258478738611287,0.5641025641025641,2.0,3.0,False,2019
0,17,24,11.0,20.0,6.0,7.0,11.0,13.0,15.0,22.0,3.0,7.0,8.0,8.0,0.09312818276563821,0.5652173913043478,0.0599180152417745,0.5315315315315315,3.0,2.0,True,2019
1,24,17,15.0,22.0,3.0,7.0,8.0,8.0,11.0,20.0,6.0,7.0,11.0,13.0,0.0599180152417745,0.5315315315315315,0.11450254621251058,0.5689655172413793,2.0,3.0,False,2019
1,26,27,8.0,19.0,4.0,10.0,5.0,6.0,7.0,17.0,3.0,8.0,3.0,4.0,0.11598598113821867,0.5862068965517241,0.04877965259809163,0.3008849557522124,2.0,2.0,True,2019
0,4,19,15.0,21.0,3.0,6.0,5.0,6.0,9.0,14.0,5.0,7.0,9.0,12.0,0.1258478738611287,0.5641025641025641,0.06012260082447546,0.4818181818181818,3.0,2.0,True,2019
0,11,1,8.0,22.0,3.0,8.0,6.0,7.0,14.0,31.0,4.0,12.0,15.0,16.0,0.08544747013383143,0.5447154471544715,0.1419380445739104,0.7109375,2.0,2.0,False,2019
0,18,5,7.0,17.0,3.0,6.0,2.0,2.0,10.0,16.0,3.0,6.0,5.0,5.0,0.12161690457734287,0.6260162601626016,0.11299123674480112,0.5384615384615384,1.0,2.0,False,2019
0,7,28,11.0,23.0,4.0,8.0,14.0,15.0,12.0,21.0,2.0,7.0,6.0,7.0,0.0763811889843298,0.24107142857142858,0.041641125685329045,0.3333333333333333,2.0,1.0,True,2019
1,5,18,10.0,16.0,3.0,6.0,5.0,5.0,7.0,17.0,3.0,6.0,2.0,2.0,0.11299123674480112,0.5384615384615384,0.0972935236618743,0.6209677419354839,2.0,1.0,True,2019
0,15,23,7.0,13.0,5.0,10.0,4.0,5.0,7.0,12.0,2.0,6.0,8.0,8.0,0.12837236681261577,0.38738738738738737,0.060641018590706405,0.5258620689655172,1.0,2.0,False,2019
1,23,15,7.0,12.0,2.0,6.0,8.0,8.0,7.0,13.0,5.0,10.0,4.0,5.0,0.060641018590706405,0.5258620689655172,0.10269789345009261,0.38392857142857145,2.0,1.0,True,2019
1,0,16,7.0,16.0,4.0,9.0,8.0,8.0,8.0,12.0,2.0,5.0,4.0,4.0,0.13700428424801184,0.706766917293233,0.06744543065589037,0.34234234234234234,3.0,2.0,True,2019
0,16,0,8.0,12.0,2.0,5.0,4.0,4.0,7.0,16.0,4.0,9.0,8.0,8.0,0.06744543065589037,0.34234234234234234,0.14960342739840946,0.7089552238805971,2.0,3.0,False,2019
0,13,20,10.0,16.0,5.0,9.0,10.0,12.0,13.0,25.0,3.0,6.0,5.0,6.0,0.10197525026860685,0.35454545454545455,0.15374331219753323,0.5945945945945946,2.0,2.0,False,2019
1,9,14,7.0,14.0,3.0,8.0,9.0,10.0,11.0,18.0,4.0,11.0,5.0,8.0,0.03340988585465184,0.2702702702702703,0.08520009420450986,0.4830508474576271,2.0,2.0,True,2019
1,22,3,7.0,15.0,2.0,6.0,4.0,6.0,7.0,16.0,2.0,6.0,6.0,8.0,0.1757114989200118,0.5966386554621849,0.05653044497630949,0.5149253731343284,2.0,2.0,False,2019
0,3,22,7.0,16.0,2.0,6.0,6.0,8.0,7.0,15.0,2.0,6.0,4.0,6.0,0.05653044497630949,0.5149253731343284,0.14056919913600946,0.5916666666666667,2.0,2.0,True,2019
0,14,9,11.0,18.0,4.0,11.0,5.0,8.0,7.0,14.0,3.0,8.0,9.0,10.0,0.08520009420450986,0.4830508474576271,0.06672790868372147,0.2767857142857143,2.0,2.0,False,2019
1,6,29,9.0,21.0,4.0,9.0,7.0,9.0,13.0,23.0,5.0,9.0,8.0,13.0,0.13997540530955685,0.36283185840707965,0.11087448088684053,0.4732142857142857,2.0,2.0,True,2019
1,20,13,13.0,25.0,3.0,6.0,5.0,6.0,10.0,16.0,5.0,9.0,10.0,12.0,0.15374331219753323,0.5945945945945946,0.08158020021488548,0.35135135135135137,2.0,2.0,True,2019
0,29,6,13.0,23.0,5.0,9.0,8.0,13.0,9.0,21.0,4.0,9.0,7.0,9.0,0.11087448088684053,0.4732142857142857,0.1519803242476455,0.3684210526315789,2.0,2.0,False,2019
0,22,25,9.0,19.0,3.0,6.0,3.0,4.0,11.0,23.0,3.0,11.0,6.0,9.0,0.14056919913600946,0.5916666666666667,0.08710677186541718,0.6935483870967742,1.0,3.0,False,2019
0,14,1,10.0,17.0,3.0,8.0,8.0,8.0,10.0,18.0,6.0,11.0,9.0,9.0,0.06816007536360788,0.4789915966386555,0.1419380445739104,0.7109375,1.0,2.0,False,2019
1,27,6,11.0,21.0,2.0,5.0,4.0,4.0,8.0,15.0,4.0,8.0,7.0,8.0,0.04877965259809163,0.3008849557522124,0.1519803242476455,0.3684210526315789,2.0,1.0,False,2019
1,21,3,11.0,26.0,4.0,12.0,4.0,5.0,8.0,19.0,4.0,10.0,2.0,3.0,0.08288458609874343,0.45045045045045046,0.0852243559810476,0.5185185185185185,4.0,1.0,True,2019
1,2,7,10.0,19.0,4.0,8.0,5.0,5.0,10.0,23.0,3.0,8.0,6.0,6.0,0.14318326553174512,0.6071428571428571,0.10110495118746385,0.24778761061946902,4.0,2.0,False,2019
1,11,0,7.0,26.0,5.0,11.0,5.0,7.0,12.0,23.0,5.0,9.0,8.0,9.0,0.06835797610706515,0.5403225806451613,0.14960342739840946,0.7089552238805971,2.0,2.0,True,2019
0,6,27,8.0,15.0,4.0,8.0,7.0,8.0,11.0,21.0,2.0,5.0,4.0,4.0,0.1519803242476455,0.3684210526315789,0.03902372207847331,0.2982456140350877,1.0,2.0,True,2019
0,19,23,13.0,22.0,7.0,12.0,7.0,9.0,14.0,29.0,5.0,11.0,5.0,6.0,0.06012260082447546,0.4818181818181818,0.08851281487256513,0.5299145299145299,2.0,2.0,True,2019
1,23,19,14.0,29.0,5.0,11.0,5.0,6.0,13.0,22.0,7.0,12.0,7.0,9.0,0.08851281487256513,0.5299145299145299,0.08809808065958039,0.4864864864864865,2.0,2.0,False,2019
0,3,21,8.0,19.0,4.0,10.0,2.0,3.0,11.0,26.0,4.0,12.0,4.0,5.0,0.0852243559810476,0.5185185185185185,0.10630766887899475,0.45535714285714285,1.0,4.0,False,2019
1,4,8,8.0,13.0,3.0,6.0,9.0,13.0,10.0,20.0,6.0,11.0,5.0,7.0,0.14067829908890297,0.5677966101694916,0.0857649987647812,0.5573770491803278,2.0,3.0,True,2019
1,25,22,11.0,23.0,3.0,11.0,6.0,9.0,9.0,19.0,3.0,6.0,3.0,4.0,0.08710677186541718,0.6935483870967742,0.11245535930880757,0.5867768595041323,3.0,1.0,True,2019
0,16,17,7.0,19.0,5.0,10.0,5.0,5.0,9.0,18.0,5.0,8.0,4.0,4.0,0.0539563445247123,0.3392857142857143,0.11450254621251058,0.5689655172413793,2.0,2.0,False,2019
0,7,2,10.0,23.0,3.0,8.0,6.0,6.0,10.0,19.0,4.0,8.0,5.0,5.0,0.10110495118746385,0.24778761061946902,0.1145466124253961,0.5862068965517241,2.0,4.0,True,2019
1,1,14,10.0,18.0,6.0,11.0,9.0,9.0,10.0,17.0,3.0,8.0,8.0,8.0,0.1419380445739104,0.7109375,0.054528060290886304,0.475,2.0,1.0,True,2019
0,8,4,10.0,20.0,6.0,11.0,5.0,7.0,8.0,13.0,3.0,6.0,9.0,13.0,0.0857649987647812,0.5573770491803278,0.15254263927112238,0.5714285714285714,3.0,2.0,False,2019
1,10,5,6.0,15.0,3.0,6.0,3.0,6.0,7.0,12.0,4.0,6.0,8.0,9.0,0.11108265157369623,0.35135135135135137,0.1303929893958409,0.5423728813559322,4.0,2.0,False,2019
1,15,26,11.0,25.0,7.0,14.0,8.0,9.0,15.0,27.0,4.0,8.0,9.0,10.0,0.10269789345009261,0.38392857142857145,0.13278878491057494,0.5897435897435898,2.0,2.0,False,2019
1,18,28,10.0,17.0,4.0,7.0,8.0,10.0,8.0,17.0,3.0,7.0,10.0,10.0,0.0972935236618743,0.6209677419354839,0.041641125685329045,0.3333333333333333,2.0,2.0,True,2019
0,5,10,7.0,12.0,4.0,6.0,8.0,9.0,6.0,15.0,3.0,6.0,3.0,6.0,0.1303929893958409,0.5423728813559322,0.08886612125895699,0.3482142857142857,2.0,4.0,True,2019
0,26,15,15.0,27.0,4.0,8.0,9.0,10.0,11.0,25.0,7.0,14.0,8.0,9.0,0.13278878491057494,0.5897435897435898,0.0821583147600741,0.3805309734513274,2.0,2.0,True,2019
1,17,16,9.0,18.0,5.0,8.0,4.0,4.0,7.0,19.0,5.0,10.0,5.0,5.0,0.11450254621251058,0.5689655172413793,0.04316507561976984,0.336283185840708,2.0,2.0,True,2019
0,28,18,8.0,17.0,3.0,7.0,10.0,10.0,10.0,17.0,4.0,7.0,8.0,10.0,0.041641125685329045,0.3333333333333333,0.11783481892949943,0.624,2.0,2.0,False,2019
0,0,11,12.0,23.0,5.0,9.0,8.0,9.0,7.0,26.0,5.0,11.0,5.0,7.0,0.14960342739840946,0.7089552238805971,0.09468638088565211,0.544,2.0,2.0,False,2019
1,24,13,11.0,16.0,3.0,6.0,8.0,10.0,10.0,20.0,3.0,6.0,9.0,13.0,0.0479344121934196,0.5267857142857143,0.08158020021488548,0.35135135135135137,3.0,2.0,True,2019
1,12,1,9.0,19.0,4.0,12.0,8.0,11.0,7.0,23.0,6.0,14.0,15.0,18.0,0.12299633922401684,0.5,0.15355043565912832,0.7131782945736435,4.0,1.0,True,2019
0,13,24,10.0,20.0,3.0,6.0,9.0,13.0,11.0,16.0,3.0,6.0,8.0,10.0,0.08158020021488548,0.35135135135135137,0.07834752975473569,0.5309734513274337,2.0,3.0,False,2019
0,1,12,7.0,23.0,6.0,14.0,15.0,18.0,9.0,19.0,4.0,12.0,8.0,11.0,0.15355043565912832,0.7131782945736435,0.13839707137921348,0.5042735042735043,1.0,4.0,False,2019
0,11,17,10.0,15.0,4.0,7.0,3.0,4.0,7.0,16.0,4.0,8.0,3.0,4.0,0.09468638088565211,0.544,0.13160203697000844,0.5726495726495726,2.0,2.0,True,2019
0,9,28,7.0,16.0,3.0,6.0,5.0,7.0,12.0,20.0,3.0,7.0,6.0,9.0,0.06672790868372147,0.2767857142857143,0.03331290054826323,0.33043478260869563,3.0,2.0,True,2019
0,16,15,8.0,18.0,7.0,11.0,4.0,4.0,9.0,24.0,6.0,13.0,5.0,8.0,0.04316507561976984,0.336283185840708,0.0821583147600741,0.3805309734513274,2.0,2.0,False,2019
0,8,29,12.0,23.0,3.0,7.0,5.0,8.0,8.0,20.0,3.0,8.0,6.0,9.0,0.06861199901182496,0.5528455284552846,0.08869958470947242,0.4690265486725664,2.0,3.0,False,2019
1,25,3,12.0,17.0,3.0,7.0,11.0,12.0,6.0,17.0,4.0,9.0,5.0,5.0,0.10968541749233374,0.696,0.06817948478483808,0.5147058823529411,2.0,2.0,True,2019
1,17,11,7.0,16.0,4.0,8.0,3.0,4.0,10.0,15.0,4.0,7.0,3.0,4.0,0.13160203697000844,0.5726495726495726,0.11574910470852169,0.5476190476190477,2.0,2.0,False,2019
1,6,22,6.0,12.0,4.0,7.0,8.0,10.0,9.0,16.0,5.0,9.0,5.0,6.0,0.1615842593981164,0.3739130434782609,0.11245535930880757,0.5867768595041323,2.0,2.0,False,2019
0,3,25,6.0,17.0,4.0,9.0,5.0,5.0,12.0,17.0,3.0,7.0,11.0,12.0,0.06817948478483808,0.5147058823529411,0.12774833399386698,0.6984126984126984,2.0,2.0,False,2019
1,15,16,9.0,24.0,6.0,13.0,5.0,8.0,8.0,18.0,7.0,11.0,4.0,4.0,0.0821583147600741,0.3805309734513274,0.03453206049581587,0.3333333333333333,2.0,2.0,True,2019
1,2,4,8.0,20.0,3.0,7.0,7.0,8.0,8.0,20.0,4.0,9.0,13.0,17.0,0.1145466124253961,0.5862068965517241,0.15254263927112238,0.5714285714285714,2.0,2.0,False,2019
1,27,10,12.0,20.0,4.0,6.0,5.0,7.0,8.0,19.0,5.0,10.0,6.0,10.0,0.03902372207847331,0.2982456140350877,0.08886612125895699,0.3482142857142857,2.0,2.0,True,2019
1,21,19,9.0,17.0,7.0,11.0,4.0,6.0,8.0,18.0,3.0,8.0,7.0,9.0,0.10630766887899475,0.45535714285714285,0.08809808065958039,0.4864864864864865,2.0,2.0,True,2019
0,10,27,8.0,19.0,5.0,10.0,6.0,10.0,12.0,20.0,4.0,6.0,5.0,7.0,0.08886612125895699,0.3482142857142857,0.07121897766277865,0.30434782608695654,2.0,2.0,False,2019
0,19,21,8.0,18.0,3.0,8.0,7.0,9.0,9.0,17.0,7.0,11.0,4.0,6.0,0.08809808065958039,0.4864864864864865,0.1250461351031958,0.46017699115044247,2.0,2.0,False,2019
1,5,23,7.0,12.0,5.0,9.0,5.0,5.0,5.0,15.0,2.0,5.0,9.0,10.0,0.14431439151667272,0.5462184873949579,0.0708102518980521,0.5254237288135594,2.0,2.0,True,2019
0,22,6,9.0,16.0,5.0,9.0,5.0,6.0,6.0,12.0,4.0,7.0,8.0,10.0,0.11245535930880757,0.5867768595041323,0.12926740751849314,0.3706896551724138,2.0,2.0,True,2019
1,28,9,12.0,20.0,3.0,7.0,6.0,9.0,7.0,16.0,3.0,6.0,5.0,7.0,0.03331290054826323,0.33043478260869563,0.09338232694697718,0.2831858407079646,2.0,3.0,False,2019
0,23,5,5.0,15.0,2.0,5.0,9.0,10.0,7.0,12.0,5.0,9.0,5.0,5.0,0.0708102518980521,0.5254237288135594,0.15545151321333817,0.55,2.0,2.0,False,2019
0,4,2,8.0,20.0,4.0,9.0,13.0,17.0,8.0,20.0,3.0,7.0,7.0,8.0,0.15254263927112238,0.5714285714285714,0.09163728994031688,0.5666666666666667,2.0,2.0,True,2019
1,29,8,8.0,20.0,3.0,8.0,6.0,9.0,12.0,23.0,3.0,7.0,5.0,8.0,0.08869958470947242,0.4690265486725664,0.054889599209459974,0.5483870967741935,3.0,2.0,True,2019
0,4,12,7.0,18.0,3.0,11.0,9.0,11.0,5.0,17.0,2.0,9.0,5.0,6.0,0.1620341114168979,0.575,0.13839707137921348,0.5042735042735043,1.0,2.0,False,2019
0,20,24,7.0,16.0,2.0,6.0,5.0,5.0,9.0,15.0,3.0,5.0,4.0,4.0,0.16299464975802658,0.5982142857142857,0.07834752975473569,0.5309734513274337,4.0,2.0,False,2019
1,24,20,9.0,15.0,3.0,5.0,4.0,4.0,7.0,16.0,2.0,6.0,5.0,5.0,0.07834752975473569,0.5309734513274337,0.13039571980642126,0.5929203539823009,2.0,4.0,True,2019
1,1,5,12.0,34.0,7.0,19.0,8.0,9.0,12.0,24.0,3.0,5.0,4.0,5.0,0.12284034852730266,0.7076923076923077,0.15545151321333817,0.55,2.0,1.0,True,2019
1,11,26,8.0,17.0,3.0,8.0,4.0,6.0,15.0,25.0,5.0,10.0,8.0,10.0,0.11574910470852169,0.5476190476190477,0.14623102792845993,0.5932203389830508,1.0,3.0,False,2019
0,26,11,15.0,25.0,5.0,10.0,8.0,10.0,8.0,17.0,3.0,8.0,4.0,6.0,0.14623102792845993,0.5932203389830508,0.09259928376681735,0.5433070866141733,3.0,1.0,True,2019
0,5,1,12.0,24.0,3.0,5.0,4.0,5.0,12.0,34.0,7.0,19.0,8.0,9.0,0.15545151321333817,0.55,0.13827227882184212,0.7099236641221374,1.0,2.0,False,2019
0,25,18,11.0,21.0,2.0,9.0,6.0,6.0,11.0,15.0,4.0,5.0,7.0,9.0,0.12774833399386698,0.6984126984126984,0.11783481892949943,0.624,1.0,3.0,False,2019
0,13,0,9.0,16.0,7.0,11.0,5.0,10.0,10.0,22.0,6.0,17.0,8.0,8.0,0.06526416017190838,0.3482142857142857,0.11968274191872756,0.7037037037037037,2.0,3.0,False,2019
1,18,25,11.0,15.0,4.0,5.0,7.0,9.0,11.0,21.0,2.0,9.0,6.0,6.0,0.11783481892949943,0.624,0.10219866719509359,0.6929133858267716,3.0,1.0,True,2019
1,12,4,5.0,17.0,2.0,9.0,5.0,6.0,7.0,18.0,3.0,11.0,9.0,11.0,0.13839707137921348,0.5042735042735043,0.12962728913351834,0.5702479338842975,2.0,1.0,True,2019
0,7,14,12.0,28.0,3.0,12.0,7.0,12.0,17.0,33.0,4.0,12.0,10.0,10.0,0.12088396094997109,0.2543859649122807,0.054528060290886304,0.475,3.0,3.0,False,2019
1,14,7,17.0,33.0,4.0,12.0,10.0,10.0,12.0,28.0,3.0,12.0,7.0,12.0,0.054528060290886304,0.475,0.09670716875997687,0.25217391304347825,3.0,3.0,True,2019
1,0,13,10.0,22.0,6.0,17.0,8.0,8.0,9.0,16.0,7.0,11.0,5.0,10.0,0.11968274191872756,0.7037037037037037,0.0522113281375267,0.34513274336283184,3.0,2.0,True,2019
1,22,14,8.0,17.0,3.0,7.0,3.0,4.0,5.0,12.0,2.0,6.0,5.0,5.0,0.12996428744704605,0.5901639344262295,0.08362244823270905,0.4793388429752066,2.0,1.0,True,2019
0,27,3,11.0,18.0,5.0,10.0,4.0,4.0,9.0,16.0,2.0,6.0,3.0,5.0,0.07121897766277865,0.30434782608695654,0.054543587827870464,0.5109489051094891,2.0,2.0,True,2019
0,14,22,5.0,12.0,2.0,6.0,5.0,5.0,8.0,17.0,3.0,7.0,3.0,4.0,0.08362244823270905,0.4793388429752066,0.14397142995763684,0.5934959349593496,1.0,2.0,False,2019
0,23,26,11.0,20.0,3.0,6.0,6.0,10.0,11.0,24.0,3.0,6.0,6.0,6.0,0.056648201518441674,0.5210084033613446,0.15698482234276795,0.5966386554621849,2.0,1.0,True,2019
0,9,19,7.0,18.0,3.0,9.0,6.0,6.0,6.0,14.0,3.0,7.0,6.0,9.0,0.09338232694697718,0.2831858407079646,0.0704784645276643,0.48214285714285715,2.0,2.0,True,2019
0,12,10,9.0,15.0,6.0,9.0,5.0,5.0,5.0,12.0,3.0,7.0,4.0,6.0,0.1507176571033708,0.5084745762711864,0.07109289700716559,0.34513274336283184,1.0,2.0,True,2019
1,0,24,12.0,22.0,6.0,15.0,12.0,15.0,12.0,21.0,6.0,7.0,12.0,14.0,0.13574619353498205,0.7058823529411765,0.10267802380378854,0.5350877192982456,1.0,1.0,True,2019
1,17,13,11.0,24.0,4.0,8.0,9.0,9.0,11.0,21.0,5.0,8.0,7.0,9.0,0.10528162957600676,0.5677966101694916,0.0522113281375267,0.34513274336283184,2.0,1.0,True,2019
0,24,0,12.0,21.0,6.0,7.0,12.0,14.0,12.0,22.0,6.0,15.0,12.0,15.0,0.10267802380378854,0.5350877192982456,0.14859695482798566,0.708029197080292,1.0,1.0,False,2019
0,13,17,11.0,21.0,5.0,8.0,7.0,9.0,11.0,24.0,4.0,8.0,9.0,9.0,0.0522113281375267,0.34513274336283184,0.12422530366080539,0.5714285714285714,1.0,2.0,False,2019
1,26,23,11.0,24.0,3.0,6.0,6.0,6.0,11.0,20.0,3.0,6.0,6.0,10.0,0.15698482234276795,0.5966386554621849,0.08531856121475334,0.525,1.0,2.0,False,2019
1,15,8,11.0,19.0,6.0,11.0,8.0,11.0,12.0,21.0,2.0,7.0,11.0,12.0,0.10572665180805926,0.38596491228070173,0.054889599209459974,0.5483870967741935,2.0,2.0,True,2019
1,2,21,9.0,13.0,4.0,8.0,4.0,4.0,8.0,15.0,3.0,8.0,5.0,8.0,0.09163728994031688,0.5666666666666667,0.1250461351031958,0.46017699115044247,2.0,2.0,True,2019
0,21,2,8.0,15.0,3.0,8.0,5.0,8.0,9.0,13.0,4.0,8.0,4.0,4.0,0.1250461351031958,0.46017699115044247,0.1133098319522535,0.5806451612903226,2.0,2.0,False,2019
1,29,16,8.0,15.0,3.0,7.0,4.0,6.0,11.0,21.0,4.0,6.0,4.0,5.0,0.11095966776757796,0.47368421052631576,0.03453206049581587,0.3333333333333333,2.0,2.0,False,2019
0,7,6,13.0,23.0,1.0,4.0,4.0,5.0,7.0,18.0,3.0,7.0,8.0,9.0,0.09670716875997687,0.25217391304347825,0.12926740751849314,0.3706896551724138,1.0,2.0,False,2019
0,16,29,11.0,21.0,4.0,6.0,4.0,5.0,8.0,15.0,3.0,7.0,4.0,6.0,0.03453206049581587,0.3333333333333333,0.08876773421406237,0.46956521739130436,2.0,2.0,True,2019
0,8,15,12.0,21.0,2.0,7.0,11.0,12.0,11.0,19.0,6.0,11.0,8.0,11.0,0.054889599209459974,0.5483870967741935,0.12458132144644743,0.391304347826087,2.0,2.0,False,2019
1,6,7,7.0,18.0,3.0,7.0,8.0,9.0,13.0,23.0,1.0,4.0,4.0,5.0,0.12926740751849314,0.3706896551724138,0.0773657350079815,0.25,2.0,1.0,True,2019
1,10,12,5.0,12.0,3.0,7.0,4.0,6.0,9.0,15.0,6.0,9.0,5.0,5.0,0.07109289700716559,0.34513274336283184,0.16057412568269663,0.5126050420168067,2.0,1.0,False,2019
1,3,27,9.0,16.0,2.0,6.0,3.0,5.0,11.0,18.0,5.0,10.0,4.0,4.0,0.054543587827870464,0.5109489051094891,0.09697518213022291,0.3103448275862069,2.0,2.0,False,2019
1,19,9,6.0,14.0,3.0,7.0,6.0,9.0,7.0,18.0,3.0,9.0,6.0,6.0,0.0704784645276643,0.48214285714285715,0.11470586155758174,0.2894736842105263,2.0,2.0,False,2019
0,29,0,9.0,14.0,3.0,6.0,5.0,8.0,9.0,17.0,3.0,8.0,8.0,8.0,0.08876773421406237,0.46956521739130436,0.14859695482798566,0.708029197080292,2.0,2.0,True,2019
0,26,1,10.0,25.0,4.0,9.0,7.0,10.0,15.0,35.0,5.0,16.0,6.0,7.0,0.12558785787421436,0.5916666666666667,0.13827227882184212,0.7099236641221374,2.0,3.0,False,2019
1,1,26,15.0,35.0,5.0,16.0,6.0,7.0,10.0,25.0,4.0,9.0,7.0,10.0,0.13827227882184212,0.7099236641221374,0.10047028629937149,0.5867768595041323,3.0,2.0,True,2019
1,0,29,9.0,17.0,3.0,8.0,8.0,8.0,9.0,14.0,3.0,6.0,5.0,8.0,0.14859695482798566,0.708029197080292,0.11101418737124988,0.47413793103448276,2.0,2.0,False,2019
0,17,11,9.0,21.0,2.0,5.0,4.0,4.0,8.0,18.0,3.0,8.0,4.0,9.0,0.12422530366080539,0.5714285714285714,0.09259928376681735,0.5433070866141733,2.0,3.0,False,2019
1,2,18,17.0,33.0,5.0,10.0,8.0,9.0,10.0,21.0,4.0,10.0,12.0,12.0,0.1133098319522535,0.5806451612903226,0.13426785514359954,0.626984126984127,2.0,3.0,True,2019
0,4,28,13.0,21.0,1.0,7.0,9.0,9.0,8.0,20.0,3.0,6.0,5.0,6.0,0.12962728913351834,0.5702479338842975,0.026650320438610587,0.3275862068965517,3.0,4.0,True,2019
1,28,4,8.0,20.0,3.0,6.0,5.0,6.0,13.0,21.0,1.0,7.0,9.0,9.0,0.026650320438610587,0.3275862068965517,0.14370183130681466,0.5737704918032787,4.0,3.0,False,2019
1,11,17,8.0,18.0,3.0,8.0,4.0,9.0,9.0,21.0,2.0,5.0,4.0,4.0,0.09259928376681735,0.5433070866141733,0.09938024292864431,0.5666666666666667,3.0,2.0,True,2019
0,18,2,10.0,21.0,4.0,10.0,12.0,12.0,17.0,33.0,5.0,10.0,8.0,9.0,0.13426785514359954,0.626984126984127,0.1306478655618028,0.59375,3.0,2.0,False,2019
0,25,12,9.0,20.0,4.0,8.0,10.0,11.0,9.0,16.0,3.0,6.0,2.0,4.0,0.10219866719509359,0.6929133858267716,0.16057412568269663,0.5126050420168067,4.0,3.0,True,2019
1,24,15,9.0,15.0,4.0,5.0,6.0,7.0,8.0,18.0,3.0,6.0,3.0,4.0,0.08214241904303084,0.5304347826086957,0.12458132144644743,0.391304347826087,3.0,3.0,True,2019
0,20,5,8.0,19.0,6.0,12.0,5.0,6.0,13.0,19.0,4.0,9.0,11.0,14.0,0.13039571980642126,0.5929203539823009,0.12436121057067054,0.5454545454545454,4.0,4.0,False,2019
0,15,24,8.0,18.0,3.0,6.0,3.0,4.0,9.0,15.0,4.0,5.0,6.0,7.0,0.12458132144644743,0.391304347826087,0.10571393523442467,0.5344827586206896,3.0,3.0,False,2019
0,14,19,10.0,23.0,5.0,10.0,3.0,4.0,9.0,19.0,4.0,9.0,6.0,6.0,0.06689795858616723,0.47540983606557374,0.05638277162213144,0.4778761061946903,3.0,3.0,False,2019
0,7,10,13.0,24.0,5.0,8.0,4.0,5.0,10.0,20.0,4.0,9.0,8.0,9.0,0.0773657350079815,0.25,0.05687431760573247,0.34210526315789475,3.0,3.0,True,2019
1,19,14,9.0,19.0,4.0,9.0,6.0,6.0,10.0,23.0,5.0,10.0,3.0,4.0,0.05638277162213144,0.4778761061946903,0.053518366868933784,0.4715447154471545,3.0,3.0,True,2019
1,9,22,14.0,25.0,4.0,9.0,5.0,6.0,9.0,13.0,4.0,6.0,9.0,10.0,0.11470586155758174,0.2894736842105263,0.14397142995763684,0.5934959349593496,3.0,3.0,False,2019
1,13,8,7.0,13.0,4.0,6.0,11.0,12.0,14.0,26.0,3.0,5.0,11.0,13.0,0.04176906251002136,0.34210526315789475,0.04391167936756798,0.544,3.0,3.0,True,2019
0,8,13,14.0,26.0,3.0,5.0,11.0,13.0,7.0,13.0,4.0,6.0,11.0,12.0,0.04391167936756798,0.544,0.07341525000801709,0.34782608695652173,3.0,3.0,False,2019
1,16,3,6.0,16.0,3.0,5.0,7.0,7.0,10.0,20.0,4.0,7.0,4.0,4.0,0.06762564839665271,0.3391304347826087,0.04363487026229637,0.5072463768115942,3.0,3.0,True,2019
1,12,25,9.0,16.0,3.0,6.0,2.0,4.0,9.0,20.0,4.0,8.0,10.0,11.0,0.16057412568269663,0.5126050420168067,0.12175893375607487,0.6953125,3.0,4.0,False,2019
0,3,16,10.0,20.0,4.0,7.0,4.0,4.0,6.0,16.0,3.0,5.0,7.0,7.0,0.04363487026229637,0.5072463768115942,0.09410051871732217,0.3448275862068966,3.0,3.0,False,2019
0,21,6,13.0,26.0,4.0,9.0,6.0,8.0,12.0,29.0,7.0,16.0,6.0,8.0,0.10003690808255664,0.45614035087719296,0.1434139260147945,0.37606837606837606,3.0,3.0,False,2019
1,10,7,10.0,20.0,4.0,9.0,8.0,9.0,13.0,24.0,5.0,8.0,4.0,5.0,0.05687431760573247,0.34210526315789475,0.10189258800638519,0.2564102564102564,3.0,3.0,False,2019
1,6,21,12.0,29.0,7.0,16.0,6.0,8.0,13.0,26.0,4.0,9.0,6.0,8.0,0.1434139260147945,0.37606837606837606,0.0800295264660453,0.45217391304347826,3.0,3.0,True,2019
1,27,23,10.0,17.0,3.0,7.0,5.0,7.0,11.0,19.0,2.0,8.0,3.0,3.0,0.09697518213022291,0.3103448275862069,0.08531856121475334,0.525,3.0,3.0,False,2019
0,23,27,11.0,19.0,2.0,8.0,3.0,3.0,10.0,17.0,3.0,7.0,5.0,7.0,0.08531856121475334,0.525,0.07758014570417833,0.3076923076923077,3.0,3.0,True,2019
0,22,9,9.0,13.0,4.0,6.0,9.0,10.0,14.0,25.0,4.0,9.0,5.0,6.0,0.14397142995763684,0.5934959349593496,0.09176468924606539,0.28695652173913044,3.0,3.0,True,2019
1,5,20,13.0,19.0,4.0,9.0,11.0,14.0,8.0,19.0,6.0,12.0,5.0,6.0,0.12436121057067054,0.5454545454545454,0.10431657584513701,0.5877192982456141,4.0,4.0,True,2019
0,29,15,12.0,24.0,4.0,8.0,7.0,9.0,9.0,20.0,6.0,8.0,5.0,5.0,0.11101418737124988,0.47413793103448276,0.09966505715715794,0.3879310344827586,2.0,1.0,False,2019
0,28,4,8.0,17.0,7.0,11.0,3.0,6.0,10.0,20.0,3.0,6.0,10.0,14.0,0.02132025635088847,0.3247863247863248,0.14370183130681466,0.5737704918032787,2.0,2.0,False,2019
0,18,11,9.0,17.0,6.0,9.0,4.0,4.0,10.0,20.0,3.0,10.0,7.0,8.0,0.10741428411487963,0.6220472440944882,0.11407942701345389,0.546875,2.0,2.0,True,2019
1,4,28,10.0,20.0,3.0,6.0,10.0,14.0,8.0,17.0,7.0,11.0,3.0,6.0,0.14370183130681466,0.5737704918032787,0.017056205080710776,0.3220338983050847,2.0,2.0,True,2019
0,2,1,7.0,13.0,3.0,6.0,7.0,8.0,11.0,26.0,9.0,18.0,14.0,17.0,0.1306478655618028,0.59375,0.15061782305747368,0.7121212121212122,2.0,2.0,False,2019
1,11,18,10.0,20.0,3.0,10.0,7.0,8.0,9.0,17.0,6.0,9.0,4.0,4.0,0.11407942701345389,0.546875,0.1259314272919037,0.625,2.0,2.0,False,2019
1,0,17,11.0,26.0,6.0,15.0,2.0,4.0,10.0,22.0,3.0,9.0,7.0,8.0,0.11887756386238853,0.7028985507246377,0.09938024292864431,0.5666666666666667,2.0,2.0,False,2019
1,15,29,9.0,20.0,6.0,8.0,5.0,5.0,12.0,24.0,4.0,8.0,7.0,9.0,0.09966505715715794,0.3879310344827586,0.0888113498969999,0.4700854700854701,1.0,2.0,True,2019
0,17,0,10.0,22.0,3.0,9.0,7.0,8.0,11.0,26.0,6.0,15.0,2.0,4.0,0.09938024292864431,0.5666666666666667,0.09510205108991082,0.697841726618705,2.0,2.0,True,2019
1,1,2,11.0,26.0,9.0,18.0,14.0,17.0,7.0,13.0,3.0,6.0,7.0,8.0,0.15061782305747368,0.7121212121212122,0.10451829244944225,0.5757575757575758,2.0,2.0,True,2019
0,19,22,6.0,14.0,3.0,8.0,3.0,3.0,8.0,13.0,2.0,3.0,3.0,4.0,0.08510621729770516,0.4824561403508772,0.15517714396610946,0.5967741935483871,2.0,2.0,False,2019
1,14,27,13.0,27.0,4.0,10.0,5.0,6.0,8.0,15.0,3.0,5.0,7.0,8.0,0.053518366868933784,0.4715447154471545,0.07758014570417833,0.3076923076923077,2.0,2.0,False,2019
0,6,21,13.0,24.0,2.0,8.0,6.0,8.0,11.0,20.0,7.0,12.0,2.0,3.0,0.15473114081183562,0.3813559322033898,0.0800295264660453,0.45217391304347826,2.0,2.0,False,2019
0,25,10,8.0,19.0,3.0,6.0,5.0,6.0,12.0,17.0,3.0,6.0,6.0,8.0,0.12175893375607487,0.6953125,0.04549945408458598,0.3391304347826087,2.0,2.0,False,2019
0,27,14,8.0,15.0,3.0,5.0,7.0,8.0,13.0,27.0,4.0,10.0,5.0,6.0,0.07758014570417833,0.3076923076923077,0.04281469349514703,0.46774193548387094,2.0,2.0,True,2019
0,24,29,11.0,18.0,3.0,5.0,11.0,11.0,9.0,21.0,3.0,8.0,6.0,12.0,0.10571393523442467,0.5344827586206896,0.0888113498969999,0.4700854700854701,2.0,1.0,True,2019
1,10,25,12.0,17.0,3.0,6.0,6.0,8.0,8.0,19.0,3.0,6.0,5.0,6.0,0.04549945408458598,0.3391304347826087,0.09740714700485989,0.689922480620155,2.0,2.0,True,2019
1,22,19,8.0,13.0,2.0,3.0,3.0,4.0,6.0,14.0,3.0,8.0,3.0,3.0,0.15517714396610946,0.5967741935483871,0.06808497383816413,0.4782608695652174,2.0,2.0,True,2019
1,21,6,11.0,20.0,7.0,12.0,2.0,3.0,13.0,24.0,2.0,8.0,6.0,8.0,0.0800295264660453,0.45217391304347826,0.12378491264946849,0.37815126050420167,2.0,2.0,True,2019
1,7,26,8.0,22.0,3.0,8.0,7.0,8.0,17.0,29.0,3.0,7.0,3.0,6.0,0.10189258800638519,0.2564102564102564,0.10047028629937149,0.5867768595041323,2.0,3.0,False,2019
1,20,5,13.0,27.0,4.0,7.0,5.0,5.0,11.0,22.0,3.0,6.0,3.0,6.0,0.10431657584513701,0.5877192982456141,0.1394889684565364,0.5491803278688525,2.0,2.0,True,2019
0,26,7,17.0,29.0,3.0,7.0,3.0,6.0,8.0,22.0,3.0,8.0,7.0,8.0,0.10047028629937149,0.5867768595041323,0.08151407040510815,0.2542372881355932,3.0,2.0,True,2019
1,8,13,20.0,32.0,1.0,5.0,8.0,11.0,10.0,18.0,7.0,10.0,7.0,13.0,0.03512934349405438,0.5396825396825397,0.07341525000801709,0.34782608695652173,2.0,2.0,True,2019
0,13,8,10.0,18.0,7.0,10.0,7.0,13.0,20.0,32.0,1.0,5.0,8.0,11.0,0.07341525000801709,0.34782608695652173,0.06810347479524351,0.5433070866141733,2.0,2.0,False,2019
0,3,12,6.0,13.0,3.0,7.0,5.0,7.0,11.0,21.0,4.0,8.0,4.0,5.0,0.0349078962098371,0.5035971223021583,0.1284593005461573,0.5083333333333333,2.0,2.0,False,2019
1,12,3,11.0,21.0,4.0,8.0,4.0,5.0,6.0,13.0,3.0,7.0,5.0,7.0,0.1284593005461573,0.5083333333333333,0.02792631696786968,0.5,2.0,2.0,True,2019
1,23,9,10.0,24.0,5.0,13.0,10.0,15.0,9.0,19.0,4.0,7.0,3.0,5.0,0.10825484897180267,0.5289256198347108,0.09176468924606539,0.28695652173913044,2.0,2.0,False,2019
0,9,23,9.0,19.0,4.0,7.0,3.0,5.0,10.0,24.0,5.0,13.0,10.0,15.0,0.09176468924606539,0.28695652173913044,0.08660387917744214,0.5245901639344263,2.0,2.0,True,2019
0,5,20,11.0,22.0,3.0,6.0,3.0,6.0,13.0,27.0,4.0,7.0,5.0,5.0,0.1394889684565364,0.5491803278688525,0.1234532606761096,0.591304347826087,2.0,2.0,False,2019
1,29,24,9.0,21.0,3.0,8.0,6.0,12.0,11.0,18.0,3.0,5.0,11.0,11.0,0.0888113498969999,0.4700854700854701,0.12457114818753974,0.5384615384615384,1.0,2.0,False,2019
1,17,0,14.0,23.0,6.0,13.0,6.0,7.0,12.0,21.0,4.0,8.0,11.0,14.0,0.11950419434291545,0.5702479338842975,0.09510205108991082,0.697841726618705,2.0,2.0,False,2019
1,4,6,13.0,17.0,7.0,15.0,3.0,5.0,9.0,15.0,4.0,7.0,10.0,12.0,0.15496146504545175,0.5772357723577236,0.12378491264946849,0.37815126050420167,2.0,1.0,True,2019
1,24,5,8.0,14.0,2.0,5.0,8.0,10.0,14.0,23.0,2.0,6.0,10.0,12.0,0.12457114818753974,0.5384615384615384,0.11159117476522913,0.5447154471544715,1.0,1.0,False,2019
1,8,1,10.0,20.0,3.0,7.0,8.0,10.0,10.0,25.0,7.0,17.0,14.0,14.0,0.06810347479524351,0.5433070866141733,0.16049425844597895,0.7142857142857143,1.0,2.0,False,2019
0,0,17,12.0,21.0,4.0,8.0,11.0,14.0,14.0,23.0,6.0,13.0,6.0,7.0,0.09510205108991082,0.697841726618705,0.09560335547433237,0.5655737704918032,2.0,2.0,True,2019
0,1,8,10.0,25.0,7.0,17.0,14.0,14.0,10.0,20.0,3.0,7.0,8.0,10.0,0.16049425844597895,0.7142857142857143,0.0544827798361948,0.5390625,2.0,1.0,True,2019
0,20,7,16.0,24.0,9.0,11.0,7.0,8.0,16.0,20.0,5.0,8.0,4.0,4.0,0.1234532606761096,0.591304347826087,0.08151407040510815,0.2542372881355932,1.0,1.0,True,2019
0,2,16,8.0,16.0,5.0,9.0,8.0,8.0,9.0,22.0,4.0,9.0,7.0,8.0,0.10451829244944225,0.5757575757575758,0.09410051871732217,0.3448275862068966,2.0,3.0,True,2019
0,28,11,6.0,13.0,4.0,7.0,6.0,7.0,10.0,14.0,5.0,8.0,5.0,6.0,0.017056205080710776,0.3220338983050847,0.09126354161076311,0.5426356589147286,2.0,2.0,False,2019
1,14,21,9.0,19.0,4.0,10.0,4.0,6.0,18.0,29.0,6.0,9.0,5.0,8.0,0.04281469349514703,0.46774193548387094,0.10402362117283626,0.45689655172413796,1.0,1.0,True,2019
1,11,28,10.0,14.0,5.0,8.0,5.0,6.0,6.0,13.0,4.0,7.0,6.0,7.0,0.09126354161076311,0.5426356589147286,0.01364496406456862,0.31932773109243695,2.0,2.0,True,2019
0,6,4,9.0,15.0,4.0,7.0,10.0,12.0,13.0,17.0,7.0,15.0,3.0,5.0,0.12378491264946849,0.37815126050420167,0.16396917203636138,0.5806451612903226,1.0,2.0,False,2019
0,21,14,18.0,29.0,6.0,9.0,5.0,8.0,9.0,19.0,4.0,10.0,4.0,6.0,0.10402362117283626,0.45689655172413796,0.07425175479611762,0.472,1.0,1.0,False,2019
1,7,20,16.0,20.0,5.0,8.0,4.0,4.0,16.0,24.0,9.0,11.0,7.0,8.0,0.08151407040510815,0.2542372881355932,0.13876260854088768,0.5948275862068966,1.0,1.0,False,2019
0,3,9,8.0,15.0,2.0,4.0,6.0,8.0,8.0,16.0,4.0,7.0,3.0,4.0,0.02792631696786968,0.5,0.1134117513968523,0.29310344827586204,1.0,1.0,False,2019
0,5,24,14.0,23.0,2.0,6.0,10.0,12.0,8.0,14.0,2.0,5.0,8.0,10.0,0.11159117476522913,0.5447154471544715,0.0996569185500318,0.5338983050847458,1.0,1.0,True,2019
1,9,3,8.0,16.0,4.0,7.0,3.0,4.0,8.0,15.0,2.0,4.0,6.0,8.0,0.1134117513968523,0.29310344827586204,0.022341053574295743,0.49645390070921985,1.0,1.0,True,2019
1,16,2,9.0,22.0,4.0,9.0,7.0,8.0,8.0,16.0,5.0,9.0,8.0,8.0,0.09410051871732217,0.3448275862068966,0.12361463395955379,0.5882352941176471,3.0,2.0,False,2019
0,15,29,12.0,19.0,4.0,11.0,3.0,4.0,9.0,21.0,5.0,13.0,4.0,5.0,0.11973204572572635,0.39316239316239315,0.07104907991759993,0.4661016949152542,3.0,2.0,False,2019
0,27,25,6.0,17.0,4.0,7.0,7.0,7.0,8.0,22.0,2.0,7.0,10.0,11.0,0.10206411656334266,0.3135593220338983,0.09740714700485989,0.689922480620155,2.0,2.0,False,2019
1,12,23,8.0,15.0,3.0,7.0,7.0,7.0,12.0,24.0,3.0,6.0,7.0,9.0,0.14276744043692585,0.512396694214876,0.08660387917744214,0.5245901639344263,2.0,2.0,False,2019
0,23,12,12.0,24.0,3.0,6.0,7.0,9.0,8.0,15.0,3.0,7.0,7.0,7.0,0.08660387917744214,0.5245901639344263,0.11421395234954068,0.5081967213114754,2.0,2.0,True,2019
1,10,19,10.0,15.0,4.0,7.0,10.0,10.0,7.0,15.0,3.0,8.0,6.0,6.0,0.07639956326766878,0.3448275862068966,0.06808497383816413,0.4782608695652174,2.0,2.0,True,2019
0,19,10,7.0,15.0,3.0,8.0,6.0,6.0,10.0,15.0,4.0,7.0,10.0,10.0,0.06808497383816413,0.4782608695652174,0.10111965061413504,0.3504273504273504,2.0,2.0,False,2019
0,26,13,12.0,24.0,3.0,11.0,9.0,12.0,9.0,19.0,4.0,11.0,4.0,6.0,0.12037622903949718,0.5901639344262295,0.05873220000641367,0.3448275862068966,2.0,2.0,False,2019
1,17,18,13.0,18.0,4.0,7.0,5.0,5.0,7.0,12.0,2.0,9.0,5.0,10.0,0.09560335547433237,0.5655737704918032,0.1259314272919037,0.625,1.0,3.0,True,2019
0,18,17,7.0,12.0,2.0,9.0,5.0,10.0,13.0,18.0,4.0,7.0,5.0,5.0,0.1259314272919037,0.625,0.11648268437946589,0.5691056910569106,3.0,1.0,False,2019
1,25,27,8.0,22.0,2.0,7.0,10.0,11.0,6.0,17.0,4.0,7.0,7.0,7.0,0.09740714700485989,0.689922480620155,0.08165129325067413,0.31092436974789917,2.0,2.0,True,2019
1,29,15,9.0,21.0,5.0,13.0,4.0,5.0,12.0,19.0,4.0,11.0,3.0,4.0,0.07104907991759993,0.4661016949152542,0.09578563658058108,0.3898305084745763,2.0,3.0,True,2019
1,13,26,9.0,19.0,4.0,11.0,4.0,6.0,12.0,24.0,3.0,11.0,9.0,12.0,0.05873220000641367,0.3448275862068966,0.09630098323159775,0.5853658536585366,2.0,2.0,True,2019
0,0,7,11.0,17.0,5.0,9.0,7.0,9.0,9.0,17.0,2.0,5.0,7.0,8.0,0.11608164087192865,0.7,0.06521125632408652,0.25210084033613445,2.0,2.0,True,2019
0,2,5,10.0,15.0,4.0,6.0,7.0,8.0,13.0,23.0,5.0,8.0,6.0,7.0,0.12361463395955379,0.5882352941176471,0.1292729398121833,0.5483870967741935,2.0,2.0,False,2019
1,26,13,13.0,24.0,2.0,6.0,6.0,8.0,8.0,11.0,7.0,9.0,6.0,6.0,0.09630098323159775,0.5853658536585366,0.08698576000513093,0.3504273504273504,1.0,1.0,True,2019
1,22,9,9.0,19.0,3.0,4.0,6.0,8.0,8.0,16.0,6.0,9.0,5.0,7.0,0.1641417151728876,0.6,0.13072940111748185,0.29914529914529914,3.0,2.0,True,2019
1,7,0,9.0,17.0,2.0,5.0,7.0,8.0,11.0,17.0,5.0,9.0,7.0,9.0,0.06521125632408652,0.25210084033613445,0.13286531269754293,0.7021276595744681,2.0,2.0,False,2019
1,8,23,13.0,23.0,5.0,8.0,8.0,8.0,10.0,23.0,4.0,8.0,6.0,8.0,0.0544827798361948,0.5390625,0.10928310334195371,0.5284552845528455,2.0,1.0,True,2019
1,5,2,13.0,23.0,5.0,8.0,6.0,7.0,10.0,15.0,4.0,6.0,7.0,8.0,0.1292729398121833,0.5483870967741935,0.09889170716764303,0.5714285714285714,2.0,2.0,True,2019
0,16,1,9.0,18.0,3.0,4.0,5.0,6.0,8.0,19.0,6.0,12.0,21.0,27.0,0.07528041497385773,0.3418803418803419,0.16839540675678316,0.7164179104477612,2.0,2.0,False,2019
0,9,22,8.0,16.0,6.0,9.0,5.0,7.0,9.0,19.0,3.0,4.0,6.0,8.0,0.13072940111748185,0.29914529914529914,0.17131337213831005,0.6031746031746031,2.0,3.0,False,2019
1,1,16,8.0,19.0,6.0,12.0,21.0,27.0,9.0,18.0,3.0,4.0,5.0,6.0,0.16839540675678316,0.7164179104477612,0.060224331979086186,0.3389830508474576,2.0,2.0,True,2019
0,13,26,8.0,11.0,7.0,9.0,6.0,6.0,13.0,24.0,2.0,6.0,6.0,8.0,0.08698576000513093,0.3504273504273504,0.1170407865852782,0.5887096774193549,1.0,1.0,False,2019
1,21,10,10.0,16.0,3.0,6.0,8.0,8.0,6.0,17.0,2.0,7.0,4.0,4.0,0.083218896938269,0.452991452991453,0.10111965061413504,0.3504273504273504,2.0,1.0,True,2019
0,23,8,10.0,23.0,4.0,8.0,6.0,8.0,13.0,23.0,5.0,8.0,8.0,8.0,0.10928310334195371,0.5284552845528455,0.08358622386895584,0.5426356589147286,1.0,2.0,False,2019
0,10,21,6.0,17.0,2.0,7.0,4.0,4.0,10.0,16.0,3.0,6.0,8.0,8.0,0.10111965061413504,0.3504273504273504,0.10657511755061519,0.4576271186440678,1.0,2.0,False,2019
0,18,24,9.0,19.0,4.0,8.0,8.0,12.0,9.0,19.0,2.0,8.0,6.0,9.0,0.10074514183352297,0.6201550387596899,0.0996569185500318,0.5338983050847458,2.0,3.0,True,2019
0,19,4,9.0,20.0,4.0,9.0,7.0,7.0,9.0,14.0,7.0,12.0,4.0,5.0,0.0544679790705313,0.47413793103448276,0.16396917203636138,0.5806451612903226,2.0,3.0,False,2019
1,20,28,8.0,16.0,5.0,9.0,4.0,10.0,7.0,20.0,4.0,7.0,5.0,6.0,0.13876260854088768,0.5948275862068966,0.01364496406456862,0.31932773109243695,3.0,3.0,True,2019
1,15,17,11.0,23.0,5.0,11.0,5.0,7.0,8.0,21.0,4.0,9.0,14.0,16.0,0.09578563658058108,0.3898305084745763,0.11648268437946589,0.5691056910569106,2.0,2.0,False,2019
0,28,20,7.0,20.0,4.0,7.0,5.0,6.0,8.0,16.0,5.0,9.0,4.0,10.0,0.01364496406456862,0.31932773109243695,0.15101008683271017,0.5982905982905983,3.0,3.0,False,2019
0,11,25,9.0,23.0,5.0,8.0,7.0,8.0,16.0,22.0,3.0,4.0,13.0,17.0,0.11301083328861047,0.5461538461538461,0.11792571760388793,0.6923076923076923,3.0,2.0,False,2019
1,25,11,16.0,22.0,3.0,4.0,13.0,17.0,9.0,23.0,5.0,8.0,7.0,8.0,0.11792571760388793,0.6923076923076923,0.09040866663088838,0.5419847328244275,2.0,3.0,True,2019
1,24,18,9.0,19.0,2.0,8.0,6.0,9.0,9.0,19.0,4.0,8.0,8.0,12.0,0.0996569185500318,0.5338983050847458,0.12059611346681838,0.6230769230769231,3.0,2.0,False,2019
0,17,15,8.0,21.0,4.0,9.0,14.0,16.0,11.0,23.0,5.0,11.0,5.0,7.0,0.11648268437946589,0.5691056910569106,0.07662850926446486,0.3865546218487395,2.0,2.0,True,2019
1,4,19,9.0,14.0,7.0,12.0,4.0,5.0,9.0,20.0,4.0,9.0,7.0,7.0,0.16396917203636138,0.5806451612903226,0.04357438325642504,0.4700854700854701,3.0,2.0,True,2019
0,19,16,11.0,23.0,4.0,8.0,3.0,6.0,8.0,11.0,2.0,4.0,8.0,8.0,0.04357438325642504,0.4700854700854701,0.060224331979086186,0.3389830508474576,1.0,2.0,True,2019
1,27,10,6.0,14.0,2.0,5.0,4.0,5.0,10.0,15.0,3.0,6.0,4.0,4.0,0.08165129325067413,0.31092436974789917,0.08089572049130803,0.3474576271186441,3.0,2.0,False,2019
1,21,13,4.0,14.0,2.0,8.0,4.0,5.0,7.0,16.0,3.0,8.0,5.0,5.0,0.10657511755061519,0.4576271186440678,0.06958860800410474,0.3474576271186441,2.0,2.0,False,2019
0,10,27,10.0,15.0,3.0,6.0,4.0,4.0,6.0,14.0,2.0,5.0,4.0,5.0,0.08089572049130803,0.3474576271186441,0.06532103460053931,0.30833333333333335,2.0,3.0,True,2019
1,14,9,9.0,20.0,4.0,8.0,6.0,6.0,11.0,19.0,4.0,7.0,3.0,4.0,0.07425175479611762,0.472,0.10458352089398548,0.2966101694915254,4.0,2.0,True,2019
0,12,3,9.0,16.0,4.0,7.0,4.0,4.0,5.0,15.0,3.0,8.0,4.0,6.0,0.11421395234954068,0.5081967213114754,0.022341053574295743,0.49645390070921985,3.0,4.0,True,2019
1,6,8,9.0,21.0,3.0,8.0,6.0,7.0,12.0,25.0,3.0,6.0,8.0,10.0,0.0990279301195748,0.375,0.08358622386895584,0.5426356589147286,4.0,2.0,True,2019
0,9,14,11.0,19.0,4.0,7.0,3.0,4.0,9.0,20.0,4.0,8.0,6.0,6.0,0.10458352089398548,0.2966101694915254,0.09940140383689411,0.47619047619047616,2.0,4.0,False,2019
0,13,21,7.0,16.0,3.0,8.0,5.0,5.0,4.0,14.0,2.0,8.0,4.0,5.0,0.06958860800410474,0.3474576271186441,0.08526009404049215,0.453781512605042,2.0,2.0,True,2019
0,26,29,15.0,29.0,2.0,11.0,7.0,10.0,8.0,21.0,5.0,11.0,8.0,10.0,0.1170407865852782,0.5887096774193549,0.09683926393407993,0.47058823529411764,2.0,3.0,True,2019
0,23,2,12.0,21.0,3.0,8.0,9.0,12.0,14.0,18.0,4.0,7.0,4.0,5.0,0.08742648267356297,0.5241935483870968,0.09889170716764303,0.5714285714285714,2.0,2.0,False,2019
0,8,6,12.0,25.0,3.0,6.0,8.0,10.0,9.0,21.0,3.0,8.0,6.0,7.0,0.08358622386895584,0.5426356589147286,0.11922234409565984,0.38016528925619836,2.0,4.0,False,2019
1,3,12,5.0,15.0,3.0,8.0,4.0,6.0,9.0,16.0,4.0,7.0,4.0,4.0,0.022341053574295743,0.49645390070921985,0.13137116187963255,0.5121951219512195,4.0,3.0,False,2019
1,2,23,14.0,18.0,4.0,7.0,4.0,5.0,12.0,21.0,3.0,8.0,9.0,12.0,0.09889170716764303,0.5714285714285714,0.06994118613885038,0.52,2.0,2.0,True,2019
1,7,18,10.0,22.0,3.0,7.0,15.0,17.0,12.0,23.0,5.0,8.0,17.0,23.0,0.05216900505926921,0.25,0.12059611346681838,0.6230769230769231,2.0,1.0,False,2019
0,18,7,12.0,23.0,5.0,8.0,17.0,23.0,10.0,22.0,3.0,7.0,15.0,17.0,0.12059611346681838,0.6230769230769231,0.04173520404741537,0.24793388429752067,1.0,2.0,True,2019
1,29,26,8.0,21.0,5.0,11.0,8.0,10.0,15.0,29.0,2.0,11.0,7.0,10.0,0.09683926393407993,0.47058823529411764,0.13363262926822256,0.592,3.0,2.0,False,2019
1,16,19,8.0,11.0,2.0,4.0,8.0,8.0,11.0,23.0,4.0,8.0,3.0,6.0,0.060224331979086186,0.3389830508474576,0.07485950660514004,0.4745762711864407,2.0,1.0,False,2019
1,5,25,10.0,15.0,6.0,7.0,7.0,7.0,8.0,13.0,1.0,6.0,5.0,7.0,0.14341835184974666,0.552,0.13434057408311034,0.6946564885496184,3.0,2.0,True,2019
0,20,15,12.0,24.0,6.0,12.0,6.0,10.0,12.0,19.0,5.0,9.0,3.0,4.0,0.15101008683271017,0.5982905982905983,0.07662850926446486,0.3865546218487395,2.0,2.0,True,2019
0,1,0,13.0,32.0,10.0,23.0,9.0,9.0,14.0,27.0,5.0,15.0,5.0,5.0,0.1747163254054265,0.7185185185185186,0.13286531269754293,0.7021276595744681,3.0,3.0,True,2019
1,0,1,14.0,27.0,5.0,15.0,5.0,5.0,13.0,32.0,10.0,23.0,9.0,9.0,0.13286531269754293,0.7021276595744681,0.1797730603243412,0.7205882352941176,3.0,3.0,False,2019
0,25,5,8.0,13.0,1.0,6.0,5.0,7.0,10.0,15.0,6.0,7.0,7.0,7.0,0.13434057408311034,0.6946564885496184,0.15473468147979733,0.5555555555555556,2.0,3.0,False,2019
1,15,20,12.0,19.0,5.0,9.0,3.0,4.0,12.0,24.0,6.0,12.0,6.0,10.0,0.07662850926446486,0.3865546218487395,0.1608080694661681,0.6016949152542372,2.0,2.0,False,2019
0,9,4,7.0,12.0,4.0,9.0,6.0,9.0,7.0,13.0,4.0,6.0,7.0,7.0,0.08366681671518839,0.29411764705882354,0.17117533762908912,0.584,2.0,3.0,False,2019
0,6,16,7.0,16.0,5.0,7.0,7.0,7.0,10.0,20.0,3.0,6.0,8.0,9.0,0.11922234409565984,0.38016528925619836,0.04817946558326895,0.33613445378151263,2.0,2.0,True,2019
0,13,2,7.0,16.0,4.0,8.0,4.0,4.0,9.0,21.0,5.0,11.0,3.0,4.0,0.09567088640328378,0.35294117647058826,0.11911336573411443,0.5833333333333334,2.0,2.0,False,2019
0,11,3,7.0,13.0,3.0,7.0,5.0,5.0,6.0,13.0,3.0,4.0,4.0,4.0,0.09040866663088838,0.5419847328244275,0.017872842859436595,0.49295774647887325,3.0,2.0,True,2019
0,28,29,7.0,18.0,3.0,10.0,6.0,7.0,9.0,21.0,5.0,12.0,5.0,5.0,0.010915971251654897,0.31666666666666665,0.07747141114726394,0.4666666666666667,3.0,2.0,True,2019
0,26,17,13.0,28.0,5.0,9.0,12.0,14.0,9.0,19.0,2.0,8.0,8.0,9.0,0.13363262926822256,0.592,0.13318614750357272,0.5725806451612904,2.0,3.0,True,2019
1,7,24,8.0,14.0,2.0,5.0,6.0,11.0,8.0,15.0,4.0,7.0,8.0,9.0,0.04173520404741537,0.24793388429752067,0.07972553484002544,0.5294117647058824,2.0,3.0,False,2019
1,2,13,9.0,21.0,5.0,11.0,3.0,4.0,7.0,16.0,4.0,8.0,4.0,4.0,0.11911336573411443,0.5833333333333334,0.07653670912262703,0.35,2.0,2.0,True,2019
1,17,26,9.0,19.0,2.0,8.0,8.0,9.0,13.0,28.0,5.0,9.0,12.0,14.0,0.13318614750357272,0.5725806451612904,0.14690610341457805,0.5952380952380952,3.0,2.0,False,2019
1,29,28,9.0,21.0,5.0,12.0,5.0,5.0,7.0,18.0,3.0,10.0,6.0,7.0,0.07747141114726394,0.4666666666666667,0.04873277700132392,0.32231404958677684,2.0,3.0,False,2019
0,22,27,14.0,28.0,4.0,13.0,5.0,5.0,12.0,21.0,5.0,9.0,3.0,4.0,0.17131337213831005,0.6031746031746031,0.06532103460053931,0.30833333333333335,4.0,2.0,True,2019
1,12,14,9.0,16.0,3.0,8.0,4.0,6.0,10.0,25.0,5.0,12.0,9.0,11.0,0.13137116187963255,0.5121951219512195,0.09940140383689411,0.47619047619047616,2.0,2.0,True,2019
0,24,7,8.0,15.0,4.0,7.0,8.0,9.0,8.0,14.0,2.0,5.0,6.0,11.0,0.07972553484002544,0.5294117647058824,0.0333881632379323,0.2459016393442623,3.0,2.0,True,2019
0,10,23,10.0,16.0,3.0,9.0,2.0,4.0,11.0,20.0,3.0,6.0,6.0,8.0,0.1047165763930464,0.35294117647058826,0.06994118613885038,0.52,2.0,2.0,False,2019
1,3,11,6.0,13.0,3.0,4.0,4.0,4.0,7.0,13.0,3.0,7.0,5.0,5.0,0.017872842859436595,0.49295774647887325,0.1123269333047107,0.5454545454545454,2.0,3.0,False,2019
1,23,10,11.0,20.0,3.0,6.0,6.0,8.0,10.0,16.0,3.0,9.0,2.0,4.0,0.06994118613885038,0.52,0.08377326111443713,0.35,2.0,2.0,True,2019
1,16,6,10.0,20.0,3.0,6.0,8.0,9.0,7.0,16.0,5.0,7.0,7.0,7.0,0.04817946558326895,0.33613445378151263,0.13537787527652786,0.38524590163934425,2.0,2.0,False,2019
1,4,9,7.0,13.0,4.0,6.0,7.0,7.0,7.0,12.0,4.0,9.0,6.0,9.0,0.17117533762908912,0.584,0.0669334533721507,0.2916666666666667,3.0,2.0,True,2019
0,14,12,10.0,25.0,5.0,12.0,9.0,11.0,9.0,16.0,3.0,8.0,4.0,6.0,0.09940140383689411,0.47619047619047616,0.14509692950370603,0.5161290322580645,2.0,2.0,False,2019
1,27,22,12.0,21.0,5.0,9.0,3.0,4.0,14.0,28.0,4.0,13.0,5.0,5.0,0.06532103460053931,0.30833333333333335,0.17705069771064808,0.6062992125984252,2.0,4.0,False,2019
0,0,15,14.0,26.0,10.0,20.0,4.0,5.0,12.0,21.0,8.0,13.0,4.0,5.0,0.10629225015803434,0.6971830985915493,0.06130280741157189,0.38333333333333336,2.0,2.0,True,2019
1,5,16,8.0,12.0,3.0,5.0,8.0,10.0,7.0,12.0,3.0,5.0,4.0,5.0,0.15473468147979733,0.5555555555555556,0.03854357246661516,0.3333333333333333,2.0,1.0,True,2019
1,3,8,8.0,17.0,3.0,6.0,4.0,5.0,9.0,14.0,4.0,6.0,8.0,10.0,0.014298274287549276,0.48951048951048953,0.06686897909516468,0.5384615384615384,1.0,3.0,False,2019
1,15,0,12.0,21.0,8.0,13.0,4.0,5.0,14.0,26.0,10.0,20.0,4.0,5.0,0.06130280741157189,0.38333333333333336,0.12503380012642745,0.6993006993006993,2.0,2.0,False,2019
1,17,1,11.0,21.0,3.0,8.0,5.0,6.0,13.0,35.0,5.0,17.0,7.0,7.0,0.10654891800285818,0.568,0.1797730603243412,0.7205882352941176,1.0,2.0,True,2019
1,19,11,13.0,21.0,5.0,8.0,6.0,6.0,10.0,21.0,2.0,4.0,6.0,7.0,0.07485950660514004,0.4745762711864407,0.1123269333047107,0.5454545454545454,3.0,1.0,False,2019
0,8,3,9.0,14.0,4.0,6.0,8.0,10.0,8.0,17.0,3.0,6.0,4.0,5.0,0.06686897909516468,0.5384615384615384,0.011438619430039421,0.4861111111111111,3.0,1.0,True,2019
0,11,19,10.0,21.0,2.0,4.0,6.0,7.0,13.0,21.0,5.0,8.0,6.0,6.0,0.1123269333047107,0.5454545454545454,0.059887605284112036,0.47058823529411764,1.0,3.0,True,2019
1,18,13,9.0,17.0,2.0,6.0,10.0,11.0,7.0,16.0,4.0,8.0,5.0,10.0,0.1364768907734547,0.6259541984732825,0.07653670912262703,0.35,3.0,1.0,True,2019
1,4,25,16.0,25.0,3.0,6.0,8.0,11.0,11.0,17.0,5.0,8.0,12.0,15.0,0.1769402701032713,0.5873015873015873,0.10747245926648827,0.6893939393939394,1.0,2.0,False,2019
0,21,20,7.0,17.0,3.0,8.0,7.0,9.0,16.0,29.0,3.0,9.0,4.0,5.0,0.08526009404049215,0.453781512605042,0.1608080694661681,0.6016949152542372,3.0,2.0,False,2019
0,16,5,7.0,12.0,3.0,5.0,4.0,5.0,8.0,12.0,3.0,5.0,8.0,10.0,0.03854357246661516,0.3333333333333333,0.16378774518383785,0.5590551181102362,1.0,2.0,False,2019
0,25,4,11.0,17.0,5.0,8.0,12.0,15.0,16.0,25.0,3.0,6.0,8.0,11.0,0.10747245926648827,0.6893939393939394,0.14155221608261703,0.5826771653543307,2.0,1.0,True,2019
0,13,18,7.0,16.0,4.0,8.0,5.0,10.0,9.0,17.0,2.0,6.0,10.0,11.0,0.07653670912262703,0.35,0.14918151261876375,0.6287878787878788,1.0,3.0,False,2019
0,1,17,13.0,35.0,5.0,17.0,7.0,7.0,11.0,21.0,3.0,8.0,5.0,6.0,0.1797730603243412,0.7205882352941176,0.12523913440228654,0.5714285714285714,2.0,1.0,False,2019
1,20,21,16.0,29.0,3.0,9.0,4.0,5.0,7.0,17.0,3.0,8.0,7.0,9.0,0.1608080694661681,0.6016949152542372,0.06820807523239372,0.45,2.0,3.0,True,2019
1,27,6,11.0,17.0,3.0,4.0,3.0,4.0,10.0,19.0,6.0,14.0,7.0,9.0,0.05225682768043145,0.30578512396694213,0.13537787527652786,0.38524590163934425,2.0,2.0,False,2019
0,29,23,5.0,16.0,2.0,5.0,4.0,10.0,11.0,23.0,3.0,10.0,7.0,11.0,0.06197712891781115,0.4628099173553719,0.09595294891108029,0.5238095238095238,2.0,2.0,False,2019
1,26,14,9.0,23.0,3.0,7.0,3.0,6.0,10.0,27.0,4.0,10.0,3.0,4.0,0.14690610341457805,0.5952380952380952,0.07952112306951528,0.47244094488188976,2.0,2.0,False,2019
0,14,26,10.0,27.0,4.0,10.0,3.0,4.0,9.0,23.0,3.0,7.0,3.0,6.0,0.07952112306951528,0.47244094488188976,0.11752488273166244,0.5905511811023622,2.0,2.0,True,2019
0,21,7,9.0,20.0,2.0,7.0,9.0,12.0,9.0,17.0,3.0,6.0,5.0,5.0,0.06820807523239372,0.45,0.0333881632379323,0.2459016393442623,1.0,2.0,True,2019
1,24,10,10.0,21.0,2.0,10.0,7.0,8.0,7.0,17.0,2.0,7.0,6.0,8.0,0.10378042787202033,0.5333333333333333,0.08377326111443713,0.35,2.0,2.0,True,2019
1,7,21,9.0,17.0,3.0,6.0,5.0,5.0,9.0,20.0,2.0,7.0,9.0,12.0,0.0333881632379323,0.2459016393442623,0.09456646018591497,0.45454545454545453,2.0,1.0,False,2019
0,10,24,7.0,17.0,2.0,7.0,6.0,8.0,10.0,21.0,2.0,10.0,7.0,8.0,0.08377326111443713,0.35,0.12302434229761627,0.5371900826446281,2.0,2.0,False,2019
0,12,9,6.0,16.0,2.0,9.0,4.0,7.0,7.0,16.0,3.0,7.0,4.0,6.0,0.14509692950370603,0.5161290322580645,0.0669334533721507,0.2916666666666667,2.0,2.0,False,2019
1,23,29,11.0,23.0,3.0,10.0,7.0,11.0,5.0,16.0,2.0,5.0,4.0,10.0,0.09595294891108029,0.5238095238095238,0.04958170313424892,0.45901639344262296,2.0,2.0,True,2019
1,25,22,10.0,12.0,5.0,8.0,5.0,6.0,9.0,18.0,2.0,4.0,4.0,5.0,0.12597796741319062,0.6917293233082706,0.17705069771064808,0.6062992125984252,1.0,2.0,True,2019
0,6,27,10.0,19.0,6.0,14.0,7.0,9.0,11.0,17.0,3.0,4.0,3.0,4.0,0.13537787527652786,0.38524590163934425,0.04180546214434516,0.30327868852459017,2.0,2.0,True,2019
1,9,12,7.0,16.0,3.0,7.0,4.0,6.0,6.0,16.0,2.0,9.0,4.0,7.0,0.0669334533721507,0.2916666666666667,0.11607754360296482,0.512,2.0,2.0,True,2019
0,22,25,9.0,18.0,2.0,4.0,4.0,5.0,10.0,12.0,5.0,8.0,5.0,6.0,0.17705069771064808,0.6062992125984252,0.1407823739305525,0.6940298507462687,2.0,1.0,False,2019
0,11,4,8.0,24.0,6.0,12.0,6.0,10.0,13.0,30.0,3.0,5.0,4.0,6.0,0.12986154664376856,0.5488721804511278,0.14155221608261703,0.5826771653543307,2.0,2.0,False,2019
1,2,6,8.0,16.0,4.0,8.0,4.0,4.0,8.0,15.0,5.0,9.0,6.0,7.0,0.13529069258729157,0.5945945945945946,0.14830230022122232,0.3902439024390244,3.0,1.0,True,2019
1,15,10,9.0,15.0,3.0,8.0,4.0,6.0,7.0,14.0,5.0,10.0,4.0,4.0,0.04904224592925751,0.38016528925619836,0.0670186088915497,0.34710743801652894,2.0,1.0,True,2019
0,10,15,7.0,14.0,5.0,10.0,4.0,4.0,9.0,15.0,3.0,8.0,4.0,6.0,0.0670186088915497,0.34710743801652894,0.079233796743406,0.38524590163934425,1.0,2.0,False,2019
0,6,2,8.0,15.0,5.0,9.0,6.0,7.0,8.0,16.0,4.0,8.0,4.0,4.0,0.14830230022122232,0.3902439024390244,0.14823255406983324,0.6052631578947368,1.0,3.0,False,2019
1,17,28,7.0,17.0,3.0,7.0,6.0,9.0,8.0,17.0,3.0,7.0,5.0,6.0,0.12523913440228654,0.5714285714285714,0.04873277700132392,0.32231404958677684,2.0,3.0,True,2019
0,16,8,6.0,11.0,4.0,6.0,8.0,10.0,14.0,20.0,3.0,5.0,8.0,12.0,0.030834857973292128,0.3305785123966942,0.09349518327613174,0.5419847328244275,2.0,2.0,False,2019
1,8,16,14.0,20.0,3.0,5.0,8.0,12.0,6.0,11.0,4.0,6.0,8.0,10.0,0.09349518327613174,0.5419847328244275,0.0246678863786337,0.32786885245901637,2.0,2.0,True,2019
1,19,5,13.0,21.0,3.0,12.0,6.0,6.0,12.0,21.0,3.0,7.0,9.0,9.0,0.059887605284112036,0.47058823529411764,0.16378774518383785,0.5590551181102362,2.0,2.0,False,2019
1,13,29,10.0,23.0,2.0,6.0,6.0,8.0,12.0,21.0,4.0,10.0,5.0,7.0,0.06122936729810162,0.34710743801652894,0.04958170313424892,0.45901639344262296,2.0,1.0,False,2019
0,5,19,12.0,21.0,3.0,7.0,9.0,9.0,13.0,21.0,3.0,12.0,6.0,6.0,0.16378774518383785,0.5590551181102362,0.04791008422728963,0.4666666666666667,2.0,2.0,True,2019
1,1,20,13.0,18.0,7.0,15.0,12.0,15.0,11.0,20.0,2.0,7.0,4.0,4.0,0.14381844825947296,0.7153284671532847,0.1686464555729345,0.6050420168067226,2.0,2.0,True,2019
0,20,1,11.0,20.0,2.0,7.0,4.0,4.0,13.0,18.0,7.0,15.0,12.0,15.0,0.1686464555729345,0.6050420168067226,0.1550547586075784,0.717391304347826,2.0,2.0,False,2019
0,29,13,12.0,21.0,4.0,10.0,5.0,7.0,10.0,23.0,2.0,6.0,6.0,8.0,0.04958170313424892,0.45901639344262296,0.048983493838481294,0.3442622950819672,1.0,2.0,True,2019
1,4,11,13.0,30.0,3.0,5.0,4.0,6.0,8.0,24.0,6.0,12.0,6.0,10.0,0.14155221608261703,0.5826771653543307,0.10388923731501484,0.5447761194029851,2.0,2.0,True,2019
0,28,17,8.0,17.0,3.0,7.0,5.0,6.0,7.0,17.0,3.0,7.0,6.0,9.0,0.04873277700132392,0.32231404958677684,0.14019130752182923,0.5748031496062992,3.0,2.0,False,2019
1,0,28,18.0,29.0,7.0,16.0,8.0,9.0,7.0,13.0,2.0,4.0,4.0,5.0,0.12503380012642745,0.6993006993006993,0.038986221601059134,0.319672131147541,3.0,1.0,True,2019
1,18,14,8.0,15.0,8.0,14.0,5.0,6.0,11.0,18.0,4.0,9.0,5.0,6.0,0.14918151261876375,0.6287878787878788,0.10361689845561224,0.4765625,3.0,2.0,True,2019
0,23,26,11.0,24.0,2.0,6.0,16.0,18.0,11.0,24.0,5.0,13.0,5.0,7.0,0.11676235912886423,0.5275590551181102,0.11752488273166244,0.5905511811023622,2.0,2.0,True,2019
0,14,18,11.0,18.0,4.0,9.0,5.0,6.0,8.0,15.0,8.0,14.0,5.0,6.0,0.10361689845561224,0.4765625,0.15934521009501101,0.631578947368421,2.0,3.0,False,2019
0,9,25,8.0,20.0,3.0,5.0,4.0,6.0,11.0,18.0,3.0,9.0,6.0,7.0,0.09354676269772057,0.2975206611570248,0.1407823739305525,0.6940298507462687,2.0,2.0,False,2019
0,20,12,11.0,21.0,3.0,7.0,6.0,6.0,6.0,12.0,3.0,7.0,4.0,6.0,0.13491716445834762,0.6,0.11607754360296482,0.512,1.0,2.0,True,2019
1,3,22,11.0,20.0,3.0,8.0,6.0,6.0,11.0,16.0,3.0,6.0,4.0,4.0,0.011438619430039421,0.4861111111111111,0.14164055816851845,0.6015625,3.0,2.0,False,2019
1,26,23,11.0,24.0,5.0,13.0,5.0,7.0,11.0,24.0,2.0,6.0,16.0,18.0,0.11752488273166244,0.5905511811023622,0.1334098873030914,0.53125,2.0,2.0,False,2019
1,12,20,6.0,12.0,3.0,7.0,4.0,6.0,11.0,21.0,3.0,7.0,6.0,6.0,0.11607754360296482,0.512,0.14793373156667808,0.6033057851239669,2.0,1.0,False,2019
1,24,21,9.0,18.0,4.0,7.0,7.0,7.0,7.0,18.0,4.0,8.0,7.0,7.0,0.12302434229761627,0.5371900826446281,0.09456646018591497,0.45454545454545453,2.0,2.0,True,2019
0,15,7,7.0,12.0,4.0,6.0,7.0,9.0,9.0,19.0,3.0,6.0,5.0,6.0,0.079233796743406,0.38524590163934425,0.026710530590345838,0.24390243902439024,1.0,2.0,False,2019
0,22,3,11.0,16.0,3.0,6.0,4.0,4.0,11.0,20.0,3.0,8.0,6.0,6.0,0.14164055816851845,0.6015625,0.009150895544031538,0.4827586206896552,2.0,3.0,True,2019
0,28,0,7.0,13.0,2.0,4.0,4.0,5.0,18.0,29.0,7.0,16.0,8.0,9.0,0.038986221601059134,0.319672131147541,0.14002704010114198,0.7013888888888888,1.0,3.0,False,2019
1,25,9,11.0,18.0,3.0,9.0,6.0,7.0,8.0,20.0,3.0,5.0,4.0,6.0,0.1407823739305525,0.6940298507462687,0.07483741015817645,0.29508196721311475,2.0,2.0,True,2019
1,7,15,9.0,19.0,3.0,6.0,5.0,6.0,7.0,12.0,4.0,6.0,7.0,9.0,0.026710530590345838,0.24390243902439024,0.0633870373947248,0.3821138211382114,2.0,1.0,True,2019
0,21,24,7.0,18.0,4.0,8.0,7.0,7.0,9.0,18.0,4.0,7.0,7.0,7.0,0.09456646018591497,0.45454545454545453,0.138419473838093,0.5409836065573771,2.0,2.0,False,2019
1,6,9,11.0,20.0,4.0,7.0,6.0,7.0,12.0,21.0,2.0,9.0,6.0,6.0,0.11864184017697785,0.3870967741935484,0.07483741015817645,0.29508196721311475,2.0,1.0,True,2019
1,17,27,10.0,14.0,3.0,5.0,6.0,6.0,7.0,19.0,3.0,6.0,7.0,7.0,0.14019130752182923,0.5748031496062992,0.04180546214434516,0.30327868852459017,2.0,3.0,True,2019
0,7,13,7.0,20.0,2.0,6.0,4.0,7.0,8.0,14.0,4.0,9.0,10.0,16.0,0.061368424472276674,0.25,0.048983493838481294,0.3442622950819672,1.0,2.0,False,2019
0,3,8,9.0,16.0,3.0,5.0,8.0,8.0,11.0,17.0,4.0,7.0,15.0,16.0,0.009150895544031538,0.4827586206896552,0.11479614662090538,0.5454545454545454,1.0,2.0,False,2019
0,4,1,9.0,16.0,3.0,8.0,11.0,14.0,13.0,30.0,6.0,16.0,10.0,12.0,0.1532417728660936,0.5859375,0.1550547586075784,0.717391304347826,2.0,2.0,True,2019
0,5,16,5.0,15.0,3.0,8.0,5.0,6.0,9.0,19.0,3.0,6.0,5.0,7.0,0.1710301961470703,0.5625,0.0246678863786337,0.32786885245901637,2.0,2.0,False,2019
1,1,4,13.0,30.0,6.0,16.0,10.0,12.0,9.0,16.0,3.0,8.0,11.0,14.0,0.1550547586075784,0.717391304347826,0.1625934182928749,0.5891472868217055,2.0,2.0,False,2019
1,16,5,9.0,19.0,3.0,6.0,5.0,7.0,5.0,15.0,3.0,8.0,5.0,6.0,0.0246678863786337,0.32786885245901637,0.13682415691765623,0.5581395348837209,2.0,2.0,True,2019
0,9,6,12.0,21.0,2.0,9.0,6.0,6.0,11.0,20.0,4.0,7.0,6.0,7.0,0.07483741015817645,0.29508196721311475,0.13491347214158228,0.392,1.0,2.0,False,2019
0,27,17,7.0,19.0,3.0,6.0,7.0,7.0,10.0,14.0,3.0,5.0,6.0,6.0,0.04180546214434516,0.30327868852459017,0.15215304601746338,0.578125,3.0,2.0,False,2019
1,29,19,16.0,24.0,5.0,10.0,4.0,6.0,6.0,14.0,5.0,8.0,2.0,6.0,0.07966536250739914,0.4634146341463415,0.04791008422728963,0.4666666666666667,2.0,2.0,True,2019
1,11,10,12.0,21.0,4.0,8.0,5.0,6.0,8.0,17.0,3.0,7.0,6.0,7.0,0.10388923731501484,0.5447761194029851,0.053614887113239765,0.3442622950819672,2.0,2.0,True,2019
1,8,3,11.0,17.0,4.0,7.0,15.0,16.0,9.0,16.0,3.0,5.0,8.0,8.0,0.11479614662090538,0.5454545454545454,0.0073207164352252305,0.4794520547945205,2.0,1.0,True,2019
0,10,11,8.0,17.0,3.0,7.0,6.0,7.0,12.0,21.0,4.0,8.0,5.0,6.0,0.053614887113239765,0.3442622950819672,0.1231113898520119,0.5481481481481482,2.0,2.0,False,2019
0,19,29,6.0,14.0,5.0,8.0,2.0,6.0,16.0,24.0,5.0,10.0,4.0,6.0,0.04791008422728963,0.4666666666666667,0.1037322900059193,0.46774193548387094,2.0,2.0,False,2019
0,22,2,6.0,16.0,3.0,7.0,8.0,8.0,9.0,15.0,3.0,5.0,7.0,8.0,0.15331244653481477,0.6046511627906976,0.14823255406983324,0.6052631578947368,1.0,2.0,False,2019
1,13,7,8.0,14.0,4.0,9.0,10.0,16.0,7.0,20.0,2.0,6.0,4.0,7.0,0.048983493838481294,0.3442622950819672,0.04909473957782134,0.248,2.0,1.0,True,2019
0,18,14,11.0,18.0,4.0,8.0,12.0,14.0,13.0,21.0,6.0,11.0,6.0,6.0,0.15934521009501101,0.631578947368421,0.08289351876448979,0.4728682170542636,1.0,1.0,False,2019
1,14,18,13.0,21.0,6.0,11.0,6.0,6.0,11.0,18.0,4.0,8.0,12.0,14.0,0.08289351876448979,0.4728682170542636,0.1274761680760088,0.6268656716417911,1.0,1.0,True,2019
1,2,22,9.0,15.0,3.0,5.0,7.0,8.0,6.0,16.0,3.0,7.0,8.0,8.0,0.14823255406983324,0.6052631578947368,0.12264995722785181,0.6,2.0,1.0,True,2019
0,19,15,6.0,11.0,3.0,7.0,4.0,5.0,8.0,13.0,3.0,5.0,4.0,6.0,0.038328067381831706,0.4628099173553719,0.0633870373947248,0.3821138211382114,1.0,2.0,False,2019
1,20,24,10.0,19.0,3.0,5.0,4.0,5.0,7.0,17.0,3.0,6.0,4.0,6.0,0.14793373156667808,0.6033057851239669,0.138419473838093,0.5409836065573771,2.0,2.0,True,2019
0,26,5,11.0,25.0,7.0,10.0,5.0,7.0,20.0,33.0,5.0,5.0,16.0,16.0,0.09401990618532995,0.5859375,0.13682415691765623,0.5581395348837209,2.0,1.0,False,2019
0,24,20,7.0,17.0,3.0,6.0,4.0,6.0,10.0,19.0,3.0,5.0,4.0,5.0,0.138419473838093,0.5409836065573771,0.15834698525334248,0.6065573770491803,2.0,2.0,False,2019
1,12,2,8.0,15.0,4.0,8.0,2.0,2.0,10.0,19.0,4.0,8.0,7.0,7.0,0.09286203488237185,0.5079365079365079,0.15858604325586662,0.6153846153846154,2.0,1.0,True,2019
0,2,12,10.0,19.0,4.0,8.0,7.0,7.0,8.0,15.0,4.0,8.0,2.0,2.0,0.15858604325586662,0.6153846153846154,0.1142896279058975,0.5118110236220472,1.0,2.0,False,2019
1,5,26,20.0,33.0,5.0,5.0,16.0,16.0,11.0,25.0,7.0,10.0,5.0,7.0,0.13682415691765623,0.5581395348837209,0.07521592494826396,0.5813953488372093,1.0,2.0,True,2019
1,15,19,8.0,13.0,3.0,5.0,4.0,6.0,6.0,11.0,3.0,7.0,4.0,5.0,0.0633870373947248,0.3821138211382114,0.030662453905465365,0.45901639344262296,2.0,1.0,True,2019
1,17,21,12.0,20.0,5.0,11.0,2.0,3.0,7.0,19.0,4.0,9.0,4.0,5.0,0.15215304601746338,0.578125,0.07565316814873198,0.45081967213114754,2.0,3.0,True,2019
0,21,17,7.0,19.0,4.0,9.0,4.0,5.0,12.0,20.0,5.0,11.0,2.0,3.0,0.07565316814873198,0.45081967213114754,0.1617224368139707,0.5813953488372093,3.0,2.0,False,2019
0,9,18,11.0,17.0,5.0,8.0,5.0,6.0,10.0,21.0,4.0,14.0,12.0,14.0,0.05986992812654116,0.2926829268292683,0.1274761680760088,0.6268656716417911,2.0,2.0,True,2019
0,27,0,10.0,16.0,3.0,5.0,7.0,8.0,10.0,18.0,7.0,11.0,6.0,6.0,0.03344436971547613,0.3008130081300813,0.14002704010114198,0.7013888888888888,2.0,3.0,False,2019
1,0,27,10.0,18.0,7.0,11.0,6.0,6.0,10.0,16.0,3.0,5.0,7.0,8.0,0.14002704010114198,0.7013888888888888,0.026755495772380906,0.29838709677419356,3.0,2.0,True,2019
0,13,23,10.0,23.0,4.0,9.0,7.0,10.0,12.0,21.0,4.0,6.0,5.0,5.0,0.07918679507078503,0.34959349593495936,0.1334098873030914,0.53125,2.0,3.0,True,2019
1,23,13,12.0,21.0,4.0,6.0,5.0,5.0,10.0,23.0,4.0,9.0,7.0,10.0,0.1334098873030914,0.53125,0.10334943605662802,0.3548387096774194,3.0,2.0,False,2019
1,25,6,9.0,18.0,3.0,5.0,4.0,7.0,10.0,19.0,3.0,6.0,5.0,6.0,0.152625899144442,0.6962962962962963,0.13491347214158228,0.392,3.0,2.0,True,2019
0,29,11,6.0,18.0,1.0,5.0,5.0,6.0,14.0,24.0,5.0,12.0,7.0,9.0,0.1037322900059193,0.46774193548387094,0.1231113898520119,0.5481481481481482,2.0,2.0,False,2019
1,1,3,12.0,24.0,8.0,16.0,11.0,11.0,6.0,15.0,3.0,8.0,6.0,6.0,0.12404380688606272,0.7122302158273381,0.0073207164352252305,0.4794520547945205,2.0,2.0,True,2019
0,4,14,8.0,21.0,3.0,9.0,6.0,7.0,11.0,21.0,6.0,12.0,7.0,7.0,0.1625934182928749,0.5891472868217055,0.10631481501159183,0.47692307692307695,2.0,2.0,False,2019
1,14,4,11.0,21.0,6.0,12.0,7.0,7.0,8.0,21.0,3.0,9.0,6.0,7.0,0.10631481501159183,0.47692307692307695,0.13007473463429992,0.5846153846153846,2.0,2.0,True,2019
0,3,1,6.0,15.0,3.0,8.0,6.0,6.0,12.0,24.0,8.0,16.0,11.0,11.0,0.0073207164352252305,0.4794520547945205,0.13923504550885019,0.7142857142857143,2.0,2.0,False,2019
1,28,22,8.0,18.0,3.0,7.0,4.0,4.0,9.0,14.0,3.0,5.0,4.0,4.0,0.031188977280847307,0.3170731707317073,0.12264995722785181,0.6,3.0,2.0,False,2019
0,22,28,9.0,14.0,3.0,5.0,4.0,4.0,8.0,18.0,3.0,7.0,4.0,4.0,0.12264995722785181,0.6,0.024951181824677846,0.31451612903225806,2.0,3.0,True,2019
1,18,9,10.0,21.0,4.0,14.0,12.0,14.0,11.0,17.0,5.0,8.0,5.0,6.0,0.1274761680760088,0.6268656716417911,0.08789594250123293,0.29838709677419356,2.0,2.0,False,2019
1,11,29,14.0,24.0,5.0,12.0,7.0,9.0,6.0,18.0,1.0,5.0,5.0,6.0,0.1231113898520119,0.5481481481481482,0.08298583200473544,0.464,2.0,2.0,True,2019
0,6,25,10.0,19.0,3.0,6.0,5.0,6.0,9.0,18.0,3.0,5.0,4.0,7.0,0.13491347214158228,0.392,0.16210071931555362,0.6985294117647058,2.0,3.0,False,2019
1,11,27,11.0,24.0,4.0,13.0,8.0,10.0,7.0,21.0,2.0,7.0,5.0,6.0,0.1384891118816095,0.5514705882352942,0.026755495772380906,0.29838709677419356,1.0,1.0,True,2019
0,27,11,7.0,21.0,2.0,7.0,5.0,6.0,11.0,24.0,4.0,13.0,8.0,10.0,0.026755495772380906,0.29838709677419356,0.15079128950528758,0.5547445255474452,1.0,1.0,False,2019
1,26,5,9.0,24.0,3.0,7.0,6.0,8.0,8.0,19.0,4.0,9.0,4.0,6.0,0.07521592494826396,0.5813953488372093,0.149459325534125,0.5615384615384615,2.0,2.0,True,2019
1,24,19,8.0,15.0,3.0,9.0,8.0,8.0,13.0,23.0,5.0,13.0,13.0,14.0,0.1107355790704744,0.5365853658536586,0.030662453905465365,0.45901639344262296,2.0,2.0,False,2019
0,21,15,11.0,24.0,3.0,12.0,6.0,8.0,9.0,21.0,5.0,12.0,8.0,9.0,0.06052253451898558,0.44715447154471544,0.09070962991577984,0.3870967741935484,1.0,2.0,False,2019
0,19,24,13.0,23.0,5.0,13.0,13.0,14.0,8.0,15.0,3.0,9.0,8.0,8.0,0.030662453905465365,0.45901639344262296,0.08858846325637952,0.532258064516129,2.0,2.0,True,2019
0,8,23,12.0,22.0,2.0,6.0,8.0,10.0,10.0,23.0,3.0,8.0,4.0,6.0,0.1318369172967243,0.5488721804511278,0.10672790984247311,0.5271317829457365,3.0,1.0,False,2019
1,10,2,8.0,20.0,5.0,14.0,13.0,13.0,7.0,16.0,3.0,6.0,11.0,13.0,0.04289190969059181,0.34146341463414637,0.12686883460469328,0.6,3.0,2.0,True,2019
1,12,16,10.0,16.0,4.0,8.0,5.0,7.0,8.0,15.0,3.0,5.0,7.0,8.0,0.1142896279058975,0.5118110236220472,0.05973430910290697,0.3333333333333333,2.0,3.0,True,2019
0,16,12,8.0,15.0,3.0,5.0,7.0,8.0,10.0,16.0,4.0,8.0,5.0,7.0,0.05973430910290697,0.3333333333333333,0.13143170232471799,0.515625,3.0,2.0,False,2019
1,23,8,10.0,23.0,3.0,8.0,4.0,6.0,12.0,22.0,2.0,6.0,8.0,10.0,0.10672790984247311,0.5271317829457365,0.10546953383737945,0.5447761194029851,1.0,3.0,True,2019
0,20,7,8.0,17.0,5.0,9.0,6.0,7.0,9.0,18.0,4.0,7.0,4.0,6.0,0.15834698525334248,0.6065573770491803,0.04909473957782134,0.248,2.0,3.0,False,2019
1,7,20,9.0,18.0,4.0,7.0,4.0,6.0,8.0,17.0,5.0,9.0,6.0,7.0,0.04909473957782134,0.248,0.126677588202674,0.6016260162601627,3.0,2.0,True,2019
0,5,26,8.0,19.0,4.0,9.0,4.0,6.0,9.0,24.0,3.0,7.0,6.0,8.0,0.149459325534125,0.5615384615384615,0.10017273995861117,0.5846153846153846,2.0,2.0,False,2019
0,2,10,7.0,16.0,3.0,6.0,11.0,13.0,8.0,20.0,5.0,14.0,13.0,13.0,0.12686883460469328,0.6,0.07431352775247345,0.3467741935483871,2.0,3.0,False,2019
1,15,21,9.0,21.0,5.0,12.0,8.0,9.0,11.0,24.0,3.0,12.0,6.0,8.0,0.09070962991577984,0.3870967741935484,0.048418027615188465,0.4435483870967742,2.0,1.0,True,2019
0,1,10,11.0,32.0,4.0,17.0,15.0,16.0,9.0,16.0,2.0,7.0,6.0,6.0,0.13923504550885019,0.7142857142857143,0.07431352775247345,0.3467741935483871,2.0,1.0,False,2019
0,25,14,15.0,29.0,3.0,10.0,8.0,9.0,17.0,36.0,6.0,12.0,3.0,7.0,0.16210071931555362,0.6985294117647058,0.12505185200927346,0.48091603053435117,2.0,2.0,True,2019
0,4,9,9.0,19.0,2.0,6.0,14.0,19.0,7.0,17.0,4.0,7.0,11.0,13.0,0.13007473463429992,0.5846153846153846,0.08789594250123293,0.29838709677419356,2.0,2.0,True,2019
0,3,29,8.0,17.0,2.0,6.0,7.0,8.0,11.0,23.0,2.0,8.0,5.0,9.0,0.005856573148180185,0.47619047619047616,0.08298583200473544,0.464,2.0,2.0,True,2019
1,9,4,7.0,17.0,4.0,7.0,11.0,13.0,9.0,19.0,2.0,6.0,14.0,19.0,0.08789594250123293,0.29838709677419356,0.14405978770743993,0.5877862595419847,2.0,2.0,False,2019
1,10,1,9.0,16.0,2.0,7.0,6.0,6.0,11.0,32.0,4.0,17.0,15.0,16.0,0.07431352775247345,0.3467741935483871,0.11138803640708014,0.7092198581560284,1.0,2.0,True,2019
1,14,25,17.0,36.0,6.0,12.0,3.0,7.0,15.0,29.0,3.0,10.0,8.0,9.0,0.12505185200927346,0.48091603053435117,0.1696805754524429,0.7007299270072993,2.0,2.0,False,2019
1,28,18,12.0,23.0,4.0,9.0,6.0,8.0,10.0,24.0,3.0,8.0,8.0,12.0,0.024951181824677846,0.31451612903225806,0.10198093446080705,0.6222222222222222,2.0,2.0,False,2019
1,13,0,8.0,18.0,5.0,10.0,6.0,8.0,17.0,32.0,11.0,19.0,6.0,7.0,0.10334943605662802,0.3548387096774194,0.15202163208091357,0.7034482758620689,2.0,2.0,False,2019
0,0,13,17.0,32.0,11.0,19.0,6.0,7.0,8.0,18.0,5.0,10.0,6.0,8.0,0.15202163208091357,0.7034482758620689,0.08267954884530242,0.352,2.0,2.0,True,2019
0,17,20,8.0,21.0,4.0,10.0,8.0,8.0,15.0,23.0,4.0,7.0,6.0,8.0,0.1617224368139707,0.5813953488372093,0.126677588202674,0.6016260162601627,2.0,1.0,False,2019
1,20,17,15.0,23.0,4.0,7.0,6.0,8.0,8.0,21.0,4.0,10.0,8.0,8.0,0.126677588202674,0.6016260162601627,0.12937794945117656,0.5769230769230769,1.0,2.0,True,2019
0,18,28,10.0,24.0,3.0,8.0,8.0,12.0,12.0,23.0,4.0,9.0,6.0,8.0,0.10198093446080705,0.6222222222222222,0.019960945459742276,0.312,2.0,2.0,True,2019
1,29,3,11.0,23.0,2.0,8.0,5.0,9.0,8.0,17.0,2.0,6.0,7.0,8.0,0.08298583200473544,0.464,0.04468525851854415,0.4797297297297297,2.0,2.0,False,2019
1,5,21,11.0,17.0,2.0,6.0,6.0,6.0,13.0,27.0,7.0,13.0,5.0,7.0,0.1195674604273,0.5572519083969466,0.048418027615188465,0.4435483870967742,2.0,2.0,False,2019
1,24,8,10.0,19.0,6.0,9.0,6.0,9.0,16.0,34.0,2.0,6.0,12.0,12.0,0.08858846325637952,0.532258064516129,0.10546953383737945,0.5447761194029851,2.0,2.0,False,2019
0,21,5,13.0,27.0,7.0,13.0,5.0,7.0,11.0,17.0,2.0,6.0,6.0,6.0,0.048418027615188465,0.4435483870967742,0.09565396834184,0.553030303030303,2.0,2.0,True,2019
0,8,24,16.0,34.0,2.0,6.0,12.0,12.0,10.0,19.0,6.0,9.0,6.0,9.0,0.10546953383737945,0.5447761194029851,0.07087077060510362,0.528,2.0,2.0,True,2019
1,15,17,8.0,12.0,3.0,6.0,9.0,10.0,11.0,27.0,4.0,12.0,9.0,9.0,0.11256770393262387,0.392,0.12937794945117656,0.5769230769230769,2.0,1.0,True,2019
0,16,1,5.0,11.0,4.0,6.0,3.0,4.0,17.0,33.0,6.0,15.0,17.0,18.0,0.047787447282325576,0.33064516129032256,0.11138803640708014,0.7092198581560284,2.0,1.0,False,2019
0,2,6,12.0,19.0,3.0,7.0,7.0,11.0,13.0,26.0,7.0,13.0,9.0,10.0,0.10149506768375463,0.5853658536585366,0.10793077771326583,0.3888888888888889,2.0,3.0,False,2019
0,19,11,7.0,17.0,3.0,11.0,3.0,4.0,9.0,21.0,5.0,11.0,7.0,9.0,0.06452996312437229,0.4634146341463415,0.15079128950528758,0.5547445255474452,2.0,2.0,False,2019
1,1,16,17.0,33.0,6.0,15.0,17.0,18.0,5.0,11.0,4.0,6.0,3.0,4.0,0.11138803640708014,0.7092198581560284,0.03822995782586046,0.328,1.0,2.0,True,2019
0,17,15,11.0,27.0,4.0,12.0,9.0,9.0,8.0,12.0,3.0,6.0,9.0,10.0,0.12937794945117656,0.5769230769230769,0.1300541631460991,0.3968253968253968,1.0,2.0,False,2019
1,6,2,13.0,26.0,7.0,13.0,9.0,10.0,12.0,19.0,3.0,7.0,7.0,11.0,0.10793077771326583,0.3888888888888889,0.0811960541470037,0.5714285714285714,3.0,2.0,True,2019
1,11,19,9.0,21.0,5.0,11.0,7.0,9.0,7.0,17.0,3.0,11.0,3.0,4.0,0.15079128950528758,0.5547445255474452,0.05162397049949783,0.4596774193548387,2.0,2.0,True,2019
0,12,4,8.0,15.0,3.0,6.0,3.0,5.0,7.0,15.0,3.0,8.0,4.0,8.0,0.13143170232471799,0.515625,0.14405978770743993,0.5877862595419847,3.0,2.0,False,2019
0,0,20,13.0,19.0,8.0,13.0,3.0,4.0,8.0,16.0,6.0,10.0,5.0,5.0,0.16161730566473084,0.7054794520547946,0.14134207056213918,0.6048387096774194,2.0,2.0,True,2019
1,29,27,8.0,17.0,3.0,7.0,8.0,10.0,7.0,14.0,3.0,8.0,5.0,7.0,0.06638866560378835,0.4603174603174603,0.021404396617904727,0.296,2.0,3.0,True,2019
1,18,23,10.0,17.0,4.0,9.0,7.0,8.0,6.0,14.0,2.0,5.0,5.0,7.0,0.12158474756864564,0.625,0.1253823278739785,0.5307692307692308,2.0,3.0,True,2019
0,27,29,7.0,14.0,3.0,8.0,5.0,7.0,8.0,17.0,3.0,7.0,8.0,10.0,0.021404396617904727,0.296,0.09311093248303068,0.4645669291338583,3.0,2.0,False,2019
1,9,26,12.0,17.0,5.0,9.0,5.0,6.0,10.0,21.0,5.0,12.0,11.0,14.0,0.07031675400098635,0.296,0.10017273995861117,0.5846153846153846,2.0,3.0,True,2019
0,26,9,10.0,21.0,5.0,12.0,11.0,14.0,12.0,17.0,5.0,9.0,5.0,6.0,0.10017273995861117,0.5846153846153846,0.0962534032007891,0.30158730158730157,3.0,2.0,False,2019
0,7,22,7.0,16.0,2.0,5.0,3.0,6.0,7.0,12.0,3.0,5.0,7.0,8.0,0.07927579166225707,0.25396825396825395,0.13811996578228145,0.6030534351145038,3.0,4.0,False,2019
0,23,18,6.0,14.0,2.0,5.0,5.0,7.0,10.0,17.0,4.0,9.0,7.0,8.0,0.1253823278739785,0.5307692307692308,0.1372677980549165,0.6277372262773723,3.0,2.0,False,2019
1,4,12,7.0,15.0,3.0,8.0,4.0,8.0,8.0,15.0,3.0,6.0,3.0,5.0,0.14405978770743993,0.5877862595419847,0.10514536185977438,0.5116279069767442,2.0,3.0,True,2019
1,22,7,7.0,12.0,3.0,5.0,7.0,8.0,7.0,16.0,2.0,5.0,3.0,6.0,0.13811996578228145,0.6030534351145038,0.06342063332980566,0.25196850393700787,4.0,3.0,True,2019
1,20,0,8.0,16.0,6.0,10.0,5.0,5.0,13.0,19.0,8.0,13.0,3.0,4.0,0.14134207056213918,0.6048387096774194,0.1692938445317847,0.7074829931972789,2.0,2.0,False,2019
1,1,6,16.0,34.0,5.0,19.0,21.0,23.0,13.0,22.0,4.0,8.0,6.0,7.0,0.12911042912566412,0.7112676056338029,0.12634462217061265,0.3937007874015748,2.0,2.0,False,2019
0,25,2,10.0,21.0,3.0,8.0,11.0,11.0,11.0,19.0,3.0,6.0,3.0,4.0,0.1696805754524429,0.7007299270072993,0.0811960541470037,0.5714285714285714,3.0,2.0,False,2019
0,3,17,9.0,17.0,2.0,4.0,6.0,7.0,11.0,19.0,4.0,6.0,7.0,7.0,0.04468525851854415,0.4797297297297297,0.10350235956094125,0.5725190839694656,3.0,2.0,False,2019
0,10,19,11.0,22.0,6.0,12.0,2.0,3.0,11.0,18.0,3.0,10.0,7.0,10.0,0.09945082220197875,0.352,0.05162397049949783,0.4596774193548387,3.0,2.0,False,2019
0,4,16,10.0,14.0,3.0,7.0,7.0,8.0,7.0,14.0,2.0,6.0,4.0,6.0,0.15524783016595195,0.5909090909090909,0.03822995782586046,0.328,1.0,2.0,True,2019
0,8,0,11.0,26.0,6.0,10.0,8.0,8.0,11.0,24.0,9.0,17.0,10.0,10.0,0.12437562706990354,0.5481481481481482,0.1692938445317847,0.7074829931972789,2.0,1.0,False,2019
1,0,8,11.0,24.0,9.0,17.0,10.0,10.0,11.0,26.0,6.0,10.0,8.0,8.0,0.1692938445317847,0.7074829931972789,0.09950050165592284,0.5441176470588235,1.0,2.0,True,2019
0,5,13,6.0,13.0,4.0,10.0,4.0,4.0,10.0,21.0,3.0,9.0,4.0,5.0,0.09565396834184,0.553030303030303,0.08267954884530242,0.352,2.0,3.0,True,2019
1,2,25,11.0,19.0,3.0,6.0,3.0,4.0,10.0,21.0,3.0,8.0,11.0,11.0,0.0811960541470037,0.5714285714285714,0.1357444603619543,0.6956521739130435,2.0,3.0,True,2019
0,6,1,13.0,22.0,4.0,8.0,6.0,7.0,16.0,34.0,5.0,19.0,21.0,23.0,0.12634462217061265,0.3937007874015748,0.1032883433005313,0.7062937062937062,2.0,2.0,True,2019
1,13,5,10.0,21.0,3.0,9.0,4.0,5.0,6.0,13.0,4.0,10.0,4.0,4.0,0.08267954884530242,0.352,0.116523174673472,0.556390977443609,3.0,2.0,False,2019
1,17,3,11.0,19.0,4.0,6.0,7.0,7.0,9.0,17.0,2.0,4.0,6.0,7.0,0.10350235956094125,0.5725190839694656,0.03574820681483532,0.47651006711409394,2.0,3.0,True,2019
1,16,4,7.0,14.0,2.0,6.0,4.0,6.0,10.0,14.0,3.0,7.0,7.0,8.0,0.03822995782586046,0.328,0.16419826413276156,0.5939849624060151,2.0,1.0,False,2019
1,19,10,11.0,18.0,3.0,10.0,7.0,10.0,11.0,22.0,6.0,12.0,2.0,3.0,0.05162397049949783,0.4596774193548387,0.079560657761583,0.3492063492063492,2.0,3.0,True,2019
1,24,11,11.0,18.0,3.0,6.0,2.0,2.0,10.0,22.0,5.0,11.0,9.0,10.0,0.07087077060510362,0.528,0.1606330316042301,0.5579710144927537,2.0,2.0,False,2019
0,11,24,10.0,22.0,5.0,11.0,9.0,10.0,11.0,18.0,3.0,6.0,2.0,2.0,0.1606330316042301,0.5579710144927537,0.0566966164840829,0.5238095238095238,2.0,2.0,True,2019
0,7,25,10.0,21.0,4.0,9.0,11.0,13.0,11.0,19.0,3.0,10.0,6.0,9.0,0.06342063332980566,0.25196850393700787,0.1357444603619543,0.6956521739130435,2.0,1.0,False,2019
0,15,21,9.0,18.0,6.0,11.0,2.0,4.0,9.0,21.0,3.0,10.0,7.0,7.0,0.1300541631460991,0.3968253968253968,0.07873442209215077,0.448,3.0,3.0,False,2019
1,21,15,9.0,21.0,3.0,10.0,7.0,7.0,9.0,18.0,6.0,11.0,2.0,4.0,0.07873442209215077,0.448,0.10404333051687928,0.3937007874015748,3.0,3.0,True,2019
1,14,28,10.0,29.0,2.0,9.0,4.0,6.0,11.0,18.0,4.0,6.0,2.0,2.0,0.10004148160741877,0.4772727272727273,0.019960945459742276,0.312,4.0,4.0,True,2019
1,26,29,9.0,30.0,6.0,12.0,7.0,10.0,12.0,20.0,7.0,12.0,6.0,6.0,0.08013819196688894,0.5801526717557252,0.09311093248303068,0.4645669291338583,2.0,2.0,False,2019
0,28,14,11.0,18.0,4.0,6.0,2.0,2.0,10.0,29.0,2.0,9.0,4.0,6.0,0.019960945459742276,0.312,0.12003318528593501,0.48120300751879697,4.0,4.0,False,2019
1,25,7,11.0,19.0,3.0,10.0,6.0,9.0,10.0,21.0,4.0,9.0,11.0,13.0,0.1357444603619543,0.6956521739130435,0.05073650666384453,0.25,1.0,2.0,True,2019
1,22,18,11.0,20.0,3.0,7.0,5.0,6.0,10.0,19.0,6.0,9.0,6.0,6.0,0.15049597262582518,0.6060606060606061,0.1372677980549165,0.6277372262773723,2.0,2.0,False,2019
1,20,27,8.0,18.0,7.0,11.0,6.0,6.0,10.0,18.0,5.0,10.0,3.0,4.0,0.11307365644971135,0.6,0.017123517294323782,0.29365079365079366,2.0,2.0,True,2019
0,27,20,10.0,18.0,5.0,10.0,3.0,4.0,8.0,18.0,7.0,11.0,6.0,6.0,0.017123517294323782,0.29365079365079366,0.13045892515976906,0.6031746031746031,2.0,2.0,False,2019
0,29,26,12.0,20.0,7.0,12.0,6.0,6.0,9.0,30.0,6.0,12.0,7.0,10.0,0.09311093248303068,0.4645669291338583,0.06411055357351116,0.5757575757575758,2.0,2.0,True,2019
0,18,22,10.0,19.0,6.0,9.0,6.0,6.0,11.0,20.0,3.0,7.0,5.0,6.0,0.1372677980549165,0.6277372262773723,0.12039677810066014,0.6015037593984962,2.0,2.0,True,2019
0,12,19,10.0,17.0,3.0,8.0,3.0,8.0,10.0,24.0,4.0,9.0,9.0,11.0,0.10514536185977438,0.5116279069767442,0.08129917639959826,0.464,3.0,2.0,False,2019
0,6,10,16.0,25.0,8.0,12.0,5.0,7.0,9.0,20.0,3.0,5.0,3.0,3.0,0.14107569773649015,0.3984375,0.079560657761583,0.3492063492063492,2.0,2.0,True,2019
0,8,17,9.0,17.0,4.0,7.0,9.0,12.0,8.0,20.0,4.0,9.0,6.0,8.0,0.09950050165592284,0.5441176470588235,0.122801887648753,0.5757575757575758,2.0,2.0,False,2019
0,5,23,9.0,20.0,3.0,8.0,9.0,12.0,8.0,17.0,3.0,6.0,11.0,11.0,0.116523174673472,0.556390977443609,0.10030586229918279,0.5267175572519084,2.0,3.0,True,2019
1,19,12,10.0,24.0,4.0,9.0,9.0,11.0,10.0,17.0,3.0,8.0,3.0,8.0,0.08129917639959826,0.464,0.0841162894878195,0.5076923076923077,2.0,3.0,True,2019
1,10,6,9.0,20.0,3.0,5.0,3.0,3.0,16.0,25.0,8.0,12.0,5.0,7.0,0.079560657761583,0.3492063492063492,0.15286055818919211,0.40310077519379844,2.0,2.0,False,2019
1,11,3,9.0,15.0,4.0,8.0,4.0,5.0,7.0,13.0,3.0,6.0,5.0,6.0,0.16850642528338405,0.5611510791366906,0.03574820681483532,0.47651006711409394,2.0,2.0,True,2019
0,0,24,10.0,19.0,3.0,11.0,6.0,9.0,7.0,18.0,3.0,8.0,11.0,12.0,0.17543507562542776,0.7094594594594594,0.0566966164840829,0.5238095238095238,2.0,2.0,True,2019
0,16,2,9.0,18.0,4.0,9.0,5.0,7.0,14.0,21.0,6.0,8.0,6.0,9.0,0.030583966260688367,0.3253968253968254,0.10495684331760295,0.5813953488372093,2.0,2.0,False,2019
1,23,5,8.0,17.0,3.0,6.0,11.0,11.0,9.0,20.0,3.0,8.0,9.0,12.0,0.10030586229918279,0.5267175572519084,0.1332185397387776,0.5597014925373134,3.0,2.0,False,2019
1,2,16,14.0,21.0,6.0,8.0,6.0,9.0,9.0,18.0,4.0,9.0,5.0,7.0,0.10495684331760295,0.5813953488372093,0.024467173008550693,0.3228346456692913,2.0,2.0,True,2019
1,24,0,7.0,18.0,3.0,8.0,11.0,12.0,10.0,19.0,3.0,11.0,6.0,9.0,0.0566966164840829,0.5238095238095238,0.1803480605003422,0.7114093959731543,2.0,2.0,False,2019
1,17,8,8.0,20.0,4.0,9.0,6.0,8.0,9.0,17.0,4.0,7.0,9.0,12.0,0.122801887648753,0.5757575757575758,0.07960040132473827,0.5401459854014599,2.0,2.0,True,2019
0,3,11,7.0,13.0,3.0,6.0,5.0,6.0,9.0,15.0,4.0,8.0,4.0,5.0,0.03574820681483532,0.47651006711409394,0.17480514022670726,0.5642857142857143,2.0,2.0,False,2019
1,21,7,9.0,22.0,5.0,10.0,6.0,6.0,10.0,23.0,4.0,8.0,10.0,12.0,0.10298753767372062,0.4523809523809524,0.05073650666384453,0.25,2.0,2.0,True,2019
0,26,18,8.0,21.0,4.0,9.0,11.0,11.0,11.0,19.0,4.0,10.0,8.0,12.0,0.06411055357351116,0.5757575757575758,0.1498142384439332,0.6304347826086957,2.0,2.0,True,2019
0,3,20,9.0,13.0,3.0,8.0,6.0,6.0,8.0,14.0,4.0,7.0,6.0,6.0,0.028598565451868257,0.47333333333333333,0.13045892515976906,0.6031746031746031,1.0,2.0,False,2019
1,25,16,9.0,13.0,8.0,12.0,5.0,5.0,6.0,11.0,2.0,5.0,4.0,5.0,0.14859556828956344,0.697841726618705,0.024467173008550693,0.3228346456692913,2.0,1.0,True,2019
1,1,29,14.0,30.0,8.0,19.0,12.0,15.0,12.0,19.0,4.0,9.0,9.0,9.0,0.1032883433005313,0.7062937062937062,0.11448874598642456,0.46875,3.0,2.0,True,2019
1,27,12,8.0,19.0,4.0,10.0,6.0,7.0,10.0,15.0,4.0,8.0,3.0,4.0,0.013698813835459026,0.29133858267716534,0.0841162894878195,0.5076923076923077,2.0,1.0,False,2019
0,29,1,12.0,19.0,4.0,9.0,9.0,9.0,14.0,30.0,8.0,19.0,12.0,15.0,0.11448874598642456,0.46875,0.12263067464042503,0.7083333333333334,2.0,3.0,False,2019
1,18,26,11.0,19.0,4.0,10.0,8.0,12.0,8.0,21.0,4.0,9.0,11.0,11.0,0.1498142384439332,0.6304347826086957,0.09128844285880891,0.5789473684210527,2.0,2.0,False,2019
0,2,9,11.0,19.0,5.0,8.0,6.0,8.0,7.0,18.0,4.0,10.0,4.0,4.0,0.12396547465408236,0.5909090909090909,0.0962534032007891,0.30158730158730157,1.0,4.0,True,2019
0,16,25,6.0,11.0,2.0,5.0,4.0,5.0,9.0,13.0,8.0,12.0,5.0,5.0,0.024467173008550693,0.3228346456692913,0.15887645463165073,0.7,1.0,2.0,False,2019
0,4,10,12.0,17.0,2.0,7.0,4.0,6.0,11.0,24.0,4.0,6.0,3.0,3.0,0.16419826413276156,0.5939849624060151,0.06364852620926639,0.3464566929133858,3.0,1.0,True,2019
1,9,2,7.0,18.0,4.0,10.0,4.0,4.0,11.0,19.0,5.0,8.0,6.0,8.0,0.0962534032007891,0.30158730158730157,0.13917237972326588,0.6,4.0,1.0,False,2019
1,20,3,8.0,14.0,4.0,7.0,6.0,6.0,9.0,13.0,3.0,8.0,6.0,6.0,0.13045892515976906,0.6031746031746031,0.022878852361494607,0.47019867549668876,2.0,1.0,True,2019
0,12,27,10.0,15.0,4.0,8.0,3.0,4.0,8.0,19.0,4.0,10.0,6.0,7.0,0.0841162894878195,0.5076923076923077,0.01095905106836722,0.2890625,1.0,2.0,True,2019
1,10,4,11.0,24.0,4.0,6.0,3.0,3.0,12.0,17.0,2.0,7.0,4.0,6.0,0.06364852620926639,0.3464566929133858,0.17135861130620925,0.5970149253731343,1.0,3.0,False,2019
0,15,19,13.0,22.0,7.0,9.0,5.0,7.0,12.0,23.0,4.0,9.0,13.0,15.0,0.10404333051687928,0.3937007874015748,0.10503934111967861,0.46825396825396826,2.0,1.0,True,2019
0,13,22,7.0,15.0,3.0,8.0,5.0,5.0,7.0,15.0,2.0,4.0,5.0,5.0,0.06614363907624193,0.3492063492063492,0.12039677810066014,0.6015037593984962,3.0,2.0,False,2019
1,22,13,7.0,15.0,2.0,4.0,5.0,5.0,7.0,15.0,3.0,8.0,5.0,5.0,0.12039677810066014,0.6015037593984962,0.05291491126099355,0.3464566929133858,2.0,3.0,True,2019
1,19,15,12.0,23.0,4.0,9.0,13.0,15.0,13.0,22.0,7.0,9.0,5.0,7.0,0.10503934111967861,0.46825396825396826,0.12323466441350343,0.3984375,1.0,2.0,False,2019
0,7,21,10.0,23.0,4.0,8.0,10.0,12.0,9.0,22.0,5.0,10.0,6.0,6.0,0.05073650666384453,0.25,0.1223900301389765,0.4566929133858268,2.0,2.0,False,2019
0,21,22,8.0,18.0,3.0,9.0,4.0,5.0,8.0,20.0,3.0,7.0,4.0,4.0,0.1223900301389765,0.4566929133858268,0.1363174224805281,0.6044776119402985,1.0,1.0,False,2019
1,5,24,13.0,21.0,2.0,7.0,3.0,5.0,12.0,20.0,4.0,7.0,4.0,6.0,0.1332185397387776,0.5597014925373134,0.04535729318726632,0.5196850393700787,2.0,2.0,False,2019
1,23,7,12.0,24.0,1.0,5.0,13.0,13.0,7.0,15.0,4.0,7.0,6.0,8.0,0.08024468983934623,0.5227272727272727,0.04058920533107562,0.24806201550387597,2.0,1.0,True,2019
0,24,5,12.0,20.0,4.0,7.0,4.0,6.0,13.0,21.0,2.0,7.0,3.0,5.0,0.04535729318726632,0.5196850393700787,0.10657483179102208,0.5555555555555556,2.0,2.0,True,2019
0,7,23,7.0,15.0,4.0,7.0,6.0,8.0,12.0,24.0,1.0,5.0,13.0,13.0,0.04058920533107562,0.24806201550387597,0.10419575187147698,0.5263157894736842,1.0,2.0,False,2019
1,22,21,8.0,20.0,3.0,7.0,4.0,4.0,8.0,18.0,3.0,9.0,4.0,5.0,0.1363174224805281,0.6044776119402985,0.09791202411118119,0.453125,1.0,1.0,True,2019
1,6,15,12.0,25.0,7.0,14.0,4.0,5.0,9.0,19.0,3.0,6.0,3.0,4.0,0.15286055818919211,0.40310077519379844,0.12323466441350343,0.3984375,3.0,2.0,True,2019
0,27,3,9.0,16.0,3.0,6.0,4.0,6.0,7.0,17.0,2.0,6.0,5.0,6.0,0.01095905106836722,0.2890625,0.022878852361494607,0.47019867549668876,2.0,2.0,True,2019
1,4,13,10.0,20.0,4.0,7.0,10.0,12.0,6.0,17.0,3.0,8.0,4.0,6.0,0.17135861130620925,0.5970149253731343,0.05291491126099355,0.3464566929133858,2.0,2.0,True,2019
1,29,0,7.0,18.0,2.0,5.0,4.0,8.0,17.0,20.0,10.0,11.0,4.0,5.0,0.09159099678913965,0.46511627906976744,0.1803480605003422,0.7114093959731543,2.0,3.0,False,2019
0,0,29,17.0,20.0,10.0,11.0,4.0,5.0,7.0,18.0,2.0,5.0,4.0,8.0,0.1803480605003422,0.7114093959731543,0.07327279743131172,0.46153846153846156,3.0,2.0,True,2019
0,26,28,9.0,18.0,4.0,9.0,9.0,9.0,7.0,14.0,4.0,9.0,10.0,10.0,0.09128844285880891,0.5789473684210527,0.01596875636779382,0.30952380952380953,2.0,4.0,True,2019
1,3,27,7.0,17.0,2.0,6.0,5.0,6.0,9.0,16.0,3.0,6.0,4.0,6.0,0.022878852361494607,0.47019867549668876,0.04876724085469378,0.29457364341085274,2.0,2.0,False,2019
1,9,10,8.0,14.0,5.0,7.0,5.0,6.0,12.0,23.0,4.0,7.0,8.0,9.0,0.07700272256063127,0.2992125984251969,0.05091882096741311,0.34375,2.0,2.0,False,2019
1,18,1,9.0,16.0,3.0,6.0,14.0,17.0,12.0,26.0,6.0,13.0,7.0,8.0,0.11985139075514657,0.6258992805755396,0.12263067464042503,0.7083333333333334,2.0,2.0,True,2019
0,13,4,6.0,17.0,3.0,8.0,4.0,6.0,10.0,20.0,4.0,7.0,10.0,12.0,0.05291491126099355,0.3464566929133858,0.1770868890449674,0.6,2.0,2.0,False,2019
1,2,12,11.0,19.0,3.0,7.0,3.0,3.0,8.0,16.0,3.0,8.0,6.0,6.0,0.13917237972326588,0.6,0.1072930315902556,0.5114503816793893,2.0,2.0,True,2019
0,12,2,8.0,16.0,3.0,8.0,6.0,6.0,11.0,19.0,3.0,7.0,3.0,3.0,0.1072930315902556,0.5114503816793893,0.15133790377861273,0.6086956521739131,2.0,2.0,False,2019
0,19,14,9.0,16.0,4.0,7.0,7.0,11.0,7.0,15.0,4.0,6.0,7.0,8.0,0.08403147289574289,0.4645669291338583,0.12003318528593501,0.48120300751879697,2.0,4.0,False,2019
0,10,9,12.0,23.0,4.0,7.0,8.0,9.0,8.0,14.0,5.0,7.0,5.0,6.0,0.05091882096741311,0.34375,0.06160217804850502,0.296875,2.0,2.0,True,2019
0,8,16,9.0,16.0,5.0,12.0,8.0,11.0,9.0,19.0,3.0,9.0,3.0,5.0,0.07960040132473827,0.5401459854014599,0.019573738406840555,0.3203125,3.0,2.0,True,2019
0,1,18,12.0,26.0,6.0,13.0,7.0,8.0,9.0,16.0,3.0,6.0,14.0,17.0,0.12263067464042503,0.7083333333333334,0.13588111260411725,0.6285714285714286,2.0,2.0,False,2019
1,28,26,7.0,14.0,4.0,9.0,10.0,10.0,9.0,18.0,4.0,9.0,9.0,9.0,0.01596875636779382,0.30952380952380953,0.11303075428704712,0.582089552238806,4.0,2.0,False,2019
0,17,11,10.0,20.0,2.0,5.0,6.0,8.0,12.0,28.0,3.0,9.0,10.0,12.0,0.13824151011900238,0.5789473684210527,0.17480514022670726,0.5642857142857143,3.0,3.0,True,2019
1,11,17,12.0,28.0,3.0,9.0,10.0,12.0,10.0,20.0,2.0,5.0,6.0,8.0,0.17480514022670726,0.5642857142857143,0.1505932080952019,0.582089552238806,3.0,3.0,False,2019
1,16,8,9.0,19.0,3.0,9.0,3.0,5.0,9.0,16.0,5.0,12.0,8.0,11.0,0.019573738406840555,0.3203125,0.10368032105979061,0.5434782608695652,2.0,3.0,False,2019
1,14,19,7.0,15.0,4.0,6.0,7.0,8.0,9.0,16.0,4.0,7.0,7.0,11.0,0.12003318528593501,0.48120300751879697,0.06722517831659432,0.4609375,4.0,2.0,True,2019
0,15,6,9.0,19.0,3.0,6.0,3.0,4.0,12.0,25.0,7.0,14.0,4.0,5.0,0.12323466441350343,0.3984375,0.1622884465513537,0.4076923076923077,2.0,3.0,False,2019
0,17,26,12.0,24.0,7.0,12.0,8.0,8.0,10.0,21.0,3.0,6.0,13.0,15.0,0.1505932080952019,0.582089552238806,0.11303075428704712,0.582089552238806,1.0,1.0,False,2019
0,24,13,6.0,16.0,3.0,10.0,6.0,6.0,7.0,17.0,3.0,8.0,7.0,10.0,0.07628583454981305,0.5234375,0.04233192900879484,0.34375,2.0,1.0,False,2019
0,23,7,10.0,18.0,4.0,11.0,5.0,7.0,10.0,18.0,2.0,7.0,5.0,9.0,0.10419575187147698,0.5263157894736842,0.0324713642648605,0.24615384615384617,2.0,2.0,True,2019
1,25,15,8.0,15.0,4.0,9.0,5.0,6.0,10.0,20.0,2.0,6.0,3.0,6.0,0.15887645463165073,0.7,0.09858773153080275,0.3953488372093023,3.0,1.0,True,2019
1,26,17,10.0,21.0,3.0,6.0,13.0,15.0,12.0,24.0,7.0,12.0,8.0,8.0,0.11303075428704712,0.582089552238806,0.12047456647616153,0.5777777777777777,1.0,1.0,True,2019
1,13,24,7.0,17.0,3.0,8.0,7.0,10.0,6.0,16.0,3.0,10.0,6.0,6.0,0.04233192900879484,0.34375,0.061028667639850445,0.5193798449612403,1.0,2.0,True,2019
1,7,23,10.0,18.0,2.0,7.0,5.0,9.0,10.0,18.0,4.0,11.0,5.0,7.0,0.0324713642648605,0.24615384615384617,0.1233566014971816,0.5298507462686567,2.0,2.0,False,2019
0,15,25,10.0,20.0,2.0,6.0,3.0,6.0,8.0,15.0,4.0,9.0,5.0,6.0,0.09858773153080275,0.3953488372093023,0.1671011637053206,0.7021276595744681,1.0,3.0,False,2019
1,12,24,10.0,15.0,3.0,9.0,4.0,6.0,12.0,19.0,2.0,6.0,5.0,8.0,0.08583442527220449,0.5075757575757576,0.061028667639850445,0.5193798449612403,2.0,1.0,False,2019
1,28,1,12.0,18.0,4.0,8.0,5.0,6.0,17.0,38.0,5.0,20.0,22.0,25.0,0.012775005094235056,0.30708661417322836,0.09810453971234002,0.7034482758620689,2.0,2.0,False,2019
1,16,21,10.0,17.0,2.0,8.0,9.0,9.0,9.0,17.0,4.0,9.0,6.0,7.0,0.015658990725472444,0.3178294573643411,0.09791202411118119,0.453125,2.0,3.0,False,2019
0,1,28,17.0,38.0,5.0,20.0,22.0,25.0,12.0,18.0,4.0,8.0,5.0,6.0,0.09810453971234002,0.7034482758620689,0.010220004075388044,0.3046875,2.0,2.0,True,2019
1,18,5,13.0,28.0,6.0,13.0,5.0,6.0,12.0,19.0,4.0,7.0,3.0,3.0,0.13588111260411725,0.6285714285714286,0.10657483179102208,0.5555555555555556,2.0,3.0,True,2019
0,9,27,14.0,16.0,4.0,7.0,6.0,7.0,8.0,16.0,3.0,8.0,9.0,10.0,0.06160217804850502,0.296875,0.04876724085469378,0.29457364341085274,2.0,2.0,True,2019
0,24,12,12.0,19.0,2.0,6.0,5.0,8.0,10.0,15.0,3.0,9.0,4.0,6.0,0.061028667639850445,0.5193798449612403,0.06866754021776358,0.5037593984962406,1.0,2.0,True,2019
0,5,18,12.0,19.0,4.0,7.0,3.0,3.0,13.0,28.0,6.0,13.0,5.0,6.0,0.10657483179102208,0.5555555555555556,0.14870489008329382,0.6312056737588653,3.0,2.0,False,2019
1,8,19,14.0,24.0,3.0,9.0,1.0,5.0,14.0,28.0,4.0,9.0,5.0,6.0,0.10368032105979061,0.5434782608695652,0.06722517831659432,0.4609375,2.0,2.0,False,2019
1,22,25,10.0,19.0,2.0,4.0,7.0,8.0,11.0,19.0,3.0,8.0,5.0,6.0,0.1490539379844225,0.6074074074074074,0.1671011637053206,0.7021276595744681,3.0,1.0,True,2019
0,25,22,11.0,19.0,3.0,8.0,5.0,6.0,10.0,19.0,2.0,4.0,7.0,8.0,0.1671011637053206,0.7021276595744681,0.159243150387538,0.6102941176470589,1.0,3.0,False,2019
0,3,2,9.0,17.0,6.0,9.0,3.0,4.0,9.0,16.0,4.0,6.0,6.0,7.0,0.018303081889195685,0.46710526315789475,0.15133790377861273,0.6086956521739131,2.0,2.0,False,2019
1,6,10,10.0,21.0,3.0,8.0,7.0,8.0,9.0,20.0,4.0,8.0,7.0,7.0,0.1622884465513537,0.4076923076923077,0.08073505677393049,0.3488372093023256,2.0,2.0,True,2019
0,10,6,9.0,20.0,4.0,8.0,7.0,7.0,10.0,21.0,3.0,8.0,7.0,8.0,0.08073505677393049,0.3488372093023256,0.16983075724108296,0.4122137404580153,2.0,2.0,False,2019
1,27,9,8.0,16.0,3.0,8.0,9.0,10.0,14.0,16.0,4.0,7.0,6.0,7.0,0.04876724085469378,0.29457364341085274,0.08928174243880402,0.3023255813953488,2.0,2.0,False,2019
0,19,8,14.0,28.0,4.0,9.0,5.0,6.0,14.0,24.0,3.0,9.0,1.0,5.0,0.06722517831659432,0.4609375,0.08294425684783249,0.539568345323741,2.0,2.0,True,2019
0,20,11,10.0,21.0,4.0,7.0,7.0,7.0,12.0,25.0,6.0,10.0,7.0,9.0,0.14436714012781526,0.6062992125984252,0.1398441121813658,0.5602836879432624,4.0,2.0,False,2019
1,11,20,12.0,25.0,6.0,10.0,7.0,9.0,10.0,21.0,4.0,7.0,7.0,7.0,0.1398441121813658,0.5602836879432624,0.1154937121022522,0.6015625,2.0,4.0,True,2019
1,2,3,9.0,16.0,4.0,6.0,6.0,7.0,9.0,17.0,6.0,9.0,3.0,4.0,0.15133790377861273,0.6086956521739131,0.014642465511356548,0.46405228758169936,2.0,2.0,True,2019
0,21,16,9.0,17.0,4.0,9.0,6.0,7.0,10.0,17.0,2.0,8.0,9.0,9.0,0.09791202411118119,0.453125,0.012527192580377955,0.3153846153846154,3.0,2.0,True,2019
0,0,14,14.0,24.0,2.0,8.0,8.0,8.0,9.0,22.0,3.0,9.0,6.0,8.0,0.18427844840027377,0.7133333333333334,0.136026548228748,0.48507462686567165,3.0,3.0,True,2019
0,17,7,9.0,16.0,4.0,8.0,9.0,9.0,9.0,20.0,3.0,7.0,7.0,8.0,0.12047456647616153,0.5777777777777777,0.0259770914118884,0.24427480916030533,2.0,2.0,True,2019
0,8,26,9.0,19.0,5.0,11.0,4.0,4.0,9.0,19.0,6.0,10.0,4.0,8.0,0.08294425684783249,0.539568345323741,0.1304246034296377,0.5851851851851851,1.0,2.0,False,2019
1,7,17,9.0,20.0,3.0,7.0,7.0,8.0,9.0,16.0,4.0,8.0,9.0,9.0,0.0259770914118884,0.24427480916030533,0.1363796531809292,0.5808823529411765,2.0,2.0,False,2019
1,29,23,8.0,14.0,3.0,5.0,4.0,6.0,10.0,23.0,3.0,8.0,6.0,6.0,0.07327279743131172,0.46153846153846156,0.1233566014971816,0.5298507462686567,3.0,2.0,False,2019
1,14,0,9.0,22.0,3.0,9.0,6.0,8.0,14.0,24.0,2.0,8.0,8.0,8.0,0.136026548228748,0.48507462686567165,0.187422758720219,0.7152317880794702,3.0,3.0,False,2019
0,23,29,10.0,23.0,3.0,8.0,6.0,6.0,8.0,14.0,3.0,5.0,4.0,6.0,0.1233566014971816,0.5298507462686567,0.058618237945049376,0.4580152671755725,2.0,3.0,True,2019
1,26,8,9.0,19.0,6.0,10.0,4.0,8.0,9.0,19.0,5.0,11.0,4.0,4.0,0.1304246034296377,0.5851851851851851,0.06635540547826599,0.5357142857142857,2.0,1.0,True,2019
0,12,3,11.0,18.0,4.0,6.0,5.0,6.0,11.0,20.0,3.0,8.0,4.0,5.0,0.06866754021776358,0.5037593984962406,0.014642465511356548,0.46405228758169936,2.0,2.0,True,2019
1,11,23,8.0,24.0,4.0,9.0,8.0,10.0,12.0,26.0,3.0,7.0,7.0,7.0,0.15187528974509265,0.5633802816901409,0.13868528119774529,0.5333333333333333,2.0,1.0,True,2019
1,4,21,14.0,21.0,2.0,7.0,6.0,8.0,7.0,18.0,4.0,11.0,5.0,7.0,0.1770868890449674,0.6,0.11832961928894495,0.4573643410852713,4.0,2.0,True,2019
1,20,7,7.0,13.0,3.0,6.0,6.0,7.0,9.0,19.0,2.0,6.0,15.0,16.0,0.1154937121022522,0.6015625,0.02078167312951072,0.24242424242424243,2.0,1.0,True,2019
1,6,28,6.0,13.0,3.0,8.0,11.0,12.0,10.0,19.0,3.0,11.0,6.0,9.0,0.16983075724108296,0.4122137404580153,0.010220004075388044,0.3046875,2.0,2.0,True,2019
1,3,12,11.0,20.0,3.0,8.0,4.0,5.0,11.0,18.0,4.0,6.0,5.0,6.0,0.014642465511356548,0.46405228758169936,0.09493403217421086,0.5074626865671642,2.0,2.0,False,2019
1,13,19,9.0,19.0,4.0,9.0,11.0,13.0,12.0,24.0,3.0,9.0,8.0,11.0,0.07386554320703587,0.3488372093023256,0.09378014265327546,0.46511627906976744,3.0,2.0,True,2019
0,28,6,10.0,19.0,3.0,11.0,6.0,9.0,6.0,13.0,3.0,8.0,11.0,12.0,0.010220004075388044,0.3046875,0.1758646057928664,0.4166666666666667,2.0,2.0,False,2019
0,19,13,12.0,24.0,3.0,9.0,8.0,11.0,9.0,19.0,4.0,9.0,11.0,13.0,0.09378014265327546,0.46511627906976744,0.09909243456562869,0.35384615384615387,2.0,3.0,False,2019
0,7,20,9.0,19.0,2.0,6.0,15.0,16.0,7.0,13.0,3.0,6.0,6.0,7.0,0.02078167312951072,0.24242424242424243,0.13239496968180178,0.6046511627906976,1.0,2.0,False,2019
1,16,15,8.0,15.0,2.0,4.0,5.0,6.0,9.0,18.0,6.0,9.0,5.0,5.0,0.012527192580377955,0.3153846153846154,0.0788701852246422,0.3923076923076923,2.0,3.0,False,2019
1,27,24,10.0,20.0,3.0,7.0,7.0,7.0,10.0,19.0,3.0,6.0,11.0,13.0,0.03901379268375502,0.2923076923076923,0.08882293411188036,0.5230769230769231,2.0,2.0,False,2019
0,15,16,9.0,18.0,6.0,9.0,5.0,5.0,8.0,15.0,2.0,4.0,5.0,6.0,0.0788701852246422,0.3923076923076923,0.010021754064302365,0.31297709923664124,3.0,2.0,True,2019
0,14,10,10.0,17.0,6.0,9.0,3.0,4.0,12.0,17.0,3.0,8.0,4.0,6.0,0.10882123858299839,0.48148148148148145,0.0645880454191444,0.34615384615384615,1.0,2.0,True,2019
1,1,25,9.0,25.0,4.0,13.0,15.0,15.0,11.0,19.0,6.0,10.0,7.0,7.0,0.11848363176987202,0.7054794520547946,0.13368093096425648,0.6971830985915493,2.0,2.0,True,2019
0,25,1,11.0,19.0,6.0,10.0,7.0,7.0,9.0,25.0,4.0,13.0,15.0,15.0,0.13368093096425648,0.6971830985915493,0.1347869054158976,0.7074829931972789,2.0,2.0,False,2019
0,24,27,10.0,19.0,3.0,6.0,11.0,13.0,10.0,20.0,3.0,7.0,7.0,7.0,0.08882293411188036,0.5230769230769231,0.03121103414700402,0.2900763358778626,2.0,2.0,True,2019
1,10,14,12.0,17.0,3.0,8.0,4.0,6.0,10.0,17.0,6.0,9.0,3.0,4.0,0.0645880454191444,0.34615384615384615,0.1270569908663987,0.4852941176470588,2.0,1.0,False,2019
0,21,4,7.0,18.0,4.0,11.0,5.0,7.0,14.0,21.0,2.0,7.0,6.0,8.0,0.11832961928894495,0.4573643410852713,0.1816695112359739,0.6029411764705882,2.0,4.0,False,2019
0,23,11,12.0,26.0,3.0,7.0,7.0,7.0,8.0,24.0,4.0,9.0,8.0,10.0,0.13868528119774529,0.5333333333333333,0.16150023179607415,0.5664335664335665,1.0,2.0,False,2019
1,20,18,12.0,22.0,2.0,6.0,7.0,10.0,9.0,19.0,4.0,10.0,7.0,10.0,0.13239496968180178,0.6046511627906976,0.14870489008329382,0.6312056737588653,1.0,3.0,True,2019
0,5,8,12.0,20.0,2.0,5.0,8.0,8.0,10.0,20.0,3.0,7.0,8.0,12.0,0.08525986543281766,0.5514705882352942,0.06635540547826599,0.5357142857142857,3.0,2.0,True,2019
1,8,5,10.0,20.0,3.0,7.0,8.0,12.0,12.0,20.0,2.0,5.0,8.0,8.0,0.06635540547826599,0.5357142857142857,0.10820789234625412,0.5547445255474452,2.0,3.0,False,2019
1,16,22,8.0,14.0,3.0,6.0,5.0,6.0,6.0,14.0,3.0,7.0,10.0,10.0,0.010021754064302365,0.31297709923664124,0.159243150387538,0.6102941176470589,1.0,3.0,True,2019
0,22,16,6.0,14.0,3.0,7.0,10.0,10.0,8.0,14.0,3.0,6.0,5.0,6.0,0.159243150387538,0.6102941176470589,0.048017403251441895,0.3181818181818182,3.0,1.0,False,2019
1,17,9,10.0,23.0,4.0,8.0,7.0,8.0,11.0,15.0,3.0,6.0,5.0,6.0,0.1363796531809292,0.5808823529411765,0.08928174243880402,0.3023255813953488,2.0,3.0,True,2019
0,9,17,11.0,15.0,3.0,6.0,5.0,6.0,10.0,23.0,4.0,8.0,7.0,8.0,0.08928174243880402,0.3023255813953488,0.14910372254474338,0.583941605839416,3.0,2.0,False,2019
0,0,2,10.0,23.0,6.0,12.0,12.0,13.0,12.0,27.0,4.0,10.0,4.0,4.0,0.187422758720219,0.7152317880794702,0.16107032302289018,0.6170212765957447,2.0,3.0,True,2019
1,2,0,12.0,27.0,4.0,10.0,4.0,4.0,10.0,23.0,6.0,12.0,12.0,13.0,0.16107032302289018,0.6170212765957447,0.1899382069761752,0.7171052631578947,3.0,2.0,False,2019
0,18,20,9.0,19.0,4.0,10.0,7.0,10.0,12.0,22.0,2.0,6.0,7.0,10.0,0.14870489008329382,0.6312056737588653,0.1459159757454414,0.6076923076923076,3.0,1.0,False,2019
1,29,7,9.0,17.0,4.0,9.0,6.0,7.0,9.0,18.0,3.0,6.0,7.0,8.0,0.058618237945049376,0.4580152671755725,0.016625338503608575,0.24060150375939848,3.0,2.0,True,2019
0,4,26,8.0,22.0,5.0,7.0,8.0,12.0,12.0,21.0,8.0,12.0,5.0,8.0,0.1816695112359739,0.6029411764705882,0.14433968274371015,0.5882352941176471,2.0,3.0,False,2019
1,1,10,14.0,27.0,4.0,12.0,8.0,9.0,9.0,19.0,3.0,10.0,3.0,7.0,0.1347869054158976,0.7074829931972789,0.05167043633531552,0.3435114503816794,2.0,2.0,True,2019
1,26,4,12.0,21.0,8.0,12.0,5.0,8.0,8.0,22.0,5.0,7.0,8.0,12.0,0.14433968274371015,0.5882352941176471,0.14533560898877912,0.5985401459854015,3.0,2.0,True,2019
1,23,11,13.0,23.0,4.0,8.0,7.0,8.0,10.0,22.0,5.0,10.0,7.0,10.0,0.11094822495819623,0.5294117647058824,0.16150023179607415,0.5664335664335665,2.0,2.0,False,2019
0,14,5,8.0,20.0,4.0,12.0,5.0,6.0,12.0,21.0,5.0,8.0,6.0,6.0,0.1270569908663987,0.4852941176470588,0.10820789234625412,0.5547445255474452,2.0,1.0,False,2019
0,10,1,9.0,19.0,3.0,10.0,3.0,7.0,14.0,27.0,4.0,12.0,8.0,9.0,0.05167043633531552,0.3435114503816794,0.1478295243327181,0.7094594594594594,2.0,2.0,False,2019
0,25,13,10.0,23.0,5.0,10.0,10.0,11.0,14.0,24.0,3.0,9.0,7.0,9.0,0.10694474477140518,0.6923076923076923,0.09909243456562869,0.35384615384615387,2.0,2.0,True,2019
1,13,25,14.0,24.0,3.0,9.0,7.0,9.0,10.0,23.0,5.0,10.0,10.0,11.0,0.09909243456562869,0.35384615384615387,0.12555579581712414,0.6944444444444444,2.0,2.0,False,2019
1,28,12,7.0,16.0,2.0,7.0,6.0,6.0,6.0,13.0,4.0,11.0,4.0,4.0,0.008176003260310436,0.3023255813953488,0.09493403217421086,0.5074626865671642,2.0,2.0,False,2019
0,15,24,8.0,17.0,3.0,9.0,8.0,9.0,11.0,17.0,4.0,8.0,7.0,7.0,0.10309614817971376,0.3969465648854962,0.11105834728950428,0.5267175572519084,2.0,2.0,False,2019
1,24,15,11.0,17.0,4.0,8.0,7.0,7.0,8.0,17.0,3.0,9.0,8.0,9.0,0.11105834728950428,0.5267175572519084,0.08247691854377101,0.3939393939393939,2.0,2.0,True,2019
1,5,14,12.0,21.0,5.0,8.0,6.0,6.0,8.0,20.0,4.0,12.0,5.0,6.0,0.10820789234625412,0.5547445255474452,0.10164559269311897,0.48175182481751827,1.0,2.0,True,2019
0,3,27,8.0,17.0,3.0,8.0,4.0,4.0,7.0,17.0,4.0,7.0,5.0,5.0,0.011713972409085237,0.461038961038961,0.03121103414700402,0.2900763358778626,2.0,2.0,True,2019
1,27,3,7.0,17.0,4.0,7.0,5.0,5.0,8.0,17.0,3.0,8.0,4.0,4.0,0.03121103414700402,0.2900763358778626,0.04937117792726819,0.4645161290322581,2.0,2.0,False,2019
0,11,23,10.0,22.0,5.0,10.0,7.0,10.0,13.0,23.0,4.0,8.0,7.0,8.0,0.16150023179607415,0.5664335664335665,0.08875857996655698,0.5255474452554745,2.0,2.0,True,2019
0,12,28,6.0,13.0,4.0,11.0,4.0,4.0,7.0,16.0,2.0,7.0,6.0,6.0,0.09493403217421086,0.5074626865671642,0.0065408026082483485,0.3,2.0,2.0,True,2019
0,7,29,9.0,18.0,3.0,6.0,7.0,8.0,9.0,17.0,4.0,9.0,6.0,7.0,0.016625338503608575,0.24060150375939848,0.0868945903560395,0.4621212121212121,2.0,3.0,False,2019
0,6,2,10.0,20.0,4.0,8.0,4.0,6.0,9.0,16.0,4.0,10.0,3.0,4.0,0.1758646057928664,0.4166666666666667,0.12885625841831214,0.6041666666666666,3.0,2.0,False,2019
0,9,24,10.0,18.0,3.0,7.0,6.0,7.0,11.0,18.0,4.0,8.0,12.0,12.0,0.07142539395104322,0.3,0.12884667783160342,0.5303030303030303,2.0,1.0,True,2019
0,28,21,7.0,16.0,3.0,4.0,7.0,8.0,6.0,16.0,4.0,8.0,2.0,3.0,0.0065408026082483485,0.3,0.09466369543115596,0.45384615384615384,1.0,3.0,False,2019
1,21,28,6.0,16.0,4.0,8.0,2.0,3.0,7.0,16.0,3.0,4.0,7.0,8.0,0.09466369543115596,0.45384615384615384,0.005232642086598679,0.29770992366412213,3.0,1.0,True,2019
1,2,6,9.0,16.0,4.0,10.0,3.0,4.0,10.0,20.0,4.0,8.0,4.0,6.0,0.12885625841831214,0.6041666666666666,0.1406916846342931,0.41353383458646614,2.0,3.0,True,2019
0,20,16,10.0,20.0,3.0,9.0,4.0,4.0,11.0,19.0,3.0,9.0,4.0,6.0,0.1459159757454414,0.6076923076923076,0.048017403251441895,0.3181818181818182,2.0,2.0,True,2019
1,16,20,11.0,19.0,3.0,9.0,4.0,6.0,10.0,20.0,3.0,9.0,4.0,4.0,0.048017403251441895,0.3181818181818182,0.15673278059635315,0.6106870229007634,2.0,2.0,False,2019
1,24,9,11.0,18.0,4.0,8.0,12.0,12.0,10.0,18.0,3.0,7.0,6.0,7.0,0.12884667783160342,0.5303030303030303,0.09714031516083457,0.3053435114503817,1.0,2.0,False,2019
0,0,22,10.0,21.0,6.0,8.0,7.0,9.0,7.0,13.0,4.0,6.0,2.0,2.0,0.1899382069761752,0.7171052631578947,0.1273945203100304,0.6058394160583942,2.0,2.0,True,2019
1,22,0,7.0,13.0,4.0,6.0,2.0,2.0,10.0,21.0,6.0,8.0,7.0,9.0,0.1273945203100304,0.6058394160583942,0.19195056558094017,0.7189542483660131,2.0,2.0,False,2019
0,4,19,8.0,16.0,3.0,6.0,4.0,5.0,10.0,16.0,3.0,9.0,4.0,5.0,0.14533560898877912,0.5985401459854015,0.07502411412262036,0.46153846153846156,2.0,4.0,True,2019
0,27,6,11.0,20.0,3.0,7.0,3.0,4.0,10.0,22.0,5.0,10.0,8.0,10.0,0.024968827317603214,0.2878787878787879,0.1406916846342931,0.41353383458646614,2.0,1.0,False,2019
0,26,10,14.0,24.0,2.0,5.0,8.0,12.0,12.0,20.0,4.0,10.0,3.0,4.0,0.15547174619496812,0.5912408759124088,0.04133634906825241,0.3409090909090909,2.0,2.0,True,2019
0,8,1,11.0,18.0,3.0,11.0,5.0,5.0,11.0,32.0,6.0,18.0,9.0,10.0,0.05308432438261279,0.5319148936170213,0.1478295243327181,0.7094594594594594,3.0,2.0,True,2019
1,6,27,10.0,22.0,5.0,10.0,8.0,10.0,11.0,20.0,3.0,7.0,3.0,4.0,0.1406916846342931,0.41353383458646614,0.01997506185408257,0.2857142857142857,1.0,2.0,True,2019
1,5,7,10.0,17.0,5.0,12.0,9.0,10.0,14.0,19.0,3.0,6.0,7.0,7.0,0.1265663138770033,0.5579710144927537,0.01330027080288686,0.23880597014925373,2.0,2.0,True,2019
0,14,3,10.0,20.0,3.0,9.0,8.0,9.0,10.0,16.0,6.0,8.0,4.0,8.0,0.10164559269311897,0.48175182481751827,0.04937117792726819,0.4645161290322581,2.0,2.0,False,2019
1,3,14,10.0,16.0,6.0,8.0,4.0,8.0,10.0,20.0,3.0,9.0,8.0,9.0,0.04937117792726819,0.4645161290322581,0.08131647415449518,0.4782608695652174,2.0,2.0,True,2019
1,19,4,10.0,16.0,3.0,9.0,4.0,5.0,8.0,16.0,3.0,6.0,4.0,5.0,0.07502411412262036,0.46153846153846156,0.15626848719102332,0.6014492753623188,4.0,2.0,False,2019
0,18,29,9.0,18.0,3.0,7.0,12.0,15.0,16.0,20.0,2.0,7.0,4.0,5.0,0.11896391206663506,0.6267605633802817,0.0868945903560395,0.4621212121212121,3.0,2.0,True,2019
1,29,18,16.0,20.0,2.0,7.0,4.0,5.0,9.0,18.0,3.0,7.0,12.0,15.0,0.0868945903560395,0.4621212121212121,0.13517112965330805,0.6293706293706294,2.0,3.0,False,2019
1,1,8,11.0,32.0,6.0,18.0,9.0,10.0,11.0,18.0,3.0,11.0,5.0,5.0,0.1478295243327181,0.7094594594594594,0.08246745950609023,0.5352112676056338,2.0,3.0,False,2019
0,7,5,14.0,19.0,3.0,6.0,7.0,7.0,10.0,17.0,5.0,12.0,9.0,10.0,0.01330027080288686,0.23880597014925373,0.14125305110160263,0.5611510791366906,2.0,2.0,False,2019
1,10,26,12.0,20.0,4.0,10.0,3.0,4.0,14.0,24.0,2.0,5.0,8.0,12.0,0.04133634906825241,0.3409090909090909,0.1643773969559745,0.5942028985507246,2.0,2.0,False,2019
0,9,15,7.0,15.0,4.0,9.0,6.0,6.0,10.0,14.0,4.0,10.0,3.0,6.0,0.09714031516083457,0.3053435114503817,0.08247691854377101,0.3939393939393939,2.0,3.0,False,2019
0,21,2,9.0,20.0,3.0,10.0,1.0,3.0,10.0,18.0,3.0,8.0,4.0,4.0,0.11573095634492477,0.4580152671755725,0.14308500673464972,0.6122448979591837,2.0,2.0,False,2019
1,17,11,12.0,21.0,4.0,7.0,9.0,9.0,8.0,16.0,2.0,6.0,6.0,6.0,0.14910372254474338,0.583941605839416,0.1692001854368593,0.5694444444444444,4.0,3.0,True,2019
0,11,17,8.0,16.0,2.0,6.0,6.0,6.0,12.0,21.0,4.0,7.0,9.0,9.0,0.1692001854368593,0.5694444444444444,0.1592829780357947,0.5869565217391305,3.0,4.0,False,2019
0,20,8,9.0,16.0,4.0,9.0,3.0,4.0,8.0,15.0,5.0,10.0,5.0,6.0,0.15673278059635315,0.6106870229007634,0.08246745950609023,0.5352112676056338,2.0,1.0,True,2019
1,28,13,7.0,16.0,1.0,6.0,5.0,5.0,7.0,18.0,5.0,9.0,4.0,5.0,0.005232642086598679,0.29770992366412213,0.07927394765250295,0.3511450381679389,2.0,3.0,False,2019
1,23,16,8.0,19.0,2.0,6.0,4.0,4.0,11.0,20.0,3.0,5.0,6.0,7.0,0.08875857996655698,0.5255474452554745,0.03841392260115352,0.3157894736842105,3.0,2.0,True,2019
0,13,28,7.0,18.0,5.0,9.0,4.0,5.0,7.0,16.0,1.0,6.0,5.0,5.0,0.07927394765250295,0.3511450381679389,0.004186113669278943,0.29545454545454547,3.0,2.0,True,2019
1,12,27,6.0,17.0,3.0,11.0,3.0,5.0,10.0,17.0,4.0,6.0,6.0,7.0,0.11594722573936869,0.5111111111111111,0.01997506185408257,0.2857142857142857,3.0,1.0,False,2019
1,15,9,10.0,14.0,4.0,10.0,3.0,6.0,7.0,15.0,4.0,9.0,6.0,6.0,0.08247691854377101,0.3939393939393939,0.07771225212866766,0.30303030303030304,3.0,2.0,True,2019
0,22,14,5.0,12.0,3.0,8.0,4.0,4.0,9.0,16.0,3.0,7.0,5.0,5.0,0.10191561624802432,0.6014492753623188,0.08131647415449518,0.4782608695652174,2.0,1.0,False,2019
0,16,23,11.0,20.0,3.0,5.0,6.0,7.0,8.0,19.0,2.0,6.0,4.0,4.0,0.03841392260115352,0.3157894736842105,0.11100686397324559,0.5289855072463768,2.0,3.0,False,2019
1,14,22,9.0,16.0,3.0,7.0,5.0,5.0,5.0,12.0,3.0,8.0,4.0,4.0,0.08131647415449518,0.4782608695652174,0.08153249299841946,0.5971223021582733,1.0,2.0,True,2019
1,8,20,8.0,15.0,5.0,10.0,5.0,6.0,9.0,16.0,4.0,9.0,3.0,4.0,0.08246745950609023,0.5352112676056338,0.16538622447708248,0.6136363636363636,1.0,2.0,False,2019
0,27,12,10.0,17.0,4.0,6.0,6.0,7.0,6.0,17.0,3.0,11.0,3.0,5.0,0.01997506185408257,0.2857142857142857,0.09275778059149495,0.5073529411764706,1.0,3.0,True,2019
1,2,21,10.0,18.0,3.0,8.0,4.0,4.0,9.0,20.0,3.0,10.0,1.0,3.0,0.14308500673464972,0.6122448979591837,0.09258476507593981,0.45454545454545453,2.0,2.0,True,2019
1,24,29,10.0,18.0,5.0,9.0,5.0,6.0,9.0,22.0,5.0,8.0,5.0,7.0,0.10307734226528273,0.5263157894736842,0.0695156722848316,0.45864661654135336,3.0,2.0,False,2019
1,10,22,11.0,18.0,5.0,8.0,10.0,10.0,10.0,18.0,1.0,5.0,6.0,6.0,0.03306907925460193,0.3383458646616541,0.08153249299841946,0.5971223021582733,2.0,1.0,True,2019
0,29,24,9.0,22.0,5.0,8.0,5.0,7.0,10.0,18.0,5.0,9.0,5.0,6.0,0.0695156722848316,0.45864661654135336,0.08246187381222618,0.5223880597014925,2.0,3.0,True,2019
0,6,5,10.0,26.0,3.0,9.0,5.0,7.0,8.0,16.0,3.0,7.0,10.0,11.0,0.1525533477074345,0.417910447761194,0.14125305110160263,0.5611510791366906,2.0,2.0,False,2019
1,5,6,8.0,16.0,3.0,7.0,10.0,11.0,10.0,26.0,3.0,9.0,5.0,7.0,0.14125305110160263,0.5611510791366906,0.1220426781659476,0.4148148148148148,2.0,2.0,True,2019
1,25,4,12.0,20.0,2.0,6.0,4.0,4.0,7.0,13.0,3.0,8.0,4.0,5.0,0.12555579581712414,0.6944444444444444,0.15626848719102332,0.6014492753623188,4.0,2.0,False,2019
0,22,10,10.0,18.0,1.0,5.0,6.0,6.0,11.0,18.0,5.0,8.0,10.0,10.0,0.08153249299841946,0.5971223021582733,0.06645526340368155,0.34328358208955223,1.0,2.0,False,2019
1,19,13,11.0,26.0,3.0,8.0,6.0,8.0,10.0,24.0,2.0,7.0,5.0,5.0,0.060019291298096286,0.4580152671755725,0.10341915812200235,0.3560606060606061,2.0,1.0,True,2019
0,13,19,10.0,24.0,2.0,7.0,5.0,5.0,11.0,26.0,3.0,8.0,6.0,8.0,0.10341915812200235,0.3560606060606061,0.08801543303847703,0.4621212121212121,1.0,2.0,False,2019
1,0,18,14.0,27.0,10.0,18.0,3.0,4.0,10.0,24.0,4.0,10.0,10.0,12.0,0.19195056558094017,0.7189542483660131,0.13517112965330805,0.6293706293706294,3.0,2.0,False,2019
0,4,25,7.0,13.0,3.0,8.0,4.0,5.0,12.0,20.0,2.0,6.0,4.0,4.0,0.15626848719102332,0.6014492753623188,0.10044463665369932,0.6896551724137931,2.0,4.0,True,2019
0,18,0,10.0,24.0,4.0,10.0,10.0,12.0,14.0,27.0,10.0,18.0,3.0,4.0,0.13517112965330805,0.6293706293706294,0.15356045246475214,0.7142857142857143,2.0,3.0,True,2019
0,26,12,14.0,23.0,10.0,16.0,5.0,6.0,8.0,18.0,4.0,8.0,3.0,4.0,0.1643773969559745,0.5942028985507246,0.09275778059149495,0.5073529411764706,3.0,2.0,True,2019
0,2,28,9.0,20.0,4.0,9.0,3.0,4.0,9.0,21.0,4.0,8.0,4.0,4.0,0.1544680053877198,0.62,0.004186113669278943,0.29545454545454547,2.0,2.0,True,2019
1,12,26,8.0,18.0,4.0,8.0,3.0,4.0,14.0,23.0,10.0,16.0,5.0,6.0,0.09275778059149495,0.5073529411764706,0.1715019175647796,0.5971223021582733,2.0,3.0,False,2019
0,9,11,9.0,20.0,5.0,10.0,5.0,7.0,7.0,18.0,3.0,8.0,11.0,15.0,0.07771225212866766,0.30303030303030304,0.13536014834948745,0.5655172413793104,2.0,2.0,False,2019
1,11,9,7.0,18.0,3.0,8.0,11.0,15.0,9.0,20.0,5.0,10.0,5.0,7.0,0.13536014834948745,0.5655172413793104,0.062169801702934124,0.3007518796992481,2.0,2.0,True,2019
1,21,16,7.0,17.0,4.0,9.0,5.0,6.0,8.0,15.0,3.0,6.0,5.0,5.0,0.09258476507593981,0.45454545454545453,0.030731138080922815,0.31343283582089554,2.0,2.0,True,2019
1,28,2,9.0,21.0,4.0,8.0,4.0,4.0,9.0,20.0,4.0,9.0,3.0,4.0,0.004186113669278943,0.29545454545454547,0.16357440431017584,0.6274509803921569,2.0,2.0,False,2019
1,20,1,12.0,17.0,5.0,9.0,6.0,7.0,9.0,21.0,7.0,14.0,5.0,9.0,0.16538622447708248,0.6136363636363636,0.11826361946617447,0.7046979865771812,2.0,3.0,True,2019
0,1,20,9.0,21.0,7.0,14.0,5.0,9.0,12.0,17.0,5.0,9.0,6.0,7.0,0.11826361946617447,0.7046979865771812,0.172308979581666,0.6165413533834586,3.0,2.0,False,2019
0,16,21,8.0,15.0,3.0,6.0,5.0,5.0,7.0,17.0,4.0,9.0,5.0,6.0,0.030731138080922815,0.31343283582089554,0.11406781206075185,0.45864661654135336,2.0,2.0,False,2019
1,7,9,13.0,27.0,5.0,10.0,4.0,9.0,13.0,21.0,4.0,10.0,7.0,11.0,0.010640216642309488,0.23703703703703705,0.062169801702934124,0.3007518796992481,4.0,1.0,False,2019
0,27,21,13.0,23.0,4.0,8.0,13.0,13.0,10.0,23.0,4.0,9.0,13.0,14.0,0.055980049483266056,0.291044776119403,0.11406781206075185,0.45864661654135336,3.0,1.0,False,2019
1,23,20,12.0,19.0,3.0,7.0,5.0,9.0,9.0,17.0,4.0,9.0,5.0,8.0,0.11100686397324559,0.5289855072463768,0.172308979581666,0.6165413533834586,3.0,1.0,False,2019
0,20,23,9.0,17.0,4.0,9.0,5.0,8.0,12.0,19.0,3.0,7.0,5.0,9.0,0.172308979581666,0.6165413533834586,0.08880549117859647,0.5251798561151079,1.0,3.0,True,2019
0,1,11,12.0,22.0,7.0,12.0,15.0,15.0,7.0,24.0,3.0,10.0,10.0,11.0,0.09461089557293959,0.7,0.14828811867958996,0.5684931506849316,1.0,1.0,True,2019
0,22,12,13.0,19.0,3.0,7.0,5.0,8.0,9.0,15.0,3.0,7.0,7.0,8.0,0.06522599439873557,0.5928571428571429,0.07420622447319596,0.5036496350364964,2.0,1.0,True,2019
0,29,0,9.0,21.0,2.0,8.0,4.0,4.0,10.0,15.0,4.0,9.0,7.0,7.0,0.09561253782786527,0.4626865671641791,0.15356045246475214,0.7142857142857143,2.0,2.0,False,2019
0,24,19,13.0,26.0,3.0,5.0,11.0,11.0,11.0,23.0,5.0,12.0,4.0,4.0,0.08246187381222618,0.5223880597014925,0.08801543303847703,0.4621212121212121,2.0,2.0,True,2019
1,19,24,11.0,23.0,5.0,12.0,4.0,4.0,13.0,26.0,3.0,5.0,11.0,11.0,0.08801543303847703,0.4621212121212121,0.10596949904978095,0.5259259259259259,2.0,2.0,False,2019
1,11,1,7.0,24.0,3.0,10.0,10.0,11.0,12.0,22.0,7.0,12.0,15.0,15.0,0.14828811867958996,0.5684931506849316,0.11568871645835166,0.7019867549668874,1.0,1.0,False,2019
0,9,7,13.0,21.0,4.0,10.0,7.0,11.0,13.0,27.0,5.0,10.0,4.0,9.0,0.062169801702934124,0.3007518796992481,0.00851217331384759,0.23529411764705882,1.0,4.0,True,2019
0,13,3,13.0,25.0,4.0,11.0,5.0,7.0,7.0,17.0,1.0,6.0,4.0,6.0,0.08273532649760187,0.3533834586466165,0.07949694234181456,0.46794871794871795,2.0,4.0,True,2019
1,15,18,12.0,21.0,7.0,13.0,8.0,9.0,11.0,24.0,4.0,8.0,11.0,13.0,0.1059815348350168,0.39849624060150374,0.14813690372264643,0.6319444444444444,3.0,2.0,True,2019
0,4,14,10.0,20.0,4.0,7.0,17.0,17.0,8.0,17.0,2.0,9.0,7.0,8.0,0.16501478975281864,0.60431654676259,0.10505317932359612,0.48201438848920863,2.0,3.0,True,2019
1,12,22,9.0,15.0,3.0,7.0,7.0,8.0,13.0,19.0,3.0,7.0,5.0,8.0,0.07420622447319596,0.5036496350364964,0.09218079551898846,0.5957446808510638,1.0,2.0,False,2019
0,18,15,11.0,24.0,4.0,8.0,11.0,13.0,12.0,21.0,7.0,13.0,8.0,9.0,0.14813690372264643,0.6319444444444444,0.12478522786801345,0.40298507462686567,2.0,3.0,False,2019
0,8,5,10.0,20.0,3.0,8.0,4.0,4.0,12.0,20.0,3.0,6.0,7.0,8.0,0.06597396760487219,0.5314685314685315,0.15300244088128212,0.5642857142857143,3.0,2.0,False,2019
1,5,8,12.0,20.0,3.0,6.0,7.0,8.0,10.0,20.0,3.0,8.0,4.0,4.0,0.15300244088128212,0.5642857142857143,0.05277917408389775,0.5277777777777778,2.0,3.0,True,2019
1,14,4,8.0,17.0,2.0,9.0,7.0,8.0,10.0,20.0,4.0,7.0,17.0,17.0,0.10505317932359612,0.48201438848920863,0.17201183180225493,0.6071428571428571,3.0,2.0,False,2019
1,3,13,7.0,17.0,1.0,6.0,4.0,6.0,13.0,25.0,4.0,11.0,5.0,7.0,0.07949694234181456,0.46794871794871795,0.10618826119808152,0.3582089552238806,4.0,2.0,False,2019
0,6,10,8.0,17.0,3.0,9.0,4.0,4.0,12.0,22.0,3.0,7.0,3.0,4.0,0.1220426781659476,0.4148148148148148,0.06645526340368155,0.34328358208955223,2.0,2.0,False,2019
1,21,27,10.0,23.0,4.0,9.0,13.0,14.0,13.0,23.0,4.0,8.0,13.0,13.0,0.11406781206075185,0.45864661654135336,0.044784039586612846,0.28888888888888886,1.0,3.0,True,2019
1,10,6,12.0,22.0,3.0,7.0,3.0,4.0,8.0,17.0,3.0,9.0,4.0,4.0,0.06645526340368155,0.34328358208955223,0.09763414253275808,0.4117647058823529,2.0,2.0,True,2019
1,0,29,10.0,15.0,4.0,9.0,7.0,7.0,9.0,21.0,2.0,8.0,4.0,4.0,0.15356045246475214,0.7142857142857143,0.07649003026229222,0.45925925925925926,2.0,2.0,True,2019
0,26,2,11.0,27.0,5.0,16.0,10.0,12.0,14.0,19.0,4.0,9.0,3.0,4.0,0.1715019175647796,0.5971223021582733,0.16357440431017584,0.6274509803921569,2.0,2.0,False,2019
1,28,16,5.0,18.0,3.0,9.0,6.0,8.0,11.0,19.0,5.0,10.0,5.0,8.0,0.0033488909354231545,0.2932330827067669,0.024584910464738253,0.3111111111111111,2.0,2.0,False,2019
0,16,28,11.0,19.0,5.0,10.0,5.0,8.0,5.0,18.0,3.0,9.0,6.0,8.0,0.024584910464738253,0.3111111111111111,0.0026791127483385235,0.291044776119403,2.0,2.0,True,2019
0,24,25,9.0,18.0,1.0,3.0,8.0,9.0,6.0,12.0,3.0,5.0,6.0,7.0,0.10596949904978095,0.5259259259259259,0.10044463665369932,0.6896551724137931,1.0,3.0,False,2019
1,25,24,6.0,12.0,3.0,5.0,6.0,7.0,9.0,18.0,1.0,3.0,8.0,9.0,0.10044463665369932,0.6896551724137931,0.08477559923982476,0.5220588235294118,3.0,1.0,True,2019
1,2,26,14.0,19.0,4.0,9.0,3.0,4.0,11.0,27.0,5.0,16.0,10.0,12.0,0.16357440431017584,0.6274509803921569,0.13720153405182367,0.5928571428571429,2.0,2.0,True,2019
0,9,14,7.0,13.0,5.0,7.0,7.0,8.0,11.0,24.0,4.0,11.0,6.0,6.0,0.08973584136234732,0.30597014925373134,0.08404254345887689,0.4785714285714286,2.0,2.0,True,2019
0,4,6,12.0,19.0,2.0,7.0,6.0,8.0,7.0,20.0,2.0,10.0,7.0,7.0,0.17201183180225493,0.6071428571428571,0.09763414253275808,0.4117647058823529,2.0,2.0,True,2019
1,19,20,12.0,14.0,4.0,8.0,4.0,5.0,8.0,17.0,3.0,6.0,3.0,8.0,0.07041234643078162,0.45864661654135336,0.1778471836653328,0.6194029850746269,2.0,2.0,True,2019
0,20,19,8.0,17.0,3.0,6.0,3.0,8.0,12.0,14.0,4.0,8.0,4.0,5.0,0.1778471836653328,0.6194029850746269,0.09632987714462529,0.4626865671641791,2.0,2.0,False,2019
1,6,4,7.0,20.0,2.0,10.0,7.0,7.0,12.0,19.0,2.0,7.0,6.0,8.0,0.09763414253275808,0.4117647058823529,0.17760946544180392,0.6099290780141844,2.0,2.0,False,2019
1,15,5,10.0,17.0,4.0,8.0,5.0,6.0,10.0,15.0,3.0,8.0,10.0,10.0,0.12478522786801345,0.40298507462686567,0.1624019527050257,0.5673758865248227,2.0,2.0,True,2019
1,14,9,11.0,24.0,4.0,11.0,6.0,6.0,7.0,13.0,5.0,7.0,7.0,8.0,0.08404254345887689,0.4785714285714286,0.11178867308987786,0.3111111111111111,2.0,2.0,False,2019
0,22,8,9.0,17.0,3.0,6.0,5.0,7.0,11.0,16.0,4.0,11.0,7.0,9.0,0.09218079551898846,0.5957446808510638,0.05277917408389775,0.5277777777777778,2.0,2.0,True,2019
0,1,7,15.0,26.0,5.0,13.0,9.0,11.0,11.0,23.0,3.0,6.0,5.0,7.0,0.11568871645835166,0.7019867549668874,0.00851217331384759,0.23529411764705882,2.0,2.0,True,2019
1,7,1,11.0,23.0,3.0,6.0,5.0,7.0,15.0,26.0,5.0,13.0,9.0,11.0,0.00851217331384759,0.23529411764705882,0.13255097316668132,0.7039473684210527,2.0,2.0,False,2019
0,5,15,10.0,15.0,3.0,8.0,10.0,10.0,10.0,17.0,4.0,8.0,5.0,6.0,0.1624019527050257,0.5673758865248227,0.13982818229441077,0.4074074074074074,2.0,2.0,False,2019
1,8,22,11.0,16.0,4.0,11.0,7.0,9.0,9.0,17.0,3.0,6.0,5.0,7.0,0.05277917408389775,0.5277777777777778,0.11374463641519077,0.5985915492957746,2.0,2.0,False,2019
0,2,3,9.0,19.0,4.0,5.0,12.0,12.0,11.0,24.0,3.0,7.0,2.0,3.0,0.17085952344814068,0.6346153846153846,0.06359755387345165,0.46496815286624205,2.0,3.0,True,2019
1,21,24,11.0,23.0,5.0,12.0,5.0,7.0,13.0,23.0,6.0,7.0,6.0,6.0,0.1312542496486015,0.4626865671641791,0.08477559923982476,0.5220588235294118,3.0,2.0,False,2019
0,24,21,13.0,23.0,6.0,7.0,6.0,6.0,11.0,23.0,5.0,12.0,5.0,7.0,0.08477559923982476,0.5220588235294118,0.1050033997188812,0.45925925925925926,2.0,3.0,True,2019
1,26,10,9.0,26.0,6.0,15.0,15.0,16.0,8.0,18.0,5.0,13.0,5.0,9.0,0.13720153405182367,0.5928571428571429,0.09316421072294524,0.34814814814814815,2.0,3.0,True,2019
0,23,16,8.0,18.0,4.0,7.0,10.0,10.0,8.0,22.0,6.0,11.0,7.0,10.0,0.08880549117859647,0.5251798561151079,0.0596679283717906,0.3161764705882353,3.0,2.0,False,2019
0,10,26,8.0,18.0,5.0,13.0,5.0,9.0,9.0,26.0,6.0,15.0,15.0,16.0,0.09316421072294524,0.34814814814814815,0.14976122724145893,0.5957446808510638,3.0,2.0,False,2019
0,19,28,10.0,17.0,5.0,10.0,7.0,8.0,11.0,25.0,2.0,9.0,4.0,5.0,0.09632987714462529,0.4626865671641791,0.0026791127483385235,0.291044776119403,1.0,2.0,True,2019
1,3,2,11.0,24.0,3.0,7.0,2.0,3.0,9.0,19.0,4.0,5.0,12.0,12.0,0.06359755387345165,0.46496815286624205,0.17668761875851252,0.6415094339622641,3.0,2.0,False,2019
0,12,17,11.0,17.0,3.0,6.0,6.0,7.0,13.0,25.0,7.0,14.0,4.0,4.0,0.05936497957855676,0.5,0.1592829780357947,0.5869565217391305,3.0,6.0,True,2019
0,25,18,10.0,16.0,5.0,9.0,16.0,17.0,10.0,20.0,3.0,7.0,14.0,15.0,0.12035570932295944,0.6917808219178082,0.11850952297811715,0.6275862068965518,2.0,3.0,True,2019
0,29,22,7.0,13.0,2.0,5.0,7.0,8.0,10.0,17.0,4.0,10.0,3.0,4.0,0.07649003026229222,0.45925925925925926,0.11374463641519077,0.5985915492957746,3.0,1.0,False,2019
1,17,12,13.0,25.0,7.0,14.0,4.0,4.0,11.0,17.0,3.0,6.0,6.0,7.0,0.1592829780357947,0.5869565217391305,0.08749198366284541,0.5035971223021583,6.0,3.0,False,2019
1,22,29,10.0,17.0,4.0,10.0,3.0,4.0,7.0,13.0,2.0,5.0,7.0,8.0,0.11374463641519077,0.5985915492957746,0.06119202420983377,0.45588235294117646,1.0,3.0,True,2019
1,16,23,8.0,22.0,6.0,11.0,7.0,10.0,8.0,18.0,4.0,7.0,10.0,10.0,0.0596679283717906,0.3161764705882353,0.07104439294287718,0.5214285714285715,2.0,3.0,True,2019
1,28,19,11.0,25.0,2.0,9.0,4.0,5.0,10.0,17.0,5.0,10.0,7.0,8.0,0.0026791127483385235,0.291044776119403,0.11706390171570025,0.4666666666666667,2.0,1.0,False,2019
1,18,25,10.0,20.0,3.0,7.0,14.0,15.0,10.0,16.0,5.0,9.0,16.0,17.0,0.11850952297811715,0.6275862068965518,0.13628456745836756,0.6938775510204082,3.0,2.0,False,2019
1,6,20,10.0,23.0,6.0,9.0,10.0,13.0,10.0,17.0,3.0,8.0,8.0,10.0,0.07810731402620646,0.40875912408759124,0.14227774693226625,0.6148148148148148,2.0,2.0,True,2019
0,8,27,10.0,19.0,4.0,13.0,7.0,9.0,10.0,21.0,5.0,10.0,5.0,8.0,0.0422233392671182,0.5241379310344828,0.044784039586612846,0.28888888888888886,2.0,4.0,True,2019
1,13,21,7.0,20.0,2.0,10.0,7.0,9.0,10.0,22.0,4.0,11.0,6.0,6.0,0.10618826119808152,0.3582089552238806,0.1050033997188812,0.45925925925925926,4.0,1.0,True,2019
0,21,13,10.0,22.0,4.0,11.0,6.0,6.0,7.0,20.0,2.0,10.0,7.0,9.0,0.1050033997188812,0.45925925925925926,0.12495060895846521,0.362962962962963,1.0,4.0,False,2019
0,20,6,10.0,17.0,3.0,8.0,8.0,10.0,10.0,23.0,6.0,9.0,10.0,13.0,0.14227774693226625,0.6148148148148148,0.10248585122096518,0.41304347826086957,2.0,2.0,False,2019
1,0,5,11.0,13.0,4.0,5.0,9.0,13.0,6.0,12.0,4.0,7.0,4.0,4.0,0.1628483619718017,0.7161290322580646,0.12992156216402057,0.5633802816901409,4.0,2.0,True,2019
0,1,15,13.0,26.0,8.0,13.0,6.0,6.0,8.0,17.0,3.0,10.0,4.0,5.0,0.13255097316668132,0.7039473684210527,0.13982818229441077,0.4074074074074074,2.0,2.0,True,2019
1,15,1,8.0,17.0,3.0,10.0,4.0,5.0,13.0,26.0,8.0,13.0,6.0,6.0,0.13982818229441077,0.4074074074074074,0.14604077853334504,0.7058823529411765,2.0,2.0,False,2019
0,7,11,10.0,19.0,1.0,4.0,8.0,10.0,8.0,21.0,3.0,6.0,6.0,10.0,0.006809738651078072,0.23357664233576642,0.11863049494367198,0.564625850340136,2.0,4.0,False,2019
1,27,8,10.0,21.0,5.0,10.0,5.0,8.0,10.0,19.0,4.0,13.0,7.0,9.0,0.044784039586612846,0.28888888888888886,0.07377867141369457,0.5273972602739726,4.0,2.0,False,2019
1,4,14,17.0,21.0,4.0,5.0,6.0,11.0,12.0,22.0,5.0,9.0,5.0,5.0,0.17760946544180392,0.6099290780141844,0.06723403476710152,0.475177304964539,2.0,2.0,True,2019
0,14,4,12.0,22.0,5.0,9.0,5.0,5.0,17.0,21.0,4.0,5.0,6.0,11.0,0.06723403476710152,0.475177304964539,0.18208757235344314,0.6126760563380281,2.0,2.0,False,2019
1,11,7,8.0,21.0,3.0,6.0,6.0,10.0,10.0,19.0,1.0,4.0,8.0,10.0,0.11863049494367198,0.564625850340136,0.0054477909208624576,0.2318840579710145,4.0,2.0,True,2019
0,5,0,6.0,12.0,4.0,7.0,4.0,4.0,11.0,13.0,4.0,5.0,9.0,13.0,0.12992156216402057,0.5633802816901409,0.17027868957744136,0.717948717948718,2.0,4.0,False,2019
1,9,25,7.0,14.0,5.0,8.0,4.0,7.0,12.0,22.0,4.0,11.0,7.0,9.0,0.11178867308987786,0.3111111111111111,0.13628456745836756,0.6938775510204082,3.0,2.0,False,2019
1,22,24,12.0,19.0,3.0,6.0,4.0,4.0,9.0,13.0,4.0,6.0,4.0,4.0,0.1309957091321526,0.6013986013986014,0.10782047939185982,0.5255474452554745,2.0,2.0,True,2019
0,23,10,12.0,28.0,3.0,6.0,6.0,6.0,13.0,23.0,6.0,13.0,8.0,8.0,0.07104439294287718,0.5214285714285715,0.0745313685783562,0.34558823529411764,2.0,2.0,False,2019
0,25,9,12.0,22.0,4.0,11.0,7.0,9.0,7.0,14.0,5.0,8.0,4.0,7.0,0.13628456745836756,0.6938775510204082,0.08943093847190228,0.3088235294117647,2.0,3.0,True,2019
0,5,17,14.0,28.0,5.0,6.0,7.0,8.0,10.0,21.0,7.0,13.0,5.0,5.0,0.10393724973121646,0.5594405594405595,0.12742638242863574,0.5827338129496403,1.0,2.0,False,2019
0,29,2,11.0,21.0,5.0,10.0,3.0,6.0,9.0,21.0,5.0,9.0,10.0,10.0,0.06119202420983377,0.45588235294117646,0.17668761875851252,0.6415094339622641,2.0,2.0,True,2019
1,17,5,10.0,21.0,7.0,13.0,5.0,5.0,14.0,28.0,5.0,6.0,7.0,8.0,0.12742638242863574,0.5827338129496403,0.08314979978497317,0.5555555555555556,2.0,1.0,True,2019
1,26,16,8.0,16.0,6.0,13.0,7.0,7.0,12.0,18.0,3.0,5.0,6.0,7.0,0.14976122724145893,0.5957446808510638,0.08773434269743248,0.32116788321167883,2.0,2.0,True,2019
1,2,29,9.0,21.0,5.0,9.0,10.0,10.0,11.0,21.0,5.0,10.0,3.0,6.0,0.17668761875851252,0.6415094339622641,0.08895361936786703,0.45985401459854014,2.0,2.0,False,2019
1,10,23,13.0,23.0,6.0,13.0,8.0,8.0,12.0,28.0,3.0,6.0,6.0,6.0,0.0745313685783562,0.34558823529411764,0.056835514354301744,0.5177304964539007,2.0,2.0,True,2019
0,24,22,9.0,13.0,4.0,6.0,4.0,4.0,12.0,19.0,3.0,6.0,4.0,4.0,0.10782047939185982,0.5255474452554745,0.1447965673057221,0.6041666666666666,2.0,2.0,False,2019
0,16,26,12.0,18.0,3.0,5.0,6.0,7.0,8.0,16.0,6.0,13.0,7.0,7.0,0.08773434269743248,0.32116788321167883,0.15980898179316713,0.5985915492957746,2.0,2.0,False,2019
1,19,28,12.0,15.0,4.0,7.0,12.0,15.0,9.0,15.0,2.0,5.0,11.0,19.0,0.11706390171570025,0.4666666666666667,0.002143290198670819,0.28888888888888886,3.0,3.0,True,2019
0,28,19,9.0,15.0,2.0,5.0,11.0,19.0,12.0,15.0,4.0,7.0,12.0,15.0,0.002143290198670819,0.28888888888888886,0.1336511213725602,0.47058823529411764,3.0,3.0,False,2019
1,6,27,8.0,21.0,5.0,9.0,6.0,6.0,11.0,18.0,4.0,7.0,5.0,7.0,0.10248585122096518,0.41304347826086957,0.03582723166929028,0.2867647058823529,2.0,2.0,False,2019
0,20,18,11.0,22.0,2.0,8.0,4.0,4.0,11.0,17.0,6.0,7.0,14.0,14.0,0.11382219754581299,0.6102941176470589,0.09480761838249371,0.6232876712328768,2.0,3.0,False,2019
1,7,0,10.0,20.0,4.0,9.0,7.0,9.0,9.0,17.0,4.0,11.0,8.0,10.0,0.0054477909208624576,0.2318840579710145,0.17027868957744136,0.717948717948718,2.0,2.0,False,2019
0,0,7,9.0,17.0,4.0,11.0,8.0,10.0,10.0,20.0,4.0,9.0,7.0,9.0,0.17027868957744136,0.717948717948718,0.004358232736689966,0.2302158273381295,2.0,2.0,True,2019
0,27,6,11.0,18.0,4.0,7.0,5.0,7.0,8.0,21.0,5.0,9.0,6.0,6.0,0.03582723166929028,0.2867647058823529,0.08198868097677214,0.41007194244604317,2.0,2.0,True,2019
0,12,15,9.0,15.0,4.0,9.0,3.0,4.0,8.0,17.0,4.0,9.0,4.0,4.0,0.08749198366284541,0.5035971223021583,0.11186254583552861,0.40441176470588236,3.0,2.0,False,2019
1,18,20,11.0,17.0,6.0,7.0,14.0,14.0,11.0,22.0,2.0,8.0,4.0,4.0,0.09480761838249371,0.6232876712328768,0.0910577580366504,0.6058394160583942,3.0,2.0,True,2019
0,3,14,10.0,18.0,3.0,7.0,10.0,11.0,12.0,20.0,4.0,9.0,5.0,5.0,0.050878043098761316,0.4620253164556962,0.05378722781368121,0.47183098591549294,3.0,2.0,False,2019
1,14,3,12.0,20.0,4.0,9.0,5.0,5.0,10.0,18.0,3.0,7.0,10.0,11.0,0.05378722781368121,0.47183098591549294,0.04070243447900905,0.4591194968553459,2.0,3.0,True,2019
1,15,12,8.0,17.0,4.0,9.0,4.0,4.0,9.0,15.0,4.0,9.0,3.0,4.0,0.11186254583552861,0.40441176470588236,0.06999358693027632,0.5,2.0,3.0,True,2019
1,13,4,7.0,14.0,3.0,7.0,5.0,7.0,13.0,19.0,4.0,7.0,4.0,4.0,0.12495060895846521,0.362962962962963,0.18208757235344314,0.6126760563380281,2.0,2.0,False,2019
0,23,8,12.0,20.0,4.0,6.0,4.0,4.0,11.0,21.0,4.0,7.0,10.0,11.0,0.056835514354301744,0.5177304964539007,0.07377867141369457,0.5273972602739726,1.0,2.0,False,2019
1,8,23,11.0,21.0,4.0,7.0,10.0,11.0,12.0,20.0,4.0,6.0,4.0,4.0,0.07377867141369457,0.5273972602739726,0.0454684114834414,0.5140845070422535,2.0,1.0,True,2019
0,4,13,13.0,19.0,4.0,7.0,4.0,4.0,7.0,14.0,3.0,7.0,5.0,7.0,0.18208757235344314,0.6126760563380281,0.09996048716677217,0.3602941176470588,2.0,2.0,True,2019
0,3,22,8.0,16.0,3.0,7.0,1.0,2.0,9.0,17.0,3.0,7.0,2.0,2.0,0.04070243447900905,0.4591194968553459,0.1447965673057221,0.6041666666666666,1.0,2.0,False,2019
0,21,9,13.0,27.0,9.0,17.0,4.0,6.0,8.0,15.0,4.0,6.0,5.0,7.0,0.08400271977510496,0.45588235294117646,0.08943093847190228,0.3088235294117647,3.0,2.0,True,2019
1,9,21,8.0,15.0,4.0,6.0,5.0,7.0,13.0,27.0,9.0,17.0,4.0,6.0,0.08943093847190228,0.3088235294117647,0.10720217582008398,0.45985401459854014,2.0,3.0,False,2019
0,26,1,12.0,22.0,6.0,14.0,15.0,18.0,11.0,28.0,6.0,16.0,14.0,15.0,0.15980898179316713,0.5985915492957746,0.14604077853334504,0.7058823529411765,2.0,3.0,True,2019
0,5,11,10.0,19.0,2.0,6.0,5.0,5.0,9.0,22.0,4.0,9.0,5.0,6.0,0.08314979978497317,0.5555555555555556,0.13490439595493758,0.5675675675675675,2.0,3.0,False,2019
1,16,8,8.0,14.0,3.0,6.0,5.0,5.0,7.0,14.0,2.0,8.0,7.0,11.0,0.07018747415794599,0.3188405797101449,0.09902293713095564,0.5306122448979592,2.0,1.0,True,2019
0,10,4,7.0,16.0,3.0,6.0,2.0,3.0,7.0,18.0,2.0,6.0,6.0,6.0,0.09962509486268495,0.35036496350364965,0.18567005788275454,0.6153846153846154,2.0,1.0,True,2019
0,14,27,13.0,21.0,4.0,7.0,4.0,4.0,11.0,17.0,2.0,6.0,6.0,6.0,0.08302978225094497,0.4755244755244755,0.06866178533543221,0.291970802919708,1.0,1.0,True,2019
1,22,3,9.0,17.0,3.0,7.0,2.0,2.0,8.0,16.0,3.0,7.0,1.0,2.0,0.1447965673057221,0.6041666666666666,0.03256194758320724,0.45625,2.0,1.0,True,2019
1,2,24,6.0,14.0,2.0,6.0,7.0,10.0,8.0,15.0,4.0,7.0,7.0,10.0,0.14135009500681,0.6296296296296297,0.08625638351348786,0.5217391304347826,2.0,2.0,False,2019
0,25,28,6.0,15.0,5.0,9.0,5.0,6.0,7.0,21.0,4.0,9.0,4.0,6.0,0.14902765396669407,0.6959459459459459,0.001714632158936655,0.2867647058823529,2.0,1.0,True,2019
1,11,5,9.0,22.0,4.0,9.0,5.0,6.0,10.0,19.0,2.0,6.0,5.0,5.0,0.13490439595493758,0.5675675675675675,0.06651983982797853,0.5517241379310345,3.0,2.0,True,2019
1,28,25,7.0,21.0,4.0,9.0,4.0,6.0,6.0,15.0,5.0,9.0,5.0,6.0,0.001714632158936655,0.2867647058823529,0.15922212317335524,0.697986577181208,1.0,2.0,False,2019
1,4,10,7.0,18.0,2.0,6.0,6.0,6.0,7.0,16.0,3.0,6.0,2.0,3.0,0.18567005788275454,0.6153846153846154,0.11970007589014794,0.35507246376811596,1.0,2.0,False,2019
0,24,2,8.0,15.0,4.0,7.0,7.0,10.0,6.0,14.0,2.0,6.0,7.0,10.0,0.08625638351348786,0.5217391304347826,0.113080076005448,0.6181818181818182,2.0,2.0,True,2019
1,1,26,11.0,28.0,6.0,16.0,14.0,15.0,12.0,22.0,6.0,14.0,15.0,18.0,0.14604077853334504,0.7058823529411765,0.16784718543453372,0.6013986013986014,3.0,2.0,False,2019
0,8,16,7.0,14.0,2.0,8.0,7.0,11.0,8.0,14.0,3.0,6.0,5.0,5.0,0.09902293713095564,0.5306122448979592,0.09614997932635679,0.3237410071942446,1.0,2.0,False,2019
1,27,14,11.0,17.0,2.0,6.0,6.0,6.0,13.0,21.0,4.0,7.0,4.0,4.0,0.06866178533543221,0.291970802919708,0.10642382580075598,0.4791666666666667,1.0,1.0,False,2019
1,9,10,6.0,12.0,2.0,5.0,6.0,8.0,8.0,13.0,3.0,7.0,8.0,8.0,0.07154475077752183,0.30656934306569344,0.11970007589014794,0.35507246376811596,1.0,1.0,False,2019
1,0,12,16.0,24.0,6.0,13.0,6.0,10.0,14.0,22.0,8.0,13.0,2.0,3.0,0.17622295166195306,0.7197452229299363,0.06999358693027632,0.5,2.0,2.0,True,2019
0,10,9,8.0,13.0,3.0,7.0,8.0,8.0,6.0,12.0,2.0,5.0,6.0,8.0,0.11970007589014794,0.35507246376811596,0.05723580062201746,0.30434782608695654,1.0,1.0,True,2019
0,7,15,9.0,19.0,3.0,5.0,6.0,8.0,10.0,15.0,3.0,9.0,11.0,13.0,0.004358232736689966,0.2302158273381295,0.1294900366684229,0.40875912408759124,2.0,2.0,False,2019
1,13,17,9.0,19.0,4.0,9.0,7.0,8.0,10.0,23.0,6.0,11.0,4.0,4.0,0.09996048716677217,0.3602941176470588,0.1419411059429086,0.5857142857142857,2.0,3.0,True,2019
1,18,29,12.0,16.0,3.0,6.0,11.0,12.0,14.0,21.0,5.0,8.0,7.0,7.0,0.11584609470599498,0.6258503401360545,0.08895361936786703,0.45985401459854014,2.0,3.0,True,2019
0,29,18,14.0,21.0,5.0,8.0,7.0,7.0,12.0,16.0,3.0,6.0,11.0,12.0,0.08895361936786703,0.45985401459854014,0.13267687576479598,0.6283783783783784,3.0,2.0,False,2019
1,15,7,10.0,15.0,3.0,9.0,11.0,13.0,9.0,19.0,3.0,5.0,6.0,8.0,0.1294900366684229,0.40875912408759124,0.0034865861893519728,0.22857142857142856,2.0,2.0,True,2019
0,12,0,14.0,22.0,8.0,13.0,2.0,3.0,16.0,24.0,6.0,13.0,6.0,10.0,0.06999358693027632,0.5,0.18097836132956246,0.7215189873417721,2.0,2.0,False,2019
0,17,13,10.0,23.0,6.0,11.0,4.0,4.0,9.0,19.0,4.0,9.0,7.0,8.0,0.1419411059429086,0.5857142857142857,0.11996838973341775,0.36496350364963503,3.0,2.0,False,2019
1,26,17,15.0,26.0,8.0,13.0,10.0,13.0,9.0,22.0,3.0,8.0,10.0,11.0,0.16784718543453372,0.6013986013986014,0.11355288475432687,0.5815602836879432,2.0,1.0,True,2019
0,28,3,10.0,16.0,2.0,7.0,4.0,5.0,7.0,21.0,3.0,8.0,4.0,5.0,0.001371705727149324,0.2846715328467153,0.03256194758320724,0.45625,2.0,2.0,False,2019
0,24,23,13.0,25.0,3.0,8.0,16.0,16.0,9.0,18.0,4.0,5.0,10.0,12.0,0.10900510681079027,0.5251798561151079,0.0454684114834414,0.5140845070422535,2.0,3.0,False,2019
1,20,12,8.0,16.0,5.0,7.0,6.0,7.0,6.0,16.0,3.0,7.0,2.0,4.0,0.0910577580366504,0.6058394160583942,0.05599486954422106,0.49645390070921985,3.0,1.0,True,2019
1,1,13,9.0,23.0,6.0,17.0,7.0,7.0,7.0,17.0,3.0,9.0,5.0,9.0,0.11683262282667603,0.7012987012987013,0.11996838973341775,0.36496350364963503,2.0,1.0,True,2019
0,14,19,10.0,19.0,6.0,10.0,12.0,12.0,12.0,23.0,4.0,10.0,8.0,10.0,0.10642382580075598,0.4791666666666667,0.1336511213725602,0.47058823529411764,2.0,3.0,False,2019
0,13,1,7.0,17.0,3.0,9.0,5.0,9.0,9.0,23.0,6.0,17.0,7.0,7.0,0.11996838973341775,0.36496350364963503,0.13346609826134084,0.7032258064516129,1.0,2.0,False,2019
1,25,6,10.0,20.0,3.0,8.0,9.0,9.0,10.0,22.0,7.0,10.0,6.0,8.0,0.15922212317335524,0.697986577181208,0.08198868097677214,0.41007194244604317,2.0,3.0,True,2019
0,17,26,9.0,22.0,3.0,8.0,10.0,11.0,15.0,26.0,8.0,13.0,10.0,13.0,0.11355288475432687,0.5815602836879432,0.17427774834762697,0.6041666666666666,1.0,2.0,False,2019
0,12,20,6.0,16.0,3.0,7.0,2.0,4.0,8.0,16.0,5.0,7.0,6.0,7.0,0.05599486954422106,0.49645390070921985,0.1128462064293203,0.6086956521739131,1.0,3.0,False,2019
1,3,28,7.0,21.0,3.0,8.0,4.0,5.0,10.0,16.0,2.0,7.0,4.0,5.0,0.03256194758320724,0.45625,0.0010973645817194593,0.2826086956521739,2.0,2.0,True,2019
1,22,21,6.0,12.0,2.0,7.0,4.0,4.0,10.0,23.0,4.0,12.0,10.0,12.0,0.15583725384457767,0.6068965517241379,0.10720217582008398,0.45985401459854014,2.0,2.0,True,2019
1,19,14,12.0,23.0,4.0,10.0,8.0,10.0,10.0,19.0,6.0,10.0,12.0,12.0,0.1336511213725602,0.47058823529411764,0.08513906064060478,0.47586206896551725,3.0,2.0,True,2019
0,6,25,10.0,22.0,7.0,10.0,6.0,8.0,10.0,20.0,3.0,8.0,9.0,9.0,0.08198868097677214,0.41007194244604317,0.1673776985386842,0.7,3.0,2.0,False,2019
1,23,24,9.0,18.0,4.0,5.0,10.0,12.0,13.0,25.0,3.0,8.0,16.0,16.0,0.0454684114834414,0.5140845070422535,0.08720408544863222,0.5214285714285715,3.0,2.0,True,2019
1,27,4,9.0,21.0,4.0,7.0,7.0,7.0,9.0,13.0,3.0,8.0,9.0,14.0,0.05492942826834577,0.2898550724637681,0.14853604630620362,0.6111111111111112,2.0,2.0,False,2019
0,4,27,9.0,13.0,3.0,8.0,9.0,14.0,9.0,21.0,4.0,7.0,7.0,7.0,0.14853604630620362,0.6111111111111112,0.04394354261467662,0.28776978417266186,2.0,2.0,True,2019
0,21,22,10.0,23.0,4.0,12.0,10.0,12.0,6.0,12.0,2.0,7.0,4.0,4.0,0.10720217582008398,0.45985401459854014,0.16466980307566215,0.6095890410958904,2.0,2.0,False,2019
1,0,11,11.0,19.0,5.0,14.0,5.0,7.0,10.0,29.0,3.0,8.0,5.0,6.0,0.18097836132956246,0.7215189873417721,0.14792351676395005,0.5704697986577181,2.0,3.0,True,2019
0,5,16,8.0,19.0,6.0,8.0,6.0,10.0,15.0,21.0,3.0,5.0,5.0,8.0,0.06651983982797853,0.5517241379310345,0.09614997932635679,0.3237410071942446,3.0,3.0,True,2019
0,11,0,10.0,29.0,3.0,8.0,5.0,6.0,11.0,19.0,5.0,14.0,5.0,7.0,0.14792351676395005,0.5704697986577181,0.18478268906364997,0.7232704402515723,3.0,2.0,False,2019
1,16,5,15.0,21.0,3.0,5.0,5.0,8.0,8.0,19.0,6.0,8.0,6.0,10.0,0.09614997932635679,0.3237410071942446,0.09321587186238282,0.5547945205479452,3.0,3.0,False,2019
0,10,8,10.0,18.0,3.0,9.0,6.0,6.0,8.0,15.0,3.0,9.0,2.0,3.0,0.13576006071211838,0.3597122302158273,0.07921834970476452,0.527027027027027,2.0,3.0,True,2019
1,8,10,8.0,15.0,3.0,9.0,2.0,3.0,10.0,18.0,3.0,9.0,6.0,6.0,0.07921834970476452,0.527027027027027,0.1486080485696947,0.36428571428571427,3.0,2.0,False,2019
1,9,29,8.0,19.0,4.0,9.0,7.0,9.0,8.0,20.0,3.0,10.0,9.0,11.0,0.05723580062201746,0.30434782608695654,0.07116289549429362,0.45652173913043476,2.0,2.0,True,2019
0,29,9,8.0,20.0,3.0,10.0,9.0,11.0,8.0,19.0,4.0,9.0,7.0,9.0,0.07116289549429362,0.45652173913043476,0.08578864049761396,0.30935251798561153,2.0,2.0,False,2019
0,2,18,9.0,16.0,6.0,8.0,5.0,5.0,9.0,22.0,4.0,8.0,7.0,10.0,0.113080076005448,0.6181818181818182,0.13267687576479598,0.6283783783783784,3.0,2.0,True,2019
1,18,2,9.0,22.0,4.0,8.0,7.0,10.0,9.0,16.0,6.0,8.0,5.0,5.0,0.13267687576479598,0.6283783783783784,0.1304640608043584,0.625,2.0,3.0,False,2019
1,17,0,9.0,15.0,6.0,8.0,5.0,7.0,12.0,24.0,5.0,14.0,7.0,7.0,0.0908423078034615,0.5774647887323944,0.18478268906364997,0.7232704402515723,2.0,1.0,True,2019
1,22,4,7.0,14.0,3.0,5.0,5.0,6.0,12.0,22.0,3.0,10.0,9.0,10.0,0.16466980307566215,0.6095890410958904,0.15882883704496292,0.6137931034482759,2.0,2.0,False,2019
1,25,14,15.0,25.0,4.0,10.0,10.0,12.0,8.0,15.0,4.0,9.0,14.0,15.0,0.1673776985386842,0.7,0.08513906064060478,0.47586206896551725,2.0,2.0,True,2019
1,28,18,6.0,16.0,3.0,8.0,6.0,7.0,9.0,14.0,3.0,7.0,12.0,14.0,0.0010973645817194593,0.2826086956521739,0.10614150061183678,0.6241610738255033,2.0,1.0,False,2019
0,16,27,7.0,14.0,2.0,7.0,5.0,6.0,16.0,20.0,3.0,6.0,6.0,7.0,0.07691998346108543,0.32142857142857145,0.04394354261467662,0.28776978417266186,1.0,2.0,False,2019
0,12,13,9.0,14.0,3.0,8.0,4.0,4.0,7.0,17.0,4.0,11.0,6.0,7.0,0.04479589563537685,0.49295774647887325,0.0959747117867342,0.36231884057971014,2.0,2.0,True,2019
1,13,12,7.0,17.0,4.0,11.0,6.0,7.0,9.0,14.0,3.0,8.0,4.0,4.0,0.0959747117867342,0.36231884057971014,0.07583671650830148,0.4965034965034965,2.0,2.0,False,2019
0,19,2,10.0,19.0,4.0,10.0,8.0,12.0,8.0,18.0,4.0,9.0,7.0,8.0,0.14692089709804815,0.4744525547445255,0.1304640608043584,0.625,2.0,1.0,False,2019
0,0,17,12.0,24.0,5.0,14.0,7.0,7.0,9.0,15.0,6.0,8.0,5.0,7.0,0.18478268906364997,0.7232704402515723,0.11267384624276919,0.5804195804195804,1.0,2.0,False,2019
0,18,28,9.0,14.0,3.0,7.0,12.0,14.0,6.0,16.0,3.0,8.0,6.0,7.0,0.10614150061183678,0.6241610738255033,0.0008778916653755674,0.2805755395683453,1.0,2.0,True,2019
1,27,16,16.0,20.0,3.0,6.0,6.0,7.0,7.0,14.0,2.0,7.0,5.0,6.0,0.04394354261467662,0.28776978417266186,0.061535986768868345,0.3191489361702128,2.0,1.0,True,2019
0,1,23,15.0,34.0,8.0,22.0,6.0,7.0,11.0,18.0,3.0,6.0,4.0,6.0,0.13346609826134084,0.7032258064516129,0.07637472918675312,0.5174825174825175,2.0,2.0,False,2019
0,15,20,9.0,23.0,3.0,9.0,5.0,5.0,10.0,18.0,2.0,7.0,6.0,6.0,0.1435920293347383,0.41304347826086957,0.1128462064293203,0.6086956521739131,3.0,2.0,False,2019
0,14,25,8.0,15.0,4.0,9.0,14.0,15.0,15.0,25.0,4.0,10.0,10.0,12.0,0.08513906064060478,0.47586206896551725,0.17390215883094737,0.7019867549668874,2.0,2.0,False,2019
0,4,22,12.0,22.0,3.0,10.0,9.0,10.0,7.0,14.0,3.0,5.0,5.0,6.0,0.15882883704496292,0.6137931034482759,0.13173584246052972,0.6054421768707483,2.0,2.0,True,2019
1,24,7,12.0,16.0,4.0,5.0,8.0,8.0,10.0,16.0,3.0,7.0,6.0,6.0,0.08720408544863222,0.5214285714285715,0.0034865861893519728,0.22857142857142856,2.0,3.0,True,2019
1,2,19,8.0,18.0,4.0,9.0,7.0,8.0,10.0,19.0,4.0,10.0,8.0,12.0,0.1304640608043584,0.625,0.11753671767843851,0.47101449275362317,1.0,2.0,True,2019
0,6,3,13.0,30.0,5.0,15.0,6.0,9.0,16.0,34.0,7.0,17.0,3.0,4.0,0.06559094478141772,0.40714285714285714,0.06604955806656579,0.45962732919254656,2.0,2.0,True,2019
1,23,1,11.0,18.0,3.0,6.0,4.0,6.0,15.0,34.0,8.0,22.0,6.0,7.0,0.07637472918675312,0.5174825174825175,0.10677287860907267,0.6987179487179487,2.0,2.0,True,2019
0,7,24,10.0,16.0,3.0,7.0,6.0,6.0,12.0,16.0,4.0,5.0,8.0,8.0,0.0034865861893519728,0.22857142857142856,0.10976326835890578,0.524822695035461,3.0,2.0,False,2019
1,3,6,16.0,34.0,7.0,17.0,3.0,4.0,13.0,30.0,5.0,15.0,6.0,9.0,0.06604955806656579,0.45962732919254656,0.09247275582513417,0.41134751773049644,2.0,2.0,False,2019
1,20,15,10.0,18.0,2.0,7.0,6.0,6.0,9.0,23.0,3.0,9.0,5.0,5.0,0.1128462064293203,0.6086956521739131,0.11487362346779065,0.41007194244604317,2.0,3.0,True,2019
0,28,9,7.0,16.0,3.0,10.0,4.0,8.0,7.0,19.0,4.0,9.0,5.0,5.0,0.0008778916653755674,0.2805755395683453,0.08578864049761396,0.30935251798561153,1.0,2.0,True,2019
1,8,26,12.0,27.0,3.0,8.0,9.0,12.0,18.0,30.0,4.0,17.0,4.0,4.0,0.06337467976381161,0.5234899328859061,0.17427774834762697,0.6041666666666666,2.0,3.0,True,2019
0,26,8,18.0,30.0,4.0,17.0,4.0,4.0,12.0,27.0,3.0,8.0,9.0,12.0,0.17427774834762697,0.6041666666666666,0.0906997438110493,0.5266666666666666,3.0,2.0,False,2019
1,9,28,7.0,19.0,4.0,9.0,5.0,5.0,7.0,16.0,3.0,10.0,4.0,8.0,0.08578864049761396,0.30935251798561153,0.04070231333230045,0.2857142857142857,2.0,1.0,False,2019
0,21,10,7.0,20.0,1.0,7.0,5.0,6.0,8.0,17.0,3.0,8.0,5.0,6.0,0.08576174065606719,0.45652173913043476,0.1486080485696947,0.36428571428571427,3.0,2.0,False,2019
1,10,21,8.0,17.0,3.0,8.0,5.0,6.0,7.0,20.0,1.0,7.0,5.0,6.0,0.1486080485696947,0.36428571428571427,0.06860939252485375,0.45323741007194246,2.0,3.0,True,2019
0,17,6,10.0,21.0,3.0,9.0,7.0,8.0,7.0,16.0,3.0,9.0,4.0,6.0,0.11267384624276919,0.5804195804195804,0.09247275582513417,0.41134751773049644,8.0,8.0,True,2019
0,2,4,9.0,27.0,4.0,10.0,3.0,4.0,11.0,19.0,3.0,7.0,7.0,10.0,0.14437124864348672,0.631578947368421,0.16706306963597034,0.6164383561643836,8.0,8.0,False,2019
1,0,15,12.0,23.0,10.0,16.0,7.0,7.0,8.0,19.0,3.0,8.0,11.0,14.0,0.14782615125091997,0.71875,0.11487362346779065,0.41007194244604317,8.0,8.0,True,2019
1,18,12,9.0,19.0,3.0,10.0,8.0,10.0,8.0,18.0,2.0,7.0,3.0,6.0,0.12491320048946944,0.6266666666666667,0.07583671650830148,0.4965034965034965,8.0,8.0,True,2019
0,12,18,8.0,18.0,2.0,7.0,3.0,6.0,9.0,19.0,3.0,10.0,8.0,10.0,0.07583671650830148,0.4965034965034965,0.13993056039157553,0.6291390728476821,8.0,8.0,False,2019
1,4,2,11.0,19.0,3.0,7.0,7.0,10.0,9.0,27.0,4.0,10.0,3.0,4.0,0.16706306963597034,0.6164383561643836,0.11549699891478937,0.6206896551724138,8.0,8.0,True,2019
1,3,7,7.0,13.0,5.0,8.0,3.0,4.0,10.0,20.0,4.0,9.0,7.0,9.0,0.052839646453252634,0.4567901234567901,0.002789268951481578,0.22695035460992907,8.0,8.0,True,2019
0,1,29,11.0,24.0,4.0,10.0,6.0,7.0,11.0,23.0,4.0,8.0,11.0,14.0,0.10677287860907267,0.6987179487179487,0.0569303163954349,0.45323741007194246,8.0,9.0,False,2019
0,15,0,8.0,19.0,3.0,8.0,11.0,14.0,12.0,23.0,10.0,16.0,7.0,7.0,0.11487362346779065,0.41007194244604317,0.158260921000736,0.7204968944099379,8.0,8.0,False,2019
0,7,3,10.0,20.0,4.0,9.0,7.0,9.0,7.0,13.0,5.0,8.0,3.0,4.0,0.002789268951481578,0.22695035460992907,0.0822717171626021,0.4601226993865031,8.0,8.0,False,2019
1,29,1,11.0,23.0,4.0,8.0,11.0,14.0,11.0,24.0,4.0,10.0,6.0,7.0,0.0569303163954349,0.45323741007194246,0.08541830288725813,0.6942675159235668,9.0,8.0,True,2019
1,6,17,7.0,16.0,3.0,9.0,4.0,6.0,10.0,21.0,3.0,9.0,7.0,8.0,0.09247275582513417,0.41134751773049644,0.13013907699421537,0.5833333333333334,8.0,8.0,False,2019
1,10,27,9.0,17.0,4.0,10.0,4.0,6.0,8.0,21.0,5.0,10.0,5.0,6.0,0.15888643885575576,0.36879432624113473,0.07515483409174128,0.29285714285714287,8.0,9.0,False,2019
0,14,21,16.0,25.0,4.0,10.0,10.0,10.0,9.0,25.0,5.0,11.0,6.0,8.0,0.06811124851248382,0.4726027397260274,0.06860939252485375,0.45323741007194246,9.0,8.0,False,2019
1,26,11,17.0,31.0,6.0,13.0,7.0,10.0,14.0,35.0,5.0,12.0,8.0,13.0,0.13942219867810157,0.6,0.11833881341116004,0.5666666666666667,8.0,10.0,True,2019
1,9,19,11.0,23.0,5.0,11.0,4.0,5.0,12.0,22.0,3.0,9.0,8.0,16.0,0.06863091239809117,0.30714285714285716,0.11753671767843851,0.47101449275362317,8.0,9.0,False,2019
0,8,22,7.0,12.0,3.0,7.0,6.0,7.0,7.0,18.0,6.0,11.0,4.0,7.0,0.0906997438110493,0.5266666666666666,0.13173584246052972,0.6054421768707483,8.0,9.0,False,2019
1,21,14,9.0,25.0,5.0,11.0,6.0,8.0,16.0,25.0,4.0,10.0,10.0,10.0,0.06860939252485375,0.45323741007194246,0.05448899880998705,0.46938775510204084,8.0,9.0,True,2019
0,27,10,8.0,21.0,5.0,10.0,5.0,6.0,9.0,17.0,4.0,10.0,4.0,6.0,0.07515483409174128,0.29285714285714287,0.1271091510846046,0.36619718309859156,9.0,8.0,True,2019
0,23,28,9.0,15.0,4.0,5.0,8.0,8.0,7.0,16.0,5.0,9.0,6.0,8.0,0.1010997833494025,0.5208333333333334,0.04070231333230045,0.2857142857142857,9.0,8.0,True,2019
0,24,16,11.0,15.0,2.0,7.0,12.0,12.0,7.0,18.0,2.0,9.0,12.0,13.0,0.10976326835890578,0.524822695035461,0.061535986768868345,0.3191489361702128,9.0,9.0,True,2019
0,5,25,7.0,15.0,5.0,12.0,9.0,9.0,8.0,23.0,5.0,7.0,9.0,10.0,0.09321587186238282,0.5547945205479452,0.17390215883094737,0.7019867549668874,10.0,9.0,False,2019
1,13,20,8.0,12.0,3.0,6.0,7.0,8.0,7.0,16.0,4.0,7.0,4.0,7.0,0.07677976942938736,0.3597122302158273,0.13027696514345624,0.6115107913669064,9.0,9.0,False,2019
0,19,9,12.0,22.0,3.0,9.0,8.0,16.0,11.0,23.0,5.0,11.0,4.0,5.0,0.11753671767843851,0.47101449275362317,0.054904729918472936,0.3049645390070922,9.0,8.0,True,2019
1,16,24,7.0,18.0,2.0,9.0,12.0,13.0,11.0,15.0,2.0,7.0,12.0,12.0,0.061535986768868345,0.3191489361702128,0.12781061468712462,0.528169014084507,9.0,9.0,False,2019
1,28,23,7.0,16.0,5.0,9.0,6.0,8.0,9.0,15.0,4.0,5.0,8.0,8.0,0.04070231333230045,0.2857142857142857,0.12087982667952199,0.5241379310344828,8.0,9.0,False,2019
0,20,13,7.0,16.0,4.0,7.0,4.0,7.0,8.0,12.0,3.0,6.0,7.0,8.0,0.13027696514345624,0.6115107913669064,0.06142381554350988,0.35714285714285715,9.0,9.0,True,2019
1,25,5,8.0,23.0,5.0,7.0,9.0,10.0,7.0,15.0,5.0,12.0,9.0,9.0,0.17390215883094737,0.7019867549668874,0.07457269748990626,0.5510204081632653,9.0,10.0,True,2019
0,11,26,14.0,35.0,5.0,12.0,8.0,13.0,17.0,31.0,6.0,13.0,7.0,10.0,0.11833881341116004,0.5666666666666667,0.15153775894248125,0.6027397260273972,10.0,8.0,False,2019
1,22,8,7.0,18.0,6.0,11.0,4.0,7.0,7.0,12.0,3.0,7.0,6.0,7.0,0.13173584246052972,0.6054421768707483,0.07255979504883944,0.5231788079470199,9.0,8.0,True,2019
0,6,21,14.0,31.0,6.0,15.0,6.0,6.0,12.0,28.0,6.0,15.0,7.0,8.0,0.07397820466010734,0.4084507042253521,0.09488751401988299,0.45714285714285713,2.0,1.0,True,2019
1,11,13,8.0,14.0,5.0,9.0,8.0,10.0,8.0,15.0,3.0,9.0,7.0,7.0,0.09467105072892804,0.5629139072847682,0.06142381554350988,0.35714285714285715,1.0,1.0,True,2019
0,13,11,8.0,15.0,3.0,9.0,7.0,7.0,8.0,14.0,5.0,9.0,8.0,10.0,0.06142381554350988,0.35714285714285715,0.11573684058314242,0.5657894736842105,1.0,1.0,False,2019
1,4,23,10.0,18.0,4.0,10.0,6.0,6.0,10.0,17.0,5.0,7.0,6.0,7.0,0.17365045570877627,0.6190476190476191,0.12087982667952199,0.5241379310344828,2.0,1.0,True,2019
0,22,14,9.0,15.0,4.0,6.0,6.0,7.0,12.0,22.0,3.0,8.0,8.0,8.0,0.14538867396842375,0.6081081081081081,0.05448899880998705,0.46938775510204084,1.0,1.0,True,2019
0,17,18,9.0,17.0,1.0,5.0,6.0,7.0,11.0,17.0,3.0,7.0,7.0,8.0,0.13013907699421537,0.5833333333333334,0.13993056039157553,0.6291390728476821,2.0,2.0,True,2019
0,16,3,11.0,19.0,2.0,4.0,8.0,10.0,9.0,16.0,6.0,9.0,8.0,8.0,0.049228789415094676,0.31690140845070425,0.0822717171626021,0.4601226993865031,1.0,2.0,False,2019
0,23,4,10.0,17.0,5.0,7.0,6.0,7.0,10.0,18.0,4.0,10.0,6.0,6.0,0.12087982667952199,0.5241379310344828,0.178920364567021,0.6216216216216216,1.0,2.0,False,2019
0,7,9,10.0,23.0,4.0,9.0,8.0,8.0,9.0,19.0,5.0,9.0,11.0,12.0,0.0022314151611852627,0.22535211267605634,0.054904729918472936,0.3049645390070922,2.0,1.0,False,2019
1,27,2,17.0,29.0,5.0,11.0,8.0,9.0,14.0,24.0,3.0,6.0,6.0,6.0,0.10012386727339302,0.2978723404255319,0.11549699891478937,0.6206896551724138,1.0,2.0,True,2019
1,3,16,9.0,16.0,6.0,9.0,8.0,8.0,11.0,19.0,2.0,4.0,8.0,10.0,0.0822717171626021,0.4601226993865031,0.039383031532075743,0.3146853146853147,2.0,1.0,True,2019
1,8,29,10.0,18.0,5.0,9.0,4.0,6.0,11.0,18.0,3.0,6.0,6.0,9.0,0.07255979504883944,0.5231788079470199,0.08554425311634792,0.45714285714285713,1.0,2.0,True,2019
1,14,22,12.0,22.0,3.0,8.0,8.0,8.0,9.0,15.0,4.0,6.0,6.0,7.0,0.05448899880998705,0.46938775510204084,0.156310939174739,0.610738255033557,1.0,1.0,False,2019
1,9,7,9.0,19.0,5.0,9.0,11.0,12.0,10.0,23.0,4.0,9.0,8.0,8.0,0.054904729918472936,0.3049645390070922,0.0017851321289482102,0.22377622377622378,1.0,2.0,True,2019
1,18,17,11.0,17.0,3.0,7.0,7.0,8.0,9.0,17.0,1.0,5.0,6.0,7.0,0.13993056039157553,0.6291390728476821,0.1441112615953723,0.5862068965517241,2.0,2.0,False,2019
0,2,27,14.0,24.0,3.0,6.0,6.0,6.0,17.0,29.0,5.0,11.0,8.0,9.0,0.11549699891478937,0.6206896551724138,0.12009909381871442,0.3028169014084507,2.0,1.0,False,2019
1,26,15,15.0,30.0,5.0,12.0,6.0,8.0,12.0,22.0,3.0,5.0,7.0,9.0,0.15153775894248125,0.6027397260273972,0.09189889877423252,0.40714285714285714,1.0,2.0,False,2019
0,15,26,12.0,22.0,3.0,5.0,7.0,9.0,15.0,30.0,5.0,12.0,6.0,8.0,0.09189889877423252,0.40714285714285714,0.121230207153985,0.5986394557823129,2.0,1.0,True,2019
1,21,6,12.0,28.0,6.0,15.0,7.0,8.0,14.0,31.0,6.0,15.0,6.0,6.0,0.09488751401988299,0.45714285714285713,0.09918256372808587,0.4125874125874126,1.0,2.0,False,2019
1,0,1,11.0,19.0,5.0,11.0,4.0,6.0,8.0,20.0,4.0,12.0,5.0,6.0,0.158260921000736,0.7204968944099379,0.08541830288725813,0.6942675159235668,2.0,2.0,False,2019
0,1,0,8.0,20.0,4.0,12.0,5.0,6.0,11.0,19.0,5.0,11.0,4.0,6.0,0.08541830288725813,0.6942675159235668,0.1266087368005888,0.7160493827160493,2.0,2.0,True,2019
1,12,19,8.0,16.0,2.0,6.0,4.0,5.0,8.0,19.0,4.0,8.0,5.0,7.0,0.06066937320664119,0.4930555555555556,0.13402937414275082,0.4748201438848921,2.0,1.0,False,2019
0,19,12,8.0,19.0,4.0,8.0,5.0,7.0,8.0,16.0,2.0,6.0,4.0,5.0,0.13402937414275082,0.4748201438848921,0.04853549856531295,0.4896551724137931,1.0,2.0,True,2019
0,29,8,11.0,18.0,3.0,6.0,6.0,9.0,10.0,18.0,5.0,9.0,4.0,6.0,0.08554425311634792,0.45714285714285713,0.09804783603907155,0.5263157894736842,2.0,1.0,False,2019
0,5,28,12.0,22.0,2.0,8.0,8.0,10.0,9.0,18.0,8.0,13.0,5.0,7.0,0.07457269748990626,0.5510204081632653,0.03256185066584036,0.28368794326241137,2.0,2.0,False,2019
1,25,10,7.0,14.0,2.0,6.0,5.0,5.0,10.0,21.0,3.0,8.0,7.0,7.0,0.1791217270647579,0.7039473684210527,0.1271091510846046,0.36619718309859156,2.0,2.0,False,2019
1,20,24,9.0,16.0,2.0,6.0,4.0,6.0,6.0,15.0,1.0,5.0,11.0,11.0,0.144221572114765,0.6142857142857143,0.12781061468712462,0.528169014084507,2.0,2.0,True,2019
0,24,20,6.0,15.0,1.0,5.0,11.0,11.0,9.0,16.0,2.0,6.0,4.0,6.0,0.12781061468712462,0.528169014084507,0.155377257691812,0.6170212765957447,2.0,2.0,False,2019
0,10,25,10.0,21.0,3.0,8.0,7.0,7.0,7.0,14.0,2.0,6.0,5.0,5.0,0.1271091510846046,0.36619718309859156,0.14329738165180633,0.6993464052287581,2.0,2.0,True,2019
1,28,5,9.0,18.0,8.0,13.0,5.0,7.0,12.0,22.0,2.0,8.0,8.0,10.0,0.03256185066584036,0.28368794326241137,0.05965815799192501,0.5472972972972973,2.0,2.0,True,2019
0,0,21,11.0,19.0,4.0,14.0,5.0,5.0,13.0,24.0,3.0,12.0,6.0,8.0,0.1266087368005888,0.7160493827160493,0.07591001121590639,0.45390070921985815,2.0,2.0,True,2019
1,8,18,8.0,18.0,2.0,8.0,7.0,9.0,10.0,16.0,4.0,9.0,7.0,8.0,0.09804783603907155,0.5263157894736842,0.11194444831326042,0.625,2.0,2.0,False,2019
0,5,6,12.0,21.0,1.0,6.0,5.0,5.0,9.0,19.0,5.0,11.0,4.0,4.0,0.05965815799192501,0.5472972972972973,0.09918256372808587,0.4125874125874126,1.0,2.0,False,2019
1,23,15,13.0,18.0,3.0,7.0,5.0,7.0,9.0,24.0,3.0,6.0,6.0,7.0,0.0967038613436176,0.5205479452054794,0.11351911901938601,0.41134751773049644,2.0,2.0,True,2019
1,19,22,12.0,21.0,5.0,10.0,6.0,8.0,9.0,18.0,4.0,7.0,6.0,7.0,0.14722349931420067,0.4785714285714286,0.156310939174739,0.610738255033557,2.0,2.0,True,2019
0,18,8,10.0,16.0,4.0,9.0,7.0,8.0,8.0,18.0,2.0,8.0,7.0,9.0,0.11194444831326042,0.625,0.07843826883125724,0.5228758169934641,2.0,2.0,True,2019
0,15,23,9.0,24.0,3.0,6.0,6.0,7.0,13.0,18.0,3.0,7.0,5.0,7.0,0.11351911901938601,0.41134751773049644,0.11736308907489408,0.5238095238095238,2.0,2.0,False,2019
0,17,3,12.0,18.0,7.0,9.0,6.0,6.0,10.0,18.0,3.0,8.0,5.0,5.0,0.1441112615953723,0.5862068965517241,0.10581737373008168,0.4634146341463415,2.0,2.0,True,2019
1,27,4,11.0,22.0,2.0,6.0,5.0,7.0,7.0,16.0,4.0,9.0,7.0,10.0,0.12009909381871442,0.3028169014084507,0.178920364567021,0.6216216216216216,2.0,2.0,False,2019
0,9,1,12.0,23.0,8.0,12.0,5.0,7.0,7.0,21.0,4.0,11.0,14.0,16.0,0.08392378393477834,0.30985915492957744,0.10833464230980652,0.6962025316455697,2.0,2.0,False,2019
0,7,12,6.0,16.0,3.0,9.0,5.0,5.0,14.0,19.0,4.0,7.0,6.0,7.0,0.0017851321289482102,0.22377622377622378,0.04853549856531295,0.4896551724137931,2.0,2.0,True,2019
1,1,9,7.0,21.0,4.0,11.0,14.0,16.0,12.0,23.0,8.0,12.0,5.0,7.0,0.10833464230980652,0.6962025316455697,0.06713902714782267,0.3076923076923077,2.0,2.0,True,2019
0,4,27,7.0,16.0,4.0,9.0,7.0,10.0,11.0,22.0,2.0,6.0,5.0,7.0,0.178920364567021,0.6216216216216216,0.09607927505497153,0.3006993006993007,2.0,2.0,True,2019
1,12,7,14.0,19.0,4.0,7.0,6.0,7.0,6.0,16.0,3.0,9.0,5.0,5.0,0.04853549856531295,0.4896551724137931,0.041428105703158566,0.22916666666666666,2.0,2.0,False,2019
0,29,16,12.0,23.0,4.0,9.0,8.0,10.0,10.0,17.0,3.0,8.0,7.0,8.0,0.06843540249307833,0.45390070921985815,0.039383031532075743,0.3146853146853147,2.0,2.0,False,2019
1,24,13,14.0,23.0,5.0,11.0,5.0,6.0,10.0,16.0,4.0,11.0,10.0,12.0,0.1022484917496997,0.5244755244755245,0.04913905243480791,0.3546099290780142,1.0,2.0,True,2019
0,13,24,10.0,16.0,4.0,11.0,10.0,12.0,14.0,23.0,5.0,11.0,5.0,6.0,0.04913905243480791,0.3546099290780142,0.12179879339975977,0.5277777777777778,2.0,1.0,False,2019
1,16,29,10.0,17.0,3.0,8.0,7.0,8.0,12.0,23.0,4.0,9.0,8.0,10.0,0.039383031532075743,0.3146853146853147,0.05474832199446267,0.4507042253521127,2.0,2.0,True,2019
1,21,0,13.0,24.0,3.0,12.0,6.0,8.0,11.0,19.0,4.0,14.0,5.0,5.0,0.07591001121590639,0.45390070921985815,0.14128698944047105,0.7177914110429447,2.0,2.0,False,2019
0,22,19,9.0,18.0,4.0,7.0,6.0,7.0,12.0,21.0,5.0,10.0,6.0,8.0,0.156310939174739,0.610738255033557,0.15777879945136053,0.48226950354609927,2.0,2.0,False,2019
1,6,5,9.0,19.0,5.0,11.0,4.0,4.0,12.0,21.0,1.0,6.0,5.0,5.0,0.09918256372808587,0.4125874125874126,0.04772652639354001,0.5436241610738255,2.0,1.0,True,2019
1,3,17,10.0,18.0,3.0,8.0,5.0,5.0,12.0,18.0,7.0,9.0,6.0,6.0,0.10581737373008168,0.4634146341463415,0.15528900927629782,0.589041095890411,2.0,2.0,False,2019
0,10,28,12.0,19.0,4.0,7.0,9.0,12.0,8.0,18.0,3.0,6.0,9.0,10.0,0.1416873208676837,0.3706293706293706,0.06604948053267229,0.2887323943661972,2.0,2.0,False,2019
0,26,20,9.0,24.0,3.0,14.0,8.0,8.0,11.0,25.0,4.0,7.0,10.0,13.0,0.121230207153985,0.5986394557823129,0.155377257691812,0.6170212765957447,3.0,2.0,False,2019
1,20,26,11.0,25.0,4.0,7.0,10.0,13.0,9.0,24.0,3.0,14.0,8.0,8.0,0.155377257691812,0.6170212765957447,0.09698416572318799,0.5945945945945946,2.0,3.0,True,2019
1,25,2,10.0,16.0,4.0,5.0,2.0,4.0,6.0,14.0,1.0,5.0,5.0,6.0,0.14329738165180633,0.6993464052287581,0.0923975991318315,0.6101694915254238,2.0,3.0,True,2019
0,2,25,6.0,14.0,1.0,5.0,5.0,6.0,10.0,16.0,4.0,5.0,2.0,4.0,0.0923975991318315,0.6101694915254238,0.15463790532144506,0.7012987012987013,3.0,2.0,False,2019
1,28,10,8.0,18.0,3.0,6.0,9.0,10.0,12.0,19.0,4.0,7.0,9.0,12.0,0.06604948053267229,0.2887323943661972,0.11334985669414696,0.3680555555555556,2.0,2.0,True,2019
0,4,15,11.0,20.0,5.0,8.0,4.0,7.0,10.0,29.0,5.0,11.0,9.0,9.0,0.18313629165361683,0.6241610738255033,0.09081529521550881,0.4084507042253521,2.0,2.0,True,2019
0,17,2,13.0,28.0,3.0,10.0,6.0,6.0,14.0,24.0,3.0,7.0,2.0,3.0,0.15528900927629782,0.589041095890411,0.0739180793054652,0.6,2.0,1.0,True,2019
1,11,24,10.0,22.0,3.0,9.0,9.0,12.0,7.0,18.0,2.0,6.0,12.0,13.0,0.11573684058314242,0.5657894736842105,0.12179879339975977,0.5277777777777778,4.0,2.0,True,2019
1,21,1,12.0,22.0,4.0,11.0,7.0,8.0,10.0,29.0,5.0,11.0,9.0,9.0,0.06072800897272511,0.4507042253521127,0.1266677138478452,0.6981132075471698,2.0,2.0,False,2019
1,12,0,10.0,17.0,5.0,8.0,9.0,9.0,14.0,23.0,7.0,15.0,8.0,10.0,0.03882839885225036,0.4863013698630137,0.14128698944047105,0.7177914110429447,2.0,2.0,True,2019
0,14,6,12.0,22.0,3.0,9.0,8.0,9.0,9.0,16.0,2.0,7.0,9.0,10.0,0.043591199047989644,0.46621621621621623,0.11934605098246868,0.4166666666666667,4.0,2.0,True,2019
0,22,13,9.0,16.0,4.0,10.0,4.0,4.0,9.0,16.0,4.0,9.0,5.0,7.0,0.1250487513397912,0.6066666666666667,0.039311241947846326,0.352112676056338,2.0,2.0,False,2019
1,15,4,10.0,29.0,5.0,11.0,9.0,9.0,11.0,20.0,5.0,8.0,4.0,7.0,0.09081529521550881,0.4084507042253521,0.18650903332289345,0.6266666666666667,2.0,2.0,False,2019
0,24,11,7.0,18.0,2.0,6.0,12.0,13.0,10.0,22.0,3.0,9.0,9.0,12.0,0.12179879339975977,0.5277777777777778,0.13258947246651392,0.5686274509803921,2.0,4.0,False,2019
1,6,14,9.0,16.0,2.0,7.0,9.0,10.0,12.0,22.0,3.0,9.0,8.0,9.0,0.11934605098246868,0.4166666666666667,0.07487295923839173,0.4697986577181208,2.0,4.0,False,2019
1,2,17,14.0,24.0,3.0,7.0,2.0,3.0,13.0,28.0,3.0,10.0,6.0,6.0,0.0739180793054652,0.6,0.16423120742103828,0.5918367346938775,1.0,2.0,False,2019
0,23,9,12.0,20.0,5.0,9.0,8.0,13.0,13.0,22.0,3.0,5.0,16.0,17.0,0.11736308907489408,0.5238095238095238,0.06713902714782267,0.3076923076923077,2.0,2.0,False,2019
0,0,12,14.0,23.0,7.0,15.0,8.0,10.0,10.0,17.0,5.0,8.0,9.0,9.0,0.14128698944047105,0.7177914110429447,0.07106271908180029,0.4897959183673469,2.0,2.0,False,2019
0,19,5,8.0,18.0,5.0,12.0,2.0,2.0,11.0,22.0,3.0,5.0,4.0,6.0,0.15777879945136053,0.48226950354609927,0.04772652639354001,0.5436241610738255,2.0,2.0,False,2019
1,29,8,13.0,24.0,4.0,9.0,7.0,10.0,11.0,22.0,3.0,9.0,11.0,12.0,0.05474832199446267,0.4507042253521127,0.07843826883125724,0.5228758169934641,2.0,2.0,True,2019
1,16,27,7.0,21.0,3.0,7.0,6.0,6.0,12.0,19.0,3.0,6.0,8.0,9.0,0.0715064252256606,0.3194444444444444,0.09607927505497153,0.3006993006993007,2.0,2.0,False,2019
1,9,23,13.0,22.0,3.0,5.0,16.0,17.0,12.0,20.0,5.0,9.0,8.0,13.0,0.06713902714782267,0.3076923076923077,0.09389047125991526,0.5202702702702703,2.0,2.0,True,2019
0,8,29,11.0,22.0,3.0,9.0,11.0,12.0,13.0,24.0,4.0,9.0,7.0,10.0,0.07843826883125724,0.5228758169934641,0.08379865759557013,0.45454545454545453,2.0,2.0,False,2019
0,27,16,12.0,19.0,3.0,6.0,8.0,9.0,7.0,21.0,3.0,7.0,6.0,6.0,0.09607927505497153,0.3006993006993007,0.05720514018052848,0.31724137931034485,2.0,2.0,True,2019
1,13,22,9.0,16.0,4.0,9.0,5.0,7.0,9.0,16.0,4.0,10.0,4.0,4.0,0.039311241947846326,0.352112676056338,0.10003900107183297,0.6026490066225165,2.0,2.0,True,2019
0,1,21,10.0,29.0,5.0,11.0,9.0,9.0,12.0,22.0,4.0,11.0,7.0,8.0,0.1266677138478452,0.6981132075471698,0.04858240717818009,0.44755244755244755,2.0,2.0,True,2019
1,5,19,11.0,22.0,3.0,5.0,4.0,6.0,8.0,18.0,5.0,12.0,2.0,2.0,0.04772652639354001,0.5436241610738255,0.12622303956108843,0.4788732394366197,2.0,2.0,True,2019
0,0,10,12.0,33.0,5.0,17.0,5.0,6.0,9.0,15.0,4.0,12.0,3.0,4.0,0.11302959155237684,0.7134146341463414,0.11334985669414696,0.3680555555555556,1.0,2.0,False,2019
1,22,23,13.0,22.0,4.0,7.0,7.0,9.0,15.0,29.0,4.0,8.0,9.0,13.0,0.10003900107183297,0.6026490066225165,0.09389047125991526,0.5202702702702703,1.0,1.0,True,2019
1,20,11,8.0,16.0,4.0,8.0,6.0,7.0,9.0,19.0,6.0,10.0,7.0,11.0,0.16430180615344958,0.6197183098591549,0.13258947246651392,0.5686274509803921,2.0,1.0,False,2019
0,11,20,9.0,19.0,6.0,10.0,7.0,11.0,8.0,16.0,4.0,8.0,6.0,7.0,0.13258947246651392,0.5686274509803921,0.13144144492275966,0.6153846153846154,1.0,2.0,True,2019
0,3,28,7.0,15.0,3.0,8.0,11.0,11.0,8.0,15.0,3.0,9.0,4.0,5.0,0.08465389898406535,0.46060606060606063,0.09283958442613785,0.2937062937062937,3.0,2.0,True,2019
1,28,3,8.0,15.0,3.0,9.0,4.0,5.0,7.0,15.0,3.0,8.0,11.0,11.0,0.09283958442613785,0.2937062937062937,0.10772311918725228,0.463855421686747,2.0,3.0,False,2019
1,26,18,10.0,24.0,2.0,9.0,6.0,9.0,11.0,20.0,5.0,9.0,5.0,5.0,0.09698416572318799,0.5945945945945946,0.12955555865060836,0.6274509803921569,2.0,3.0,False,2019
0,12,1,9.0,15.0,3.0,7.0,8.0,8.0,16.0,32.0,8.0,18.0,18.0,18.0,0.07106271908180029,0.4897959183673469,0.14133417107827617,0.7,1.0,1.0,False,2019
1,1,12,16.0,32.0,8.0,18.0,18.0,18.0,9.0,15.0,3.0,7.0,8.0,8.0,0.14133417107827617,0.7,0.05685017526544023,0.4864864864864865,1.0,1.0,True,2019
0,23,22,15.0,29.0,4.0,8.0,9.0,13.0,13.0,22.0,4.0,7.0,7.0,9.0,0.09389047125991526,0.5202702702702703,0.12003120085746637,0.6052631578947368,1.0,1.0,False,2019
1,10,0,9.0,15.0,4.0,12.0,3.0,4.0,12.0,33.0,5.0,17.0,5.0,6.0,0.11334985669414696,0.3680555555555556,0.09042367324190147,0.7090909090909091,2.0,1.0,True,2019
0,18,26,11.0,20.0,5.0,9.0,5.0,5.0,10.0,24.0,2.0,9.0,6.0,9.0,0.12955555865060836,0.6274509803921569,0.0775873325785504,0.5906040268456376,3.0,2.0,True,2019
1,7,8,8.0,22.0,4.0,8.0,13.0,14.0,9.0,14.0,4.0,6.0,6.0,7.0,0.041428105703158566,0.22916666666666666,0.06275061506500579,0.5194805194805194,4.0,2.0,False,2019
1,2,14,7.0,17.0,4.0,11.0,4.0,5.0,12.0,23.0,4.0,10.0,5.0,6.0,0.05913446344437216,0.5901639344262295,0.07487295923839173,0.4697986577181208,2.0,2.0,True,2019
0,4,29,12.0,24.0,3.0,11.0,8.0,9.0,13.0,21.0,4.0,12.0,8.0,10.0,0.18650903332289345,0.6266666666666667,0.08379865759557013,0.45454545454545453,2.0,2.0,True,2019
0,24,15,6.0,17.0,5.0,10.0,8.0,9.0,7.0,19.0,3.0,8.0,8.0,8.0,0.09743903471980782,0.5241379310344828,0.07265223617240704,0.40559440559440557,2.0,2.0,True,2019
1,29,4,13.0,21.0,4.0,12.0,8.0,10.0,12.0,24.0,3.0,11.0,8.0,9.0,0.08379865759557013,0.45454545454545453,0.18920722665831477,0.6291390728476821,2.0,2.0,False,2019
1,6,21,9.0,24.0,3.0,7.0,7.0,8.0,12.0,20.0,4.0,8.0,7.0,7.0,0.09547684078597495,0.41379310344827586,0.04858240717818009,0.44755244755244755,2.0,2.0,False,2019
0,14,2,12.0,23.0,4.0,10.0,5.0,6.0,7.0,17.0,4.0,11.0,4.0,5.0,0.07487295923839173,0.4697986577181208,0.08730757075549773,0.5967741935483871,2.0,2.0,False,2019
0,27,9,17.0,35.0,7.0,14.0,10.0,12.0,17.0,33.0,6.0,13.0,9.0,11.0,0.11686342004397723,0.3055555555555556,0.09371122171825814,0.3125,2.0,2.0,True,2019
1,25,17,14.0,22.0,3.0,8.0,8.0,8.0,12.0,20.0,7.0,11.0,5.0,6.0,0.15463790532144506,0.7012987012987013,0.16423120742103828,0.5918367346938775,3.0,2.0,True,2019
0,8,7,9.0,14.0,4.0,6.0,6.0,7.0,8.0,22.0,4.0,8.0,13.0,14.0,0.06275061506500579,0.5194805194805194,0.03314248456252685,0.22758620689655173,2.0,4.0,True,2019
0,17,25,12.0,20.0,7.0,11.0,5.0,6.0,14.0,22.0,3.0,8.0,8.0,8.0,0.16423120742103828,0.5918367346938775,0.16371032425715604,0.7032258064516129,2.0,3.0,False,2019
1,15,24,7.0,19.0,3.0,8.0,8.0,8.0,6.0,17.0,5.0,10.0,8.0,9.0,0.07265223617240704,0.40559440559440557,0.11795122777584625,0.5273972602739726,2.0,2.0,False,2019
0,21,6,12.0,20.0,4.0,8.0,7.0,7.0,9.0,24.0,3.0,7.0,7.0,8.0,0.04858240717818009,0.44755244755244755,0.07638147262877995,0.410958904109589,2.0,2.0,True,2019
1,9,27,17.0,33.0,6.0,13.0,9.0,11.0,17.0,35.0,7.0,14.0,10.0,12.0,0.09371122171825814,0.3125,0.13349073603518177,0.3103448275862069,2.0,2.0,False,2019
1,22,10,8.0,17.0,2.0,7.0,7.0,8.0,11.0,19.0,3.0,11.0,5.0,7.0,0.12003120085746637,0.6052631578947368,0.13067988535531758,0.3724137931034483,2.0,2.0,False,2019
0,10,22,11.0,19.0,3.0,11.0,5.0,7.0,8.0,17.0,2.0,7.0,7.0,8.0,0.13067988535531758,0.3724137931034483,0.09602496068597309,0.6013071895424836,2.0,2.0,True,2019
0,29,7,10.0,21.0,4.0,9.0,5.0,7.0,8.0,18.0,2.0,5.0,10.0,14.0,0.0670389260764561,0.4513888888888889,0.03314248456252685,0.22758620689655173,1.0,1.0,False,2019
1,20,8,7.0,15.0,2.0,7.0,9.0,9.0,10.0,23.0,4.0,9.0,5.0,10.0,0.13144144492275966,0.6153846153846154,0.09020049205200463,0.5225806451612903,2.0,1.0,False,2019
1,11,4,15.0,32.0,5.0,10.0,11.0,14.0,15.0,26.0,4.0,8.0,11.0,19.0,0.14607157797321116,0.5714285714285714,0.18920722665831477,0.6291390728476821,2.0,1.0,True,2019
0,6,12,6.0,12.0,2.0,9.0,6.0,7.0,9.0,13.0,4.0,6.0,4.0,4.0,0.07638147262877995,0.410958904109589,0.05685017526544023,0.4864864864864865,1.0,2.0,False,2019
1,5,26,10.0,18.0,3.0,5.0,7.0,7.0,7.0,17.0,2.0,8.0,5.0,8.0,0.078181221114832,0.5466666666666666,0.0775873325785504,0.5906040268456376,3.0,2.0,True,2019
0,26,5,7.0,17.0,2.0,8.0,5.0,8.0,10.0,18.0,3.0,5.0,7.0,7.0,0.0775873325785504,0.5906040268456376,0.10254497689186562,0.5496688741721855,2.0,3.0,False,2019
1,7,29,8.0,18.0,2.0,5.0,10.0,14.0,10.0,21.0,4.0,9.0,5.0,7.0,0.03314248456252685,0.22758620689655173,0.05363114086116488,0.4482758620689655,1.0,1.0,True,2019
0,16,13,8.0,12.0,4.0,6.0,5.0,6.0,7.0,14.0,2.0,8.0,7.0,12.0,0.05720514018052848,0.31724137931034485,0.07144899355827705,0.35664335664335667,3.0,3.0,True,2019
1,12,6,9.0,13.0,4.0,6.0,4.0,4.0,6.0,12.0,2.0,9.0,6.0,7.0,0.05685017526544023,0.4864864864864865,0.06110517810302396,0.40816326530612246,2.0,1.0,True,2019
0,0,18,11.0,24.0,5.0,15.0,10.0,14.0,10.0,20.0,6.0,11.0,9.0,11.0,0.09042367324190147,0.7090909090909091,0.14364444692048667,0.6298701298701299,2.0,2.0,True,2019
1,3,19,4.0,13.0,3.0,5.0,10.0,13.0,10.0,15.0,6.0,8.0,7.0,8.0,0.10772311918725228,0.463855421686747,0.12622303956108843,0.4788732394366197,2.0,3.0,False,2019
0,19,3,10.0,15.0,6.0,8.0,7.0,8.0,4.0,13.0,3.0,5.0,10.0,13.0,0.12622303956108843,0.4788732394366197,0.08617849534980182,0.46107784431137727,3.0,2.0,True,2019
0,4,11,15.0,26.0,4.0,8.0,11.0,19.0,15.0,32.0,5.0,10.0,11.0,14.0,0.18920722665831477,0.6291390728476821,0.15685726237856892,0.5741935483870968,1.0,2.0,False,2019
1,18,0,10.0,20.0,6.0,11.0,9.0,11.0,11.0,24.0,5.0,15.0,10.0,14.0,0.14364444692048667,0.6298701298701299,0.11233893859352118,0.7108433734939759,2.0,2.0,False,2019
1,13,16,7.0,14.0,2.0,8.0,7.0,12.0,8.0,12.0,4.0,6.0,5.0,6.0,0.07144899355827705,0.35664335664335667,0.08576411214442278,0.3219178082191781,3.0,3.0,False,2019
0,8,20,10.0,23.0,4.0,9.0,5.0,10.0,7.0,15.0,2.0,7.0,9.0,9.0,0.09020049205200463,0.5225806451612903,0.10515315593820773,0.6111111111111112,1.0,2.0,True,2019
0,9,27,9.0,18.0,5.0,8.0,5.0,8.0,8.0,21.0,3.0,9.0,6.0,7.0,0.07496897737460652,0.3103448275862069,0.13349073603518177,0.3103448275862069,2.0,2.0,True,2019
1,27,9,8.0,21.0,3.0,9.0,6.0,7.0,9.0,18.0,5.0,8.0,5.0,8.0,0.13349073603518177,0.3103448275862069,0.09997518189968521,0.3150684931506849,2.0,2.0,False,2019
1,3,10,6.0,13.0,3.0,8.0,7.0,8.0,13.0,16.0,3.0,7.0,5.0,5.0,0.08617849534980182,0.46107784431137727,0.14454390828425406,0.3767123287671233,1.0,1.0,True,2019
0,1,2,14.0,31.0,8.0,18.0,8.0,9.0,7.0,15.0,3.0,6.0,7.0,8.0,0.15306733686262092,0.7018633540372671,0.08730757075549773,0.5967741935483871,3.0,2.0,True,2019
1,19,25,9.0,21.0,5.0,9.0,7.0,10.0,11.0,24.0,6.0,14.0,8.0,9.0,0.14097843164887075,0.4825174825174825,0.16371032425715604,0.7032258064516129,1.0,2.0,True,2019
1,26,16,7.0,22.0,4.0,13.0,7.0,8.0,11.0,19.0,2.0,6.0,4.0,4.0,0.06206986606284032,0.5866666666666667,0.08576411214442278,0.3219178082191781,1.0,1.0,True,2019
1,14,23,10.0,19.0,3.0,7.0,6.0,7.0,12.0,18.0,2.0,6.0,2.0,5.0,0.05989836739071338,0.4666666666666667,0.0751123770079322,0.5167785234899329,2.0,3.0,True,2019
0,17,21,9.0,20.0,4.0,10.0,10.0,11.0,9.0,21.0,4.0,9.0,6.0,7.0,0.13138496593683063,0.5878378378378378,0.07886592574254407,0.4513888888888889,2.0,2.0,True,2019
1,24,28,9.0,15.0,7.0,11.0,8.0,9.0,7.0,15.0,4.0,8.0,4.0,5.0,0.11795122777584625,0.5273972602739726,0.07427166754091027,0.2916666666666667,2.0,3.0,True,2019
1,2,1,7.0,15.0,3.0,6.0,7.0,8.0,14.0,31.0,8.0,18.0,8.0,9.0,0.08730757075549773,0.5967741935483871,0.16245386949009674,0.7037037037037037,2.0,3.0,False,2019
0,25,19,11.0,24.0,6.0,14.0,8.0,9.0,9.0,21.0,5.0,9.0,7.0,10.0,0.16371032425715604,0.7032258064516129,0.15278274531909658,0.4861111111111111,2.0,1.0,False,2019
0,23,14,12.0,18.0,2.0,6.0,2.0,5.0,10.0,19.0,3.0,7.0,6.0,7.0,0.0751123770079322,0.5167785234899329,0.0879186939125707,0.47019867549668876,3.0,2.0,False,2019
0,28,24,7.0,15.0,4.0,8.0,4.0,5.0,9.0,15.0,7.0,11.0,8.0,9.0,0.07427166754091027,0.2916666666666667,0.134360982220677,0.5306122448979592,3.0,2.0,False,2019
1,21,17,9.0,21.0,4.0,9.0,6.0,7.0,9.0,20.0,4.0,10.0,10.0,11.0,0.07886592574254407,0.4513888888888889,0.1451079727494645,0.5906040268456376,2.0,2.0,False,2019
0,16,26,11.0,19.0,2.0,6.0,4.0,4.0,7.0,22.0,4.0,13.0,7.0,8.0,0.08576411214442278,0.3219178082191781,0.08965589285027224,0.5894039735099338,1.0,1.0,False,2019
0,10,3,13.0,16.0,3.0,7.0,5.0,5.0,6.0,13.0,3.0,8.0,7.0,8.0,0.14454390828425406,0.3767123287671233,0.10894279627984145,0.4642857142857143,1.0,1.0,False,2019
1,29,24,10.0,18.0,4.0,10.0,8.0,12.0,9.0,15.0,3.0,7.0,5.0,5.0,0.05363114086116488,0.4482758620689655,0.134360982220677,0.5306122448979592,2.0,1.0,False,2019
0,13,6,6.0,16.0,5.0,7.0,3.0,4.0,7.0,13.0,5.0,7.0,6.0,8.0,0.057159194846621644,0.3541666666666667,0.06110517810302396,0.40816326530612246,2.0,2.0,False,2019
1,6,13,7.0,13.0,5.0,7.0,6.0,8.0,6.0,16.0,5.0,7.0,3.0,4.0,0.06110517810302396,0.40816326530612246,0.045727355877297315,0.35172413793103446,2.0,2.0,True,2019
0,24,29,9.0,15.0,3.0,7.0,5.0,5.0,10.0,18.0,4.0,10.0,8.0,12.0,0.134360982220677,0.5306122448979592,0.04290491268893191,0.4452054794520548,1.0,2.0,True,2019
0,4,7,8.0,15.0,3.0,10.0,5.0,10.0,8.0,18.0,2.0,6.0,12.0,17.0,0.15136578132665182,0.625,0.06651398765002148,0.2328767123287671,2.0,2.0,False,2019
0,20,5,10.0,19.0,6.0,10.0,3.0,3.0,11.0,19.0,2.0,6.0,5.0,8.0,0.10515315593820773,0.6111111111111112,0.10254497689186562,0.5496688741721855,2.0,2.0,False,2019
1,5,20,11.0,19.0,2.0,6.0,5.0,8.0,10.0,19.0,6.0,10.0,3.0,3.0,0.10254497689186562,0.5496688741721855,0.08412252475056618,0.6068965517241379,2.0,2.0,True,2019
0,28,15,8.0,17.0,3.0,6.0,10.0,15.0,9.0,18.0,3.0,8.0,7.0,8.0,0.05941733403272822,0.2896551724137931,0.058121788937925634,0.4027777777777778,1.0,3.0,False,2019
0,9,12,7.0,16.0,7.0,11.0,6.0,8.0,10.0,17.0,2.0,6.0,4.0,4.0,0.09997518189968521,0.3150684931506849,0.08548014021235219,0.4899328859060403,1.0,2.0,False,2019
1,11,8,8.0,24.0,5.0,11.0,4.0,4.0,12.0,23.0,4.0,7.0,10.0,12.0,0.15685726237856892,0.5741935483870968,0.11216039364160371,0.5256410256410257,2.0,2.0,False,2019
1,12,9,10.0,17.0,2.0,6.0,4.0,4.0,7.0,16.0,7.0,11.0,6.0,8.0,0.08548014021235219,0.4899328859060403,0.07998014551974816,0.3129251700680272,2.0,1.0,True,2019
0,8,11,12.0,23.0,4.0,7.0,10.0,12.0,8.0,24.0,5.0,11.0,4.0,4.0,0.11216039364160371,0.5256410256410257,0.12548580990285513,0.5705128205128205,2.0,2.0,True,2019
1,15,28,9.0,18.0,3.0,8.0,7.0,8.0,8.0,17.0,3.0,6.0,10.0,15.0,0.058121788937925634,0.4027777777777778,0.04753386722618257,0.2876712328767123,3.0,1.0,True,2019
1,7,4,8.0,18.0,2.0,6.0,12.0,17.0,8.0,15.0,3.0,10.0,5.0,10.0,0.06651398765002148,0.2328767123287671,0.12109262506132146,0.6209150326797386,2.0,2.0,True,2019
1,18,10,8.0,16.0,6.0,9.0,4.0,5.0,9.0,21.0,5.0,10.0,4.0,6.0,0.11491555753638934,0.6258064516129033,0.11563512662740325,0.3741496598639456,3.0,2.0,True,2019
0,26,23,15.0,28.0,5.0,14.0,5.0,9.0,15.0,27.0,3.0,6.0,8.0,10.0,0.08965589285027224,0.5894039735099338,0.060089901606345766,0.5133333333333333,2.0,2.0,False,2019
0,27,22,10.0,22.0,2.0,7.0,5.0,7.0,9.0,14.0,4.0,8.0,5.0,6.0,0.10679258882814542,0.3082191780821918,0.09602496068597309,0.6013071895424836,2.0,3.0,False,2019
0,17,16,9.0,18.0,3.0,10.0,6.0,6.0,12.0,18.0,6.0,8.0,10.0,15.0,0.1451079727494645,0.5906040268456376,0.06861128971553823,0.3197278911564626,2.0,2.0,False,2019
0,10,18,9.0,21.0,5.0,10.0,4.0,6.0,8.0,16.0,6.0,9.0,4.0,5.0,0.11563512662740325,0.3741496598639456,0.13193244602911147,0.6282051282051282,2.0,3.0,False,2019
1,23,26,15.0,27.0,3.0,6.0,8.0,10.0,15.0,28.0,5.0,14.0,5.0,9.0,0.060089901606345766,0.5133333333333333,0.07172471428021779,0.5855263157894737,2.0,2.0,True,2019
0,1,25,12.0,30.0,4.0,9.0,8.0,8.0,10.0,22.0,4.0,13.0,5.0,5.0,0.16245386949009674,0.7037037037037037,0.13096825940572482,0.6987179487179487,2.0,2.0,True,2019
0,2,0,12.0,16.0,4.0,6.0,4.0,4.0,8.0,16.0,4.0,10.0,8.0,10.0,0.06984605660439819,0.5873015873015873,0.11233893859352118,0.7108433734939759,2.0,3.0,True,2019
1,25,1,10.0,22.0,4.0,13.0,5.0,5.0,12.0,30.0,4.0,9.0,8.0,8.0,0.13096825940572482,0.6987179487179487,0.1699630955920774,0.7055214723926381,2.0,2.0,False,2019
1,0,2,8.0,16.0,4.0,10.0,8.0,10.0,12.0,16.0,4.0,6.0,4.0,4.0,0.11233893859352118,0.7108433734939759,0.09587684528351854,0.59375,3.0,2.0,False,2019
1,16,17,12.0,18.0,6.0,8.0,10.0,15.0,9.0,18.0,3.0,10.0,6.0,6.0,0.06861128971553823,0.3197278911564626,0.1160863781995716,0.5866666666666667,2.0,2.0,True,2019
1,22,27,9.0,14.0,4.0,8.0,5.0,6.0,10.0,22.0,2.0,7.0,5.0,7.0,0.09602496068597309,0.6013071895424836,0.08543407106251634,0.30612244897959184,3.0,2.0,True,2019
1,6,3,10.0,21.0,4.0,8.0,5.0,6.0,9.0,13.0,4.0,8.0,10.0,11.0,0.08888414248241917,0.41216216216216217,0.10894279627984145,0.4642857142857143,2.0,3.0,True,2019
1,9,5,8.0,24.0,3.0,7.0,6.0,7.0,11.0,16.0,4.0,10.0,9.0,11.0,0.07998014551974816,0.3129251700680272,0.12203598151349249,0.5526315789473685,2.0,2.0,False,2019
0,2,15,8.0,17.0,4.0,10.0,6.0,6.0,8.0,19.0,4.0,9.0,4.0,5.0,0.09587684528351854,0.59375,0.0864974311503405,0.4068965517241379,1.0,2.0,True,2019
0,18,27,8.0,18.0,2.0,8.0,6.0,7.0,14.0,26.0,2.0,5.0,9.0,13.0,0.13193244602911147,0.6282051282051282,0.08543407106251634,0.30612244897959184,1.0,1.0,False,2019
0,12,21,8.0,15.0,5.0,7.0,3.0,4.0,8.0,17.0,4.0,10.0,7.0,7.0,0.10838411216988172,0.49333333333333335,0.06309274059403526,0.4482758620689655,2.0,3.0,True,2019
0,11,8,10.0,18.0,2.0,7.0,6.0,6.0,9.0,18.0,3.0,7.0,4.0,6.0,0.12548580990285513,0.5705128205128205,0.12972831491328296,0.5286624203821656,2.0,2.0,True,2019
1,8,11,9.0,18.0,3.0,7.0,4.0,6.0,10.0,18.0,2.0,7.0,6.0,6.0,0.12972831491328296,0.5286624203821656,0.14038864792228412,0.5732484076433121,2.0,2.0,False,2019
1,27,18,14.0,26.0,2.0,5.0,9.0,13.0,8.0,18.0,2.0,8.0,6.0,7.0,0.08543407106251634,0.30612244897959184,0.10554595682328918,0.6242038216560509,1.0,1.0,True,2019
0,13,14,11.0,26.0,5.0,9.0,7.0,9.0,11.0,19.0,3.0,6.0,6.0,8.0,0.045727355877297315,0.35172413793103446,0.0879186939125707,0.47019867549668876,2.0,3.0,False,2019
1,15,2,8.0,19.0,4.0,9.0,4.0,5.0,8.0,17.0,4.0,10.0,6.0,6.0,0.0864974311503405,0.4068965517241379,0.11670147622681484,0.6,2.0,1.0,False,2019
0,3,6,9.0,13.0,4.0,8.0,10.0,11.0,10.0,21.0,4.0,8.0,5.0,6.0,0.10894279627984145,0.4642857142857143,0.11110731398593532,0.4161073825503356,3.0,2.0,False,2019
1,14,13,11.0,19.0,3.0,6.0,6.0,8.0,11.0,26.0,5.0,9.0,7.0,9.0,0.0879186939125707,0.47019867549668876,0.036581884701837854,0.3493150684931507,3.0,2.0,True,2019
1,29,20,13.0,22.0,2.0,7.0,3.0,8.0,8.0,20.0,5.0,11.0,6.0,8.0,0.04290491268893191,0.4452054794520548,0.08412252475056618,0.6068965517241379,2.0,2.0,False,2019
0,20,29,8.0,20.0,5.0,11.0,6.0,8.0,13.0,22.0,2.0,7.0,3.0,8.0,0.08412252475056618,0.6068965517241379,0.03432393015114553,0.4421768707482993,2.0,2.0,True,2019
1,7,28,14.0,23.0,6.0,10.0,7.0,7.0,7.0,14.0,2.0,4.0,5.0,6.0,0.09321119012001719,0.23809523809523808,0.04753386722618257,0.2876712328767123,2.0,2.0,True,2019
0,28,7,7.0,14.0,2.0,4.0,5.0,6.0,14.0,23.0,6.0,10.0,7.0,7.0,0.04753386722618257,0.2876712328767123,0.11456895209601374,0.24324324324324326,2.0,2.0,False,2019
0,23,19,8.0,15.0,3.0,6.0,7.0,7.0,11.0,18.0,3.0,9.0,8.0,10.0,0.08807192128507661,0.5165562913907285,0.15278274531909658,0.4861111111111111,1.0,3.0,False,2019
1,21,12,8.0,17.0,4.0,10.0,7.0,7.0,8.0,15.0,5.0,7.0,3.0,4.0,0.06309274059403526,0.4482758620689655,0.1267072897359054,0.4966887417218543,3.0,2.0,False,2019
1,19,23,11.0,18.0,3.0,9.0,8.0,10.0,8.0,15.0,3.0,6.0,7.0,7.0,0.15278274531909658,0.4861111111111111,0.07045753702806129,0.5131578947368421,3.0,1.0,True,2019
0,5,9,11.0,16.0,4.0,10.0,9.0,11.0,8.0,24.0,3.0,7.0,6.0,7.0,0.12203598151349249,0.5526315789473685,0.06398411641579853,0.3108108108108108,2.0,2.0,True,2019
1,17,26,15.0,28.0,3.0,11.0,18.0,20.0,14.0,28.0,5.0,9.0,17.0,20.0,0.1160863781995716,0.5866666666666667,0.07172471428021779,0.5855263157894737,2.0,2.0,False,2019
0,22,4,8.0,19.0,4.0,11.0,5.0,6.0,10.0,17.0,4.0,7.0,8.0,9.0,0.11681996854877848,0.6038961038961039,0.12109262506132146,0.6209150326797386,2.0,3.0,False,2019
0,26,17,14.0,28.0,5.0,9.0,17.0,20.0,15.0,28.0,3.0,11.0,18.0,20.0,0.07172471428021779,0.5855263157894737,0.09286910255965727,0.5827814569536424,2.0,2.0,True,2019
1,4,22,10.0,17.0,4.0,7.0,8.0,9.0,8.0,19.0,4.0,11.0,5.0,6.0,0.12109262506132146,0.6209150326797386,0.09345597483902278,0.6,3.0,2.0,True,2019
0,20,0,5.0,14.0,5.0,13.0,6.0,8.0,13.0,22.0,9.0,11.0,4.0,5.0,0.10729801980045295,0.6095890410958904,0.08987115087481694,0.7065868263473054,2.0,3.0,False,2019
1,12,3,7.0,12.0,4.0,6.0,5.0,6.0,11.0,17.0,6.0,11.0,3.0,4.0,0.1267072897359054,0.4966887417218543,0.08715423702387316,0.46153846153846156,2.0,2.0,True,2019
1,10,13,8.0,17.0,6.0,11.0,3.0,5.0,9.0,20.0,3.0,8.0,5.0,6.0,0.0925081013019226,0.3716216216216216,0.036581884701837854,0.3493150684931507,3.0,2.0,True,2019
1,27,19,9.0,18.0,2.0,6.0,5.0,10.0,10.0,19.0,3.0,9.0,4.0,5.0,0.10834725685001305,0.3108108108108108,0.1622261962552773,0.4896551724137931,2.0,2.0,False,2019
0,14,21,10.0,21.0,3.0,6.0,6.0,7.0,10.0,19.0,7.0,10.0,8.0,8.0,0.11033495513005656,0.47368421052631576,0.050474192475228205,0.4452054794520548,2.0,2.0,False,2019
1,21,14,10.0,19.0,7.0,10.0,8.0,8.0,10.0,21.0,3.0,6.0,6.0,7.0,0.050474192475228205,0.4452054794520548,0.08826796410404525,0.47058823529411764,2.0,2.0,True,2019
0,19,27,10.0,19.0,3.0,9.0,4.0,5.0,9.0,18.0,2.0,6.0,5.0,10.0,0.1622261962552773,0.4896551724137931,0.08667780548001044,0.3087248322147651,2.0,2.0,True,2019
0,13,10,9.0,20.0,3.0,8.0,5.0,6.0,8.0,17.0,6.0,11.0,3.0,5.0,0.036581884701837854,0.3493150684931507,0.11400648104153807,0.37583892617449666,2.0,3.0,False,2019
1,16,11,12.0,18.0,3.0,7.0,3.0,4.0,12.0,24.0,5.0,11.0,9.0,12.0,0.09488903177243058,0.32432432432432434,0.14038864792228412,0.5732484076433121,3.0,2.0,True,2019
0,18,1,10.0,18.0,2.0,9.0,4.0,4.0,11.0,22.0,5.0,11.0,6.0,7.0,0.10554595682328918,0.6242038216560509,0.1699630955920774,0.7055214723926381,2.0,3.0,False,2019
1,8,25,9.0,20.0,3.0,8.0,6.0,7.0,14.0,20.0,3.0,9.0,4.0,4.0,0.10378265193062637,0.5253164556962026,0.10477460752457986,0.6942675159235668,2.0,3.0,False,2019
0,26,24,12.0,23.0,3.0,11.0,6.0,8.0,13.0,24.0,4.0,6.0,12.0,15.0,0.09737977142417424,0.5882352941176471,0.14748878577654162,0.5337837837837838,1.0,4.0,False,2019
1,1,18,11.0,22.0,5.0,11.0,6.0,7.0,10.0,18.0,2.0,9.0,4.0,4.0,0.1699630955920774,0.7055214723926381,0.08443676545863135,0.620253164556962,3.0,2.0,True,2019
1,0,20,13.0,22.0,9.0,11.0,4.0,5.0,5.0,14.0,5.0,13.0,6.0,8.0,0.08987115087481694,0.7065868263473054,0.08583841584036236,0.6054421768707483,3.0,2.0,True,2019
1,24,26,13.0,24.0,4.0,6.0,12.0,15.0,12.0,23.0,3.0,11.0,6.0,8.0,0.14748878577654162,0.5337837837837838,0.07790381713933939,0.5844155844155844,4.0,1.0,True,2019
0,3,12,11.0,17.0,6.0,11.0,3.0,4.0,7.0,12.0,4.0,6.0,5.0,6.0,0.08715423702387316,0.46153846153846156,0.1413658317887243,0.5,2.0,2.0,False,2019
0,25,8,14.0,20.0,3.0,9.0,4.0,4.0,9.0,20.0,3.0,8.0,6.0,7.0,0.10477460752457986,0.6942675159235668,0.08302612154450109,0.5220125786163522,3.0,2.0,True,2019
0,11,16,12.0,24.0,5.0,11.0,9.0,12.0,12.0,18.0,3.0,7.0,3.0,4.0,0.14038864792228412,0.5732484076433121,0.11591122541794445,0.3288590604026846,2.0,3.0,False,2019
0,14,23,13.0,25.0,7.0,11.0,8.0,11.0,15.0,24.0,4.0,7.0,6.0,6.0,0.08826796410404525,0.47058823529411764,0.07045753702806129,0.5131578947368421,1.0,3.0,False,2019
0,7,17,10.0,19.0,2.0,5.0,8.0,8.0,11.0,14.0,4.0,7.0,8.0,9.0,0.11456895209601374,0.24324324324324326,0.09286910255965727,0.5827814569536424,3.0,2.0,False,2019
0,6,9,7.0,23.0,4.0,12.0,10.0,16.0,13.0,20.0,3.0,7.0,13.0,16.0,0.11110731398593532,0.4161073825503356,0.06398411641579853,0.3108108108108108,3.0,3.0,True,2019
1,4,21,7.0,13.0,5.0,7.0,10.0,10.0,11.0,22.0,4.0,8.0,4.0,4.0,0.13687410004905715,0.6233766233766234,0.08037935398018256,0.4489795918367347,2.0,1.0,True,2019
1,9,6,13.0,20.0,3.0,7.0,13.0,16.0,7.0,23.0,4.0,12.0,10.0,16.0,0.06398411641579853,0.3108108108108108,0.12888585118874823,0.42,3.0,3.0,False,2019
1,29,2,13.0,23.0,2.0,6.0,7.0,7.0,12.0,18.0,5.0,8.0,2.0,4.0,0.03432393015114553,0.4421768707482993,0.11670147622681484,0.6,3.0,3.0,False,2019
0,21,4,11.0,22.0,4.0,8.0,4.0,4.0,7.0,13.0,5.0,7.0,10.0,10.0,0.08037935398018256,0.4489795918367347,0.14949928003924573,0.6258064516129033,1.0,2.0,False,2019
1,17,7,11.0,14.0,4.0,7.0,8.0,9.0,10.0,19.0,2.0,5.0,8.0,8.0,0.09286910255965727,0.5827814569536424,0.091655161676811,0.24161073825503357,2.0,3.0,True,2019
1,28,15,7.0,19.0,3.0,7.0,4.0,8.0,11.0,22.0,4.0,13.0,6.0,8.0,0.038027093780946056,0.2857142857142857,0.0691979449202724,0.4041095890410959,3.0,3.0,False,2019
1,23,14,15.0,24.0,4.0,7.0,6.0,6.0,13.0,25.0,7.0,11.0,8.0,11.0,0.07045753702806129,0.5131578947368421,0.0706143712832362,0.4675324675324675,3.0,1.0,True,2019
0,15,28,11.0,22.0,4.0,13.0,6.0,8.0,7.0,19.0,3.0,7.0,4.0,8.0,0.0691979449202724,0.4041095890410959,0.030421675024756845,0.28378378378378377,3.0,3.0,True,2019
0,2,29,12.0,18.0,5.0,8.0,2.0,4.0,13.0,23.0,2.0,6.0,7.0,7.0,0.11670147622681484,0.6,0.027459144120916424,0.4391891891891892,3.0,3.0,True,2019
0,4,5,10.0,18.0,4.0,5.0,6.0,10.0,14.0,26.0,4.0,8.0,8.0,9.0,0.14949928003924573,0.6258064516129033,0.13762878521079397,0.5555555555555556,1.0,4.0,False,2019
1,23,28,11.0,18.0,3.0,6.0,3.0,4.0,10.0,19.0,4.0,9.0,2.0,4.0,0.09636602962244904,0.5163398692810458,0.030421675024756845,0.28378378378378377,1.0,1.0,True,2019
1,12,25,8.0,13.0,3.0,6.0,3.0,6.0,8.0,14.0,6.0,11.0,5.0,6.0,0.1413658317887243,0.5,0.1238196860196639,0.6962025316455697,2.0,2.0,False,2019
0,27,19,7.0,14.0,3.0,7.0,5.0,8.0,10.0,14.0,6.0,8.0,5.0,7.0,0.08667780548001044,0.3087248322147651,0.1697809570042218,0.4931506849315068,2.0,2.0,False,2019
1,19,27,10.0,14.0,6.0,8.0,5.0,7.0,7.0,14.0,3.0,7.0,5.0,8.0,0.1697809570042218,0.4931506849315068,0.06934224438400835,0.30666666666666664,2.0,2.0,True,2019
0,10,16,10.0,24.0,3.0,9.0,7.0,8.0,8.0,18.0,3.0,8.0,9.0,10.0,0.11400648104153807,0.37583892617449666,0.11591122541794445,0.3288590604026846,2.0,2.0,False,2019
1,16,10,8.0,18.0,3.0,8.0,9.0,10.0,10.0,24.0,3.0,9.0,7.0,8.0,0.11591122541794445,0.3288590604026846,0.09120518483323045,0.37333333333333335,2.0,2.0,True,2019
0,22,18,6.0,16.0,1.0,4.0,7.0,12.0,11.0,21.0,3.0,6.0,11.0,15.0,0.09345597483902278,0.6,0.08443676545863135,0.620253164556962,3.0,2.0,False,2019
1,18,22,11.0,21.0,3.0,6.0,11.0,15.0,6.0,16.0,1.0,4.0,7.0,12.0,0.08443676545863135,0.620253164556962,0.07476477987121823,0.5961538461538461,2.0,3.0,True,2019
0,8,9,10.0,18.0,4.0,9.0,3.0,3.0,11.0,18.0,4.0,7.0,6.0,6.0,0.08302612154450109,0.5220125786163522,0.051187293132638825,0.3087248322147651,2.0,1.0,False,2019
0,7,0,13.0,23.0,4.0,6.0,9.0,9.0,10.0,22.0,4.0,15.0,6.0,8.0,0.091655161676811,0.24161073825503357,0.11189692069985355,0.7083333333333334,1.0,2.0,True,2019
1,0,7,10.0,22.0,4.0,15.0,6.0,8.0,13.0,23.0,4.0,6.0,9.0,9.0,0.11189692069985355,0.7083333333333334,0.1133241293414488,0.24666666666666667,2.0,1.0,False,2019
1,13,1,6.0,16.0,3.0,7.0,8.0,9.0,10.0,25.0,5.0,15.0,5.0,8.0,0.029265507761470282,0.3469387755102041,0.17597047647366187,0.7073170731707317,2.0,2.0,False,2019
1,9,8,11.0,18.0,4.0,7.0,6.0,6.0,10.0,18.0,4.0,9.0,3.0,3.0,0.051187293132638825,0.3087248322147651,0.06642089723560088,0.51875,1.0,2.0,True,2019
0,28,23,10.0,19.0,4.0,9.0,2.0,4.0,11.0,18.0,3.0,6.0,3.0,4.0,0.030421675024756845,0.28378378378378377,0.11709282369795923,0.5194805194805194,1.0,1.0,False,2019
1,5,4,14.0,26.0,4.0,8.0,8.0,9.0,10.0,18.0,4.0,5.0,6.0,10.0,0.13762878521079397,0.5555555555555556,0.11959942403139659,0.6217948717948718,4.0,1.0,True,2019
0,25,12,8.0,14.0,6.0,11.0,5.0,6.0,8.0,13.0,3.0,6.0,3.0,6.0,0.1238196860196639,0.6962025316455697,0.11309266543097944,0.49673202614379086,2.0,2.0,True,2019
0,1,13,10.0,25.0,5.0,15.0,5.0,8.0,6.0,16.0,3.0,7.0,8.0,9.0,0.17597047647366187,0.7073170731707317,0.023412406209176225,0.34459459459459457,2.0,2.0,True,2019
0,26,11,10.0,19.0,2.0,5.0,10.0,12.0,8.0,22.0,5.0,10.0,6.0,8.0,0.07790381713933939,0.5844155844155844,0.11231091833782729,0.569620253164557,3.0,3.0,True,2019
1,24,2,14.0,20.0,4.0,6.0,4.0,5.0,10.0,17.0,6.0,9.0,4.0,4.0,0.1579910286212333,0.5369127516778524,0.13336118098145186,0.6060606060606061,3.0,2.0,True,2019
0,15,14,8.0,21.0,3.0,9.0,8.0,8.0,9.0,20.0,3.0,9.0,6.0,8.0,0.09535835593621791,0.40816326530612246,0.0706143712832362,0.4675324675324675,2.0,2.0,False,2019
0,21,1,14.0,20.0,6.0,9.0,6.0,7.0,8.0,21.0,5.0,12.0,11.0,12.0,0.06430348318414605,0.44594594594594594,0.18077638117892952,0.7090909090909091,2.0,1.0,False,2019
0,2,24,10.0,17.0,6.0,9.0,4.0,4.0,14.0,20.0,4.0,6.0,4.0,5.0,0.13336118098145186,0.6060606060606061,0.16639282289698662,0.54,2.0,3.0,False,2019
1,3,25,10.0,18.0,4.0,7.0,5.0,6.0,11.0,19.0,4.0,8.0,3.0,3.0,0.06972338961909853,0.4588235294117647,0.1390557488157311,0.6981132075471698,3.0,1.0,True,2019
1,1,21,8.0,21.0,5.0,12.0,11.0,12.0,14.0,20.0,6.0,9.0,6.0,7.0,0.18077638117892952,0.7090909090909091,0.05144278654731684,0.4429530201342282,1.0,2.0,True,2019
1,11,26,8.0,22.0,5.0,10.0,6.0,8.0,10.0,19.0,2.0,5.0,10.0,12.0,0.11231091833782729,0.569620253164557,0.10232305371147152,0.5870967741935483,3.0,3.0,False,2019
1,6,19,6.0,13.0,4.0,7.0,7.0,7.0,5.0,14.0,3.0,7.0,7.0,8.0,0.12888585118874823,0.42,0.17582476560337745,0.4965986394557823,2.0,1.0,True,2019
0,19,6,5.0,14.0,3.0,7.0,7.0,8.0,6.0,13.0,4.0,7.0,7.0,7.0,0.17582476560337745,0.4965986394557823,0.1431086809509986,0.423841059602649,1.0,2.0,False,2019
0,25,3,11.0,19.0,4.0,8.0,3.0,3.0,10.0,18.0,4.0,7.0,5.0,6.0,0.1390557488157311,0.6981132075471698,0.09577871169527882,0.4619883040935672,1.0,3.0,False,2019
1,14,15,9.0,20.0,3.0,9.0,6.0,8.0,8.0,21.0,3.0,9.0,8.0,8.0,0.0706143712832362,0.4675324675324675,0.07628668474897433,0.40540540540540543,2.0,2.0,True,2019
1,20,23,10.0,16.0,4.0,6.0,6.0,6.0,14.0,25.0,4.0,7.0,4.0,4.0,0.08583841584036236,0.6054421768707483,0.11709282369795923,0.5194805194805194,4.0,2.0,True,2019
1,18,3,10.0,16.0,4.0,7.0,6.0,8.0,11.0,20.0,4.0,9.0,3.0,4.0,0.10754941236690507,0.6226415094339622,0.09577871169527882,0.4619883040935672,2.0,1.0,True,2019
0,28,22,7.0,16.0,4.0,8.0,4.0,4.0,9.0,16.0,3.0,8.0,6.0,8.0,0.024337340019805476,0.28187919463087246,0.07476477987121823,0.5961538461538461,2.0,2.0,False,2019
0,29,27,15.0,23.0,4.0,8.0,6.0,6.0,9.0,17.0,4.0,8.0,5.0,5.0,0.027459144120916424,0.4391891891891892,0.06934224438400835,0.30666666666666664,3.0,2.0,True,2019
0,17,24,12.0,21.0,6.0,11.0,8.0,9.0,8.0,16.0,3.0,6.0,8.0,10.0,0.11429528204772584,0.5855263157894737,0.16639282289698662,0.54,3.0,1.0,True,2019
0,3,18,11.0,20.0,4.0,9.0,3.0,4.0,10.0,16.0,4.0,7.0,6.0,8.0,0.09577871169527882,0.4619883040935672,0.12603952989352404,0.625,1.0,2.0,False,2019
1,22,28,9.0,16.0,3.0,8.0,6.0,8.0,7.0,16.0,4.0,8.0,4.0,4.0,0.07476477987121823,0.5961538461538461,0.01946987201584438,0.28,2.0,2.0,True,2019
1,27,29,9.0,17.0,4.0,8.0,5.0,5.0,15.0,23.0,4.0,8.0,6.0,6.0,0.06934224438400835,0.30666666666666664,0.06196731529673314,0.4429530201342282,2.0,3.0,False,2019
0,5,13,11.0,19.0,3.0,6.0,11.0,11.0,12.0,18.0,3.0,7.0,7.0,9.0,0.1501030281686352,0.5584415584415584,0.023412406209176225,0.34459459459459457,2.0,2.0,True,2019
1,13,5,12.0,18.0,3.0,7.0,7.0,9.0,11.0,19.0,3.0,6.0,11.0,11.0,0.023412406209176225,0.34459459459459457,0.16008242253490815,0.5612903225806452,2.0,2.0,False,2019
1,8,4,10.0,19.0,3.0,10.0,4.0,4.0,9.0,18.0,2.0,6.0,10.0,10.0,0.06642089723560088,0.51875,0.11959942403139659,0.6217948717948718,2.0,2.0,False,2019
0,4,8,9.0,18.0,2.0,6.0,10.0,10.0,10.0,19.0,3.0,10.0,4.0,4.0,0.11959942403139659,0.6217948717948718,0.053136717788480704,0.515527950310559,2.0,2.0,True,2019
1,24,17,8.0,16.0,3.0,6.0,8.0,10.0,12.0,21.0,6.0,11.0,8.0,9.0,0.16639282289698662,0.54,0.13143622563818066,0.5882352941176471,1.0,3.0,False,2019
0,23,20,14.0,25.0,4.0,7.0,4.0,4.0,10.0,16.0,4.0,6.0,6.0,6.0,0.11709282369795923,0.5194805194805194,0.10867073267228988,0.6081081081081081,2.0,4.0,False,2019
1,9,16,11.0,17.0,4.0,6.0,4.0,5.0,11.0,16.0,8.0,12.0,7.0,8.0,0.08094983450611107,0.31333333333333335,0.13272898033435557,0.3333333333333333,3.0,3.0,True,2019
0,6,26,8.0,18.0,3.0,8.0,7.0,10.0,12.0,23.0,4.0,8.0,4.0,5.0,0.1431086809509986,0.423841059602649,0.10232305371147152,0.5870967741935483,2.0,2.0,False,2019
1,26,6,12.0,23.0,4.0,8.0,4.0,5.0,8.0,18.0,3.0,8.0,7.0,10.0,0.10232305371147152,0.5870967741935483,0.11448694476079888,0.42105263157894735,2.0,2.0,True,2019
1,1,0,10.0,23.0,3.0,12.0,8.0,9.0,12.0,23.0,5.0,10.0,5.0,5.0,0.18462110494314363,0.7108433734939759,0.08951753655988284,0.7041420118343196,2.0,3.0,False,2019
1,14,10,10.0,22.0,3.0,6.0,5.0,6.0,9.0,17.0,4.0,9.0,3.0,4.0,0.09649149702658896,0.47096774193548385,0.09120518483323045,0.37333333333333335,2.0,3.0,True,2019
0,19,12,4.0,15.0,3.0,7.0,3.0,6.0,7.0,12.0,4.0,8.0,7.0,8.0,0.14065981248270196,0.49324324324324326,0.11309266543097944,0.49673202614379086,2.0,3.0,False,2019
0,0,1,12.0,23.0,5.0,10.0,5.0,5.0,10.0,23.0,3.0,12.0,8.0,9.0,0.08951753655988284,0.7041420118343196,0.1476968839545149,0.7065868263473054,3.0,2.0,True,2019
0,10,14,9.0,17.0,4.0,9.0,3.0,4.0,10.0,22.0,3.0,6.0,5.0,6.0,0.09120518483323045,0.37333333333333335,0.11719319762127119,0.47435897435897434,3.0,2.0,False,2019
0,11,7,10.0,18.0,4.0,6.0,6.0,11.0,9.0,20.0,3.0,6.0,7.0,9.0,0.08984873467026183,0.5660377358490566,0.1133241293414488,0.24666666666666667,2.0,3.0,True,2019
0,16,9,11.0,16.0,8.0,12.0,7.0,8.0,11.0,17.0,4.0,6.0,4.0,5.0,0.13272898033435557,0.3333333333333333,0.10475986760488884,0.31788079470198677,3.0,3.0,False,2019
1,7,11,9.0,20.0,3.0,6.0,7.0,9.0,10.0,18.0,4.0,6.0,6.0,11.0,0.1133241293414488,0.24666666666666667,0.11187898773620948,0.56875,3.0,2.0,False,2019
1,12,19,7.0,12.0,4.0,8.0,7.0,8.0,4.0,15.0,3.0,7.0,3.0,6.0,0.11309266543097944,0.49673202614379086,0.11252784998616157,0.4899328859060403,3.0,2.0,True,2019
1,20,13,14.0,19.0,2.0,7.0,4.0,4.0,10.0,23.0,3.0,8.0,5.0,7.0,0.10867073267228988,0.6081081081081081,0.01872992496734098,0.3422818791946309,2.0,2.0,True,2019
0,26,22,10.0,23.0,6.0,11.0,10.0,12.0,7.0,16.0,4.0,7.0,12.0,13.0,0.12185844296917722,0.5897435897435898,0.09981182389697459,0.5987261146496815,1.0,2.0,False,2019
0,29,25,12.0,23.0,2.0,8.0,5.0,7.0,8.0,20.0,5.0,8.0,10.0,12.0,0.06196731529673314,0.4429530201342282,0.11124459905258488,0.69375,2.0,3.0,False,2019
0,15,2,14.0,24.0,6.0,10.0,4.0,8.0,11.0,28.0,3.0,9.0,8.0,9.0,0.07628668474897433,0.40540540540540543,0.10668894478516149,0.5970149253731343,3.0,3.0,False,2019
0,13,20,10.0,23.0,3.0,8.0,5.0,7.0,14.0,19.0,2.0,7.0,4.0,4.0,0.01872992496734098,0.3422818791946309,0.1269365861378319,0.610738255033557,2.0,2.0,False,2019
1,22,26,7.0,16.0,4.0,7.0,12.0,13.0,10.0,23.0,6.0,11.0,10.0,12.0,0.09981182389697459,0.5987261146496815,0.09748675437534178,0.5859872611464968,2.0,1.0,True,2019
1,11,23,8.0,17.0,3.0,9.0,7.0,9.0,9.0,17.0,3.0,4.0,5.0,7.0,0.11187898773620948,0.56875,0.09367425895836738,0.5161290322580645,1.0,2.0,True,2019
0,23,11,9.0,17.0,3.0,4.0,5.0,7.0,8.0,17.0,3.0,9.0,7.0,9.0,0.09367425895836738,0.5161290322580645,0.12950319018896758,0.5714285714285714,2.0,1.0,False,2019
0,3,10,7.0,18.0,2.0,7.0,7.0,8.0,9.0,16.0,3.0,6.0,5.0,5.0,0.07662296935622306,0.45930232558139533,0.07296414786658437,0.3708609271523179,2.0,1.0,False,2019
1,10,3,9.0,16.0,3.0,6.0,5.0,5.0,7.0,18.0,2.0,7.0,7.0,8.0,0.07296414786658437,0.3708609271523179,0.06129837548497845,0.45664739884393063,1.0,2.0,True,2019
1,25,29,8.0,20.0,5.0,8.0,10.0,12.0,12.0,23.0,2.0,8.0,5.0,7.0,0.11124459905258488,0.69375,0.049573852237386515,0.44,3.0,2.0,True,2019
1,2,15,11.0,28.0,3.0,9.0,8.0,9.0,14.0,24.0,6.0,10.0,4.0,8.0,0.10668894478516149,0.5970149253731343,0.06102934779917947,0.40268456375838924,3.0,3.0,True,2019
0,4,12,12.0,19.0,3.0,6.0,8.0,11.0,8.0,16.0,3.0,7.0,4.0,7.0,0.13567953922511727,0.6242038216560509,0.13047413234478356,0.5,3.0,2.0,True,2019
1,5,28,8.0,14.0,3.0,5.0,2.0,2.0,9.0,19.0,3.0,6.0,2.0,4.0,0.16008242253490815,0.5612903225806452,0.01946987201584438,0.28,3.0,3.0,True,2019
1,18,15,9.0,19.0,4.0,9.0,6.0,7.0,6.0,14.0,4.0,8.0,7.0,8.0,0.12603952989352404,0.625,0.06102934779917947,0.40268456375838924,3.0,1.0,True,2019
0,21,14,11.0,30.0,4.0,8.0,3.0,4.0,15.0,29.0,7.0,13.0,4.0,5.0,0.05144278654731684,0.4429530201342282,0.11719319762127119,0.47435897435897434,4.0,2.0,True,2019
0,7,1,9.0,22.0,3.0,7.0,10.0,11.0,12.0,25.0,4.0,11.0,14.0,17.0,0.09065930347315904,0.24503311258278146,0.1476968839545149,0.7065868263473054,2.0,2.0,False,2019
1,19,29,8.0,19.0,4.0,10.0,7.0,12.0,10.0,16.0,3.0,6.0,6.0,8.0,0.11252784998616157,0.4899328859060403,0.049573852237386515,0.44,2.0,1.0,True,2019
1,8,17,20.0,34.0,2.0,7.0,5.0,11.0,10.0,20.0,4.0,9.0,5.0,6.0,0.053136717788480704,0.515527950310559,0.13143622563818066,0.5882352941176471,3.0,3.0,False,2019
1,24,27,10.0,18.0,4.0,6.0,8.0,9.0,9.0,19.0,3.0,7.0,10.0,13.0,0.1331142583175893,0.5364238410596026,0.05547379550720668,0.304635761589404,3.0,3.0,True,2019
0,15,18,6.0,14.0,4.0,8.0,7.0,8.0,9.0,19.0,4.0,9.0,6.0,7.0,0.06102934779917947,0.40268456375838924,0.14083162391481924,0.6273291925465838,1.0,3.0,False,2019
0,17,8,10.0,20.0,4.0,9.0,5.0,6.0,20.0,34.0,2.0,7.0,5.0,11.0,0.13143622563818066,0.5882352941176471,0.04250937423078456,0.5123456790123457,3.0,3.0,True,2019
0,27,24,9.0,19.0,3.0,7.0,10.0,13.0,10.0,18.0,4.0,6.0,8.0,9.0,0.05547379550720668,0.304635761589404,0.14649140665407143,0.5394736842105263,3.0,3.0,False,2019
1,14,21,15.0,29.0,7.0,13.0,4.0,5.0,11.0,30.0,4.0,8.0,3.0,4.0,0.11719319762127119,0.47435897435897434,0.08115422923785347,0.44666666666666666,2.0,4.0,False,2019
1,12,4,8.0,16.0,3.0,7.0,4.0,7.0,12.0,19.0,3.0,6.0,8.0,11.0,0.13047413234478356,0.5,0.1485436313800938,0.6265822784810127,2.0,3.0,False,2019
0,28,5,9.0,19.0,3.0,6.0,2.0,4.0,8.0,14.0,3.0,5.0,2.0,2.0,0.01946987201584438,0.28,0.16806593802792652,0.5641025641025641,3.0,3.0,False,2019
1,1,7,12.0,25.0,4.0,11.0,14.0,17.0,9.0,22.0,3.0,7.0,10.0,11.0,0.1476968839545149,0.7065868263473054,0.07252744277852723,0.24342105263157895,2.0,2.0,True,2019
0,29,19,10.0,16.0,3.0,6.0,6.0,8.0,8.0,19.0,4.0,10.0,7.0,12.0,0.049573852237386515,0.44,0.13002227998892926,0.49333333333333335,1.0,2.0,False,2019
1,26,0,9.0,25.0,4.0,12.0,7.0,11.0,10.0,23.0,5.0,12.0,8.0,10.0,0.09748675437534178,0.5859872611464968,0.11161402924790627,0.7058823529411765,2.0,3.0,False,2019
0,3,13,10.0,16.0,6.0,9.0,8.0,8.0,8.0,18.0,4.0,9.0,5.0,5.0,0.06129837548497845,0.45664739884393063,0.014983939973872784,0.34,2.0,2.0,False,2019
1,20,22,11.0,21.0,4.0,9.0,5.0,7.0,8.0,15.0,2.0,5.0,9.0,11.0,0.1269365861378319,0.610738255033557,0.11984945911757967,0.6012658227848101,2.0,2.0,True,2019
1,13,3,8.0,18.0,4.0,9.0,5.0,5.0,10.0,16.0,6.0,9.0,8.0,8.0,0.014983939973872784,0.34,0.04903870038798276,0.4540229885057471,2.0,2.0,True,2019
1,14,16,12.0,17.0,9.0,12.0,9.0,9.0,10.0,17.0,3.0,9.0,9.0,11.0,0.09375455809701695,0.4713375796178344,0.10618318426748445,0.33112582781456956,1.0,3.0,True,2019
0,6,11,8.0,25.0,3.0,7.0,5.0,6.0,9.0,21.0,4.0,7.0,8.0,10.0,0.11448694476079888,0.42105263157894735,0.12950319018896758,0.5714285714285714,3.0,2.0,False,2019
0,0,26,10.0,23.0,5.0,12.0,8.0,10.0,9.0,25.0,4.0,12.0,7.0,11.0,0.11161402924790627,0.7058823529411765,0.07798940350027342,0.5822784810126582,3.0,2.0,True,2019
1,8,7,8.0,20.0,4.0,6.0,5.0,9.0,12.0,26.0,3.0,8.0,13.0,18.0,0.04250937423078456,0.5123456790123457,0.07252744277852723,0.24342105263157895,1.0,1.0,False,2019
0,16,14,10.0,17.0,3.0,9.0,9.0,11.0,12.0,17.0,9.0,12.0,9.0,9.0,0.10618318426748445,0.33112582781456956,0.11500364647761355,0.47468354430379744,3.0,1.0,False,2019
1,2,9,12.0,24.0,4.0,10.0,5.0,6.0,10.0,19.0,5.0,8.0,6.0,9.0,0.1253511558281292,0.6029411764705882,0.10475986760488884,0.31788079470198677,2.0,3.0,True,2019
0,9,2,10.0,19.0,5.0,8.0,6.0,9.0,12.0,24.0,4.0,10.0,5.0,6.0,0.10475986760488884,0.31788079470198677,0.14028092466250336,0.6086956521739131,3.0,2.0,False,2019
1,11,6,9.0,21.0,4.0,7.0,8.0,10.0,8.0,25.0,3.0,7.0,5.0,6.0,0.12950319018896758,0.5714285714285714,0.0915895558086391,0.41830065359477125,2.0,3.0,True,2019
0,17,5,13.0,29.0,3.0,10.0,5.0,5.0,6.0,14.0,2.0,5.0,9.0,10.0,0.14514898051054453,0.5909090909090909,0.16806593802792652,0.5641025641025641,1.0,1.0,False,2019
0,7,8,12.0,26.0,3.0,8.0,13.0,18.0,8.0,20.0,4.0,6.0,5.0,9.0,0.07252744277852723,0.24342105263157895,0.034007499384627646,0.50920245398773,1.0,1.0,True,2019
0,22,20,8.0,15.0,2.0,5.0,9.0,11.0,11.0,21.0,4.0,9.0,5.0,7.0,0.11984945911757967,0.6012658227848101,0.1415492689102655,0.6133333333333333,2.0,2.0,False,2019
1,5,17,6.0,14.0,2.0,5.0,9.0,10.0,13.0,29.0,3.0,10.0,5.0,5.0,0.16806593802792652,0.5641025641025641,0.11611918440843563,0.5870967741935483,1.0,1.0,True,2019
1,15,27,9.0,14.0,2.0,4.0,3.0,4.0,7.0,18.0,3.0,5.0,4.0,6.0,0.048823478239343576,0.4,0.04437903640576534,0.3026315789473684,2.0,2.0,True,2019
1,12,21,7.0,17.0,4.0,9.0,3.0,4.0,8.0,20.0,3.0,9.0,7.0,9.0,0.10437930587582685,0.4967741935483871,0.08115422923785347,0.44666666666666666,2.0,2.0,True,2019
1,10,9,10.0,20.0,3.0,6.0,7.0,8.0,9.0,18.0,2.0,6.0,3.0,4.0,0.09837131829326748,0.375,0.08380789408391107,0.3157894736842105,3.0,1.0,True,2019
1,1,23,8.0,24.0,6.0,12.0,4.0,5.0,8.0,22.0,3.0,7.0,7.0,9.0,0.15815750716361193,0.7083333333333334,0.07493940716669391,0.5128205128205128,2.0,3.0,True,2019
0,23,1,8.0,22.0,3.0,7.0,7.0,9.0,8.0,24.0,6.0,12.0,4.0,5.0,0.07493940716669391,0.5128205128205128,0.16652600573088955,0.7100591715976331,3.0,2.0,False,2019
0,27,15,7.0,18.0,3.0,5.0,4.0,6.0,9.0,14.0,2.0,4.0,3.0,4.0,0.04437903640576534,0.3026315789473684,0.07905878259147486,0.40397350993377484,2.0,2.0,False,2019
0,21,12,8.0,20.0,3.0,9.0,7.0,9.0,7.0,17.0,4.0,9.0,3.0,4.0,0.08115422923785347,0.44666666666666666,0.12350344470066148,0.5,2.0,2.0,False,2019
1,19,25,9.0,21.0,4.0,8.0,8.0,9.0,11.0,21.0,5.0,8.0,6.0,8.0,0.13002227998892926,0.49333333333333335,0.1289956792420679,0.6956521739130435,2.0,3.0,True,2019
1,28,29,10.0,20.0,3.0,10.0,9.0,10.0,11.0,26.0,2.0,7.0,11.0,13.0,0.015575897612675504,0.2781456953642384,0.03965908178990921,0.4370860927152318,2.0,2.0,True,2019
1,24,6,8.0,17.0,4.0,9.0,7.0,7.0,13.0,25.0,6.0,12.0,8.0,12.0,0.14649140665407143,0.5394736842105263,0.0915895558086391,0.41830065359477125,2.0,1.0,True,2019
1,4,18,15.0,26.0,3.0,9.0,19.0,21.0,15.0,31.0,4.0,13.0,9.0,13.0,0.1485436313800938,0.6265822784810127,0.14083162391481924,0.6273291925465838,2.0,2.0,False,2019
0,18,4,15.0,31.0,4.0,13.0,9.0,13.0,15.0,26.0,3.0,9.0,19.0,21.0,0.14083162391481924,0.6273291925465838,0.11883490510407504,0.6226415094339622,2.0,2.0,True,2019
0,6,24,13.0,25.0,6.0,12.0,8.0,12.0,8.0,17.0,4.0,9.0,7.0,7.0,0.0915895558086391,0.41830065359477125,0.15719312532325716,0.5424836601307189,1.0,2.0,False,2019
0,9,10,9.0,18.0,2.0,6.0,3.0,4.0,10.0,20.0,3.0,6.0,7.0,8.0,0.08380789408391107,0.3157894736842105,0.118697054634614,0.3790849673202614,1.0,3.0,False,2019
0,29,28,11.0,26.0,2.0,7.0,11.0,13.0,10.0,20.0,3.0,10.0,9.0,10.0,0.03965908178990921,0.4370860927152318,0.0524607180901404,0.28289473684210525,2.0,2.0,False,2019
0,25,19,11.0,21.0,5.0,8.0,6.0,8.0,9.0,21.0,4.0,8.0,8.0,9.0,0.1289956792420679,0.6956521739130435,0.1440178239911434,0.4966887417218543,3.0,2.0,False,2019
0,20,2,9.0,17.0,4.0,7.0,3.0,3.0,10.0,23.0,4.0,8.0,8.0,8.0,0.1415492689102655,0.6133333333333333,0.14028092466250336,0.6086956521739131,2.0,2.0,True,2019
0,22,17,9.0,17.0,4.0,6.0,8.0,10.0,9.0,16.0,4.0,9.0,8.0,9.0,0.09587956729406374,0.5974842767295597,0.11611918440843563,0.5870967741935483,2.0,2.0,False,2019
1,7,27,12.0,24.0,2.0,8.0,6.0,10.0,11.0,15.0,2.0,4.0,5.0,5.0,0.09802195422282178,0.24836601307189543,0.035503229124612276,0.3006535947712418,2.0,1.0,False,2019
1,14,11,8.0,13.0,3.0,6.0,8.0,8.0,8.0,18.0,4.0,8.0,2.0,3.0,0.11500364647761355,0.47468354430379744,0.14360255215117407,0.5740740740740741,2.0,2.0,False,2019
0,11,14,8.0,18.0,4.0,8.0,2.0,3.0,8.0,13.0,3.0,6.0,8.0,8.0,0.14360255215117407,0.5740740740740741,0.09200291718209083,0.4716981132075472,2.0,2.0,True,2019
1,3,19,10.0,16.0,5.0,6.0,5.0,6.0,9.0,20.0,7.0,13.0,3.0,6.0,0.04903870038798276,0.4540229885057471,0.1440178239911434,0.4966887417218543,2.0,1.0,True,2019
0,19,3,9.0,20.0,7.0,13.0,3.0,6.0,10.0,16.0,5.0,6.0,5.0,6.0,0.1440178239911434,0.4966887417218543,0.0792309603103862,0.45714285714285713,1.0,2.0,False,2019
1,5,0,9.0,17.0,2.0,6.0,8.0,9.0,9.0,25.0,6.0,18.0,6.0,6.0,0.17445275042234124,0.5668789808917197,0.12929122339832502,0.7076023391812866,2.0,2.0,True,2019
0,27,7,11.0,15.0,2.0,4.0,5.0,5.0,12.0,24.0,2.0,8.0,6.0,10.0,0.035503229124612276,0.3006535947712418,0.07841756337825742,0.24675324675324675,1.0,2.0,True,2019
0,28,25,8.0,14.0,3.0,7.0,6.0,6.0,9.0,14.0,5.0,9.0,5.0,7.0,0.0524607180901404,0.28289473684210525,0.10319654339365432,0.691358024691358,1.0,1.0,False,2019
0,0,5,9.0,25.0,6.0,18.0,6.0,6.0,9.0,17.0,2.0,6.0,8.0,9.0,0.12929122339832502,0.7076023391812866,0.17956220033787296,0.569620253164557,2.0,2.0,False,2019
1,26,12,10.0,18.0,4.0,11.0,9.0,9.0,10.0,17.0,6.0,9.0,4.0,5.0,0.07798940350027342,0.5822784810126582,0.12350344470066148,0.5,2.0,1.0,False,2019
0,12,26,10.0,17.0,6.0,9.0,4.0,5.0,10.0,18.0,4.0,11.0,9.0,9.0,0.12350344470066148,0.5,0.062391522800218736,0.5786163522012578,1.0,2.0,True,2019
1,13,8,10.0,26.0,3.0,9.0,8.0,11.0,14.0,24.0,2.0,8.0,7.0,8.0,0.05198715197909822,0.3443708609271523,0.034007499384627646,0.50920245398773,2.0,2.0,False,2019
0,8,13,14.0,24.0,2.0,8.0,7.0,8.0,10.0,26.0,3.0,9.0,8.0,11.0,0.034007499384627646,0.50920245398773,0.041589721583278574,0.34210526315789475,2.0,2.0,True,2019
1,2,20,10.0,23.0,4.0,8.0,8.0,8.0,9.0,17.0,4.0,7.0,3.0,3.0,0.14028092466250336,0.6086956521739131,0.15323941512821243,0.6158940397350994,2.0,2.0,False,2019
1,25,28,9.0,14.0,5.0,9.0,5.0,7.0,8.0,14.0,3.0,7.0,6.0,6.0,0.10319654339365432,0.691358024691358,0.041968574472112316,0.28104575163398693,1.0,1.0,True,2019
1,17,22,9.0,16.0,4.0,9.0,8.0,9.0,9.0,17.0,4.0,6.0,8.0,10.0,0.11611918440843563,0.5870967741935483,0.07670365383525099,0.59375,2.0,2.0,True,2019
0,22,24,9.0,16.0,2.0,4.0,5.0,7.0,8.0,17.0,4.0,9.0,4.0,8.0,0.07670365383525099,0.59375,0.15719312532325716,0.5424836601307189,1.0,2.0,False,2019
1,9,1,9.0,14.0,5.0,8.0,7.0,7.0,11.0,18.0,6.0,11.0,11.0,12.0,0.06704631526712886,0.3137254901960784,0.16652600573088955,0.7100591715976331,2.0,2.0,False,2019
1,15,6,12.0,20.0,3.0,8.0,5.0,7.0,17.0,33.0,6.0,15.0,4.0,6.0,0.07905878259147486,0.40397350993377484,0.07327164464691129,0.4155844155844156,2.0,2.0,False,2019
1,23,0,10.0,19.0,3.0,8.0,7.0,8.0,12.0,21.0,8.0,14.0,4.0,5.0,0.059951525733355125,0.5095541401273885,0.10343297871866002,0.7034883720930233,2.0,1.0,False,2019
1,21,18,8.0,18.0,3.0,7.0,11.0,12.0,11.0,19.0,7.0,14.0,6.0,10.0,0.06492338339028278,0.44370860927152317,0.1526652991318554,0.6296296296296297,2.0,2.0,False,2019
0,6,15,17.0,33.0,6.0,15.0,4.0,6.0,12.0,20.0,3.0,8.0,5.0,7.0,0.07327164464691129,0.4155844155844156,0.06324702607317989,0.40131578947368424,2.0,2.0,True,2019
1,4,29,12.0,20.0,5.0,11.0,7.0,10.0,12.0,20.0,8.0,14.0,7.0,10.0,0.11883490510407504,0.6226415094339622,0.03172726543192737,0.4342105263157895,2.0,2.0,True,2019
1,24,22,8.0,17.0,4.0,9.0,4.0,8.0,9.0,16.0,2.0,4.0,5.0,7.0,0.15719312532325716,0.5424836601307189,0.06136292306820079,0.5900621118012422,2.0,1.0,True,2019
0,1,9,11.0,18.0,6.0,11.0,11.0,12.0,9.0,14.0,5.0,8.0,7.0,7.0,0.16652600573088955,0.7100591715976331,0.05363705221370309,0.3116883116883117,2.0,2.0,True,2019
0,29,4,12.0,20.0,8.0,14.0,7.0,10.0,12.0,20.0,5.0,11.0,7.0,10.0,0.03172726543192737,0.4342105263157895,0.13506792408326002,0.625,2.0,2.0,False,2019
0,18,21,11.0,19.0,7.0,14.0,6.0,10.0,8.0,18.0,3.0,7.0,11.0,12.0,0.1526652991318554,0.6296296296296297,0.051938706712226224,0.4407894736842105,2.0,2.0,True,2019
0,0,23,12.0,21.0,8.0,14.0,4.0,5.0,10.0,19.0,3.0,8.0,7.0,8.0,0.10343297871866002,0.7034883720930233,0.0479612205866841,0.5063291139240507,1.0,2.0,True,2019
0,4,3,10.0,21.0,4.0,6.0,8.0,9.0,10.0,18.0,4.0,9.0,4.0,4.0,0.13506792408326002,0.625,0.0792309603103862,0.45714285714285713,1.0,2.0,False,2019
1,10,8,9.0,15.0,5.0,10.0,4.0,4.0,7.0,17.0,3.0,7.0,4.0,5.0,0.118697054634614,0.3790849673202614,0.06720599950770212,0.5121951219512195,3.0,2.0,True,2019
0,11,28,12.0,20.0,6.0,9.0,10.0,10.0,10.0,17.0,4.0,9.0,4.0,6.0,0.15488204172093928,0.5766871165644172,0.041968574472112316,0.28104575163398693,2.0,2.0,True,2019
1,16,1,12.0,23.0,6.0,9.0,13.0,17.0,18.0,39.0,9.0,17.0,12.0,12.0,0.08494654741398756,0.32894736842105265,0.17322080458471162,0.711764705882353,4.0,1.0,True,2019
0,2,18,12.0,29.0,4.0,13.0,9.0,11.0,8.0,17.0,4.0,11.0,20.0,21.0,0.11222473973000269,0.6,0.16213223930548432,0.6319018404907976,2.0,1.0,False,2019
1,18,2,8.0,17.0,4.0,11.0,20.0,21.0,12.0,29.0,4.0,13.0,9.0,11.0,0.16213223930548432,0.6319018404907976,0.08977979178400215,0.5915492957746479,1.0,2.0,True,2019
0,25,26,14.0,21.0,5.0,9.0,4.0,5.0,16.0,29.0,5.0,10.0,5.0,8.0,0.12255723471492345,0.6932515337423313,0.062391522800218736,0.5786163522012578,2.0,2.0,True,2019
0,8,10,7.0,17.0,3.0,7.0,4.0,5.0,9.0,15.0,5.0,10.0,4.0,4.0,0.06720599950770212,0.5121951219512195,0.1349576437076912,0.38311688311688313,2.0,3.0,False,2019
1,27,14,12.0,24.0,5.0,8.0,3.0,5.0,11.0,19.0,3.0,9.0,11.0,15.0,0.06840258329968982,0.3051948051948052,0.09200291718209083,0.4716981132075472,2.0,2.0,True,2019
0,13,17,8.0,16.0,3.0,8.0,7.0,7.0,9.0,18.0,6.0,12.0,9.0,10.0,0.041589721583278574,0.34210526315789475,0.1328953475267485,0.5897435897435898,2.0,2.0,False,2019
1,5,12,6.0,13.0,5.0,9.0,5.0,6.0,8.0,16.0,4.0,9.0,6.0,6.0,0.17956220033787296,0.569620253164557,0.1388027557605292,0.5031847133757962,2.0,2.0,False,2019
1,17,13,9.0,18.0,6.0,12.0,9.0,10.0,8.0,16.0,3.0,8.0,7.0,7.0,0.1328953475267485,0.5897435897435898,0.03327177726662286,0.33986928104575165,2.0,2.0,True,2019
0,14,27,11.0,19.0,3.0,9.0,11.0,15.0,12.0,24.0,5.0,8.0,3.0,5.0,0.09200291718209083,0.4716981132075472,0.09472206663975186,0.3096774193548387,2.0,2.0,False,2019
0,1,16,18.0,39.0,9.0,17.0,12.0,12.0,12.0,23.0,6.0,9.0,13.0,17.0,0.17322080458471162,0.711764705882353,0.10795723793119005,0.3333333333333333,1.0,4.0,False,2019
1,3,4,10.0,18.0,4.0,9.0,4.0,4.0,10.0,21.0,4.0,6.0,8.0,9.0,0.0792309603103862,0.45714285714285713,0.10805433926660801,0.6211180124223602,2.0,1.0,True,2019
1,26,25,16.0,29.0,5.0,10.0,5.0,8.0,14.0,21.0,5.0,9.0,4.0,5.0,0.062391522800218736,0.5786163522012578,0.13804578777193877,0.6951219512195121,2.0,2.0,False,2019
0,12,5,8.0,16.0,4.0,9.0,6.0,6.0,6.0,13.0,5.0,9.0,5.0,6.0,0.1388027557605292,0.5031847133757962,0.14364976027029835,0.5660377358490566,2.0,2.0,True,2019
1,28,11,10.0,17.0,4.0,9.0,4.0,6.0,12.0,20.0,6.0,9.0,10.0,10.0,0.041968574472112316,0.28104575163398693,0.1639056333767514,0.5792682926829268,2.0,2.0,False,2019
0,22,0,8.0,17.0,3.0,4.0,3.0,4.0,8.0,18.0,5.0,12.0,3.0,5.0,0.06136292306820079,0.5900621118012422,0.12274638297492801,0.7052023121387283,2.0,2.0,False,2019
0,23,21,8.0,17.0,2.0,5.0,6.0,9.0,10.0,22.0,4.0,8.0,10.0,12.0,0.0479612205866841,0.5063291139240507,0.051938706712226224,0.4407894736842105,2.0,2.0,False,2019
1,0,22,8.0,18.0,5.0,12.0,3.0,5.0,8.0,17.0,3.0,4.0,3.0,4.0,0.12274638297492801,0.7052023121387283,0.049090338454560636,0.5864197530864198,2.0,2.0,True,2019
1,14,20,10.0,19.0,3.0,7.0,4.0,5.0,7.0,15.0,3.0,6.0,2.0,4.0,0.07360233374567267,0.46875,0.15323941512821243,0.6158940397350994,1.0,3.0,False,2019
1,21,23,10.0,22.0,4.0,8.0,10.0,12.0,8.0,17.0,2.0,5.0,6.0,9.0,0.051938706712226224,0.4407894736842105,0.03836897646934728,0.5031446540880503,2.0,2.0,True,2019
0,20,14,7.0,15.0,3.0,6.0,2.0,4.0,10.0,19.0,3.0,7.0,4.0,5.0,0.15323941512821243,0.6158940397350994,0.058881866996538135,0.4658385093167702,3.0,1.0,True,2019
1,15,13,10.0,21.0,7.0,13.0,6.0,8.0,9.0,19.0,4.0,10.0,5.0,6.0,0.06324702607317989,0.40131578947368424,0.03327177726662286,0.33986928104575165,2.0,1.0,True,2019
0,11,9,15.0,32.0,3.0,6.0,4.0,8.0,8.0,22.0,4.0,6.0,6.0,9.0,0.1639056333767514,0.5792682926829268,0.05363705221370309,0.3116883116883117,1.0,2.0,False,2019
0,19,7,7.0,18.0,6.0,11.0,7.0,10.0,9.0,17.0,2.0,8.0,8.0,10.0,0.11521425919291473,0.4934210526315789,0.07841756337825742,0.24675324675324675,3.0,3.0,True,2019
0,13,15,9.0,19.0,4.0,10.0,5.0,6.0,10.0,21.0,7.0,13.0,6.0,8.0,0.03327177726662286,0.33986928104575165,0.09059762085854392,0.40522875816993464,1.0,2.0,False,2019
1,7,19,9.0,17.0,2.0,8.0,8.0,10.0,7.0,18.0,6.0,11.0,7.0,10.0,0.07841756337825742,0.24675324675324675,0.13217140735433178,0.49673202614379086,3.0,3.0,False,2019
1,9,11,8.0,22.0,4.0,6.0,6.0,9.0,15.0,32.0,3.0,6.0,4.0,8.0,0.05363705221370309,0.3116883116883117,0.13112450670140113,0.5757575757575758,2.0,1.0,True,2019
0,5,1,8.0,19.0,3.0,10.0,7.0,7.0,19.0,34.0,9.0,13.0,14.0,17.0,0.14364976027029835,0.5660377358490566,0.13857664366776928,0.7076023391812866,2.0,2.0,False,2019
0,20,28,8.0,20.0,4.0,8.0,4.0,6.0,9.0,21.0,3.0,8.0,4.0,5.0,0.16259153210256994,0.618421052631579,0.03357485957768985,0.2792207792207792,1.0,2.0,True,2019
1,1,5,19.0,34.0,9.0,13.0,14.0,17.0,8.0,19.0,3.0,10.0,7.0,7.0,0.13857664366776928,0.7076023391812866,0.11491980821623868,0.5625,2.0,2.0,True,2019
0,16,10,11.0,19.0,5.0,10.0,3.0,7.0,12.0,23.0,8.0,12.0,6.0,7.0,0.10795723793119005,0.3333333333333333,0.1349576437076912,0.38311688311688313,2.0,2.0,False,2019
1,29,6,15.0,25.0,3.0,11.0,8.0,12.0,8.0,20.0,6.0,11.0,9.0,12.0,0.025381812345541897,0.43137254901960786,0.09861731571752902,0.41935483870967744,3.0,3.0,False,2019
1,10,16,12.0,23.0,8.0,12.0,6.0,7.0,11.0,19.0,5.0,10.0,3.0,7.0,0.1349576437076912,0.38311688311688313,0.08636579034495204,0.33116883116883117,2.0,2.0,True,2019
0,6,29,8.0,20.0,6.0,11.0,9.0,12.0,15.0,25.0,3.0,11.0,8.0,12.0,0.09861731571752902,0.41935483870967744,0.02030544987643352,0.42857142857142855,3.0,3.0,True,2019
1,28,20,9.0,21.0,3.0,8.0,4.0,5.0,8.0,20.0,4.0,8.0,4.0,6.0,0.03357485957768985,0.2792207792207792,0.17007322568205593,0.6209150326797386,2.0,1.0,False,2019
1,25,26,12.0,23.0,6.0,11.0,9.0,10.0,10.0,20.0,5.0,10.0,5.0,5.0,0.13804578777193877,0.6951219512195121,0.049913218240174986,0.575,2.0,2.0,False,2019
0,26,25,10.0,20.0,5.0,10.0,5.0,5.0,12.0,23.0,6.0,11.0,9.0,10.0,0.049913218240174986,0.575,0.11043663021755101,0.6909090909090909,2.0,2.0,True,2019
0,12,4,6.0,12.0,3.0,8.0,4.0,6.0,12.0,19.0,3.0,6.0,3.0,4.0,0.15104220460842335,0.5063291139240507,0.10805433926660801,0.6211180124223602,2.0,2.0,False,2019
0,24,3,11.0,16.0,2.0,7.0,5.0,5.0,9.0,19.0,4.0,10.0,5.0,6.0,0.16575450025860572,0.5454545454545454,0.10338476824830897,0.4602272727272727,3.0,2.0,True,2019
1,4,12,12.0,19.0,3.0,6.0,3.0,4.0,6.0,12.0,3.0,8.0,4.0,6.0,0.10805433926660801,0.6211180124223602,0.12083376368673868,0.5031446540880503,2.0,2.0,True,2019
1,3,24,9.0,19.0,4.0,10.0,5.0,6.0,11.0,16.0,2.0,7.0,5.0,5.0,0.10338476824830897,0.4602272727272727,0.1726036002068846,0.5483870967741935,2.0,3.0,False,2019
1,17,19,9.0,16.0,6.0,10.0,5.0,5.0,10.0,18.0,4.0,8.0,7.0,7.0,0.1463162780213988,0.5923566878980892,0.13217140735433178,0.49673202614379086,3.0,2.0,True,2019
1,21,2,11.0,25.0,6.0,13.0,8.0,8.0,12.0,23.0,5.0,11.0,4.0,7.0,0.08155096536978099,0.4444444444444444,0.08977979178400215,0.5915492957746479,2.0,3.0,True,2019
1,16,23,7.0,17.0,2.0,6.0,7.0,8.0,12.0,20.0,4.0,7.0,6.0,6.0,0.08636579034495204,0.33116883116883117,0.03836897646934728,0.5031446540880503,1.0,2.0,False,2019
0,23,16,12.0,20.0,4.0,7.0,6.0,6.0,7.0,17.0,2.0,6.0,7.0,8.0,0.03836897646934728,0.5031446540880503,0.06909263227596163,0.32903225806451614,2.0,1.0,True,2019
0,19,17,10.0,18.0,4.0,8.0,7.0,7.0,9.0,16.0,6.0,10.0,5.0,5.0,0.13217140735433178,0.49673202614379086,0.15705302241711902,0.5949367088607594,2.0,3.0,False,2019
1,27,11,6.0,20.0,1.0,6.0,5.0,5.0,9.0,14.0,3.0,9.0,4.0,7.0,0.09472206663975186,0.3096774193548387,0.13112450670140113,0.5757575757575758,3.0,2.0,False,2019
0,18,9,9.0,17.0,3.0,6.0,13.0,14.0,11.0,20.0,4.0,10.0,6.0,7.0,0.16970579144438744,0.6341463414634146,0.08290964177096247,0.3161290322580645,3.0,2.0,False,2019
1,9,18,11.0,20.0,4.0,10.0,6.0,7.0,9.0,17.0,3.0,6.0,13.0,14.0,0.08290964177096247,0.3161290322580645,0.13576463315550996,0.6303030303030303,2.0,3.0,True,2019
0,7,15,10.0,27.0,4.0,11.0,10.0,10.0,10.0,20.0,7.0,14.0,7.0,8.0,0.06273405070260593,0.24516129032258063,0.09059762085854392,0.40522875816993464,2.0,2.0,False,2019
1,15,7,10.0,20.0,7.0,14.0,7.0,8.0,10.0,27.0,4.0,11.0,10.0,10.0,0.09059762085854392,0.40522875816993464,0.05018724056208475,0.24358974358974358,2.0,2.0,True,2019
0,12,14,9.0,16.0,4.0,9.0,4.0,4.0,9.0,15.0,3.0,8.0,4.0,4.0,0.12083376368673868,0.5031446540880503,0.058881866996538135,0.4658385093167702,1.0,2.0,True,2019
1,0,13,9.0,25.0,1.0,8.0,7.0,7.0,8.0,14.0,5.0,11.0,7.0,11.0,0.1381971063799424,0.7068965517241379,0.026617421813298285,0.33766233766233766,2.0,2.0,False,2019
0,13,0,8.0,14.0,5.0,11.0,7.0,11.0,9.0,25.0,1.0,8.0,7.0,7.0,0.026617421813298285,0.33766233766233766,0.11055768510395392,0.7028571428571428,2.0,2.0,True,2019
0,11,27,9.0,14.0,3.0,9.0,4.0,7.0,6.0,20.0,1.0,6.0,5.0,5.0,0.13112450670140113,0.5757575757575758,0.07577765331180149,0.3076923076923077,2.0,3.0,True,2019
0,2,21,12.0,23.0,5.0,11.0,4.0,7.0,11.0,25.0,6.0,13.0,8.0,8.0,0.08977979178400215,0.5915492957746479,0.10524077229582478,0.44805194805194803,3.0,2.0,False,2019
1,14,12,9.0,15.0,3.0,8.0,4.0,4.0,9.0,16.0,4.0,9.0,4.0,4.0,0.058881866996538135,0.4658385093167702,0.13666701094939096,0.50625,2.0,1.0,False,2019
0,1,8,10.0,19.0,6.0,12.0,2.0,2.0,7.0,16.0,3.0,8.0,3.0,4.0,0.15086131493421545,0.7093023255813954,0.05376479960616169,0.509090909090909,2.0,4.0,True,2019
1,2,5,6.0,17.0,1.0,7.0,5.0,6.0,20.0,31.0,3.0,6.0,7.0,8.0,0.07182383342720172,0.5833333333333334,0.11491980821623868,0.5625,1.0,2.0,False,2019
1,8,1,7.0,16.0,3.0,8.0,3.0,4.0,10.0,19.0,6.0,12.0,2.0,2.0,0.05376479960616169,0.509090909090909,0.16068905194737232,0.7109826589595376,4.0,2.0,False,2019
1,28,24,10.0,19.0,2.0,8.0,6.0,7.0,9.0,20.0,5.0,10.0,13.0,14.0,0.02685988766215188,0.27741935483870966,0.1726036002068846,0.5483870967741935,2.0,2.0,False,2019
0,5,2,20.0,31.0,3.0,6.0,7.0,8.0,6.0,17.0,1.0,7.0,5.0,6.0,0.11491980821623868,0.5625,0.05745906674176138,0.5753424657534246,2.0,1.0,True,2019
0,3,4,8.0,21.0,4.0,11.0,5.0,6.0,11.0,16.0,4.0,7.0,4.0,6.0,0.08270781459864718,0.4576271186440678,0.1264434714132864,0.6234567901234568,2.0,2.0,False,2019
0,19,0,8.0,14.0,3.0,7.0,9.0,10.0,10.0,19.0,5.0,10.0,3.0,4.0,0.10573712588346543,0.4935064935064935,0.11055768510395392,0.7028571428571428,1.0,1.0,False,2019
1,4,3,11.0,16.0,4.0,7.0,4.0,6.0,8.0,21.0,4.0,11.0,5.0,6.0,0.1264434714132864,0.6234567901234568,0.06616625167891774,0.4550561797752809,2.0,2.0,True,2019
1,25,21,10.0,18.0,2.0,6.0,6.0,6.0,7.0,17.0,5.0,8.0,7.0,7.0,0.11043663021755101,0.6909090909090909,0.10524077229582478,0.44805194805194803,2.0,1.0,False,2019
0,20,22,8.0,16.0,3.0,5.0,4.0,4.0,13.0,16.0,5.0,6.0,4.0,4.0,0.17007322568205593,0.6209150326797386,0.049090338454560636,0.5864197530864198,2.0,3.0,False,2019
1,0,19,10.0,19.0,5.0,10.0,3.0,4.0,8.0,14.0,3.0,7.0,9.0,10.0,0.11055768510395392,0.7028571428571428,0.08458970070677234,0.49032258064516127,1.0,1.0,True,2019
1,22,20,13.0,16.0,5.0,6.0,4.0,4.0,8.0,16.0,3.0,5.0,4.0,4.0,0.049090338454560636,0.5864197530864198,0.13605858054564474,0.6168831168831169,3.0,2.0,True,2019
0,15,29,10.0,21.0,5.0,12.0,4.0,8.0,10.0,22.0,5.0,14.0,8.0,9.0,0.11247809668683513,0.4090909090909091,0.02030544987643352,0.42857142857142855,1.0,2.0,False,2019
0,21,25,7.0,17.0,5.0,8.0,7.0,7.0,10.0,18.0,2.0,6.0,6.0,6.0,0.10524077229582478,0.44805194805194803,0.08834930417404081,0.6867469879518072,1.0,2.0,True,2019
1,29,15,10.0,22.0,5.0,14.0,8.0,9.0,10.0,21.0,5.0,12.0,4.0,8.0,0.02030544987643352,0.42857142857142855,0.0899824773494681,0.4064516129032258,2.0,1.0,True,2019
0,24,28,9.0,20.0,5.0,10.0,13.0,14.0,10.0,19.0,2.0,8.0,6.0,7.0,0.1726036002068846,0.5483870967741935,0.021487910129721503,0.27564102564102566,2.0,2.0,True,2019
0,7,11,19.0,34.0,5.0,8.0,16.0,17.0,9.0,14.0,3.0,7.0,9.0,11.0,0.05018724056208475,0.24358974358974358,0.1448996053611209,0.5783132530120482,2.0,2.0,False,2019
1,10,18,11.0,21.0,2.0,5.0,6.0,10.0,8.0,15.0,1.0,7.0,5.0,6.0,0.14796611496615295,0.3870967741935484,0.13576463315550996,0.6303030303030303,3.0,2.0,True,2019
0,26,16,10.0,29.0,5.0,15.0,5.0,6.0,8.0,14.0,4.0,8.0,6.0,8.0,0.07993057459214,0.577639751552795,0.06909263227596163,0.32903225806451614,3.0,2.0,False,2019
0,6,17,16.0,34.0,4.0,14.0,7.0,8.0,13.0,30.0,4.0,16.0,7.0,8.0,0.11889385257402321,0.4230769230769231,0.15705302241711902,0.5949367088607594,3.0,2.0,False,2019
1,11,7,9.0,14.0,3.0,7.0,9.0,11.0,19.0,34.0,5.0,8.0,16.0,17.0,0.1448996053611209,0.5783132530120482,0.0401497924496678,0.24203821656050956,2.0,2.0,True,2019
1,17,6,13.0,30.0,4.0,16.0,7.0,8.0,16.0,34.0,4.0,14.0,7.0,8.0,0.15705302241711902,0.5949367088607594,0.09511508205921856,0.42038216560509556,2.0,3.0,True,2019
0,18,10,8.0,15.0,1.0,7.0,5.0,6.0,11.0,21.0,2.0,5.0,6.0,10.0,0.13576463315550996,0.6303030303030303,0.15837289197292237,0.391025641025641,2.0,3.0,False,2019
1,16,26,8.0,14.0,4.0,8.0,6.0,8.0,10.0,29.0,5.0,15.0,5.0,6.0,0.06909263227596163,0.32903225806451614,0.063944459673712,0.5740740740740741,2.0,3.0,True,2019
0,14,29,10.0,19.0,2.0,7.0,10.0,13.0,11.0,20.0,6.0,12.0,4.0,4.0,0.047105493597230506,0.46296296296296297,0.056244359901146825,0.432258064516129,3.0,2.0,False,2019
1,13,15,9.0,20.0,4.0,9.0,10.0,11.0,7.0,16.0,3.0,8.0,11.0,12.0,0.06129393745063864,0.3419354838709677,0.0899824773494681,0.4064516129032258,3.0,2.0,False,2019
0,9,8,12.0,24.0,5.0,13.0,5.0,7.0,7.0,13.0,2.0,5.0,9.0,14.0,0.10632771341676997,0.32051282051282054,0.04301183968492935,0.5060240963855421,3.0,2.0,True,2019
1,21,5,14.0,31.0,4.0,8.0,8.0,11.0,12.0,23.0,5.0,11.0,6.0,8.0,0.12419261783665983,0.45161290322580644,0.13193584657299096,0.5652173913043478,2.0,2.0,True,2019
0,2,3,9.0,17.0,3.0,7.0,5.0,6.0,9.0,19.0,3.0,7.0,5.0,6.0,0.05745906674176138,0.5753424657534246,0.06616625167891774,0.4550561797752809,2.0,2.0,True,2019
1,3,2,9.0,19.0,3.0,7.0,5.0,6.0,9.0,17.0,3.0,7.0,5.0,6.0,0.06616625167891774,0.4550561797752809,0.0859672533934091,0.581081081081081,2.0,2.0,False,2019
0,27,25,8.0,15.0,2.0,5.0,5.0,6.0,8.0,13.0,4.0,7.0,6.0,6.0,0.07577765331180149,0.3076923076923077,0.08834930417404081,0.6867469879518072,3.0,2.0,False,2019
0,10,12,10.0,18.0,3.0,11.0,9.0,10.0,10.0,18.0,5.0,11.0,6.0,7.0,0.15837289197292237,0.391025641025641,0.13666701094939096,0.50625,1.0,3.0,True,2019
1,12,10,10.0,18.0,5.0,11.0,6.0,7.0,10.0,18.0,3.0,11.0,9.0,10.0,0.13666701094939096,0.50625,0.1666983135783379,0.39490445859872614,3.0,1.0,False,2019
0,19,20,12.0,32.0,4.0,10.0,3.0,5.0,12.0,24.0,3.0,7.0,6.0,7.0,0.08458970070677234,0.49032258064516127,0.13605858054564474,0.6168831168831169,2.0,2.0,False,2019
0,1,4,9.0,26.0,5.0,9.0,4.0,5.0,9.0,23.0,4.0,8.0,5.0,7.0,0.16068905194737232,0.7109826589595376,0.14115477713062913,0.6257668711656442,2.0,2.0,False,2019
0,15,13,7.0,16.0,3.0,8.0,11.0,12.0,9.0,20.0,4.0,9.0,10.0,11.0,0.0899824773494681,0.4064516129032258,0.04903514996051091,0.33974358974358976,2.0,3.0,True,2019
0,5,21,12.0,23.0,5.0,11.0,6.0,8.0,14.0,31.0,4.0,8.0,8.0,11.0,0.13193584657299096,0.5652173913043478,0.13935409426932785,0.4551282051282051,2.0,2.0,False,2019
1,20,19,12.0,24.0,3.0,7.0,6.0,7.0,12.0,32.0,4.0,10.0,3.0,5.0,0.13605858054564474,0.6168831168831169,0.06767176056541788,0.48717948717948717,2.0,2.0,True,2019
0,24,23,9.0,16.0,6.0,9.0,5.0,5.0,9.0,21.0,3.0,7.0,10.0,11.0,0.1780828801655077,0.5512820512820513,0.07069518117547782,0.50625,2.0,3.0,True,2019
1,23,24,9.0,21.0,3.0,7.0,10.0,11.0,9.0,16.0,6.0,9.0,5.0,5.0,0.07069518117547782,0.50625,0.18246630413240617,0.554140127388535,3.0,2.0,False,2019
1,25,27,8.0,13.0,4.0,7.0,6.0,6.0,8.0,15.0,2.0,5.0,5.0,6.0,0.08834930417404081,0.6867469879518072,0.06062212264944119,0.3057324840764331,2.0,3.0,True,2019
1,8,9,7.0,13.0,2.0,5.0,9.0,14.0,12.0,24.0,5.0,13.0,5.0,7.0,0.04301183968492935,0.5060240963855421,0.12506217073341597,0.3248407643312102,2.0,3.0,False,2019
1,29,14,11.0,20.0,6.0,12.0,4.0,4.0,10.0,19.0,2.0,7.0,10.0,13.0,0.056244359901146825,0.432258064516129,0.037684394877784404,0.4601226993865031,2.0,3.0,True,2019
1,4,1,9.0,23.0,4.0,8.0,5.0,7.0,9.0,26.0,5.0,9.0,4.0,5.0,0.14115477713062913,0.6257668711656442,0.12855124155789785,0.7068965517241379,2.0,2.0,True,2019
1,11,29,9.0,13.0,3.0,7.0,5.0,7.0,8.0,18.0,2.0,7.0,4.0,6.0,0.15591968428889671,0.5808383233532934,0.08499548792091746,0.4358974358974359,2.0,1.0,True,2019
1,7,14,19.0,29.0,5.0,10.0,9.0,10.0,11.0,22.0,5.0,10.0,10.0,12.0,0.0401497924496678,0.24203821656050956,0.037684394877784404,0.4601226993865031,2.0,1.0,False,2019
1,16,0,12.0,25.0,3.0,7.0,8.0,10.0,12.0,20.0,6.0,12.0,8.0,9.0,0.09527410582076931,0.3333333333333333,0.12844614808316313,0.7045454545454546,2.0,3.0,False,2019
0,22,26,11.0,20.0,6.0,10.0,2.0,5.0,12.0,25.0,5.0,13.0,3.0,6.0,0.07927227076364851,0.588957055214724,0.063944459673712,0.5740740740740741,3.0,2.0,False,2019
1,27,17,10.0,17.0,2.0,4.0,7.0,8.0,8.0,12.0,4.0,7.0,4.0,5.0,0.06062212264944119,0.3057324840764331,0.16564241793369522,0.5974842767295597,1.0,2.0,False,2019
1,26,22,12.0,25.0,5.0,13.0,3.0,6.0,11.0,20.0,6.0,10.0,2.0,5.0,0.063944459673712,0.5740740740740741,0.0634178166109188,0.5853658536585366,2.0,3.0,True,2019
0,0,16,12.0,20.0,6.0,12.0,8.0,9.0,12.0,25.0,3.0,7.0,8.0,10.0,0.12844614808316313,0.7045454545454546,0.07621928465661545,0.33121019108280253,3.0,2.0,True,2019
0,14,7,11.0,22.0,5.0,10.0,10.0,12.0,19.0,29.0,5.0,10.0,9.0,10.0,0.037684394877784404,0.4601226993865031,0.03211983395973424,0.24050632911392406,1.0,2.0,True,2019
0,29,11,8.0,18.0,2.0,7.0,4.0,6.0,9.0,13.0,3.0,7.0,5.0,7.0,0.08499548792091746,0.4358974358974359,0.16473574743111735,0.5833333333333334,1.0,2.0,False,2019
0,17,27,8.0,12.0,4.0,7.0,4.0,5.0,10.0,17.0,2.0,4.0,7.0,8.0,0.16564241793369522,0.5974842767295597,0.04849769811955295,0.3037974683544304,2.0,1.0,True,2019
1,19,10,9.0,18.0,7.0,13.0,2.0,3.0,7.0,15.0,2.0,7.0,5.0,5.0,0.06767176056541788,0.48717948717948717,0.1666983135783379,0.39490445859872614,2.0,2.0,True,2019
1,1,20,10.0,22.0,5.0,11.0,13.0,14.0,7.0,14.0,3.0,7.0,6.0,7.0,0.12855124155789785,0.7068965517241379,0.1488468644365158,0.6193548387096774,2.0,2.0,True,2019
1,8,15,12.0,25.0,3.0,6.0,7.0,7.0,11.0,22.0,2.0,8.0,4.0,4.0,0.03440947174794348,0.5029940119760479,0.11198598187957447,0.41025641025641024,2.0,2.0,True,2019
0,20,1,7.0,14.0,3.0,7.0,6.0,7.0,10.0,22.0,5.0,11.0,13.0,14.0,0.1488468644365158,0.6193548387096774,0.1428409932463183,0.7085714285714285,2.0,2.0,False,2019
1,18,6,12.0,20.0,4.0,9.0,12.0,16.0,8.0,19.0,4.0,6.0,5.0,7.0,0.10861170652440796,0.6265060240963856,0.09511508205921856,0.42038216560509556,3.0,3.0,True,2019
1,28,25,8.0,12.0,2.0,5.0,5.0,6.0,11.0,19.0,5.0,8.0,7.0,8.0,0.021487910129721503,0.27564102564102566,0.11067944333923266,0.688622754491018,4.0,2.0,False,2019
0,6,18,8.0,19.0,4.0,6.0,5.0,7.0,12.0,20.0,4.0,9.0,12.0,16.0,0.09511508205921856,0.42038216560509556,0.12688936521952637,0.6287425149700598,3.0,3.0,False,2019
0,25,28,11.0,19.0,5.0,8.0,7.0,8.0,8.0,12.0,2.0,5.0,5.0,6.0,0.11067944333923266,0.688622754491018,0.017190328103777203,0.27388535031847133,2.0,4.0,True,2019
0,15,8,11.0,22.0,2.0,8.0,4.0,4.0,12.0,25.0,3.0,6.0,7.0,7.0,0.11198598187957447,0.41025641025641024,0.06752757739835479,0.5059523809523809,2.0,2.0,False,2019
0,10,19,7.0,15.0,2.0,7.0,5.0,5.0,9.0,18.0,7.0,13.0,2.0,3.0,0.1666983135783379,0.39490445859872614,0.0941374084523343,0.49044585987261147,2.0,2.0,False,2019
1,4,24,16.0,25.0,4.0,7.0,12.0,14.0,8.0,16.0,5.0,8.0,7.0,7.0,0.1529238217045033,0.6280487804878049,0.18246630413240617,0.554140127388535,2.0,2.0,True,2019
0,3,5,10.0,17.0,3.0,7.0,2.0,2.0,10.0,15.0,3.0,9.0,5.0,5.0,0.05293300134313419,0.45251396648044695,0.10554867725839276,0.5617283950617284,2.0,2.0,False,2019
1,12,13,9.0,17.0,3.0,10.0,5.0,7.0,6.0,18.0,3.0,9.0,4.0,6.0,0.10933360875951277,0.5031055900621118,0.04903514996051091,0.33974358974358976,2.0,2.0,True,2019
0,13,12,6.0,18.0,3.0,9.0,4.0,6.0,9.0,17.0,3.0,10.0,5.0,7.0,0.04903514996051091,0.33974358974358976,0.12746688700761022,0.5061728395061729,2.0,2.0,False,2019
0,24,4,8.0,16.0,5.0,8.0,7.0,7.0,16.0,25.0,4.0,7.0,12.0,14.0,0.18246630413240617,0.554140127388535,0.16233905736360263,0.6303030303030303,2.0,2.0,False,2019
1,5,3,10.0,15.0,3.0,9.0,5.0,5.0,10.0,17.0,3.0,7.0,2.0,2.0,0.10554867725839276,0.5617283950617284,0.04234640107450735,0.45,2.0,2.0,True,2019
0,0,23,13.0,25.0,11.0,19.0,8.0,12.0,10.0,24.0,3.0,8.0,6.0,8.0,0.1427569184665305,0.7062146892655368,0.05655614494038226,0.5031055900621118,2.0,3.0,False,2019
1,11,14,13.0,23.0,4.0,8.0,6.0,6.0,13.0,25.0,6.0,12.0,6.0,10.0,0.16473574743111735,0.5833333333333334,0.07014751590222754,0.4634146341463415,2.0,2.0,True,2019
1,29,21,11.0,19.0,6.0,10.0,3.0,3.0,9.0,18.0,3.0,8.0,5.0,5.0,0.06799639033673396,0.43312101910828027,0.13935409426932785,0.4551282051282051,2.0,3.0,True,2019
0,21,29,9.0,18.0,3.0,8.0,5.0,5.0,11.0,19.0,6.0,10.0,3.0,3.0,0.13935409426932785,0.4551282051282051,0.09439711226938717,0.43670886075949367,3.0,2.0,False,2019
0,22,2,8.0,15.0,4.0,7.0,7.0,9.0,11.0,22.0,3.0,8.0,5.0,5.0,0.0634178166109188,0.5853658536585366,0.0859672533934091,0.581081081081081,2.0,3.0,False,2019
1,26,20,11.0,22.0,2.0,7.0,4.0,5.0,11.0,20.0,3.0,9.0,2.0,2.0,0.09115556773896959,0.5766871165644172,0.11907749154921263,0.6153846153846154,2.0,1.0,False,2019
1,23,0,10.0,24.0,3.0,8.0,6.0,8.0,13.0,25.0,11.0,19.0,8.0,12.0,0.05655614494038226,0.5031055900621118,0.1142055347732244,0.702247191011236,3.0,2.0,True,2019
0,17,9,13.0,25.0,4.0,10.0,6.0,6.0,10.0,25.0,3.0,8.0,5.0,5.0,0.1725139343469562,0.6,0.12506217073341597,0.3248407643312102,2.0,3.0,True,2019
1,9,17,10.0,25.0,3.0,8.0,5.0,5.0,13.0,25.0,4.0,10.0,6.0,6.0,0.12506217073341597,0.3248407643312102,0.1780111474775649,0.6024844720496895,3.0,2.0,False,2019
0,14,11,13.0,25.0,6.0,12.0,6.0,10.0,13.0,23.0,4.0,8.0,6.0,6.0,0.07014751590222754,0.4634146341463415,0.17178859794489393,0.5857988165680473,2.0,2.0,False,2019
0,20,26,11.0,20.0,3.0,9.0,2.0,2.0,11.0,22.0,2.0,7.0,4.0,5.0,0.11907749154921263,0.6153846153846154,0.07292445419117567,0.573170731707317,1.0,2.0,True,2019
1,2,22,11.0,22.0,3.0,8.0,5.0,5.0,8.0,15.0,4.0,7.0,7.0,9.0,0.0859672533934091,0.581081081081081,0.05073425328873504,0.5818181818181818,3.0,2.0,True,2019
0,16,7,16.0,28.0,2.0,6.0,11.0,14.0,19.0,29.0,3.0,7.0,7.0,8.0,0.07621928465661545,0.33121019108280253,0.03211983395973424,0.24050632911392406,3.0,3.0,True,2019
0,18,23,9.0,20.0,5.0,8.0,4.0,6.0,9.0,18.0,3.0,5.0,5.0,8.0,0.12688936521952637,0.6287425149700598,0.08524491595230581,0.5061728395061729,2.0,1.0,True,2019
1,22,10,10.0,17.0,3.0,7.0,3.0,4.0,9.0,18.0,4.0,11.0,3.0,4.0,0.05073425328873504,0.5818181818181818,0.13335865086267032,0.3924050632911392,1.0,2.0,False,2019
0,17,19,9.0,25.0,3.0,8.0,4.0,4.0,10.0,22.0,3.0,7.0,5.0,6.0,0.1780111474775649,0.6024844720496895,0.0941374084523343,0.49044585987261147,1.0,2.0,False,2019
1,19,17,10.0,22.0,3.0,7.0,5.0,6.0,9.0,25.0,3.0,8.0,4.0,4.0,0.0941374084523343,0.49044585987261147,0.14240891798205194,0.5987654320987654,2.0,1.0,True,2019
0,25,27,10.0,16.0,3.0,8.0,5.0,6.0,8.0,15.0,4.0,9.0,3.0,5.0,0.12854355467138612,0.6904761904761905,0.04849769811955295,0.3037974683544304,2.0,3.0,True,2019
1,27,25,8.0,15.0,4.0,9.0,3.0,5.0,10.0,16.0,3.0,8.0,5.0,6.0,0.04849769811955295,0.3037974683544304,0.1428348437371089,0.6923076923076923,3.0,2.0,False,2019
1,7,16,19.0,29.0,3.0,7.0,7.0,8.0,16.0,28.0,2.0,6.0,11.0,14.0,0.03211983395973424,0.24050632911392406,0.10097542772529236,0.33544303797468356,3.0,3.0,False,2019
0,10,22,9.0,18.0,4.0,11.0,3.0,4.0,10.0,17.0,3.0,7.0,3.0,4.0,0.13335865086267032,0.3924050632911392,0.040587402630988034,0.5783132530120482,2.0,1.0,True,2019
1,1,15,13.0,31.0,7.0,23.0,17.0,18.0,10.0,20.0,5.0,8.0,3.0,4.0,0.1428409932463183,0.7085714285714285,0.08958878550365958,0.40764331210191085,2.0,2.0,True,2019
0,2,6,7.0,12.0,2.0,4.0,6.0,7.0,12.0,24.0,4.0,12.0,6.0,8.0,0.10877380271472728,0.5866666666666667,0.07609206564737485,0.4177215189873418,1.0,2.0,False,2019
1,24,3,10.0,13.0,3.0,8.0,3.0,3.0,11.0,17.0,2.0,6.0,7.0,9.0,0.14597304330592492,0.5506329113924051,0.04234640107450735,0.45,2.0,2.0,True,2019
0,12,28,11.0,23.0,6.0,16.0,4.0,6.0,7.0,16.0,5.0,13.0,10.0,12.0,0.12746688700761022,0.5061728395061729,0.017190328103777203,0.27388535031847133,2.0,2.0,True,2019
1,6,2,12.0,24.0,4.0,12.0,6.0,8.0,7.0,12.0,2.0,4.0,6.0,7.0,0.07609206564737485,0.4177215189873418,0.08701904217178183,0.5789473684210527,2.0,1.0,True,2019
0,15,1,10.0,20.0,5.0,8.0,3.0,4.0,13.0,31.0,7.0,23.0,17.0,18.0,0.08958878550365958,0.40764331210191085,0.15427279459705462,0.7102272727272727,2.0,2.0,False,2019
1,23,18,9.0,18.0,3.0,5.0,5.0,8.0,9.0,20.0,5.0,8.0,4.0,6.0,0.08524491595230581,0.5061728395061729,0.14151149217562112,0.6309523809523809,1.0,2.0,False,2019
1,28,12,7.0,16.0,5.0,13.0,10.0,12.0,11.0,23.0,6.0,16.0,4.0,6.0,0.017190328103777203,0.27388535031847133,0.14197350960608818,0.50920245398773,2.0,2.0,False,2019
0,3,24,11.0,17.0,2.0,6.0,7.0,9.0,10.0,13.0,3.0,8.0,3.0,3.0,0.04234640107450735,0.45,0.15677843464473995,0.5534591194968553,2.0,2.0,False,2019
0,16,24,6.0,12.0,2.0,7.0,6.0,10.0,6.0,12.0,3.0,7.0,14.0,16.0,0.10097542772529236,0.33544303797468356,0.15677843464473995,0.5534591194968553,1.0,1.0,False,2019
0,4,9,10.0,22.0,5.0,10.0,6.0,6.0,10.0,19.0,4.0,9.0,4.0,6.0,0.16233905736360263,0.6303030303030303,0.10004973658673277,0.3227848101265823,3.0,2.0,False,2019
1,0,21,9.0,16.0,6.0,9.0,4.0,4.0,4.0,14.0,2.0,5.0,14.0,15.0,0.1142055347732244,0.702247191011236,0.11148327541546228,0.45222929936305734,2.0,2.0,True,2019
1,9,4,10.0,19.0,4.0,9.0,4.0,6.0,10.0,22.0,5.0,10.0,6.0,6.0,0.10004973658673277,0.3227848101265823,0.12987124589088211,0.6265060240963856,2.0,3.0,True,2019
0,21,0,4.0,14.0,2.0,5.0,14.0,15.0,9.0,16.0,6.0,9.0,4.0,4.0,0.11148327541546228,0.45222929936305734,0.13136442781857952,0.7039106145251397,2.0,2.0,False,2019
1,5,15,12.0,24.0,2.0,7.0,3.0,6.0,8.0,15.0,4.0,6.0,6.0,7.0,0.12443894180671422,0.5644171779141104,0.07167102840292766,0.4050632911392405,3.0,1.0,False,2019
0,15,5,8.0,15.0,4.0,6.0,6.0,7.0,12.0,24.0,2.0,7.0,3.0,6.0,0.07167102840292766,0.4050632911392405,0.09955115344537138,0.5609756097560976,1.0,3.0,True,2019
0,29,8,9.0,16.0,4.0,7.0,5.0,7.0,7.0,15.0,3.0,9.0,5.0,6.0,0.09439711226938717,0.43670886075949367,0.06752757739835479,0.5059523809523809,2.0,3.0,True,2019
1,20,14,11.0,15.0,2.0,10.0,7.0,9.0,9.0,16.0,5.0,7.0,5.0,6.0,0.1352619932393701,0.6178343949044586,0.05611801272178203,0.46060606060606063,2.0,2.0,False,2019
0,14,20,9.0,16.0,5.0,7.0,5.0,6.0,11.0,15.0,2.0,10.0,7.0,9.0,0.05611801272178203,0.46060606060606063,0.10820959459149608,0.6139240506329114,2.0,2.0,True,2019
0,13,26,10.0,18.0,4.0,8.0,7.0,10.0,10.0,20.0,5.0,12.0,6.0,7.0,0.03922811996840873,0.3375796178343949,0.07292445419117567,0.573170731707317,3.0,2.0,True,2019
1,8,29,7.0,15.0,3.0,9.0,5.0,6.0,9.0,16.0,4.0,7.0,5.0,7.0,0.06752757739835479,0.5059523809523809,0.11551768981550974,0.44025157232704404,3.0,2.0,False,2019
1,26,13,10.0,20.0,5.0,12.0,6.0,7.0,10.0,18.0,4.0,8.0,7.0,10.0,0.07292445419117567,0.573170731707317,0.07138249597472698,0.34177215189873417,2.0,3.0,False,2019
1,24,16,6.0,12.0,3.0,7.0,14.0,16.0,6.0,12.0,2.0,7.0,6.0,10.0,0.15677843464473995,0.5534591194968553,0.08078034218023389,0.3333333333333333,1.0,1.0,True,2019
1,28,27,8.0,21.0,6.0,7.0,6.0,8.0,12.0,18.0,1.0,7.0,5.0,8.0,0.013752262483021763,0.2721518987341772,0.03879815849564236,0.3018867924528302,2.0,2.0,True,2019
1,7,3,8.0,18.0,3.0,9.0,7.0,7.0,9.0,23.0,3.0,6.0,5.0,9.0,0.02569586716778739,0.2389937106918239,0.03387712085960588,0.44751381215469616,2.0,2.0,True,2019
1,22,19,8.0,16.0,4.0,6.0,5.0,6.0,10.0,19.0,4.0,13.0,5.0,5.0,0.040587402630988034,0.5783132530120482,0.11530992676186744,0.4936708860759494,2.0,2.0,True,2019
0,4,6,10.0,23.0,3.0,9.0,9.0,11.0,9.0,27.0,5.0,12.0,6.0,8.0,0.12987124589088211,0.6265060240963856,0.10087365251789988,0.42138364779874216,1.0,2.0,True,2019
0,19,22,10.0,19.0,4.0,13.0,5.0,5.0,8.0,16.0,4.0,6.0,5.0,6.0,0.11530992676186744,0.4936708860759494,0.07246992210479043,0.5808383233532934,2.0,2.0,False,2019
0,21,11,15.0,28.0,4.0,8.0,13.0,15.0,8.0,17.0,5.0,8.0,9.0,9.0,0.08918662033236982,0.44936708860759494,0.17178859794489393,0.5857988165680473,1.0,3.0,False,2019
0,27,28,12.0,18.0,1.0,7.0,5.0,8.0,8.0,21.0,6.0,7.0,6.0,8.0,0.03879815849564236,0.3018867924528302,0.051001809986417415,0.27672955974842767,2.0,2.0,False,2019
0,17,23,8.0,17.0,5.0,9.0,6.0,8.0,7.0,21.0,2.0,6.0,6.0,6.0,0.14240891798205194,0.5987654320987654,0.06819593276184464,0.5030674846625767,2.0,2.0,True,2019
0,12,2,12.0,20.0,3.0,10.0,3.0,3.0,7.0,19.0,5.0,11.0,6.0,6.0,0.14197350960608818,0.50920245398773,0.08701904217178183,0.5789473684210527,2.0,2.0,False,2019
0,18,13,10.0,19.0,4.0,11.0,7.0,11.0,7.0,14.0,3.0,6.0,7.0,8.0,0.14151149217562112,0.6309523809523809,0.07138249597472698,0.34177215189873417,2.0,1.0,False,2019
0,3,7,9.0,23.0,3.0,6.0,5.0,9.0,8.0,18.0,3.0,9.0,7.0,7.0,0.03387712085960588,0.44751381215469616,0.060556693734229915,0.24375,2.0,2.0,False,2019
1,13,18,7.0,14.0,3.0,6.0,7.0,8.0,10.0,19.0,4.0,11.0,7.0,11.0,0.07138249597472698,0.34177215189873417,0.1132091937404969,0.6272189349112426,1.0,2.0,True,2019
0,10,25,8.0,16.0,2.0,8.0,4.0,4.0,11.0,15.0,7.0,10.0,4.0,4.0,0.14668692069013625,0.39622641509433965,0.1428348437371089,0.6923076923076923,2.0,2.0,False,2019
1,25,10,11.0,15.0,7.0,10.0,4.0,4.0,8.0,16.0,2.0,8.0,4.0,4.0,0.1428348437371089,0.6923076923076923,0.117349536552109,0.39375,2.0,2.0,True,2019
1,11,21,8.0,17.0,5.0,8.0,9.0,9.0,15.0,28.0,4.0,8.0,13.0,15.0,0.17178859794489393,0.5857988165680473,0.07134929626589585,0.44654088050314467,3.0,1.0,True,2019
1,2,12,7.0,19.0,5.0,11.0,6.0,6.0,12.0,20.0,3.0,10.0,3.0,3.0,0.08701904217178183,0.5789473684210527,0.11357880768487054,0.5060975609756098,2.0,2.0,True,2019
1,23,17,7.0,21.0,2.0,6.0,6.0,6.0,8.0,17.0,5.0,9.0,6.0,8.0,0.06819593276184464,0.5030674846625767,0.15392713438564154,0.6012269938650306,2.0,2.0,False,2019
1,6,4,9.0,27.0,5.0,12.0,6.0,8.0,10.0,23.0,3.0,9.0,9.0,11.0,0.10087365251789988,0.42138364779874216,0.14389699671270567,0.6287425149700598,2.0,1.0,False,2019
0,20,0,6.0,14.0,2.0,5.0,4.0,4.0,12.0,17.0,5.0,10.0,2.0,4.0,0.10820959459149608,0.6139240506329114,0.13136442781857952,0.7039106145251397,2.0,2.0,False,2019
0,9,5,10.0,16.0,5.0,7.0,5.0,6.0,10.0,12.0,5.0,8.0,15.0,16.0,0.12003978926938622,0.3270440251572327,0.09955115344537138,0.5609756097560976,2.0,2.0,False,2019
1,0,20,12.0,17.0,5.0,10.0,2.0,4.0,6.0,14.0,2.0,5.0,4.0,4.0,0.13136442781857952,0.7039106145251397,0.08656767567319687,0.610062893081761,2.0,2.0,True,2019
0,29,26,9.0,16.0,5.0,10.0,4.0,6.0,8.0,23.0,4.0,10.0,4.0,7.0,0.11551768981550974,0.44025157232704404,0.058339563352940535,0.5696969696969697,2.0,2.0,False,2019
1,15,1,8.0,18.0,4.0,9.0,3.0,5.0,12.0,19.0,7.0,12.0,5.0,6.0,0.09733682272234212,0.4088050314465409,0.15427279459705462,0.7102272727272727,2.0,3.0,False,2019
0,1,15,12.0,19.0,7.0,12.0,5.0,6.0,8.0,18.0,4.0,9.0,3.0,5.0,0.15427279459705462,0.7102272727272727,0.07786945817787369,0.40625,3.0,2.0,True,2019
1,5,9,10.0,12.0,5.0,8.0,15.0,16.0,10.0,16.0,5.0,7.0,5.0,6.0,0.09955115344537138,0.5609756097560976,0.09603183141550897,0.325,2.0,2.0,True,2019
1,26,29,8.0,23.0,4.0,10.0,4.0,7.0,9.0,16.0,5.0,10.0,4.0,6.0,0.058339563352940535,0.5696969696969697,0.09241415185240778,0.4375,2.0,2.0,True,2019
0,5,20,6.0,13.0,3.0,5.0,4.0,5.0,9.0,14.0,3.0,8.0,2.0,3.0,0.11964092275629709,0.5636363636363636,0.08656767567319687,0.610062893081761,1.0,1.0,False,2019
0,28,10,11.0,22.0,3.0,5.0,6.0,8.0,11.0,21.0,5.0,10.0,6.0,8.0,0.051001809986417415,0.27672955974842767,0.117349536552109,0.39375,2.0,2.0,False,2019
0,11,7,10.0,19.0,6.0,8.0,7.0,7.0,8.0,16.0,2.0,4.0,2.0,4.0,0.17743087835591514,0.5882352941176471,0.060556693734229915,0.24375,2.0,2.0,True,2019
1,7,11,8.0,16.0,2.0,4.0,2.0,4.0,10.0,19.0,6.0,8.0,7.0,7.0,0.060556693734229915,0.24375,0.18194470268473212,0.5906432748538012,2.0,2.0,False,2019
1,20,5,9.0,14.0,3.0,8.0,2.0,3.0,6.0,13.0,3.0,5.0,4.0,5.0,0.08656767567319687,0.610062893081761,0.09571273820503767,0.5602409638554217,1.0,1.0,True,2019
1,19,22,11.0,16.0,5.0,12.0,6.0,11.0,9.0,15.0,2.0,5.0,5.0,7.0,0.09224794140949395,0.49056603773584906,0.07246992210479043,0.5808383233532934,2.0,2.0,False,2019
0,22,19,9.0,15.0,2.0,5.0,5.0,7.0,11.0,16.0,5.0,12.0,6.0,11.0,0.07246992210479043,0.5808383233532934,0.07379835312759517,0.4875,2.0,2.0,True,2019
1,24,1,8.0,16.0,2.0,6.0,7.0,11.0,11.0,19.0,5.0,10.0,10.0,12.0,0.16542274771579196,0.55625,0.16341823567764374,0.711864406779661,3.0,1.0,False,2019
0,1,24,11.0,19.0,5.0,10.0,10.0,12.0,8.0,16.0,2.0,6.0,7.0,11.0,0.16341823567764374,0.711864406779661,0.13233819817263356,0.5527950310559007,1.0,3.0,True,2019
1,10,28,11.0,21.0,5.0,10.0,6.0,8.0,11.0,22.0,3.0,5.0,6.0,8.0,0.117349536552109,0.39375,0.04080144798913393,0.275,2.0,2.0,True,2019
0,21,8,9.0,17.0,3.0,8.0,12.0,13.0,12.0,19.0,3.0,12.0,7.0,8.0,0.07134929626589585,0.44654088050314467,0.05402206191868383,0.5029585798816568,2.0,3.0,True,2019
1,8,21,12.0,19.0,3.0,12.0,7.0,8.0,9.0,17.0,3.0,8.0,12.0,13.0,0.05402206191868383,0.5029585798816568,0.09707943701271668,0.45,3.0,2.0,False,2019
0,2,12,10.0,19.0,3.0,9.0,12.0,13.0,9.0,22.0,5.0,13.0,5.0,8.0,0.10961523373742546,0.5844155844155844,0.11357880768487054,0.5060975609756098,2.0,2.0,True,2019
1,14,27,9.0,18.0,1.0,4.0,4.0,6.0,11.0,16.0,2.0,5.0,4.0,4.0,0.08489441017742563,0.463855421686747,0.031038526796513886,0.3,3.0,2.0,False,2019
0,23,13,12.0,15.0,3.0,8.0,6.0,6.0,11.0,21.0,2.0,8.0,9.0,10.0,0.05455674620947572,0.5,0.09710599677978159,0.34591194968553457,2.0,2.0,True,2019
1,13,23,11.0,21.0,2.0,8.0,9.0,10.0,12.0,15.0,3.0,8.0,6.0,6.0,0.09710599677978159,0.34591194968553457,0.08364539696758058,0.503030303030303,2.0,2.0,False,2019
0,18,9,10.0,22.0,6.0,13.0,7.0,10.0,12.0,18.0,2.0,9.0,7.0,7.0,0.1132091937404969,0.6272189349112426,0.09603183141550897,0.325,2.0,1.0,False,2019
1,6,25,11.0,25.0,5.0,10.0,5.0,6.0,11.0,25.0,5.0,7.0,4.0,4.0,0.08069892201431991,0.41875,0.1542678749896871,0.6941176470588235,2.0,2.0,False,2019
1,17,16,10.0,18.0,2.0,7.0,2.0,4.0,6.0,11.0,3.0,7.0,6.0,6.0,0.15392713438564154,0.6012269938650306,0.08078034218023389,0.3333333333333333,2.0,3.0,True,2019
0,25,6,11.0,25.0,5.0,7.0,4.0,4.0,11.0,25.0,5.0,10.0,5.0,6.0,0.1542678749896871,0.6941176470588235,0.06455913761145593,0.4161490683229814,2.0,2.0,True,2019
0,16,17,6.0,11.0,3.0,7.0,6.0,6.0,10.0,18.0,2.0,7.0,2.0,4.0,0.08078034218023389,0.3333333333333333,0.16314170750851326,0.6036585365853658,3.0,2.0,False,2019
1,12,2,9.0,22.0,5.0,13.0,5.0,8.0,10.0,19.0,3.0,9.0,12.0,13.0,0.11357880768487054,0.5060975609756098,0.12769218698994036,0.5897435897435898,2.0,2.0,False,2019
0,27,14,11.0,16.0,2.0,5.0,4.0,4.0,9.0,18.0,1.0,4.0,4.0,6.0,0.031038526796513886,0.3,0.0679155281419405,0.46107784431137727,2.0,3.0,True,2019
1,9,18,12.0,18.0,2.0,9.0,7.0,7.0,10.0,22.0,6.0,13.0,7.0,10.0,0.09603183141550897,0.325,0.09056735499239751,0.6235294117647059,1.0,2.0,True,2019
1,15,3,9.0,16.0,5.0,11.0,3.0,4.0,9.0,14.0,3.0,5.0,2.0,2.0,0.07786945817787369,0.40625,0.027101696687684706,0.44505494505494503,2.0,3.0,True,2019
0,0,29,9.0,17.0,3.0,9.0,2.0,2.0,8.0,19.0,3.0,9.0,5.0,5.0,0.1450915422548636,0.7055555555555556,0.09241415185240778,0.4375,2.0,2.0,True,2019
0,3,15,9.0,14.0,3.0,5.0,2.0,2.0,9.0,16.0,5.0,11.0,3.0,4.0,0.027101696687684706,0.44505494505494503,0.10229556654229896,0.40993788819875776,3.0,2.0,False,2019
0,4,18,13.0,22.0,3.0,7.0,16.0,21.0,12.0,31.0,6.0,9.0,7.0,10.0,0.14389699671270567,0.6287425149700598,0.09056735499239751,0.6235294117647059,3.0,1.0,True,2019
1,18,4,12.0,31.0,6.0,9.0,7.0,10.0,13.0,22.0,3.0,7.0,16.0,21.0,0.09056735499239751,0.6235294117647059,0.15511759737016456,0.6309523809523809,1.0,3.0,False,2019
1,29,0,8.0,19.0,3.0,9.0,5.0,5.0,9.0,17.0,3.0,9.0,2.0,2.0,0.09241415185240778,0.4375,0.15607323380389088,0.7071823204419889,2.0,2.0,False,2019
1,11,15,10.0,19.0,5.0,9.0,5.0,8.0,7.0,17.0,3.0,7.0,5.0,9.0,0.18194470268473212,0.5906432748538012,0.10229556654229896,0.40993788819875776,2.0,1.0,True,2019
1,7,8,15.0,29.0,5.0,9.0,6.0,6.0,13.0,24.0,4.0,7.0,7.0,11.0,0.048445354987383935,0.2422360248447205,0.04321764953494706,0.5,2.0,2.0,True,2019
1,21,25,11.0,19.0,4.0,8.0,4.0,6.0,12.0,18.0,2.0,8.0,4.0,7.0,0.09707943701271668,0.45,0.1634142999917497,0.695906432748538,2.0,2.0,True,2019
0,29,24,10.0,25.0,5.0,14.0,7.0,7.0,10.0,19.0,3.0,7.0,8.0,9.0,0.07393132148192623,0.43478260869565216,0.13233819817263356,0.5527950310559007,1.0,2.0,True,2019
1,13,16,9.0,15.0,3.0,7.0,5.0,6.0,10.0,19.0,3.0,7.0,4.0,5.0,0.07768479742382527,0.34375,0.06462427374418711,0.33125,2.0,2.0,False,2019
0,28,1,6.0,14.0,2.0,8.0,4.0,7.0,8.0,21.0,5.0,13.0,5.0,5.0,0.04080144798913393,0.275,0.17073458854211498,0.7134831460674157,2.0,2.0,False,2019
1,23,12,8.0,15.0,2.0,5.0,5.0,5.0,8.0,17.0,6.0,12.0,7.0,7.0,0.08364539696758058,0.503030303030303,0.09086304614789643,0.503030303030303,2.0,2.0,True,2019
0,16,13,10.0,19.0,3.0,7.0,4.0,5.0,9.0,15.0,3.0,7.0,5.0,6.0,0.06462427374418711,0.33125,0.062147837939060216,0.3416149068322981,2.0,2.0,True,2019
1,0,3,12.0,21.0,9.0,12.0,7.0,7.0,10.0,21.0,3.0,7.0,4.0,6.0,0.15607323380389088,0.7071823204419889,0.021681357350147763,0.4426229508196721,1.0,1.0,True,2019
0,9,10,8.0,18.0,3.0,7.0,5.0,7.0,11.0,14.0,6.0,10.0,5.0,6.0,0.11682546513240717,0.32919254658385094,0.1338796292416872,0.39751552795031053,2.0,2.0,False,2019
0,15,11,7.0,17.0,3.0,7.0,5.0,9.0,10.0,19.0,5.0,9.0,5.0,8.0,0.10229556654229896,0.40993788819875776,0.18555576214778569,0.5930232558139535,1.0,2.0,False,2019
0,2,22,9.0,19.0,1.0,6.0,3.0,4.0,6.0,10.0,2.0,6.0,3.0,6.0,0.12769218698994036,0.5897435897435898,0.09797593768383234,0.5833333333333334,2.0,2.0,True,2019
0,25,21,12.0,18.0,2.0,8.0,4.0,7.0,11.0,19.0,4.0,8.0,4.0,6.0,0.1634142999917497,0.695906432748538,0.11766354961017336,0.453416149068323,2.0,2.0,False,2019
0,12,23,8.0,17.0,6.0,12.0,7.0,7.0,8.0,15.0,2.0,5.0,5.0,5.0,0.09086304614789643,0.503030303030303,0.10691631757406446,0.5060240963855421,2.0,2.0,False,2019
0,17,20,12.0,17.0,3.0,6.0,8.0,9.0,9.0,15.0,2.0,5.0,7.0,7.0,0.16314170750851326,0.6036585365853658,0.1092541405385575,0.6125,2.0,2.0,False,2019
1,20,17,9.0,15.0,2.0,5.0,7.0,7.0,12.0,17.0,3.0,6.0,8.0,9.0,0.1092541405385575,0.6125,0.1305133660068106,0.6,2.0,2.0,True,2019
1,10,9,11.0,14.0,6.0,10.0,5.0,6.0,8.0,18.0,3.0,7.0,5.0,7.0,0.1338796292416872,0.39751552795031053,0.09346037210592574,0.3271604938271605,2.0,2.0,True,2019
0,19,26,11.0,20.0,9.0,14.0,14.0,16.0,11.0,24.0,4.0,8.0,6.0,10.0,0.07379835312759517,0.4875,0.08667165068235241,0.572289156626506,2.0,3.0,False,2019
0,8,7,13.0,24.0,4.0,7.0,7.0,11.0,15.0,29.0,5.0,9.0,6.0,6.0,0.04321764953494706,0.5,0.07875628398990715,0.24691358024691357,2.0,2.0,False,2019
0,5,14,10.0,17.0,4.0,10.0,4.0,5.0,9.0,19.0,2.0,6.0,5.0,6.0,0.09571273820503767,0.5602409638554217,0.0679155281419405,0.46107784431137727,2.0,2.0,True,2019
0,3,0,10.0,21.0,3.0,7.0,4.0,6.0,12.0,21.0,9.0,12.0,7.0,7.0,0.021681357350147763,0.4426229508196721,0.16485858704311268,0.7087912087912088,1.0,1.0,False,2019
1,26,19,11.0,24.0,4.0,8.0,6.0,10.0,11.0,20.0,9.0,14.0,14.0,16.0,0.08667165068235241,0.572289156626506,0.05903868250207613,0.484472049689441,3.0,2.0,True,2019
1,14,5,9.0,19.0,2.0,6.0,5.0,6.0,10.0,17.0,4.0,10.0,4.0,5.0,0.0679155281419405,0.46107784431137727,0.11657019056403013,0.562874251497006,2.0,2.0,False,2019
1,22,2,6.0,10.0,2.0,6.0,3.0,6.0,9.0,19.0,1.0,6.0,3.0,4.0,0.09797593768383234,0.5833333333333334,0.1421537495919523,0.5949367088607594,2.0,2.0,False,2019
1,1,28,8.0,21.0,5.0,13.0,5.0,5.0,6.0,14.0,2.0,8.0,4.0,7.0,0.17073458854211498,0.7134831460674157,0.03264115839130714,0.2732919254658385,2.0,2.0,True,2019
1,24,29,10.0,19.0,3.0,7.0,8.0,9.0,10.0,25.0,5.0,14.0,7.0,7.0,0.13233819817263356,0.5527950310559007,0.09914505718554098,0.4382716049382716,2.0,1.0,False,2019
1,4,6,12.0,18.0,5.0,7.0,4.0,7.0,10.0,16.0,4.0,11.0,6.0,6.0,0.15511759737016456,0.6309523809523809,0.06455913761145593,0.4161490683229814,2.0,3.0,False,2019
0,6,4,10.0,16.0,4.0,11.0,6.0,6.0,12.0,18.0,5.0,7.0,4.0,7.0,0.06455913761145593,0.4161490683229814,0.12409407789613165,0.6272189349112426,3.0,2.0,True,2019
0,18,27,9.0,16.0,4.0,7.0,4.0,6.0,11.0,17.0,2.0,6.0,6.0,7.0,0.07245388399391801,0.6198830409356725,0.06483082143721111,0.30434782608695654,2.0,3.0,True,2019
1,27,18,11.0,17.0,2.0,6.0,6.0,7.0,9.0,16.0,4.0,7.0,4.0,6.0,0.06483082143721111,0.30434782608695654,0.09796310719513442,0.622093023255814,3.0,2.0,False,2019
0,5,3,6.0,14.0,4.0,7.0,6.0,7.0,6.0,15.0,2.0,7.0,5.0,7.0,0.11657019056403013,0.562874251497006,0.01734508588011821,0.44021739130434784,2.0,2.0,True,2019
0,6,22,7.0,16.0,4.0,7.0,5.0,6.0,8.0,12.0,2.0,4.0,2.0,2.0,0.09164731008916474,0.41975308641975306,0.07838075014706587,0.5798816568047337,1.0,2.0,True,2019
0,9,4,13.0,23.0,6.0,12.0,3.0,7.0,10.0,19.0,2.0,8.0,8.0,12.0,0.09346037210592574,0.3271604938271605,0.12409407789613165,0.6272189349112426,2.0,1.0,False,2019
0,26,23,10.0,22.0,4.0,13.0,7.0,7.0,11.0,18.0,5.0,9.0,13.0,14.0,0.10933732054588194,0.5748502994011976,0.10691631757406446,0.5060240963855421,2.0,2.0,True,2019
1,3,5,6.0,15.0,2.0,7.0,5.0,7.0,6.0,14.0,4.0,7.0,6.0,7.0,0.01734508588011821,0.44021739130434784,0.1332561524512241,0.5654761904761905,2.0,2.0,False,2019
1,1,7,10.0,14.0,8.0,13.0,8.0,10.0,9.0,17.0,4.0,8.0,5.0,8.0,0.17658767083369198,0.7150837988826816,0.07875628398990715,0.24691358024691357,2.0,2.0,True,2019
0,21,19,11.0,29.0,3.0,11.0,6.0,8.0,9.0,18.0,3.0,11.0,4.0,5.0,0.11766354961017336,0.453416149068323,0.05903868250207613,0.484472049689441,2.0,2.0,True,2019
0,12,25,7.0,18.0,5.0,12.0,5.0,6.0,8.0,19.0,5.0,9.0,5.0,7.0,0.07269043691831714,0.5,0.13073143999339976,0.6918604651162791,2.0,2.0,False,2019
0,24,0,5.0,12.0,5.0,7.0,4.0,4.0,11.0,20.0,3.0,10.0,4.0,4.0,0.10587055853810685,0.5493827160493827,0.16485858704311268,0.7087912087912088,2.0,2.0,False,2019
0,8,15,11.0,21.0,7.0,15.0,4.0,5.0,10.0,18.0,4.0,10.0,5.0,6.0,0.03457411962795765,0.49707602339181284,0.08183645323383917,0.4074074074074074,2.0,2.0,True,2019
1,2,10,9.0,19.0,4.0,6.0,7.0,7.0,12.0,22.0,5.0,11.0,9.0,9.0,0.1421537495919523,0.5949367088607594,0.14710370339334974,0.4012345679012346,2.0,2.0,False,2019
1,4,9,10.0,19.0,2.0,8.0,8.0,12.0,13.0,23.0,6.0,12.0,3.0,7.0,0.12409407789613165,0.6272189349112426,0.0747682976847406,0.32515337423312884,1.0,2.0,True,2019
1,16,13,9.0,20.0,6.0,11.0,6.0,8.0,8.0,19.0,2.0,9.0,6.0,7.0,0.0916994189953497,0.33540372670807456,0.062147837939060216,0.3416149068322981,2.0,2.0,False,2019
1,0,24,11.0,20.0,3.0,10.0,4.0,4.0,5.0,12.0,5.0,7.0,4.0,4.0,0.16485858704311268,0.7087912087912088,0.08469644683048548,0.5460122699386503,2.0,2.0,True,2019
0,14,28,7.0,17.0,3.0,8.0,5.0,6.0,12.0,21.0,4.0,8.0,5.0,8.0,0.0543324225135524,0.4583333333333333,0.03264115839130714,0.2732919254658385,2.0,2.0,False,2019
0,11,29,8.0,17.0,3.0,10.0,7.0,8.0,13.0,22.0,4.0,8.0,6.0,9.0,0.18555576214778569,0.5930232558139535,0.09914505718554098,0.4382716049382716,2.0,2.0,False,2019
1,15,8,10.0,18.0,4.0,10.0,5.0,6.0,11.0,21.0,7.0,15.0,4.0,5.0,0.08183645323383917,0.4074074074074074,0.06765929570236612,0.5,2.0,2.0,False,2019
1,28,14,12.0,21.0,4.0,8.0,5.0,8.0,7.0,17.0,3.0,8.0,5.0,6.0,0.03264115839130714,0.2732919254658385,0.04346593801084192,0.4556213017751479,2.0,2.0,True,2019
1,22,6,8.0,12.0,2.0,4.0,2.0,2.0,7.0,16.0,4.0,7.0,5.0,6.0,0.07838075014706587,0.5798816568047337,0.11331784807133179,0.4233128834355828,2.0,1.0,False,2019
1,17,20,9.0,19.0,5.0,11.0,7.0,8.0,8.0,14.0,3.0,7.0,4.0,5.0,0.1305133660068106,0.6,0.12740331243084602,0.6149068322981367,2.0,2.0,True,2019
0,20,17,8.0,14.0,3.0,7.0,4.0,5.0,9.0,19.0,5.0,11.0,7.0,8.0,0.12740331243084602,0.6149068322981367,0.1444106928054485,0.6024096385542169,2.0,2.0,False,2019
1,23,26,11.0,18.0,5.0,9.0,13.0,14.0,10.0,22.0,4.0,13.0,7.0,7.0,0.10691631757406446,0.5060240963855421,0.12746985643670555,0.5773809523809523,2.0,2.0,False,2019
1,19,21,9.0,18.0,3.0,11.0,4.0,5.0,11.0,29.0,3.0,11.0,6.0,8.0,0.05903868250207613,0.484472049689441,0.1341308396881387,0.4567901234567901,2.0,2.0,False,2019
1,29,11,13.0,22.0,4.0,8.0,6.0,9.0,8.0,17.0,3.0,10.0,7.0,8.0,0.09914505718554098,0.4382716049382716,0.14844460971822854,0.5895953757225434,2.0,2.0,True,2019
0,13,16,8.0,19.0,2.0,9.0,6.0,7.0,9.0,20.0,6.0,11.0,6.0,8.0,0.062147837939060216,0.3416149068322981,0.07335953519627976,0.3333333333333333,2.0,2.0,True,2019
0,7,1,9.0,17.0,4.0,8.0,5.0,8.0,10.0,14.0,8.0,13.0,8.0,10.0,0.07875628398990715,0.24691358024691357,0.18127013666695357,0.7166666666666667,2.0,2.0,False,2019
0,10,2,12.0,22.0,5.0,11.0,9.0,9.0,9.0,19.0,4.0,6.0,7.0,7.0,0.14710370339334974,0.4012345679012346,0.11372299967356184,0.5875,2.0,2.0,True,2019
1,25,12,8.0,19.0,5.0,9.0,5.0,7.0,7.0,18.0,5.0,12.0,5.0,6.0,0.13073143999339976,0.6918604651162791,0.058152349534653716,0.49700598802395207,2.0,2.0,True,2019
1,11,20,14.0,26.0,5.0,8.0,13.0,16.0,9.0,21.0,5.0,6.0,4.0,5.0,0.14844460971822854,0.5895953757225434,0.10192264994467681,0.6111111111111112,2.0,2.0,True,2019
0,18,12,7.0,16.0,2.0,6.0,6.0,6.0,10.0,23.0,4.0,10.0,6.0,6.0,0.09796310719513442,0.622093023255814,0.058152349534653716,0.49700598802395207,3.0,2.0,False,2019
0,28,27,10.0,23.0,4.0,9.0,3.0,6.0,6.0,16.0,2.0,5.0,7.0,8.0,0.06611292671304572,0.2777777777777778,0.051864657149768886,0.30246913580246915,2.0,3.0,True,2019
1,19,16,9.0,16.0,5.0,9.0,8.0,12.0,6.0,13.0,3.0,6.0,7.0,8.0,0.0472309460016609,0.48148148148148145,0.07335953519627976,0.3333333333333333,2.0,2.0,True,2019
1,23,25,7.0,17.0,2.0,7.0,5.0,6.0,8.0,14.0,4.0,7.0,4.0,4.0,0.08553305405925157,0.5029940119760479,0.1445851519947198,0.6936416184971098,2.0,2.0,False,2019
0,21,3,9.0,18.0,4.0,10.0,6.0,8.0,8.0,17.0,3.0,7.0,2.0,2.0,0.1341308396881387,0.4567901234567901,0.01387606870409457,0.43783783783783786,2.0,2.0,True,2019
0,7,13,18.0,30.0,7.0,13.0,8.0,9.0,11.0,31.0,5.0,14.0,7.0,8.0,0.06300502719192572,0.24539877300613497,0.08971827035124817,0.345679012345679,2.0,2.0,False,2019
0,25,23,8.0,14.0,4.0,7.0,4.0,4.0,7.0,17.0,2.0,7.0,5.0,6.0,0.1445851519947198,0.6936416184971098,0.06842644324740126,0.5,2.0,2.0,True,2019
0,20,11,9.0,21.0,5.0,6.0,4.0,5.0,14.0,26.0,5.0,8.0,13.0,16.0,0.10192264994467681,0.6111111111111112,0.15875568777458285,0.5919540229885057,2.0,2.0,False,2019
1,27,28,6.0,16.0,2.0,5.0,7.0,8.0,10.0,23.0,4.0,9.0,3.0,6.0,0.051864657149768886,0.30246913580246915,0.09289034137043657,0.2822085889570552,3.0,2.0,False,2019
1,3,21,8.0,17.0,3.0,7.0,2.0,2.0,9.0,18.0,4.0,10.0,6.0,8.0,0.01387606870409457,0.43783783783783786,0.14730467175051093,0.4601226993865031,2.0,2.0,False,2019
0,17,29,9.0,16.0,5.0,10.0,7.0,8.0,11.0,31.0,5.0,15.0,5.0,7.0,0.1444106928054485,0.6024096385542169,0.1193160457484328,0.44171779141104295,2.0,2.0,True,2019
1,12,18,10.0,23.0,4.0,10.0,6.0,6.0,7.0,16.0,2.0,6.0,6.0,6.0,0.058152349534653716,0.49700598802395207,0.07837048575610753,0.6184971098265896,2.0,3.0,True,2019
1,13,7,11.0,31.0,5.0,14.0,7.0,8.0,18.0,30.0,7.0,13.0,8.0,9.0,0.08971827035124817,0.345679012345679,0.05040402175354057,0.24390243902439024,2.0,2.0,True,2019
0,2,14,8.0,17.0,4.0,10.0,5.0,7.0,7.0,13.0,3.0,8.0,4.0,6.0,0.11372299967356184,0.5875,0.04346593801084192,0.4556213017751479,2.0,2.0,True,2019
1,14,2,7.0,13.0,3.0,8.0,4.0,6.0,8.0,17.0,4.0,10.0,5.0,7.0,0.04346593801084192,0.4556213017751479,0.13097839973884945,0.5925925925925926,2.0,2.0,False,2019
1,29,17,11.0,31.0,5.0,15.0,5.0,7.0,9.0,16.0,5.0,10.0,7.0,8.0,0.1193160457484328,0.44171779141104295,0.1555285542443588,0.6047904191616766,2.0,2.0,False,2019
0,16,19,6.0,13.0,3.0,6.0,7.0,8.0,9.0,16.0,5.0,9.0,8.0,12.0,0.07335953519627976,0.3333333333333333,0.07778475680132872,0.48466257668711654,2.0,2.0,False,2019
1,26,1,11.0,25.0,4.0,14.0,5.0,6.0,11.0,28.0,5.0,15.0,12.0,13.0,0.12746985643670555,0.5773809523809523,0.18127013666695357,0.7166666666666667,2.0,2.0,True,2019
1,8,0,15.0,24.0,3.0,10.0,4.0,5.0,7.0,18.0,4.0,7.0,6.0,10.0,0.06765929570236612,0.5,0.17188686963449015,0.7103825136612022,2.0,2.0,False,2019
0,0,8,7.0,18.0,4.0,7.0,6.0,10.0,15.0,24.0,3.0,10.0,4.0,5.0,0.17188686963449015,0.7103825136612022,0.054127436561892894,0.49710982658959535,2.0,2.0,True,2019
0,1,26,11.0,28.0,5.0,15.0,12.0,13.0,11.0,25.0,4.0,14.0,5.0,6.0,0.18127013666695357,0.7166666666666667,0.14197588514936446,0.5798816568047337,2.0,2.0,False,2019
0,26,4,11.0,21.0,8.0,15.0,4.0,4.0,10.0,23.0,4.0,9.0,5.0,7.0,0.14197588514936446,0.5798816568047337,0.13927526231690532,0.6294117647058823,1.0,3.0,True,2019
1,21,10,16.0,25.0,4.0,9.0,7.0,7.0,12.0,19.0,6.0,10.0,5.0,5.0,0.14730467175051093,0.4601226993865031,0.1576829627146798,0.4049079754601227,1.0,3.0,False,2019
0,15,17,8.0,16.0,3.0,11.0,4.0,6.0,13.0,21.0,7.0,11.0,4.0,6.0,0.06546916258707133,0.4049079754601227,0.1555285542443588,0.6047904191616766,3.0,1.0,False,2019
1,4,26,10.0,23.0,4.0,9.0,5.0,7.0,11.0,21.0,8.0,15.0,4.0,4.0,0.13927526231690532,0.6294117647058823,0.15358070811949157,0.5823529411764706,3.0,1.0,False,2019
0,22,9,12.0,19.0,5.0,8.0,9.0,11.0,8.0,18.0,5.0,8.0,10.0,11.0,0.06270460011765269,0.5764705882352941,0.0747682976847406,0.32515337423312884,3.0,3.0,True,2019
1,28,19,6.0,12.0,2.0,8.0,5.0,8.0,10.0,15.0,4.0,8.0,6.0,6.0,0.09289034137043657,0.2822085889570552,0.07778475680132872,0.48466257668711654,1.0,1.0,False,2019
0,0,16,8.0,12.0,4.0,6.0,7.0,7.0,10.0,18.0,8.0,12.0,4.0,4.0,0.1775094957075921,0.7119565217391305,0.05868762815702381,0.3312883435582822,1.0,1.0,False,2019
0,10,21,12.0,19.0,6.0,10.0,5.0,5.0,16.0,25.0,4.0,9.0,7.0,7.0,0.1576829627146798,0.4049079754601227,0.11784373740040874,0.4573170731707317,3.0,1.0,True,2019
1,16,0,10.0,18.0,8.0,12.0,4.0,4.0,8.0,12.0,4.0,6.0,7.0,7.0,0.05868762815702381,0.3312883435582822,0.1420075965660737,0.7081081081081081,1.0,1.0,True,2019
1,17,15,13.0,21.0,7.0,11.0,4.0,6.0,8.0,16.0,3.0,11.0,4.0,6.0,0.1555285542443588,0.6047904191616766,0.05237533006965707,0.4024390243902439,1.0,3.0,True,2019
0,13,5,8.0,21.0,2.0,6.0,5.0,6.0,15.0,21.0,3.0,8.0,5.0,6.0,0.11177461628099854,0.3496932515337423,0.1332561524512241,0.5654761904761905,1.0,3.0,False,2019
1,20,23,13.0,26.0,3.0,7.0,4.0,5.0,11.0,20.0,5.0,7.0,3.0,3.0,0.08153811995574145,0.6073619631901841,0.06842644324740126,0.5,1.0,1.0,True,2019
0,27,18,9.0,19.0,2.0,5.0,3.0,4.0,9.0,14.0,3.0,6.0,3.0,4.0,0.04149172571981511,0.3006134969325153,0.07837048575610753,0.6184971098265896,1.0,1.0,False,2019
1,18,27,9.0,14.0,3.0,6.0,3.0,4.0,9.0,19.0,2.0,5.0,3.0,4.0,0.07837048575610753,0.6184971098265896,0.03319338057585209,0.29878048780487804,1.0,1.0,True,2019
0,12,6,10.0,28.0,3.0,13.0,3.0,5.0,7.0,18.0,7.0,13.0,4.0,4.0,0.08652187962772298,0.5,0.11331784807133179,0.4233128834355828,1.0,3.0,False,2019
1,24,11,10.0,17.0,4.0,8.0,4.0,6.0,11.0,30.0,5.0,13.0,13.0,14.0,0.08469644683048548,0.5460122699386503,0.15875568777458285,0.5919540229885057,3.0,1.0,True,2019
0,23,20,11.0,20.0,5.0,7.0,3.0,3.0,13.0,26.0,3.0,7.0,4.0,5.0,0.06842644324740126,0.5,0.10523049596459315,0.6097560975609756,1.0,1.0,False,2019
0,11,24,11.0,30.0,5.0,13.0,13.0,14.0,10.0,17.0,4.0,8.0,4.0,6.0,0.15875568777458285,0.5919540229885057,0.10775715746438838,0.5487804878048781,1.0,3.0,False,2019
1,5,13,15.0,21.0,3.0,8.0,5.0,6.0,8.0,21.0,2.0,6.0,5.0,6.0,0.1332561524512241,0.5654761904761905,0.08941969302479882,0.3475609756097561,3.0,1.0,True,2019
0,19,28,10.0,15.0,4.0,8.0,6.0,6.0,6.0,12.0,2.0,8.0,5.0,8.0,0.07778475680132872,0.48466257668711654,0.07431227309634926,0.2804878048780488,1.0,1.0,True,2019
1,6,12,7.0,18.0,7.0,13.0,4.0,4.0,10.0,28.0,3.0,13.0,3.0,5.0,0.11331784807133179,0.4233128834355828,0.06921750370217838,0.4970414201183432,3.0,1.0,True,2019
1,9,22,8.0,18.0,5.0,8.0,10.0,11.0,12.0,19.0,5.0,8.0,9.0,11.0,0.0747682976847406,0.32515337423312884,0.09016368009412215,0.5789473684210527,3.0,3.0,False,2019
0,10,25,9.0,18.0,4.0,5.0,5.0,5.0,12.0,24.0,3.0,7.0,2.0,3.0,0.16614637017174386,0.40853658536585363,0.15566812159577584,0.6954022988505747,3.0,4.0,True,2019
1,20,5,8.0,23.0,2.0,6.0,5.0,5.0,7.0,19.0,3.0,4.0,6.0,8.0,0.10523049596459315,0.6097560975609756,0.1466049219609793,0.5680473372781065,3.0,3.0,False,2019
0,24,0,11.0,21.0,3.0,6.0,4.0,8.0,11.0,16.0,8.0,12.0,8.0,9.0,0.10775715746438838,0.5487804878048781,0.1420075965660737,0.7081081081081081,3.0,3.0,False,2019
1,0,24,11.0,16.0,8.0,12.0,8.0,9.0,11.0,21.0,3.0,6.0,4.0,8.0,0.1420075965660737,0.7081081081081081,0.0862057259715107,0.5454545454545454,3.0,3.0,True,2019
1,25,10,12.0,24.0,3.0,7.0,2.0,3.0,9.0,18.0,4.0,5.0,5.0,5.0,0.15566812159577584,0.6954022988505747,0.17291709613739506,0.4121212121212121,4.0,3.0,False,2019
0,5,20,7.0,19.0,3.0,4.0,6.0,8.0,8.0,23.0,2.0,6.0,5.0,5.0,0.1466049219609793,0.5680473372781065,0.08418439677167452,0.6060606060606061,3.0,3.0,True,2019
0,6,18,10.0,25.0,3.0,6.0,4.0,5.0,11.0,22.0,1.0,8.0,13.0,18.0,0.13065427845706543,0.4268292682926829,0.10269638860488602,0.6206896551724138,3.0,3.0,True,2019
1,18,6,11.0,22.0,1.0,8.0,13.0,18.0,10.0,25.0,3.0,6.0,4.0,5.0,0.10269638860488602,0.6206896551724138,0.14452342276565236,0.4303030303030303,3.0,3.0,False,2019
0,11,1,8.0,18.0,3.0,7.0,6.0,7.0,11.0,26.0,4.0,10.0,4.0,4.0,0.12700455021966628,0.5885714285714285,0.14501610933356285,0.712707182320442,4.0,5.0,False,2019
0,26,17,8.0,24.0,4.0,15.0,8.0,8.0,9.0,24.0,5.0,11.0,7.0,8.0,0.15358070811949157,0.5823529411764706,0.16442284339548702,0.6071428571428571,4.0,4.0,False,2019
1,4,19,9.0,17.0,4.0,7.0,5.0,12.0,8.0,14.0,4.0,6.0,4.0,6.0,0.11142020985352426,0.6257309941520468,0.10222780544106298,0.4878048780487805,4.0,4.0,True,2019
0,19,4,8.0,14.0,4.0,6.0,4.0,6.0,9.0,17.0,4.0,7.0,5.0,12.0,0.10222780544106298,0.4878048780487805,0.1291361678828194,0.627906976744186,4.0,4.0,False,2019
0,22,2,5.0,11.0,2.0,6.0,4.0,4.0,6.0,17.0,3.0,8.0,7.0,9.0,0.09016368009412215,0.5789473684210527,0.13097839973884945,0.5925925925925926,4.0,5.0,False,2019
1,2,22,6.0,17.0,3.0,8.0,7.0,9.0,5.0,11.0,2.0,6.0,4.0,4.0,0.13097839973884945,0.5925925925925926,0.07213094407529771,0.5755813953488372,5.0,4.0,True,2019
1,17,26,9.0,24.0,5.0,11.0,7.0,8.0,8.0,24.0,4.0,15.0,8.0,8.0,0.16442284339548702,0.6071428571428571,0.12286456649559326,0.5789473684210527,4.0,4.0,True,2019
1,1,11,11.0,26.0,4.0,10.0,4.0,4.0,8.0,18.0,3.0,7.0,6.0,7.0,0.14501610933356285,0.712707182320442,0.10160364017573302,0.5852272727272727,5.0,4.0,True,2019
0,24,0,13.0,22.0,4.0,9.0,8.0,10.0,8.0,18.0,5.0,11.0,11.0,12.0,0.0862057259715107,0.5454545454545454,0.15360607725285896,0.7096774193548387,2.0,2.0,True,2019
1,0,24,8.0,18.0,5.0,11.0,11.0,12.0,13.0,22.0,4.0,9.0,8.0,10.0,0.15360607725285896,0.7096774193548387,0.10896458077720857,0.5481927710843374,2.0,2.0,False,2019
1,18,6,8.0,14.0,3.0,5.0,7.0,8.0,8.0,16.0,3.0,7.0,5.0,6.0,0.08215711088390881,0.6171428571428571,0.14452342276565236,0.4303030303030303,2.0,2.0,True,2019
0,6,18,8.0,16.0,3.0,7.0,5.0,6.0,8.0,14.0,3.0,5.0,7.0,8.0,0.14452342276565236,0.4303030303030303,0.10572568870712704,0.6193181818181818,2.0,2.0,False,2019
1,17,26,12.0,22.0,4.0,8.0,6.0,7.0,11.0,20.0,2.0,7.0,4.0,6.0,0.17153827471638963,0.6094674556213018,0.12286456649559326,0.5789473684210527,2.0,2.0,True,2019
1,20,5,10.0,17.0,3.0,6.0,6.0,7.0,11.0,20.0,1.0,4.0,9.0,10.0,0.08418439677167452,0.6060606060606061,0.15728393756878342,0.5705882352941176,3.0,3.0,True,2019
0,5,20,11.0,20.0,1.0,4.0,9.0,10.0,10.0,17.0,3.0,6.0,6.0,7.0,0.15728393756878342,0.5705882352941176,0.10734751741733964,0.608433734939759,3.0,3.0,False,2019
0,10,25,8.0,12.0,3.0,7.0,7.0,7.0,15.0,22.0,4.0,8.0,4.0,5.0,0.17291709613739506,0.4121212121212121,0.12453449727662066,0.6914285714285714,3.0,3.0,False,2019
1,25,10,15.0,22.0,4.0,8.0,4.0,5.0,8.0,12.0,3.0,7.0,7.0,7.0,0.12453449727662066,0.6914285714285714,0.13833367690991605,0.40963855421686746,3.0,3.0,True,2019
0,26,17,11.0,20.0,2.0,7.0,4.0,6.0,12.0,22.0,4.0,8.0,6.0,7.0,0.12286456649559326,0.5789473684210527,0.17723061977311166,0.611764705882353,2.0,2.0,False,2019
1,4,19,11.0,19.0,3.0,8.0,8.0,8.0,8.0,16.0,4.0,7.0,3.0,4.0,0.1291361678828194,0.627906976744186,0.08178224435285039,0.48484848484848486,3.0,3.0,True,2019
1,1,11,11.0,24.0,6.0,13.0,6.0,6.0,7.0,19.0,3.0,8.0,5.0,7.0,0.1560128874668503,0.7142857142857143,0.10160364017573302,0.5852272727272727,3.0,3.0,True,2019
1,2,22,15.0,26.0,6.0,10.0,4.0,4.0,9.0,21.0,4.0,8.0,2.0,2.0,0.14478271979107957,0.5975609756097561,0.07213094407529771,0.5755813953488372,3.0,3.0,True,2019
0,11,1,7.0,19.0,3.0,8.0,5.0,7.0,11.0,24.0,6.0,13.0,6.0,6.0,0.10160364017573302,0.5852272727272727,0.1648103099734802,0.7158469945355191,3.0,3.0,False,2019
0,22,2,9.0,21.0,4.0,8.0,2.0,2.0,15.0,26.0,6.0,10.0,4.0,4.0,0.07213094407529771,0.5755813953488372,0.15582617583286368,0.6024096385542169,3.0,3.0,False,2019
0,19,4,8.0,16.0,4.0,7.0,3.0,4.0,11.0,19.0,3.0,8.0,8.0,8.0,0.08178224435285039,0.48484848484848486,0.14330893430625552,0.630057803468208,3.0,3.0,False,2019
1,6,18,12.0,27.0,3.0,9.0,10.0,13.0,11.0,20.0,6.0,9.0,9.0,11.0,0.11561873821252189,0.42771084337349397,0.10572568870712704,0.6193181818181818,3.0,3.0,False,2019
0,0,24,14.0,23.0,4.0,10.0,7.0,8.0,8.0,13.0,3.0,8.0,7.0,8.0,0.12288486180228717,0.7058823529411765,0.10896458077720857,0.5481927710843374,3.0,3.0,True,2019
1,5,20,15.0,21.0,3.0,7.0,7.0,8.0,8.0,14.0,5.0,6.0,3.0,4.0,0.12582715005502673,0.5672514619883041,0.10734751741733964,0.608433734939759,2.0,2.0,True,2019
0,20,5,8.0,14.0,5.0,6.0,3.0,4.0,15.0,21.0,3.0,7.0,7.0,8.0,0.10734751741733964,0.608433734939759,0.1406617200440214,0.5697674418604651,2.0,2.0,False,2019
0,18,6,11.0,20.0,6.0,9.0,9.0,11.0,12.0,27.0,3.0,9.0,10.0,13.0,0.10572568870712704,0.6193181818181818,0.0924949905700175,0.4251497005988024,3.0,3.0,True,2019
1,24,0,8.0,13.0,3.0,8.0,7.0,8.0,14.0,23.0,4.0,10.0,7.0,8.0,0.10896458077720857,0.5481927710843374,0.13830788944182976,0.7074468085106383,3.0,3.0,False,2019
0,25,10,13.0,20.0,3.0,7.0,6.0,7.0,8.0,17.0,5.0,13.0,6.0,6.0,0.13962759782129655,0.6931818181818182,0.13833367690991605,0.40963855421686746,3.0,3.0,True,2019
1,10,25,8.0,17.0,5.0,13.0,6.0,6.0,13.0,20.0,3.0,7.0,6.0,7.0,0.13833367690991605,0.40963855421686746,0.15170207825703724,0.6949152542372882,3.0,3.0,False,2019
0,2,22,8.0,19.0,4.0,7.0,3.0,7.0,6.0,17.0,4.0,8.0,5.0,6.0,0.15582617583286368,0.6024096385542169,0.057704755260238175,0.5722543352601156,2.0,2.0,True,2019
1,22,2,6.0,17.0,4.0,8.0,5.0,6.0,8.0,19.0,4.0,7.0,3.0,7.0,0.057704755260238175,0.5722543352601156,0.16466094066629094,0.6071428571428571,2.0,2.0,False,2019
1,26,17,11.0,22.0,4.0,7.0,14.0,17.0,10.0,21.0,5.0,9.0,9.0,10.0,0.09829165319647461,0.5755813953488372,0.17723061977311166,0.611764705882353,3.0,3.0,True,2019
0,17,26,10.0,21.0,5.0,9.0,9.0,10.0,11.0,22.0,4.0,7.0,14.0,17.0,0.17723061977311166,0.611764705882353,0.11863332255717966,0.5780346820809249,3.0,3.0,False,2019
0,4,19,8.0,19.0,3.0,7.0,4.0,6.0,10.0,24.0,3.0,8.0,5.0,8.0,0.14330893430625552,0.630057803468208,0.06542579548228031,0.4819277108433735,3.0,3.0,True,2019
1,19,4,10.0,24.0,3.0,8.0,5.0,8.0,8.0,19.0,3.0,7.0,4.0,6.0,0.06542579548228031,0.4819277108433735,0.15464714744500443,0.632183908045977,3.0,3.0,False,2019
0,18,6,12.0,22.0,3.0,9.0,6.0,6.0,9.0,19.0,4.0,9.0,7.0,9.0,0.12458055096570164,0.6214689265536724,0.0924949905700175,0.4251497005988024,2.0,2.0,True,2019
1,5,20,10.0,18.0,2.0,4.0,6.0,8.0,10.0,22.0,5.0,7.0,8.0,8.0,0.1406617200440214,0.5697674418604651,0.0858780139338717,0.6047904191616766,2.0,2.0,False,2019
0,1,11,7.0,20.0,3.0,13.0,14.0,16.0,9.0,27.0,4.0,12.0,12.0,17.0,0.1648103099734802,0.7158469945355191,0.08128291214058642,0.5819209039548022,3.0,3.0,True,2019
1,11,1,9.0,27.0,4.0,12.0,12.0,17.0,7.0,20.0,3.0,13.0,14.0,16.0,0.08128291214058642,0.5819209039548022,0.17184824797878417,0.717391304347826,3.0,3.0,False,2019
1,6,18,9.0,19.0,4.0,9.0,7.0,9.0,12.0,22.0,3.0,9.0,6.0,6.0,0.0924949905700175,0.4251497005988024,0.1396644407725613,0.6235955056179775,2.0,2.0,False,2019
0,20,5,10.0,22.0,5.0,7.0,8.0,8.0,10.0,18.0,2.0,4.0,6.0,8.0,0.0858780139338717,0.6047904191616766,0.11252937603521711,0.5664739884393064,2.0,2.0,True,2019
0,17,26,10.0,20.0,5.0,9.0,6.0,6.0,8.0,21.0,4.0,10.0,12.0,14.0,0.14178449581848934,0.6081871345029239,0.11863332255717966,0.5780346820809249,2.0,2.0,True,2019
1,26,17,8.0,21.0,4.0,10.0,12.0,14.0,10.0,20.0,5.0,9.0,6.0,6.0,0.11863332255717966,0.5780346820809249,0.15342759665479147,0.6104651162790697,2.0,2.0,False,2019
0,0,24,12.0,21.0,6.0,9.0,6.0,6.0,9.0,20.0,3.0,6.0,7.0,10.0,0.13830788944182976,0.7074468085106383,0.08717166462176686,0.5449101796407185,3.0,3.0,True,2019
1,10,25,10.0,17.0,2.0,8.0,3.0,3.0,12.0,20.0,2.0,6.0,8.0,9.0,0.11066694152793284,0.40718562874251496,0.15170207825703724,0.6949152542372882,2.0,2.0,False,2019
0,2,22,7.0,19.0,3.0,6.0,9.0,12.0,7.0,18.0,3.0,7.0,9.0,10.0,0.16466094066629094,0.6071428571428571,0.04616380420819054,0.5689655172413793,2.0,2.0,True,2019
1,22,2,7.0,18.0,3.0,7.0,9.0,10.0,7.0,19.0,3.0,6.0,9.0,12.0,0.04616380420819054,0.5689655172413793,0.17172875253303274,0.611764705882353,2.0,2.0,False,2019
0,25,10,12.0,20.0,2.0,6.0,8.0,9.0,10.0,17.0,2.0,8.0,3.0,3.0,0.15170207825703724,0.6949152542372882,0.08853355322234627,0.40476190476190477,2.0,2.0,True,2019
1,24,0,9.0,20.0,3.0,6.0,7.0,10.0,12.0,21.0,6.0,9.0,6.0,6.0,0.08717166462176686,0.5449101796407185,0.1506463115534638,0.708994708994709,3.0,3.0,False,2019
1,11,1,11.0,26.0,3.0,8.0,6.0,6.0,8.0,19.0,6.0,12.0,8.0,8.0,0.06502632971246913,0.5786516853932584,0.17184824797878417,0.717391304347826,2.0,2.0,True,2019
1,19,4,9.0,20.0,5.0,9.0,3.0,3.0,12.0,23.0,3.0,6.0,15.0,20.0,0.052340636385824243,0.47904191616766467,0.15464714744500443,0.632183908045977,2.0,2.0,False,2019
0,4,19,12.0,23.0,3.0,6.0,15.0,20.0,9.0,20.0,5.0,9.0,3.0,3.0,0.15464714744500443,0.632183908045977,0.041872509108659396,0.47619047619047616,2.0,2.0,True,2019
0,1,11,8.0,19.0,6.0,12.0,8.0,8.0,11.0,26.0,3.0,8.0,6.0,6.0,0.17184824797878417,0.717391304347826,0.0920210637699753,0.5810055865921788,2.0,2.0,False,2019
0,6,18,9.0,16.0,2.0,6.0,5.0,8.0,9.0,18.0,3.0,6.0,3.0,3.0,0.073995992456014,0.4226190476190476,0.1396644407725613,0.6235955056179775,3.0,3.0,False,2019
1,25,10,8.0,16.0,5.0,5.0,6.0,6.0,4.0,13.0,4.0,8.0,7.0,7.0,0.1613616626056298,0.6966292134831461,0.08853355322234627,0.40476190476190477,2.0,2.0,True,2019
1,18,6,9.0,18.0,3.0,6.0,3.0,3.0,9.0,16.0,2.0,6.0,5.0,8.0,0.1396644407725613,0.6235955056179775,0.0591967939648112,0.42011834319526625,3.0,3.0,True,2019
0,10,25,4.0,13.0,4.0,8.0,7.0,7.0,8.0,16.0,5.0,5.0,6.0,6.0,0.08853355322234627,0.40476190476190477,0.16908933008450383,0.6983240223463687,2.0,2.0,False,2019
1,17,26,17.0,33.0,10.0,18.0,6.0,10.0,14.0,31.0,4.0,11.0,5.0,8.0,0.15342759665479147,0.6104651162790697,0.09490665804574373,0.5747126436781609,2.0,2.0,True,2019
0,26,17,14.0,31.0,4.0,11.0,5.0,8.0,17.0,33.0,10.0,18.0,6.0,10.0,0.09490665804574373,0.5747126436781609,0.16274207732383317,0.6127167630057804,2.0,2.0,False,2019
0,5,20,7.0,15.0,1.0,5.0,5.0,5.0,9.0,16.0,4.0,9.0,4.0,5.0,0.11252937603521711,0.5664739884393064,0.10870241114709737,0.6071428571428571,3.0,3.0,False,2019
1,20,5,9.0,16.0,4.0,9.0,4.0,5.0,7.0,15.0,1.0,5.0,5.0,5.0,0.10870241114709737,0.6071428571428571,0.09002350082817369,0.5632183908045977,3.0,3.0,True,2019
0,11,1,8.0,22.0,3.0,9.0,4.0,5.0,10.0,26.0,4.0,12.0,4.0,5.0,0.0920210637699753,0.5810055865921788,0.13747859838302734,0.7135135135135136,2.0,2.0,False,2019
1,0,24,14.0,26.0,5.0,12.0,12.0,12.0,12.0,22.0,5.0,11.0,8.0,9.0,0.1506463115534638,0.708994708994709,0.06973733169741349,0.5416666666666666,3.0,3.0,False,2019
1,1,11,10.0,26.0,4.0,12.0,4.0,5.0,8.0,22.0,3.0,9.0,4.0,5.0,0.13747859838302734,0.7135135135135136,0.07361685101598024,0.5777777777777777,2.0,2.0,True,2019
0,24,0,12.0,22.0,5.0,11.0,8.0,9.0,14.0,26.0,5.0,12.0,12.0,12.0,0.06973733169741349,0.5416666666666666,0.12051704924277104,0.7052631578947368,3.0,3.0,True,2019
0,20,5,19.0,30.0,2.0,6.0,3.0,4.0,12.0,18.0,3.0,7.0,5.0,6.0,0.1269619289176779,0.6094674556213018,0.09002350082817369,0.5632183908045977,2.0,2.0,False,2019
1,5,20,12.0,18.0,3.0,7.0,5.0,6.0,19.0,30.0,2.0,6.0,3.0,4.0,0.09002350082817369,0.5632183908045977,0.10156954313414232,0.6058823529411764,2.0,2.0,True,2019
1,24,0,11.0,24.0,3.0,7.0,4.0,6.0,15.0,26.0,6.0,14.0,14.0,15.0,0.09578986535793078,0.5443786982248521,0.12051704924277104,0.7052631578947368,2.0,2.0,False,2019
0,0,24,15.0,26.0,6.0,14.0,14.0,15.0,11.0,24.0,3.0,7.0,4.0,6.0,0.12051704924277104,0.7052631578947368,0.07663189228634462,0.5411764705882353,2.0,2.0,True,2019
1,25,18,16.0,23.0,3.0,7.0,10.0,11.0,7.0,18.0,5.0,12.0,5.0,6.0,0.16908933008450383,0.6983240223463687,0.15173155261804905,0.6256983240223464,4.0,4.0,True,2019
1,20,5,9.0,26.0,1.0,4.0,5.0,6.0,8.0,21.0,3.0,7.0,5.0,6.0,0.10156954313414232,0.6058823529411764,0.11201880066253896,0.5657142857142857,2.0,2.0,True,2019
0,18,25,7.0,18.0,5.0,12.0,5.0,6.0,16.0,23.0,3.0,7.0,10.0,11.0,0.15173155261804905,0.6256983240223464,0.17527146406760305,0.7,4.0,4.0,False,2019
0,5,20,8.0,21.0,3.0,7.0,5.0,6.0,9.0,26.0,1.0,4.0,5.0,6.0,0.11201880066253896,0.5657142857142857,0.12125563450731387,0.6081871345029239,2.0,2.0,False,2019
0,1,0,10.0,28.0,4.0,16.0,13.0,14.0,11.0,25.0,3.0,10.0,12.0,15.0,0.14998287870642185,0.7150537634408602,0.13641363939421686,0.7068062827225131,4.0,2.0,False,2019
1,0,1,11.0,25.0,3.0,10.0,12.0,15.0,10.0,28.0,4.0,16.0,13.0,14.0,0.13641363939421686,0.7068062827225131,0.11998630296513749,0.7112299465240641,2.0,4.0,True,2019
1,4,2,7.0,21.0,3.0,7.0,5.0,10.0,12.0,21.0,3.0,7.0,2.0,2.0,0.1637177179560035,0.6342857142857142,0.17172875253303274,0.611764705882353,6.0,7.0,False,2019
0,2,4,12.0,21.0,3.0,7.0,2.0,2.0,7.0,21.0,3.0,7.0,5.0,10.0,0.17172875253303274,0.611764705882353,0.1309741743648028,0.6306818181818182,7.0,6.0,True,2019
1,20,17,11.0,18.0,3.0,6.0,12.0,12.0,12.0,21.0,4.0,12.0,11.0,13.0,0.12125563450731387,0.6081871345029239,0.16274207732383317,0.6127167630057804,2.0,6.0,True,2019
0,17,20,12.0,21.0,4.0,12.0,11.0,13.0,11.0,18.0,3.0,6.0,12.0,12.0,0.16274207732383317,0.6127167630057804,0.1370045076058511,0.6104651162790697,6.0,2.0,False,2019
0,18,25,9.0,22.0,4.0,10.0,8.0,8.0,13.0,25.0,3.0,10.0,6.0,7.0,0.12138524209443924,0.6222222222222222,0.17527146406760305,0.7,2.0,2.0,True,2019
1,25,18,13.0,25.0,3.0,10.0,6.0,7.0,9.0,22.0,4.0,10.0,8.0,8.0,0.17527146406760305,0.7,0.13710819367555138,0.6243093922651933,2.0,2.0,False,2019
0,2,4,6.0,18.0,3.0,5.0,6.0,7.0,10.0,18.0,7.0,10.0,13.0,18.0,0.1773830020264262,0.6162790697674418,0.1309741743648028,0.6306818181818182,2.0,2.0,False,2019
1,0,1,9.0,22.0,3.0,13.0,8.0,10.0,9.0,19.0,4.0,7.0,8.0,9.0,0.14913091151537347,0.7083333333333334,0.11998630296513749,0.7112299465240641,2.0,2.0,True,2019
0,1,0,9.0,19.0,4.0,7.0,8.0,9.0,9.0,22.0,3.0,13.0,8.0,10.0,0.11998630296513749,0.7112299465240641,0.1593047292122988,0.7098445595854922,2.0,2.0,False,2019
1,4,2,10.0,18.0,7.0,10.0,13.0,18.0,6.0,18.0,3.0,5.0,6.0,7.0,0.1309741743648028,0.6306818181818182,0.14190640162114096,0.6091954022988506,2.0,2.0,True,2019
0,17,20,8.0,20.0,3.0,7.0,5.0,5.0,7.0,18.0,2.0,8.0,4.0,8.0,0.13019366185906653,0.6091954022988506,0.1370045076058511,0.6104651162790697,2.0,2.0,True,2019
1,20,17,7.0,18.0,2.0,8.0,4.0,8.0,8.0,20.0,3.0,7.0,5.0,5.0,0.1370045076058511,0.6104651162790697,0.14415492948725322,0.6114285714285714,2.0,2.0,False,2019
1,18,25,9.0,18.0,3.0,6.0,12.0,13.0,13.0,22.0,3.0,6.0,6.0,8.0,0.13710819367555138,0.6243093922651933,0.14021717125408245,0.6961325966850829,3.0,3.0,True,2019
0,25,18,13.0,22.0,3.0,6.0,6.0,8.0,9.0,18.0,3.0,6.0,12.0,13.0,0.14021717125408245,0.6961325966850829,0.14968655494044109,0.6263736263736264,3.0,3.0,False,2019
1,2,4,8.0,22.0,4.0,8.0,11.0,12.0,9.0,15.0,4.0,9.0,16.0,22.0,0.14190640162114096,0.6091954022988506,0.14477933949184224,0.632768361581921,3.0,3.0,False,2019
0,4,2,9.0,15.0,4.0,9.0,16.0,22.0,8.0,22.0,4.0,8.0,11.0,12.0,0.14477933949184224,0.632768361581921,0.11352512129691276,0.6022727272727273,3.0,3.0,True,2019
1,17,20,16.0,39.0,4.0,11.0,6.0,7.0,14.0,32.0,4.0,12.0,3.0,5.0,0.14415492948725322,0.6114285714285714,0.10960360608468087,0.6069364161849711,2.0,2.0,True,2019
0,20,17,14.0,32.0,4.0,12.0,3.0,5.0,16.0,39.0,4.0,11.0,6.0,7.0,0.10960360608468087,0.6069364161849711,0.1553239435898026,0.6136363636363636,2.0,2.0,False,2019
0,0,1,14.0,31.0,6.0,10.0,12.0,12.0,14.0,32.0,7.0,14.0,8.0,8.0,0.1593047292122988,0.7098445595854922,0.09598904237210999,0.7074468085106383,4.0,4.0,False,2019
1,1,0,14.0,32.0,7.0,14.0,8.0,8.0,14.0,31.0,6.0,10.0,12.0,12.0,0.09598904237210999,0.7074468085106383,0.12744378336983903,0.7061855670103093,4.0,4.0,True,2019
0,20,17,10.0,20.0,3.0,8.0,11.0,11.0,10.0,22.0,4.0,8.0,8.0,11.0,0.0876828848677447,0.603448275862069,0.1553239435898026,0.6136363636363636,2.0,2.0,True,2019
1,18,25,9.0,23.0,4.0,13.0,8.0,10.0,13.0,20.0,5.0,7.0,8.0,12.0,0.14968655494044109,0.6263736263736264,0.11217373700326597,0.6923076923076923,3.0,3.0,False,2019
0,25,18,13.0,20.0,5.0,7.0,8.0,12.0,9.0,23.0,4.0,13.0,8.0,10.0,0.11217373700326597,0.6923076923076923,0.11974924395235287,0.6229508196721312,3.0,3.0,True,2019
1,17,20,10.0,22.0,4.0,8.0,8.0,11.0,10.0,20.0,3.0,8.0,11.0,11.0,0.1553239435898026,0.6136363636363636,0.11014630789419574,0.6057142857142858,2.0,2.0,False,2019
1,1,0,13.0,29.0,6.0,17.0,6.0,8.0,12.0,25.0,4.0,14.0,8.0,10.0,0.116791233897688,0.708994708994709,0.12744378336983903,0.7061855670103093,2.0,2.0,True,2019
0,0,1,12.0,25.0,4.0,14.0,8.0,10.0,13.0,29.0,6.0,17.0,6.0,8.0,0.12744378336983903,0.7061855670103093,0.13343298711815038,0.7105263157894737,2.0,2.0,False,2019
1,2,4,8.0,22.0,3.0,8.0,8.0,11.0,15.0,22.0,2.0,10.0,7.0,10.0,0.11352512129691276,0.6022727272727273,0.15582347159347382,0.6348314606741573,3.0,3.0,False,2019
0,4,2,15.0,22.0,2.0,10.0,7.0,10.0,8.0,22.0,3.0,8.0,8.0,11.0,0.15582347159347382,0.6348314606741573,0.09082009703753022,0.5955056179775281,3.0,3.0,True,2019
1,20,17,10.0,18.0,2.0,5.0,6.0,6.0,9.0,21.0,3.0,9.0,4.0,6.0,0.11014630789419574,0.6057142857142858,0.12425915487184207,0.6101694915254238,2.0,2.0,True,2019
0,17,20,9.0,21.0,3.0,9.0,4.0,6.0,10.0,18.0,2.0,5.0,6.0,6.0,0.12425915487184207,0.6101694915254238,0.12811704631535661,0.6079545454545454,2.0,2.0,False,2019
1,25,18,7.0,19.0,5.0,7.0,9.0,10.0,6.0,16.0,2.0,6.0,10.0,11.0,0.12973898960261276,0.6939890710382514,0.11974924395235287,0.6229508196721312,2.0,2.0,True,2019
0,18,25,6.0,16.0,2.0,6.0,10.0,11.0,7.0,19.0,5.0,7.0,9.0,10.0,0.11974924395235287,0.6229508196721312,0.1437911916820902,0.6956521739130435,2.0,2.0,False,2019
0,2,4,6.0,21.0,2.0,7.0,7.0,9.0,8.0,15.0,3.0,8.0,7.0,7.0,0.09082009703753022,0.5955056179775281,0.164658777274779,0.6368715083798883,2.0,2.0,False,2019
0,1,0,10.0,16.0,3.0,10.0,8.0,10.0,11.0,23.0,5.0,11.0,4.0,5.0,0.13343298711815038,0.7105263157894737,0.10195502669587123,0.7025641025641025,2.0,2.0,False,2019
1,4,2,8.0,15.0,3.0,8.0,7.0,7.0,6.0,21.0,2.0,7.0,7.0,9.0,0.164658777274779,0.6368715083798883,0.07265607763002417,0.5888888888888889,2.0,2.0,True,2019
1,0,1,11.0,23.0,5.0,11.0,4.0,5.0,10.0,16.0,3.0,10.0,8.0,10.0,0.10195502669587123,0.7025641025641025,0.1067463896945203,0.7068062827225131,2.0,2.0,True,2019
0,25,18,9.0,20.0,3.0,8.0,11.0,12.0,9.0,18.0,3.0,10.0,7.0,7.0,0.1437911916820902,0.6956521739130435,0.0957993951618823,0.6195652173913043,2.0,2.0,False,2019
1,17,20,12.0,24.0,6.0,13.0,6.0,9.0,10.0,20.0,3.0,8.0,8.0,8.0,0.09940732389747366,0.6067415730337079,0.12811704631535661,0.6079545454545454,2.0,2.0,True,2019
0,20,17,10.0,20.0,3.0,8.0,8.0,8.0,12.0,24.0,6.0,13.0,6.0,9.0,0.12811704631535661,0.6079545454545454,0.11952585911797893,0.6089385474860335,2.0,2.0,False,2019
1,18,25,9.0,18.0,3.0,10.0,7.0,7.0,9.0,20.0,3.0,8.0,11.0,12.0,0.0957993951618823,0.6195652173913043,0.11503295334567216,0.6918918918918919,2.0,2.0,True,2019
1,1,0,11.0,25.0,6.0,15.0,7.0,12.0,10.0,20.0,7.0,13.0,11.0,11.0,0.1067463896945203,0.7068062827225131,0.12156402135669697,0.7040816326530612,2.0,2.0,False,2019
0,0,1,10.0,20.0,7.0,13.0,11.0,11.0,11.0,25.0,6.0,15.0,7.0,12.0,0.12156402135669697,0.7040816326530612,0.08539711175561623,0.703125,2.0,2.0,True,2019
1,25,18,16.0,39.0,3.0,9.0,7.0,8.0,6.0,18.0,4.0,8.0,8.0,9.0,0.11503295334567216,0.6918918918918919,0.11663951612950582,0.6216216216216216,3.0,3.0,True,2019
0,18,25,6.0,18.0,4.0,8.0,8.0,9.0,16.0,39.0,3.0,9.0,7.0,8.0,0.11663951612950582,0.6216216216216216,0.13202636267653772,0.6935483870967742,3.0,3.0,False,2019
1,20,17,11.0,26.0,2.0,6.0,9.0,9.0,17.0,29.0,2.0,9.0,8.0,9.0,0.10249363705228529,0.6045197740112994,0.11952585911797893,0.6089385474860335,3.0,3.0,False,2019
0,17,20,17.0,29.0,2.0,9.0,8.0,9.0,11.0,26.0,2.0,6.0,9.0,9.0,0.11952585911797893,0.6089385474860335,0.08199490964182823,0.601123595505618,3.0,3.0,True,2019
1,0,17,12.0,24.0,9.0,15.0,3.0,3.0,7.0,19.0,2.0,5.0,9.0,9.0,0.13725121708535756,0.7055837563451777,0.13562068729438315,0.6111111111111112,4.0,2.0,True,2019
0,17,0,7.0,19.0,2.0,5.0,9.0,9.0,12.0,24.0,9.0,15.0,3.0,3.0,0.13562068729438315,0.6111111111111112,0.14980097366828607,0.7070707070707071,2.0,4.0,False,2019
0,25,4,10.0,26.0,7.0,9.0,10.0,10.0,12.0,21.0,4.0,11.0,9.0,12.0,0.13202636267653772,0.6935483870967742,0.17172702181982324,0.6388888888888888,3.0,7.0,False,2019
1,4,25,12.0,21.0,4.0,11.0,9.0,12.0,10.0,26.0,7.0,9.0,10.0,10.0,0.17172702181982324,0.6388888888888888,0.10562109014123018,0.6898395721925134,7.0,3.0,True,2019
0,17,0,9.0,23.0,5.0,12.0,6.0,7.0,11.0,22.0,4.0,14.0,11.0,11.0,0.10849654983550652,0.6077348066298343,0.14980097366828607,0.7070707070707071,2.0,2.0,False,2019
1,0,17,11.0,22.0,4.0,14.0,11.0,11.0,9.0,23.0,5.0,12.0,6.0,7.0,0.14980097366828607,0.7070707070707071,0.08679723986840522,0.6043956043956044,2.0,2.0,True,2019
1,4,25,10.0,20.0,3.0,7.0,9.0,12.0,10.0,18.0,2.0,9.0,10.0,10.0,0.1773816174558586,0.6408839779005525,0.10562109014123018,0.6898395721925134,2.0,2.0,True,2019
0,25,4,10.0,18.0,2.0,9.0,10.0,10.0,10.0,20.0,3.0,7.0,9.0,12.0,0.10562109014123018,0.6898395721925134,0.18190529396468685,0.6428571428571429,2.0,2.0,False,2019
1,17,0,7.0,20.0,3.0,10.0,7.0,12.0,11.0,26.0,6.0,16.0,8.0,9.0,0.08679723986840522,0.6043956043956044,0.15984077893462884,0.7085427135678392,2.0,2.0,False,2019
0,0,17,11.0,26.0,6.0,16.0,8.0,9.0,7.0,20.0,3.0,10.0,7.0,12.0,0.15984077893462884,0.7085427135678392,0.06943779189472418,0.6010928961748634,2.0,2.0,True,2019
0,4,25,8.0,17.0,3.0,8.0,7.0,8.0,11.0,25.0,4.0,8.0,12.0,13.0,0.18190529396468685,0.6428571428571429,0.08449687211298415,0.6861702127659575,2.0,2.0,False,2019
1,25,4,11.0,25.0,4.0,8.0,12.0,13.0,8.0,17.0,3.0,8.0,7.0,8.0,0.08449687211298415,0.6861702127659575,0.14552423517174948,0.639344262295082,2.0,2.0,True,2019
0,0,17,11.0,25.0,7.0,16.0,8.0,9.0,12.0,24.0,5.0,12.0,2.0,3.0,0.1678726231477031,0.71,0.06943779189472418,0.6010928961748634,2.0,2.0,True,2019
1,17,0,12.0,24.0,5.0,12.0,2.0,3.0,11.0,25.0,7.0,16.0,8.0,9.0,0.06943779189472418,0.6010928961748634,0.1742980985181625,0.7114427860696517,2.0,2.0,False,2019
0,4,25,11.0,17.0,4.0,8.0,6.0,10.0,7.0,18.0,4.0,13.0,10.0,10.0,0.14552423517174948,0.639344262295082,0.10759749769038732,0.6878306878306878,2.0,2.0,False,2019
1,25,4,7.0,18.0,4.0,13.0,10.0,10.0,11.0,17.0,4.0,8.0,6.0,10.0,0.10759749769038732,0.6878306878306878,0.11641938813739958,0.6358695652173914,2.0,2.0,True,2019
1,4,25,9.0,18.0,2.0,7.0,6.0,9.0,11.0,25.0,7.0,9.0,8.0,9.0,0.11641938813739958,0.6358695652173914,0.12607799815230986,0.6894736842105263,2.0,2.0,False,2019
0,25,4,11.0,25.0,7.0,9.0,8.0,9.0,9.0,18.0,2.0,7.0,6.0,9.0,0.12607799815230986,0.6894736842105263,0.09313551050991967,0.6324324324324324,2.0,2.0,True,2019
0,4,25,7.0,18.0,4.0,8.0,8.0,10.0,9.0,22.0,4.0,8.0,8.0,11.0,0.09313551050991967,0.6324324324324324,0.14086239852184787,0.6910994764397905,2.0,2.0,False,2019
1,25,4,9.0,22.0,4.0,8.0,8.0,11.0,7.0,18.0,4.0,8.0,8.0,10.0,0.14086239852184787,0.6910994764397905,0.07450840840793574,0.6290322580645161,2.0,2.0,True,2019
1,25,0,14.0,17.0,3.0,7.0,10.0,12.0,8.0,18.0,4.0,9.0,14.0,14.0,0.15268991881747832,0.6927083333333334,0.1742980985181625,0.7114427860696517,5.0,10.0,True,2019
0,0,25,8.0,18.0,4.0,9.0,14.0,14.0,14.0,17.0,3.0,7.0,10.0,12.0,0.1742980985181625,0.7114427860696517,0.16215193505398265,0.694300518134715,10.0,5.0,False,2019
0,0,25,10.0,17.0,4.0,10.0,8.0,9.0,8.0,20.0,3.0,9.0,16.0,16.0,0.13943847881453,0.7079207920792079,0.16215193505398265,0.694300518134715,3.0,3.0,True,2019
1,25,0,8.0,20.0,3.0,9.0,16.0,16.0,10.0,17.0,4.0,10.0,8.0,9.0,0.16215193505398265,0.694300518134715,0.151550783051624,0.7093596059113301,3.0,3.0,False,2019
1,0,25,14.0,31.0,6.0,14.0,13.0,14.0,9.0,17.0,6.0,10.0,10.0,11.0,0.151550783051624,0.7093596059113301,0.1297215480431861,0.6907216494845361,3.0,3.0,False,2019
0,25,0,9.0,17.0,6.0,10.0,10.0,11.0,14.0,31.0,6.0,14.0,13.0,14.0,0.1297215480431861,0.6907216494845361,0.12124062644129921,0.7058823529411765,3.0,3.0,True,2019
0,25,0,11.0,22.0,5.0,9.0,9.0,9.0,11.0,22.0,6.0,10.0,7.0,8.0,0.1437772384345489,0.6923076923076923,0.12124062644129921,0.7058823529411765,2.0,2.0,True,2019
1,0,25,11.0,22.0,6.0,10.0,7.0,8.0,11.0,22.0,5.0,9.0,9.0,9.0,0.12124062644129921,0.7058823529411765,0.15502179074763914,0.6938775510204082,2.0,2.0,False,2019
0,0,25,10.0,23.0,7.0,14.0,6.0,6.0,9.0,24.0,3.0,7.0,7.0,8.0,0.09699250115303937,0.7024390243902439,0.15502179074763914,0.6938775510204082,3.0,3.0,True,2019
1,25,0,9.0,24.0,3.0,7.0,7.0,8.0,10.0,23.0,7.0,14.0,6.0,6.0,0.15502179074763914,0.6938775510204082,0.11759400092243148,0.7038834951456311,3.0,3.0,False,2019
1,0,25,9.0,17.0,4.0,11.0,10.0,10.0,10.0,17.0,5.0,11.0,7.0,8.0,0.11759400092243148,0.7038834951456311,0.12401743259811131,0.6903553299492385,3.0,3.0,False,2019
0,25,0,10.0,17.0,5.0,11.0,7.0,8.0,9.0,17.0,4.0,11.0,10.0,10.0,0.12401743259811131,0.6903553299492385,0.09407520073794519,0.7004830917874396,3.0,3.0,True,2019
1,24,29,10.0,19.0,4.0,7.0,9.0,10.0,10.0,21.0,7.0,9.0,9.0,14.0,0.07663189228634462,0.5411764705882353,0.09545283659874623,0.43902439024390244,179.0,196.0,True,2020
1,25,8,12.0,26.0,5.0,11.0,11.0,13.0,8.0,19.0,4.0,7.0,4.0,4.0,0.13921394607848905,0.6919191919191919,0.054127436561892894,0.49710982658959535,131.0,196.0,True,2020
0,8,25,8.0,19.0,4.0,7.0,4.0,4.0,12.0,26.0,5.0,11.0,11.0,13.0,0.054127436561892894,0.49710982658959535,0.15137115686279123,0.6934673366834171,196.0,131.0,False,2020
0,29,24,10.0,21.0,7.0,9.0,9.0,14.0,10.0,19.0,4.0,7.0,9.0,10.0,0.09545283659874623,0.43902439024390244,0.5,0.5,196.0,179.0,False,2020
0,27,21,13.0,25.0,3.0,7.0,8.0,10.0,9.0,21.0,7.0,11.0,4.0,6.0,0.03319338057585209,0.29878048780487804,0.11784373740040874,0.4573170731707317,196.0,196.0,False,2020
1,22,19,11.0,15.0,4.0,7.0,10.0,11.0,12.0,18.0,6.0,9.0,8.0,10.0,0.03693104336655243,0.5657142857142857,0.041872509108659396,0.47619047619047616,185.0,184.0,False,2020
0,20,17,8.0,14.0,3.0,6.0,11.0,12.0,10.0,21.0,3.0,10.0,9.0,10.0,0.08199490964182823,0.601123595505618,0.05555023351577935,0.5978260869565217,164.0,156.0,True,2020
0,19,22,12.0,18.0,6.0,9.0,8.0,10.0,11.0,15.0,4.0,7.0,10.0,11.0,0.041872509108659396,0.47619047619047616,0.029544834693241945,0.5625,184.0,185.0,True,2020
1,7,15,10.0,17.0,3.0,6.0,4.0,4.0,10.0,19.0,6.0,12.0,4.0,4.0,0.05040402175354057,0.24390243902439024,0.05237533006965707,0.4024390243902439,197.0,196.0,True,2020
0,3,10,8.0,15.0,3.0,8.0,3.0,4.0,8.0,16.0,2.0,7.0,4.0,6.0,0.011100854963275656,0.43548387096774194,0.07082684257787701,0.40236686390532544,197.0,183.0,False,2020
1,17,20,10.0,21.0,3.0,10.0,9.0,10.0,8.0,14.0,3.0,6.0,11.0,12.0,0.05555023351577935,0.5978260869565217,0.10559592771346257,0.6033519553072626,156.0,164.0,False,2020
1,5,28,8.0,15.0,3.0,6.0,7.0,11.0,10.0,18.0,3.0,7.0,5.0,6.0,0.08961504053003116,0.5625,0.07431227309634926,0.2804878048780488,179.0,196.0,True,2020
1,13,14,12.0,19.0,4.0,9.0,7.0,8.0,7.0,25.0,3.0,11.0,6.0,6.0,0.08941969302479882,0.3475609756097561,0.03477275040867354,0.45294117647058824,196.0,197.0,True,2020
1,10,3,8.0,16.0,2.0,7.0,4.0,6.0,8.0,15.0,3.0,8.0,3.0,4.0,0.07082684257787701,0.40236686390532544,0.008880683970620525,0.43315508021390375,183.0,197.0,True,2020
0,14,13,7.0,25.0,3.0,11.0,6.0,6.0,12.0,19.0,4.0,9.0,7.0,8.0,0.03477275040867354,0.45294117647058824,0.11153575441983907,0.3515151515151515,197.0,196.0,False,2020
1,18,2,11.0,16.0,2.0,6.0,9.0,9.0,8.0,22.0,4.0,8.0,9.0,11.0,0.09331161290360465,0.6182795698924731,0.07265607763002417,0.5888888888888889,164.0,168.0,True,2020
0,2,18,8.0,22.0,4.0,8.0,9.0,11.0,11.0,16.0,2.0,6.0,9.0,9.0,0.07265607763002417,0.5888888888888889,0.11464929032288373,0.6203208556149733,168.0,164.0,False,2020
0,16,12,6.0,12.0,2.0,9.0,7.0,9.0,10.0,21.0,2.0,5.0,9.0,10.0,0.08695010252561904,0.3353658536585366,0.06921750370217838,0.4970414201183432,196.0,196.0,False,2020
1,12,16,10.0,21.0,2.0,5.0,9.0,10.0,6.0,12.0,2.0,9.0,7.0,9.0,0.06921750370217838,0.4970414201183432,0.06956008202049523,0.3333333333333333,196.0,196.0,True,2020
0,28,5,10.0,18.0,3.0,7.0,5.0,6.0,8.0,15.0,3.0,6.0,7.0,11.0,0.07431227309634926,0.2804878048780488,0.11169203242402492,0.5649717514124294,196.0,179.0,False,2020
1,6,23,17.0,33.0,7.0,14.0,9.0,10.0,11.0,27.0,7.0,11.0,7.0,8.0,0.0591967939648112,0.42011834319526625,0.054741154597921005,0.4970414201183432,183.0,196.0,False,2020
1,21,27,9.0,21.0,7.0,11.0,4.0,6.0,13.0,25.0,3.0,7.0,8.0,10.0,0.11784373740040874,0.4573170731707317,0.026554704460681672,0.296969696969697,196.0,196.0,True,2020
0,26,11,10.0,23.0,4.0,7.0,5.0,6.0,14.0,22.0,2.0,6.0,3.0,4.0,0.07592532643659498,0.5714285714285714,0.07361685101598024,0.5777777777777777,183.0,182.0,False,2020
0,15,7,10.0,19.0,6.0,12.0,4.0,4.0,10.0,17.0,3.0,6.0,4.0,4.0,0.05237533006965707,0.4024390243902439,0.08032321740283246,0.24848484848484848,196.0,197.0,False,2020
0,23,6,11.0,27.0,7.0,11.0,7.0,8.0,17.0,33.0,7.0,14.0,9.0,10.0,0.054741154597921005,0.4970414201183432,0.04735743517184896,0.4176470588235294,196.0,183.0,True,2020
1,11,26,14.0,22.0,2.0,6.0,3.0,4.0,10.0,23.0,4.0,7.0,5.0,6.0,0.07361685101598024,0.5777777777777777,0.060740261149275984,0.5681818181818182,182.0,183.0,True,2020
0,4,1,11.0,17.0,3.0,9.0,6.0,11.0,7.0,19.0,5.0,12.0,14.0,14.0,0.07450840840793574,0.6290322580645161,0.08539711175561623,0.703125,152.0,167.0,True,2020
1,19,9,11.0,16.0,3.0,9.0,5.0,6.0,11.0,21.0,6.0,10.0,10.0,12.0,0.07349800728692751,0.47928994082840237,0.059814638147792476,0.3231707317073171,1.0,197.0,False,2020
0,9,19,11.0,21.0,6.0,10.0,10.0,12.0,11.0,16.0,3.0,9.0,5.0,6.0,0.059814638147792476,0.3231707317073171,0.05879840582954201,0.4764705882352941,197.0,1.0,True,2020
0,24,0,9.0,17.0,6.0,10.0,11.0,11.0,8.0,20.0,4.0,11.0,6.0,6.0,0.5,0.5,0.09407520073794519,0.7004830917874396,2.0,133.0,True,2020
1,1,4,7.0,19.0,5.0,12.0,14.0,14.0,11.0,17.0,3.0,9.0,6.0,11.0,0.08539711175561623,0.703125,0.09960672672634859,0.6310160427807486,167.0,152.0,False,2020
1,0,24,8.0,20.0,4.0,11.0,6.0,6.0,9.0,17.0,6.0,10.0,11.0,11.0,0.09407520073794519,0.7004830917874396,0.5,1.0,133.0,2.0,False,2020
1,8,13,10.0,20.0,4.0,12.0,5.0,6.0,10.0,19.0,3.0,9.0,5.0,8.0,0.04330194924951432,0.4942528735632184,0.11153575441983907,0.3515151515151515,3.0,2.0,False,2020
1,29,11,12.0,22.0,4.0,8.0,7.0,8.0,7.0,15.0,2.0,5.0,10.0,10.0,0.07636226927899699,0.43636363636363634,0.0988934808127842,0.580110497237569,3.0,2.0,True,2020
1,15,17,7.0,18.0,4.0,11.0,11.0,14.0,12.0,20.0,3.0,7.0,8.0,8.0,0.04190026405572565,0.4,0.044440186812623475,0.5945945945945946,2.0,2.0,False,2020
0,27,16,13.0,23.0,4.0,10.0,7.0,10.0,9.0,17.0,3.0,10.0,4.0,6.0,0.026554704460681672,0.296969696969697,0.06956008202049523,0.3333333333333333,2.0,2.0,True,2020
1,6,28,8.0,19.0,3.0,8.0,8.0,10.0,7.0,16.0,4.0,4.0,7.0,11.0,0.04735743517184896,0.4176470588235294,0.059449818477079405,0.2787878787878788,2.0,2.0,True,2020
1,16,27,9.0,17.0,3.0,10.0,4.0,6.0,13.0,23.0,4.0,10.0,7.0,10.0,0.06956008202049523,0.3333333333333333,0.06124376356854533,0.30120481927710846,2.0,2.0,False,2020
0,14,26,9.0,22.0,3.0,11.0,3.0,3.0,10.0,17.0,2.0,4.0,6.0,8.0,0.02781820032693883,0.4502923976608187,0.060740261149275984,0.5681818181818182,2.0,2.0,True,2020
0,25,2,11.0,22.0,6.0,10.0,6.0,6.0,11.0,22.0,4.0,8.0,5.0,5.0,0.15137115686279123,0.6934673366834171,0.058124862104019334,0.5824175824175825,3.0,2.0,False,2020
0,11,29,7.0,15.0,2.0,5.0,10.0,10.0,12.0,22.0,4.0,8.0,7.0,8.0,0.0988934808127842,0.580110497237569,0.10108981542319759,0.4397590361445783,2.0,3.0,False,2020
0,23,21,13.0,18.0,4.0,9.0,7.0,13.0,8.0,15.0,6.0,9.0,4.0,6.0,0.08379292367833682,0.5,0.134274989920327,0.46060606060606063,2.0,2.0,True,2020
0,17,15,12.0,20.0,3.0,7.0,8.0,8.0,7.0,18.0,4.0,11.0,11.0,14.0,0.044440186812623475,0.5945945945945946,0.033520211244580524,0.39759036144578314,2.0,2.0,True,2020
0,13,8,10.0,19.0,3.0,9.0,5.0,8.0,10.0,20.0,4.0,12.0,5.0,6.0,0.11153575441983907,0.3515151515151515,0.03464155939961146,0.49142857142857144,2.0,3.0,True,2020
0,7,20,7.0,21.0,3.0,8.0,11.0,11.0,8.0,19.0,2.0,5.0,9.0,11.0,0.08032321740283246,0.24848484848484848,0.10559592771346257,0.6033519553072626,2.0,2.0,False,2020
1,26,14,10.0,17.0,2.0,4.0,6.0,8.0,9.0,22.0,3.0,11.0,3.0,3.0,0.060740261149275984,0.5681818181818182,0.06225456026155106,0.45348837209302323,2.0,2.0,False,2020
1,2,25,11.0,22.0,4.0,8.0,5.0,5.0,11.0,22.0,6.0,10.0,6.0,6.0,0.058124862104019334,0.5824175824175825,0.12109692549023299,0.69,2.0,3.0,True,2020
0,28,6,7.0,16.0,4.0,4.0,7.0,11.0,8.0,19.0,3.0,8.0,8.0,10.0,0.059449818477079405,0.2787878787878788,0.07788594813747916,0.42105263157894735,2.0,2.0,False,2020
1,20,7,8.0,19.0,2.0,5.0,9.0,11.0,7.0,21.0,3.0,8.0,11.0,11.0,0.10559592771346257,0.6033519553072626,0.06425857392226597,0.2469879518072289,2.0,2.0,True,2020
1,21,23,8.0,15.0,6.0,9.0,4.0,6.0,13.0,18.0,4.0,9.0,7.0,13.0,0.134274989920327,0.46060606060606063,0.10703433894266945,0.5029239766081871,2.0,2.0,False,2020
1,1,8,9.0,29.0,4.0,18.0,11.0,12.0,14.0,22.0,5.0,12.0,3.0,5.0,0.06831768940449298,0.6994818652849741,0.03464155939961146,0.49142857142857144,2.0,1.0,True,2020
1,11,15,10.0,18.0,5.0,9.0,2.0,3.0,4.0,10.0,2.0,5.0,3.0,4.0,0.07911478465022737,0.5769230769230769,0.033520211244580524,0.39759036144578314,1.0,1.0,True,2020
0,15,11,4.0,10.0,2.0,5.0,3.0,4.0,10.0,18.0,5.0,9.0,2.0,3.0,0.033520211244580524,0.39759036144578314,0.10329182772018189,0.5792349726775956,1.0,1.0,False,2020
1,19,18,14.0,21.0,2.0,4.0,5.0,10.0,10.0,18.0,5.0,7.0,5.0,7.0,0.05879840582954201,0.4764705882352941,0.11464929032288373,0.6203208556149733,2.0,3.0,False,2020
0,25,27,8.0,15.0,3.0,9.0,4.0,4.0,6.0,14.0,2.0,5.0,4.0,5.0,0.12109692549023299,0.69,0.06124376356854533,0.30120481927710846,1.0,1.0,True,2020
1,7,24,10.0,20.0,3.0,7.0,9.0,9.0,11.0,23.0,3.0,7.0,10.0,11.0,0.06425857392226597,0.2469879518072289,0.5,1.0,1.0,2.0,True,2020
1,5,14,11.0,24.0,4.0,9.0,5.0,7.0,8.0,25.0,5.0,10.0,6.0,7.0,0.11169203242402492,0.5649717514124294,0.06225456026155106,0.45348837209302323,3.0,1.0,True,2020
1,27,25,6.0,14.0,2.0,5.0,4.0,5.0,8.0,15.0,3.0,9.0,4.0,4.0,0.06124376356854533,0.30120481927710846,0.1368775403921864,0.6915422885572139,1.0,1.0,False,2020
1,9,10,16.0,25.0,5.0,10.0,2.0,4.0,8.0,19.0,2.0,6.0,6.0,7.0,0.08785171051823397,0.32727272727272727,0.0966614740623016,0.40588235294117647,2.0,3.0,True,2020
0,10,9,8.0,19.0,2.0,6.0,6.0,7.0,16.0,25.0,5.0,10.0,2.0,4.0,0.0966614740623016,0.40588235294117647,0.11028136841458717,0.3313253012048193,3.0,2.0,False,2020
0,2,28,11.0,17.0,7.0,12.0,6.0,8.0,9.0,21.0,4.0,6.0,6.0,7.0,0.08649988968321548,0.5869565217391305,0.047559854781663524,0.27710843373493976,1.0,1.0,True,2020
0,8,1,14.0,22.0,5.0,12.0,3.0,5.0,9.0,29.0,4.0,18.0,11.0,12.0,0.03464155939961146,0.49142857142857144,0.09465415152359438,0.7010309278350515,1.0,2.0,False,2020
1,4,12,12.0,21.0,4.0,11.0,7.0,9.0,8.0,17.0,4.0,9.0,9.0,15.0,0.09960672672634859,0.6310160427807486,0.09537400296174271,0.5,2.0,3.0,False,2020
0,14,5,8.0,25.0,5.0,10.0,6.0,7.0,11.0,24.0,4.0,9.0,5.0,7.0,0.06225456026155106,0.45348837209302323,0.12935362593921992,0.5674157303370787,1.0,3.0,False,2020
0,24,7,11.0,23.0,3.0,7.0,10.0,11.0,10.0,20.0,3.0,7.0,9.0,9.0,0.5,1.0,0.09140685913781278,0.25149700598802394,2.0,1.0,False,2020
0,22,3,12.0,18.0,4.0,7.0,3.0,4.0,11.0,16.0,3.0,5.0,8.0,9.0,0.029544834693241945,0.5625,0.008880683970620525,0.43315508021390375,3.0,3.0,False,2020
0,12,4,8.0,17.0,4.0,9.0,9.0,15.0,12.0,21.0,4.0,11.0,7.0,9.0,0.09537400296174271,0.5,0.07968538138107886,0.6276595744680851,3.0,2.0,True,2020
1,3,22,11.0,16.0,3.0,5.0,8.0,9.0,12.0,18.0,4.0,7.0,3.0,4.0,0.008880683970620525,0.43315508021390375,0.023635867754593556,0.559322033898305,3.0,3.0,True,2020
0,18,19,10.0,18.0,5.0,7.0,5.0,7.0,14.0,21.0,2.0,4.0,5.0,10.0,0.11464929032288373,0.6203208556149733,0.04703872466363361,0.47368421052631576,3.0,2.0,True,2020
1,28,2,9.0,21.0,4.0,6.0,6.0,7.0,11.0,17.0,7.0,12.0,6.0,8.0,0.047559854781663524,0.27710843373493976,0.10919991174657237,0.5913978494623656,1.0,1.0,False,2020
1,13,17,11.0,23.0,3.0,11.0,11.0,14.0,13.0,26.0,3.0,7.0,8.0,9.0,0.12922860353587126,0.35542168674698793,0.07555214945009878,0.5967741935483871,2.0,2.0,False,2020
1,16,6,13.0,22.0,3.0,6.0,5.0,6.0,11.0,27.0,5.0,12.0,10.0,11.0,0.05564806561639618,0.3313253012048193,0.07788594813747916,0.42105263157894735,2.0,2.0,True,2020
0,0,26,7.0,18.0,2.0,9.0,7.0,7.0,9.0,14.0,4.0,9.0,7.0,7.0,0.07526016059035615,0.6971153846153846,0.04859220891942079,0.5649717514124294,3.0,2.0,False,2020
1,26,0,9.0,14.0,4.0,9.0,7.0,7.0,7.0,18.0,2.0,9.0,7.0,7.0,0.04859220891942079,0.5649717514124294,0.06020812847228492,0.69377990430622,2.0,3.0,True,2020
0,6,16,11.0,27.0,5.0,12.0,10.0,11.0,13.0,22.0,3.0,6.0,5.0,6.0,0.07788594813747916,0.42105263157894735,0.08451845249311696,0.33532934131736525,2.0,2.0,False,2020
0,21,29,9.0,17.0,3.0,10.0,6.0,6.0,10.0,19.0,3.0,5.0,6.0,6.0,0.10741999193626159,0.4578313253012048,0.10108981542319759,0.4397590361445783,2.0,2.0,False,2020
1,23,12,9.0,21.0,4.0,11.0,10.0,11.0,9.0,17.0,5.0,9.0,2.0,5.0,0.10703433894266945,0.5029239766081871,0.11629920236939414,0.5029239766081871,2.0,1.0,True,2020
0,12,23,9.0,17.0,5.0,9.0,2.0,5.0,9.0,21.0,4.0,11.0,10.0,11.0,0.11629920236939414,0.5029239766081871,0.12562747115413556,0.5058139534883721,1.0,2.0,False,2020
1,29,21,10.0,19.0,3.0,5.0,6.0,6.0,9.0,17.0,3.0,10.0,6.0,6.0,0.10108981542319759,0.4397590361445783,0.08593599354900927,0.4550898203592814,2.0,2.0,True,2020
0,17,13,13.0,26.0,3.0,7.0,8.0,9.0,11.0,23.0,3.0,11.0,11.0,14.0,0.07555214945009878,0.5967741935483871,0.10338288282869701,0.3532934131736527,2.0,2.0,True,2020
1,1,26,9.0,21.0,5.0,14.0,21.0,22.0,8.0,21.0,4.0,8.0,5.0,6.0,0.09465415152359438,0.7010309278350515,0.07887376713553663,0.5674157303370787,2.0,1.0,True,2020
0,20,15,6.0,15.0,3.0,7.0,4.0,4.0,10.0,17.0,4.0,9.0,4.0,6.0,0.12447674217077007,0.6055555555555555,0.02681616899566442,0.39520958083832336,3.0,2.0,True,2020
0,10,25,7.0,15.0,5.0,8.0,5.0,5.0,9.0,18.0,3.0,11.0,9.0,10.0,0.07732917924984128,0.40350877192982454,0.1368775403921864,0.6915422885572139,2.0,2.0,False,2020
0,3,4,8.0,18.0,3.0,10.0,3.0,3.0,9.0,16.0,4.0,7.0,4.0,8.0,0.047104547176496425,0.43617021276595747,0.07968538138107886,0.6276595744680851,2.0,2.0,False,2020
1,8,0,10.0,23.0,4.0,9.0,3.0,5.0,9.0,21.0,4.0,11.0,4.0,6.0,0.027713247519689167,0.48863636363636365,0.06020812847228492,0.69377990430622,2.0,1.0,False,2020
0,18,9,12.0,19.0,2.0,9.0,10.0,10.0,7.0,20.0,2.0,5.0,9.0,10.0,0.13171943225830698,0.6223404255319149,0.11028136841458717,0.3313253012048193,2.0,2.0,True,2020
1,5,17,10.0,17.0,3.0,6.0,7.0,9.0,10.0,28.0,3.0,10.0,7.0,8.0,0.12935362593921992,0.5674157303370787,0.10044171956007904,0.5989304812834224,2.0,1.0,True,2020
1,9,18,7.0,20.0,2.0,5.0,9.0,10.0,12.0,19.0,2.0,9.0,10.0,10.0,0.11028136841458717,0.3313253012048193,0.14537554580664558,0.6243386243386243,2.0,2.0,False,2020
1,28,27,10.0,15.0,4.0,7.0,5.0,11.0,8.0,18.0,2.0,7.0,6.0,7.0,0.03804788382533082,0.2754491017964072,0.04899501085483626,0.2994011976047904,2.0,2.0,True,2020
0,26,1,8.0,21.0,4.0,8.0,5.0,6.0,9.0,21.0,5.0,14.0,21.0,22.0,0.07887376713553663,0.5674157303370787,0.11572332121887552,0.7025641025641025,1.0,2.0,False,2020
1,4,3,9.0,16.0,4.0,7.0,4.0,8.0,8.0,18.0,3.0,10.0,3.0,3.0,0.07968538138107886,0.6276595744680851,0.03768363774119714,0.43386243386243384,2.0,2.0,True,2020
1,7,11,9.0,19.0,3.0,8.0,4.0,4.0,9.0,24.0,4.0,8.0,11.0,12.0,0.09140685913781278,0.25149700598802394,0.10329182772018189,0.5792349726775956,2.0,2.0,False,2020
1,19,22,8.0,16.0,3.0,6.0,2.0,3.0,9.0,22.0,2.0,6.0,4.0,5.0,0.04703872466363361,0.47368421052631576,0.023635867754593556,0.559322033898305,2.0,2.0,True,2020
0,22,19,9.0,22.0,2.0,6.0,4.0,5.0,8.0,16.0,3.0,6.0,2.0,3.0,0.023635867754593556,0.559322033898305,0.0776309797309069,0.47674418604651164,2.0,2.0,False,2020
1,15,20,10.0,17.0,4.0,9.0,4.0,6.0,6.0,15.0,3.0,7.0,4.0,4.0,0.02681616899566442,0.39520958083832336,0.13958139373661607,0.6077348066298343,2.0,3.0,False,2020
1,25,10,9.0,18.0,3.0,11.0,9.0,10.0,7.0,15.0,5.0,8.0,5.0,5.0,0.1368775403921864,0.6915422885572139,0.061863343399873025,0.4011627906976744,2.0,2.0,True,2020
0,21,24,7.0,17.0,3.0,7.0,3.0,4.0,10.0,18.0,4.0,9.0,8.0,9.0,0.08593599354900927,0.4550898203592814,0.5,0.5,1.0,2.0,False,2020
1,24,21,10.0,18.0,4.0,9.0,8.0,9.0,7.0,17.0,3.0,7.0,3.0,4.0,0.5,0.5,0.06874879483920741,0.4523809523809524,2.0,1.0,True,2020
0,11,7,9.0,24.0,4.0,8.0,11.0,12.0,9.0,19.0,3.0,8.0,4.0,4.0,0.10329182772018189,0.5792349726775956,0.07312548731025023,0.25,2.0,2.0,True,2020
0,17,5,10.0,28.0,3.0,10.0,7.0,8.0,10.0,17.0,3.0,6.0,7.0,9.0,0.10044171956007904,0.5989304812834224,0.14348290075137596,0.5698324022346368,1.0,2.0,False,2020
0,27,28,8.0,18.0,2.0,7.0,6.0,7.0,10.0,15.0,4.0,7.0,5.0,11.0,0.04899501085483626,0.2994011976047904,0.07043830706026466,0.27976190476190477,2.0,2.0,False,2020
0,0,8,9.0,21.0,4.0,11.0,4.0,6.0,10.0,23.0,4.0,9.0,3.0,5.0,0.06020812847228492,0.69377990430622,0.022170598015751334,0.4858757062146893,1.0,2.0,True,2020
1,12,9,7.0,18.0,5.0,9.0,12.0,16.0,10.0,17.0,5.0,8.0,5.0,6.0,0.09303936189551532,0.5,0.08822509473166974,0.32934131736526945,2.0,1.0,True,2020
0,13,20,6.0,14.0,4.0,8.0,5.0,8.0,9.0,17.0,4.0,10.0,3.0,6.0,0.10338288282869701,0.3532934131736527,0.13958139373661607,0.6077348066298343,2.0,1.0,True,2020
1,20,13,9.0,17.0,4.0,10.0,3.0,6.0,6.0,14.0,4.0,8.0,5.0,8.0,0.13958139373661607,0.6077348066298343,0.1227063062629576,0.35714285714285715,1.0,2.0,False,2020
0,9,12,10.0,17.0,5.0,8.0,5.0,6.0,7.0,18.0,5.0,9.0,12.0,16.0,0.08822509473166974,0.32934131736526945,0.11443148951641224,0.5028901734104047,1.0,2.0,False,2020
0,16,29,6.0,14.0,2.0,6.0,4.0,4.0,8.0,17.0,2.0,5.0,26.0,27.0,0.08451845249311696,0.33532934131736525,0.12087185233855809,0.4431137724550898,2.0,2.0,False,2020
1,29,16,8.0,17.0,2.0,5.0,26.0,27.0,6.0,14.0,2.0,6.0,4.0,4.0,0.12087185233855809,0.4431137724550898,0.06761476199449357,0.3333333333333333,2.0,2.0,True,2020
1,15,21,10.0,22.0,7.0,16.0,3.0,3.0,10.0,15.0,4.0,7.0,5.0,7.0,0.021452935196531537,0.39285714285714285,0.06874879483920741,0.4523809523809524,2.0,2.0,False,2020
1,2,4,10.0,22.0,5.0,11.0,14.0,15.0,10.0,15.0,3.0,7.0,6.0,10.0,0.10919991174657237,0.5913978494623656,0.10374830510486308,0.6296296296296297,4.0,2.0,True,2020
1,10,28,8.0,17.0,3.0,6.0,3.0,4.0,7.0,13.0,2.0,7.0,4.0,5.0,0.061863343399873025,0.4011627906976744,0.07043830706026466,0.27976190476190477,2.0,2.0,True,2020
0,24,11,9.0,17.0,5.0,6.0,5.0,7.0,11.0,17.0,5.0,8.0,4.0,8.0,0.5,0.6666666666666666,0.1226334621761455,0.5815217391304348,2.0,2.0,False,2020
0,1,14,18.0,32.0,6.0,14.0,17.0,18.0,14.0,20.0,7.0,12.0,11.0,12.0,0.11572332121887552,0.7025641025641025,0.049803648209240846,0.4508670520231214,2.0,4.0,True,2020
1,6,22,11.0,20.0,3.0,8.0,5.0,6.0,11.0,19.0,3.0,7.0,6.0,6.0,0.06230875850998333,0.4186046511627907,0.018908694203674845,0.5561797752808989,3.0,2.0,False,2020
0,7,0,10.0,21.0,6.0,10.0,5.0,6.0,7.0,12.0,2.0,7.0,6.0,8.0,0.07312548731025023,0.25,0.08816650277782793,0.6952380952380952,2.0,2.0,True,2020
0,19,25,10.0,17.0,3.0,5.0,8.0,8.0,13.0,21.0,3.0,6.0,4.0,5.0,0.0776309797309069,0.47674418604651164,0.1495020323137491,0.693069306930693,2.0,2.0,False,2020
0,4,2,10.0,15.0,3.0,7.0,6.0,10.0,10.0,22.0,5.0,11.0,14.0,15.0,0.10374830510486308,0.6296296296296297,0.1273599293972579,0.5957446808510638,2.0,4.0,False,2020
0,22,6,11.0,19.0,3.0,7.0,6.0,6.0,11.0,20.0,3.0,8.0,5.0,6.0,0.018908694203674845,0.5561797752808989,0.04984700680798666,0.4161849710982659,2.0,3.0,True,2020
0,17,26,7.0,22.0,5.0,10.0,5.0,6.0,6.0,17.0,3.0,9.0,10.0,11.0,0.08035337564806323,0.5957446808510638,0.06309901370842931,0.5642458100558659,2.0,2.0,True,2020
1,26,17,6.0,17.0,3.0,9.0,10.0,11.0,7.0,22.0,5.0,10.0,5.0,6.0,0.06309901370842931,0.5642458100558659,0.10428270051845057,0.5978835978835979,2.0,2.0,False,2020
1,3,27,11.0,19.0,4.0,5.0,8.0,9.0,6.0,14.0,4.0,8.0,6.0,8.0,0.03768363774119714,0.43386243386243384,0.03919600868386901,0.2976190476190476,2.0,2.0,True,2020
1,14,1,14.0,20.0,7.0,12.0,11.0,12.0,18.0,32.0,6.0,14.0,17.0,18.0,0.049803648209240846,0.4508670520231214,0.1325786569751004,0.7040816326530612,4.0,2.0,False,2020
0,23,18,6.0,16.0,3.0,6.0,6.0,6.0,7.0,15.0,3.0,8.0,4.0,5.0,0.12562747115413556,0.5058139534883721,0.14537554580664558,0.6243386243386243,3.0,2.0,False,2020
1,0,7,7.0,12.0,2.0,7.0,6.0,8.0,10.0,21.0,6.0,10.0,5.0,6.0,0.08816650277782793,0.6952380952380952,0.09850038984820017,0.25443786982248523,2.0,2.0,False,2020
1,11,24,11.0,17.0,5.0,8.0,4.0,8.0,9.0,17.0,5.0,6.0,5.0,7.0,0.1226334621761455,0.5815217391304348,0.5,0.5,2.0,2.0,True,2020
0,28,10,7.0,13.0,2.0,7.0,4.0,5.0,8.0,17.0,3.0,6.0,3.0,4.0,0.07043830706026466,0.27976190476190477,0.08949067471989842,0.4046242774566474,2.0,2.0,False,2020
0,27,3,6.0,14.0,4.0,8.0,6.0,8.0,11.0,19.0,4.0,5.0,8.0,9.0,0.03919600868386901,0.2976190476190476,0.07014691019295771,0.4368421052631579,2.0,2.0,False,2020
1,18,23,7.0,15.0,3.0,8.0,4.0,5.0,6.0,16.0,3.0,6.0,6.0,6.0,0.14537554580664558,0.6243386243386243,0.10050197692330845,0.5028901734104047,2.0,3.0,True,2020
0,21,15,10.0,15.0,4.0,7.0,5.0,7.0,10.0,22.0,7.0,16.0,3.0,3.0,0.06874879483920741,0.4523809523809524,0.01716234815722523,0.3905325443786982,2.0,2.0,True,2020
1,25,19,13.0,21.0,3.0,6.0,4.0,5.0,10.0,17.0,3.0,5.0,8.0,8.0,0.1495020323137491,0.693069306930693,0.06210478378472552,0.47398843930635837,2.0,2.0,True,2020
1,8,20,8.0,17.0,5.0,9.0,10.0,13.0,7.0,14.0,3.0,6.0,4.0,6.0,0.022170598015751334,0.4858757062146893,0.11166511498929285,0.6043956043956044,3.0,2.0,True,2020
0,5,24,13.0,21.0,3.0,4.0,5.0,6.0,15.0,32.0,2.0,7.0,6.0,9.0,0.14348290075137596,0.5698324022346368,0.5,0.5,3.0,1.0,False,2020
1,24,5,15.0,32.0,2.0,7.0,6.0,9.0,13.0,21.0,3.0,4.0,5.0,6.0,0.5,0.5,0.11478632060110076,0.5666666666666667,1.0,3.0,True,2020
0,20,8,7.0,14.0,3.0,6.0,4.0,6.0,8.0,17.0,5.0,9.0,10.0,13.0,0.11166511498929285,0.6043956043956044,0.057736478412601065,0.4887640449438202,2.0,3.0,False,2020
1,9,12,8.0,13.0,2.0,6.0,5.0,8.0,10.0,16.0,4.0,9.0,4.0,7.0,0.07058007578533579,0.3273809523809524,0.11443148951641224,0.5028901734104047,2.0,2.0,False,2020
0,12,9,10.0,16.0,4.0,9.0,4.0,7.0,8.0,13.0,2.0,6.0,5.0,8.0,0.11443148951641224,0.5028901734104047,0.05646406062826863,0.3254437869822485,2.0,2.0,True,2020
0,28,2,8.0,17.0,5.0,10.0,8.0,11.0,9.0,19.0,4.0,9.0,14.0,14.0,0.056350645648211725,0.2781065088757396,0.1273599293972579,0.5957446808510638,2.0,2.0,False,2020
1,22,3,9.0,16.0,2.0,5.0,8.0,8.0,9.0,21.0,5.0,11.0,7.0,7.0,0.05512695536293988,0.5586592178770949,0.07014691019295771,0.4368421052631579,2.0,2.0,True,2020
0,11,15,9.0,19.0,3.0,9.0,6.0,8.0,9.0,17.0,3.0,6.0,9.0,12.0,0.1381067697409164,0.5837837837837838,0.01716234815722523,0.3905325443786982,2.0,2.0,False,2020
1,15,11,9.0,17.0,3.0,6.0,9.0,12.0,9.0,19.0,3.0,9.0,6.0,8.0,0.01716234815722523,0.3905325443786982,0.11048541579273312,0.5806451612903226,2.0,2.0,True,2020
1,0,5,9.0,24.0,4.0,11.0,9.0,10.0,10.0,16.0,6.0,9.0,6.0,7.0,0.07053320222226235,0.6919431279620853,0.11478632060110076,0.5666666666666667,2.0,1.0,False,2020
1,2,28,9.0,19.0,4.0,9.0,14.0,14.0,8.0,17.0,5.0,10.0,8.0,11.0,0.1273599293972579,0.5957446808510638,0.04508051651856938,0.27647058823529413,2.0,2.0,True,2020
0,1,6,12.0,31.0,3.0,16.0,14.0,15.0,9.0,18.0,6.0,10.0,8.0,9.0,0.1325786569751004,0.7040816326530612,0.04984700680798666,0.4161849710982659,2.0,2.0,False,2020
1,6,1,9.0,18.0,6.0,10.0,8.0,9.0,12.0,31.0,3.0,16.0,14.0,15.0,0.04984700680798666,0.4161849710982659,0.10606292558008032,0.700507614213198,2.0,2.0,True,2020
0,19,27,11.0,17.0,3.0,8.0,7.0,9.0,8.0,20.0,3.0,9.0,7.0,8.0,0.06210478378472552,0.47398843930635837,0.03135680694709521,0.2958579881656805,2.0,2.0,False,2020
1,10,4,7.0,15.0,4.0,8.0,3.0,5.0,10.0,16.0,4.0,7.0,8.0,11.0,0.08949067471989842,0.4046242774566474,0.08299864408389046,0.6263157894736842,2.0,2.0,False,2020
1,13,29,10.0,23.0,4.0,9.0,7.0,8.0,15.0,28.0,4.0,9.0,9.0,11.0,0.1227063062629576,0.35714285714285715,0.13669748187084646,0.44642857142857145,3.0,3.0,False,2020
1,27,19,8.0,20.0,3.0,9.0,7.0,8.0,11.0,17.0,3.0,8.0,7.0,9.0,0.03135680694709521,0.2958579881656805,0.04968382702778042,0.47126436781609193,2.0,2.0,True,2020
0,5,0,10.0,16.0,6.0,9.0,6.0,7.0,9.0,24.0,4.0,11.0,9.0,10.0,0.11478632060110076,0.5666666666666667,0.05642656177780988,0.6886792452830188,1.0,2.0,True,2020
0,29,13,15.0,28.0,4.0,9.0,9.0,11.0,10.0,23.0,4.0,9.0,7.0,8.0,0.13669748187084646,0.44642857142857145,0.09816504501036608,0.35502958579881655,3.0,3.0,True,2020
0,4,10,10.0,16.0,4.0,7.0,8.0,11.0,7.0,15.0,4.0,8.0,3.0,5.0,0.08299864408389046,0.6263157894736842,0.07159253977591874,0.40229885057471265,2.0,2.0,True,2020
0,3,22,9.0,21.0,5.0,11.0,7.0,7.0,9.0,16.0,2.0,5.0,8.0,8.0,0.07014691019295771,0.4368421052631579,0.0841015642903519,0.5611111111111111,2.0,2.0,False,2020
1,16,7,9.0,16.0,2.0,5.0,4.0,4.0,8.0,14.0,4.0,7.0,4.0,6.0,0.06761476199449357,0.3333333333333333,0.09850038984820017,0.25443786982248523,4.0,3.0,False,2020
0,8,26,7.0,15.0,4.0,9.0,4.0,5.0,8.0,17.0,4.0,6.0,4.0,5.0,0.057736478412601065,0.4887640449438202,0.050479210966743446,0.5611111111111111,2.0,3.0,False,2020
0,6,19,8.0,21.0,5.0,8.0,5.0,6.0,10.0,20.0,3.0,7.0,6.0,8.0,0.07987760544638933,0.41954022988505746,0.04968382702778042,0.47126436781609193,1.0,1.0,False,2020
1,26,8,8.0,17.0,4.0,6.0,4.0,5.0,7.0,15.0,4.0,9.0,4.0,5.0,0.050479210966743446,0.5611111111111111,0.04618918273008085,0.4860335195530726,3.0,2.0,True,2020
0,23,14,8.0,17.0,4.0,9.0,3.0,4.0,8.0,19.0,3.0,8.0,11.0,13.0,0.10050197692330845,0.5028901734104047,0.03984291856739268,0.4482758620689655,3.0,3.0,True,2020
1,10,20,10.0,16.0,2.0,6.0,3.0,5.0,7.0,15.0,3.0,7.0,7.0,7.0,0.07159253977591874,0.40229885057471265,0.08933209199143428,0.6010928961748634,1.0,2.0,False,2020
0,20,10,7.0,15.0,3.0,7.0,7.0,7.0,10.0,16.0,2.0,6.0,3.0,5.0,0.08933209199143428,0.6010928961748634,0.057274031820735,0.4,2.0,1.0,True,2020
1,14,23,8.0,19.0,3.0,8.0,11.0,13.0,8.0,17.0,4.0,9.0,3.0,4.0,0.03984291856739268,0.4482758620689655,0.12040158153864675,0.5057471264367817,3.0,3.0,False,2020
0,18,17,12.0,24.0,3.0,6.0,4.0,5.0,11.0,16.0,8.0,11.0,4.0,4.0,0.15630043664531645,0.6263157894736842,0.10428270051845057,0.5978835978835979,3.0,3.0,True,2020
1,17,18,11.0,16.0,8.0,11.0,4.0,4.0,12.0,24.0,3.0,6.0,4.0,5.0,0.10428270051845057,0.5978835978835979,0.16504034931625317,0.6282722513089005,3.0,3.0,False,2020
0,21,0,10.0,21.0,3.0,7.0,5.0,8.0,10.0,18.0,4.0,7.0,5.0,8.0,0.09499903587136593,0.4556213017751479,0.05642656177780988,0.6886792452830188,3.0,1.0,True,2020
0,25,4,11.0,19.0,5.0,9.0,9.0,9.0,14.0,20.0,3.0,7.0,7.0,10.0,0.1596016258509993,0.6945812807881774,0.10639891526711236,0.6282722513089005,3.0,1.0,False,2020
1,4,25,14.0,20.0,3.0,7.0,7.0,10.0,11.0,19.0,5.0,9.0,9.0,9.0,0.10639891526711236,0.6282722513089005,0.12768130068079944,0.6911764705882353,1.0,3.0,True,2020
1,0,21,10.0,18.0,4.0,7.0,5.0,8.0,10.0,21.0,3.0,7.0,5.0,8.0,0.05642656177780988,0.6886792452830188,0.11599922869709274,0.4588235294117647,1.0,3.0,False,2020
0,7,16,8.0,14.0,4.0,7.0,4.0,6.0,9.0,16.0,2.0,5.0,4.0,4.0,0.09850038984820017,0.25443786982248523,0.054091809595594856,0.33136094674556216,3.0,4.0,True,2020
1,19,6,10.0,20.0,3.0,7.0,6.0,8.0,8.0,21.0,5.0,8.0,5.0,6.0,0.04968382702778042,0.47126436781609193,0.06390208435711146,0.41714285714285715,1.0,1.0,True,2020
1,3,13,9.0,18.0,5.0,11.0,6.0,9.0,9.0,17.0,5.0,10.0,6.0,6.0,0.05611752815436617,0.43455497382198954,0.09816504501036608,0.35502958579881655,2.0,2.0,False,2020
0,13,3,9.0,17.0,5.0,10.0,6.0,6.0,9.0,18.0,5.0,11.0,6.0,9.0,0.09816504501036608,0.35502958579881655,0.044894022523492935,0.4322916666666667,2.0,2.0,True,2020
1,22,27,10.0,16.0,2.0,6.0,9.0,9.0,9.0,19.0,4.0,8.0,4.0,6.0,0.0841015642903519,0.5611111111111111,0.06508544555767617,0.3,2.0,2.0,True,2020
1,28,15,9.0,20.0,4.0,6.0,6.0,9.0,8.0,18.0,5.0,11.0,7.0,10.0,0.04508051651856938,0.27647058823529413,0.053729878525780185,0.3941176470588235,2.0,2.0,False,2020
1,24,11,9.0,26.0,2.0,8.0,10.0,12.0,11.0,21.0,4.0,9.0,10.0,14.0,0.04,0.6,0.11048541579273312,0.5806451612903226,3.0,2.0,True,2020
1,12,1,9.0,15.0,7.0,11.0,4.0,4.0,6.0,14.0,4.0,9.0,14.0,14.0,0.13154519161312977,0.5057471264367817,0.10606292558008032,0.700507614213198,3.0,2.0,True,2020
0,29,5,10.0,23.0,2.0,6.0,5.0,10.0,7.0,15.0,3.0,8.0,4.0,5.0,0.14935798549667717,0.44970414201183434,0.1318290564808806,0.569060773480663,2.0,2.0,True,2020
0,1,12,6.0,14.0,4.0,9.0,14.0,14.0,9.0,15.0,7.0,11.0,4.0,4.0,0.10606292558008032,0.700507614213198,0.14523615329050382,0.5085714285714286,2.0,3.0,False,2020
1,5,29,7.0,15.0,3.0,8.0,4.0,5.0,10.0,23.0,2.0,6.0,5.0,10.0,0.1318290564808806,0.569060773480663,0.15948638839734175,0.45294117647058824,2.0,2.0,False,2020
0,11,24,11.0,21.0,4.0,9.0,10.0,14.0,9.0,26.0,2.0,8.0,10.0,12.0,0.11048541579273312,0.5806451612903226,0.072,0.6666666666666666,2.0,3.0,False,2020
0,27,22,9.0,19.0,4.0,8.0,4.0,6.0,10.0,16.0,2.0,6.0,9.0,9.0,0.06508544555767617,0.3,0.10728125143228151,0.56353591160221,2.0,2.0,False,2020
0,15,28,8.0,18.0,5.0,11.0,7.0,10.0,9.0,20.0,4.0,6.0,6.0,9.0,0.053729878525780185,0.3941176470588235,0.036064413214855505,0.27485380116959063,2.0,2.0,True,2020
1,14,19,8.0,17.0,3.0,6.0,5.0,8.0,6.0,20.0,3.0,9.0,9.0,11.0,0.031874334853914145,0.44571428571428573,0.07974706162222434,0.4742857142857143,2.0,2.0,True,2020
1,16,1,10.0,18.0,1.0,7.0,3.0,4.0,12.0,28.0,7.0,16.0,13.0,18.0,0.054091809595594856,0.33136094674556216,0.08485034046406426,0.696969696969697,2.0,1.0,False,2020
0,18,7,13.0,20.0,5.0,8.0,4.0,5.0,15.0,19.0,3.0,5.0,7.0,7.0,0.16504034931625317,0.6282722513089005,0.11880031187856015,0.25882352941176473,2.0,2.0,False,2020
1,7,18,15.0,19.0,3.0,5.0,7.0,7.0,13.0,20.0,5.0,8.0,4.0,5.0,0.11880031187856015,0.25882352941176473,0.13203227945300253,0.625,2.0,2.0,True,2020
0,1,16,12.0,28.0,7.0,16.0,13.0,18.0,10.0,18.0,1.0,7.0,3.0,4.0,0.08485034046406426,0.696969696969697,0.04327344767647588,0.32941176470588235,1.0,2.0,True,2020
0,8,6,17.0,24.0,3.0,7.0,5.0,5.0,13.0,21.0,4.0,9.0,11.0,11.0,0.04618918273008085,0.4860335195530726,0.06390208435711146,0.41714285714285715,2.0,2.0,False,2020
0,19,14,6.0,20.0,3.0,9.0,9.0,11.0,8.0,17.0,3.0,6.0,5.0,8.0,0.07974706162222434,0.4742857142857143,0.06549946788313131,0.44886363636363635,2.0,2.0,False,2020
1,0,17,11.0,19.0,4.0,9.0,10.0,11.0,15.0,26.0,5.0,13.0,4.0,5.0,0.045141249422247905,0.6854460093896714,0.08342616041476045,0.5947368421052631,2.0,2.0,True,2020
0,17,0,15.0,26.0,5.0,13.0,4.0,5.0,11.0,19.0,4.0,9.0,10.0,11.0,0.08342616041476045,0.5947368421052631,0.07611299953779833,0.6869158878504673,2.0,2.0,False,2020
1,6,8,13.0,21.0,4.0,9.0,11.0,11.0,17.0,24.0,3.0,7.0,5.0,5.0,0.06390208435711146,0.41714285714285715,0.03695134618406468,0.48333333333333334,2.0,2.0,True,2020
1,23,4,10.0,21.0,4.0,8.0,4.0,4.0,14.0,19.0,4.0,7.0,6.0,11.0,0.12040158153864675,0.5057471264367817,0.1251191322136899,0.6302083333333334,2.0,2.0,False,2020
0,4,23,14.0,19.0,4.0,7.0,6.0,11.0,10.0,21.0,4.0,8.0,4.0,4.0,0.1251191322136899,0.6302083333333334,0.0963212652309174,0.5028571428571429,2.0,2.0,True,2020
1,20,12,9.0,15.0,2.0,6.0,3.0,5.0,5.0,14.0,4.0,8.0,10.0,12.0,0.11146567359314744,0.6032608695652174,0.14523615329050382,0.5085714285714286,3.0,2.0,True,2020
1,9,5,10.0,23.0,5.0,10.0,4.0,6.0,10.0,16.0,3.0,9.0,3.0,5.0,0.05646406062826863,0.3254437869822485,0.10546324518470448,0.5659340659340659,5.0,2.0,True,2020
1,27,29,9.0,18.0,4.0,7.0,5.0,7.0,10.0,19.0,3.0,8.0,8.0,9.0,0.05206835644614094,0.2982456140350877,0.15948638839734175,0.45294117647058824,2.0,2.0,False,2020
1,21,22,10.0,21.0,4.0,9.0,11.0,15.0,15.0,19.0,2.0,9.0,5.0,5.0,0.11599922869709274,0.4588235294117647,0.10728125143228151,0.56353591160221,3.0,2.0,True,2020
0,10,26,6.0,15.0,1.0,4.0,7.0,8.0,9.0,17.0,3.0,10.0,6.0,6.0,0.057274031820735,0.4,0.08038336877339475,0.56353591160221,3.0,3.0,False,2020
0,29,27,10.0,19.0,3.0,8.0,8.0,9.0,9.0,18.0,4.0,7.0,5.0,7.0,0.15948638839734175,0.45294117647058824,0.04165468515691275,0.29651162790697677,2.0,2.0,True,2020
0,5,9,10.0,16.0,3.0,9.0,3.0,5.0,10.0,23.0,5.0,10.0,4.0,6.0,0.10546324518470448,0.5659340659340659,0.0851712485026149,0.32941176470588235,2.0,5.0,False,2020
0,22,21,15.0,19.0,2.0,9.0,5.0,5.0,10.0,21.0,4.0,9.0,11.0,15.0,0.10728125143228151,0.56353591160221,0.13279938295767418,0.4619883040935672,2.0,3.0,False,2020
1,3,2,7.0,15.0,3.0,7.0,7.0,7.0,17.0,20.0,6.0,8.0,4.0,4.0,0.044894022523492935,0.4322916666666667,0.14188794351780634,0.6,2.0,4.0,False,2020
0,2,3,17.0,20.0,6.0,8.0,4.0,4.0,7.0,15.0,3.0,7.0,7.0,7.0,0.14188794351780634,0.6,0.03591521801879435,0.43005181347150256,4.0,2.0,True,2020
1,26,10,9.0,17.0,3.0,10.0,6.0,6.0,6.0,15.0,1.0,4.0,7.0,8.0,0.08038336877339475,0.56353591160221,0.045819225456587995,0.3977272727272727,3.0,3.0,True,2020
0,12,20,5.0,14.0,4.0,8.0,10.0,12.0,9.0,15.0,2.0,6.0,3.0,5.0,0.14523615329050382,0.5085714285714286,0.12917253887451793,0.6054054054054054,2.0,3.0,False,2020
0,14,22,12.0,29.0,3.0,12.0,7.0,7.0,9.0,15.0,4.0,6.0,6.0,8.0,0.06549946788313131,0.44886363636363635,0.08582500114582521,0.5604395604395604,2.0,1.0,False,2020
0,15,25,7.0,16.0,6.0,11.0,8.0,10.0,9.0,16.0,5.0,7.0,7.0,8.0,0.08298390282062414,0.39766081871345027,0.12768130068079944,0.6911764705882353,3.0,4.0,False,2020
1,1,0,10.0,23.0,6.0,16.0,10.0,13.0,10.0,18.0,3.0,8.0,6.0,8.0,0.10788027237125139,0.6984924623115578,0.07611299953779833,0.6869158878504673,2.0,2.0,True,2020
1,25,15,9.0,16.0,5.0,7.0,7.0,8.0,7.0,16.0,6.0,11.0,8.0,10.0,0.12768130068079944,0.6911764705882353,0.06638712225649931,0.3953488372093023,4.0,3.0,True,2020
1,11,18,10.0,23.0,2.0,5.0,6.0,8.0,8.0,16.0,2.0,6.0,16.0,18.0,0.0883883326341865,0.5775401069518716,0.13203227945300253,0.625,3.0,2.0,True,2020
1,16,23,9.0,19.0,5.0,7.0,8.0,10.0,11.0,21.0,3.0,11.0,6.0,8.0,0.04327344767647588,0.32941176470588235,0.0963212652309174,0.5028571428571429,2.0,2.0,True,2020
0,23,16,11.0,21.0,3.0,11.0,6.0,8.0,9.0,19.0,5.0,7.0,8.0,10.0,0.0963212652309174,0.5028571428571429,0.07461875814118071,0.3333333333333333,2.0,2.0,False,2020
0,28,19,8.0,15.0,3.0,7.0,6.0,11.0,12.0,16.0,6.0,7.0,6.0,6.0,0.036064413214855505,0.27485380116959063,0.06379764929777947,0.4715909090909091,3.0,2.0,False,2020
0,0,1,10.0,18.0,3.0,8.0,6.0,8.0,10.0,23.0,6.0,16.0,10.0,13.0,0.07611299953779833,0.6869158878504673,0.12630421789700114,0.7,2.0,2.0,False,2020
0,4,24,10.0,21.0,6.0,8.0,14.0,18.0,13.0,27.0,4.0,9.0,12.0,13.0,0.14009530577095192,0.6321243523316062,0.072,0.6666666666666666,2.0,3.0,True,2020
1,13,10,10.0,21.0,3.0,7.0,6.0,7.0,10.0,17.0,2.0,5.0,5.0,5.0,0.11853203600829285,0.3588235294117647,0.045819225456587995,0.3977272727272727,3.0,1.0,True,2020
1,9,27,6.0,12.0,3.0,8.0,5.0,6.0,10.0,13.0,4.0,7.0,5.0,7.0,0.0851712485026149,0.32941176470588235,0.04165468515691275,0.29651162790697677,1.0,1.0,False,2020
0,27,9,10.0,13.0,4.0,7.0,5.0,7.0,6.0,12.0,3.0,8.0,5.0,6.0,0.04165468515691275,0.29651162790697677,0.06813699880209192,0.32748538011695905,1.0,1.0,True,2020
0,10,13,10.0,17.0,2.0,5.0,5.0,5.0,10.0,21.0,3.0,7.0,6.0,7.0,0.045819225456587995,0.3977272727272727,0.1348256288066343,0.36257309941520466,1.0,3.0,False,2020
1,22,14,9.0,15.0,4.0,6.0,6.0,8.0,12.0,29.0,3.0,12.0,7.0,7.0,0.08582500114582521,0.5604395604395604,0.05239957430650505,0.4463276836158192,1.0,2.0,True,2020
0,18,11,8.0,16.0,2.0,6.0,16.0,18.0,10.0,23.0,2.0,5.0,6.0,8.0,0.13203227945300253,0.625,0.11071066610734921,0.5797872340425532,2.0,3.0,False,2020
1,24,4,13.0,27.0,4.0,9.0,12.0,13.0,10.0,21.0,6.0,8.0,14.0,18.0,0.072,0.6666666666666666,0.15207624461676153,0.634020618556701,3.0,2.0,False,2020
1,19,28,12.0,16.0,6.0,7.0,6.0,6.0,8.0,15.0,3.0,7.0,6.0,11.0,0.06379764929777947,0.4715909090909091,0.028851530571884405,0.27325581395348836,2.0,3.0,True,2020
1,21,2,8.0,14.0,2.0,10.0,3.0,5.0,9.0,17.0,4.0,9.0,3.0,6.0,0.13279938295767418,0.4619883040935672,0.15351035481424508,0.6041666666666666,2.0,2.0,False,2020
0,26,5,9.0,18.0,5.0,6.0,8.0,9.0,19.0,23.0,4.0,7.0,3.0,3.0,0.10430669501871581,0.5659340659340659,0.08437059614776359,0.5628415300546448,2.0,2.0,False,2020
1,7,12,10.0,17.0,2.0,7.0,8.0,8.0,11.0,16.0,5.0,7.0,10.0,10.0,0.13504024950284813,0.2631578947368421,0.11618892263240306,0.5056818181818182,3.0,2.0,False,2020
0,2,21,9.0,17.0,4.0,9.0,3.0,6.0,8.0,14.0,2.0,10.0,3.0,5.0,0.15351035481424508,0.6041666666666666,0.10623950636613935,0.45930232558139533,2.0,2.0,True,2020
1,24,17,9.0,23.0,2.0,5.0,11.0,12.0,9.0,23.0,3.0,10.0,4.0,6.0,0.0576,0.5714285714285714,0.06674092833180836,0.5916230366492147,1.0,3.0,True,2020
0,17,24,9.0,23.0,3.0,10.0,4.0,6.0,9.0,23.0,2.0,5.0,11.0,12.0,0.06674092833180836,0.5916230366492147,0.08608,0.625,3.0,1.0,False,2020
0,12,7,11.0,16.0,5.0,7.0,10.0,10.0,10.0,17.0,2.0,7.0,8.0,8.0,0.11618892263240306,0.5056818181818182,0.1080321996022785,0.2616279069767442,2.0,3.0,True,2020
1,5,26,19.0,23.0,4.0,7.0,3.0,3.0,9.0,18.0,5.0,6.0,8.0,9.0,0.08437059614776359,0.5628415300546448,0.08344535601497265,0.5628415300546448,2.0,2.0,True,2020
0,19,22,11.0,21.0,4.0,9.0,6.0,6.0,8.0,16.0,2.0,5.0,6.0,7.0,0.09103811943822357,0.4745762711864407,0.10866000091666017,0.5628415300546448,2.0,2.0,False,2020
1,23,0,17.0,33.0,2.0,10.0,5.0,8.0,19.0,37.0,7.0,17.0,7.0,8.0,0.07705701218473392,0.5,0.060890399630238665,0.6837209302325581,2.0,2.0,True,2020
0,3,14,8.0,19.0,2.0,7.0,10.0,13.0,11.0,21.0,3.0,9.0,1.0,2.0,0.03591521801879435,0.43005181347150256,0.05239957430650505,0.4463276836158192,3.0,2.0,True,2020
0,6,17,12.0,27.0,6.0,10.0,6.0,8.0,19.0,33.0,7.0,16.0,15.0,15.0,0.09112166748568917,0.42045454545454547,0.05339274266544669,0.5885416666666666,4.0,1.0,True,2020
1,14,3,11.0,21.0,3.0,9.0,1.0,2.0,8.0,19.0,2.0,7.0,10.0,13.0,0.05239957430650505,0.4463276836158192,0.06873217441503547,0.4329896907216495,2.0,3.0,False,2020
1,22,19,8.0,16.0,2.0,5.0,6.0,7.0,11.0,21.0,4.0,9.0,6.0,6.0,0.10866000091666017,0.5628415300546448,0.07283049555057886,0.47191011235955055,2.0,2.0,True,2020
1,11,4,9.0,22.0,5.0,10.0,10.0,10.0,10.0,22.0,5.0,8.0,8.0,13.0,0.11071066610734921,0.5797872340425532,0.15207624461676153,0.634020618556701,2.0,2.0,True,2020
0,4,11,10.0,22.0,5.0,8.0,8.0,13.0,9.0,22.0,5.0,10.0,10.0,10.0,0.15207624461676153,0.634020618556701,0.12856853288587938,0.582010582010582,2.0,2.0,False,2020
0,0,23,19.0,37.0,7.0,17.0,7.0,8.0,17.0,33.0,2.0,10.0,5.0,8.0,0.060890399630238665,0.6837209302325581,0.10164560974778714,0.5028248587570622,2.0,2.0,False,2020
1,17,6,19.0,33.0,7.0,16.0,15.0,15.0,12.0,27.0,6.0,10.0,6.0,8.0,0.05339274266544669,0.5885416666666666,0.11289733398855133,0.423728813559322,1.0,4.0,False,2020
1,29,12,11.0,19.0,4.0,7.0,4.0,4.0,7.0,16.0,3.0,7.0,8.0,8.0,0.16758911071787339,0.45614035087719296,0.13295113810592246,0.5084745762711864,3.0,1.0,True,2020
1,10,16,9.0,16.0,2.0,5.0,4.0,5.0,6.0,13.0,2.0,6.0,3.0,3.0,0.0366553803652704,0.3954802259887006,0.07461875814118071,0.3333333333333333,2.0,2.0,True,2020
0,18,20,6.0,17.0,3.0,7.0,5.0,7.0,10.0,22.0,3.0,9.0,4.0,5.0,0.10562582356240202,0.6217616580310881,0.12917253887451793,0.6054054054054054,2.0,3.0,False,2020
1,13,28,13.0,26.0,4.0,11.0,9.0,9.0,10.0,22.0,4.0,8.0,5.0,8.0,0.1348256288066343,0.36257309941520466,0.028851530571884405,0.27325581395348836,2.0,2.0,False,2020
1,9,15,12.0,22.0,4.0,10.0,3.0,3.0,9.0,17.0,5.0,8.0,5.0,6.0,0.06813699880209192,0.32748538011695905,0.06638712225649931,0.3953488372093023,2.0,2.0,False,2020
0,15,9,9.0,17.0,5.0,8.0,5.0,6.0,12.0,22.0,4.0,10.0,3.0,3.0,0.06638712225649931,0.3953488372093023,0.05450959904167354,0.32558139534883723,2.0,2.0,True,2020
0,25,8,17.0,28.0,5.0,10.0,5.0,5.0,10.0,25.0,3.0,10.0,4.0,5.0,0.14214504054463956,0.6926829268292682,0.03695134618406468,0.48333333333333334,2.0,4.0,True,2020
0,16,10,6.0,13.0,2.0,6.0,3.0,3.0,9.0,16.0,2.0,5.0,4.0,5.0,0.07461875814118071,0.3333333333333333,0.06932430429221632,0.398876404494382,2.0,2.0,False,2020
1,8,25,10.0,25.0,3.0,10.0,4.0,5.0,17.0,28.0,5.0,10.0,5.0,5.0,0.03695134618406468,0.48333333333333334,0.15371603243571164,0.6941747572815534,4.0,2.0,False,2020
0,12,29,7.0,16.0,3.0,7.0,8.0,8.0,11.0,19.0,4.0,7.0,4.0,4.0,0.13295113810592246,0.5084745762711864,0.1740712885742987,0.45930232558139533,1.0,3.0,False,2020
0,28,13,10.0,22.0,4.0,8.0,5.0,8.0,13.0,26.0,4.0,11.0,9.0,9.0,0.028851530571884405,0.27325581395348836,0.10786050304530743,0.36046511627906974,2.0,2.0,True,2020
1,20,18,10.0,22.0,3.0,9.0,4.0,5.0,6.0,17.0,3.0,7.0,5.0,7.0,0.12917253887451793,0.6054054054054054,0.08450065884992161,0.6185567010309279,3.0,2.0,True,2020
1,21,8,5.0,14.0,4.0,10.0,10.0,13.0,8.0,13.0,5.0,9.0,6.0,11.0,0.10623950636613935,0.45930232558139533,0.029561076947251748,0.48066298342541436,2.0,1.0,False,2020
1,16,13,10.0,17.0,4.0,9.0,4.0,4.0,9.0,16.0,5.0,9.0,5.0,5.0,0.05969500651294457,0.3313953488372093,0.10786050304530743,0.36046511627906974,1.0,1.0,False,2020
0,2,5,10.0,20.0,4.0,10.0,9.0,10.0,7.0,15.0,3.0,7.0,10.0,11.0,0.16280828385139606,0.6082474226804123,0.10749647691821088,0.5652173913043478,2.0,2.0,True,2020
1,5,2,7.0,15.0,3.0,7.0,10.0,11.0,10.0,20.0,4.0,10.0,9.0,10.0,0.10749647691821088,0.5652173913043478,0.17024662708111685,0.6122448979591837,2.0,2.0,False,2020
0,1,27,12.0,27.0,9.0,19.0,9.0,11.0,6.0,17.0,1.0,7.0,7.0,7.0,0.12630421789700114,0.7,0.07332374812553019,0.30057803468208094,3.0,3.0,True,2020
1,27,1,6.0,17.0,1.0,7.0,7.0,7.0,12.0,27.0,9.0,19.0,9.0,11.0,0.07332374812553019,0.30057803468208094,0.1410433743176009,0.7014925373134329,3.0,3.0,False,2020
0,8,21,8.0,13.0,5.0,9.0,6.0,11.0,5.0,14.0,4.0,10.0,10.0,13.0,0.029561076947251748,0.48066298342541436,0.08499160509291148,0.45664739884393063,1.0,2.0,True,2020
1,26,0,6.0,15.0,4.0,8.0,6.0,6.0,10.0,19.0,4.0,8.0,6.0,6.0,0.08344535601497265,0.5628415300546448,0.04871231970419093,0.6805555555555556,2.0,1.0,True,2020
0,13,16,9.0,16.0,5.0,9.0,5.0,5.0,10.0,17.0,4.0,9.0,4.0,4.0,0.10786050304530743,0.36046511627906974,0.047756005210355654,0.32947976878612717,1.0,1.0,True,2020
0,0,26,10.0,19.0,4.0,8.0,6.0,6.0,6.0,15.0,4.0,8.0,6.0,6.0,0.04871231970419093,0.6805555555555556,0.10675628481197812,0.5652173913043478,1.0,2.0,False,2020
1,18,21,7.0,14.0,3.0,8.0,6.0,7.0,10.0,15.0,4.0,8.0,5.0,6.0,0.08450065884992161,0.6185567010309279,0.08499160509291148,0.45664739884393063,2.0,1.0,True,2020
1,7,6,10.0,16.0,4.0,7.0,4.0,4.0,8.0,16.0,3.0,6.0,5.0,5.0,0.1080321996022785,0.2616279069767442,0.11289733398855133,0.423728813559322,3.0,2.0,True,2020
0,20,23,9.0,23.0,3.0,7.0,6.0,6.0,10.0,23.0,3.0,14.0,7.0,11.0,0.14333803109961435,0.6075268817204301,0.10164560974778714,0.5028248587570622,2.0,2.0,True,2020
1,10,22,8.0,17.0,6.0,8.0,2.0,3.0,9.0,18.0,3.0,7.0,3.0,4.0,0.06932430429221632,0.398876404494382,0.12692800073332813,0.5652173913043478,2.0,2.0,False,2020
0,21,18,10.0,15.0,4.0,8.0,5.0,6.0,7.0,14.0,3.0,8.0,6.0,7.0,0.08499160509291148,0.45664739884393063,0.10760052707993731,0.6205128205128205,1.0,2.0,False,2020
0,22,10,9.0,18.0,3.0,7.0,3.0,4.0,8.0,17.0,6.0,8.0,2.0,3.0,0.12692800073332813,0.5652173913043478,0.055459443433773056,0.39664804469273746,2.0,2.0,True,2020
1,23,20,10.0,23.0,3.0,14.0,7.0,11.0,9.0,23.0,3.0,7.0,6.0,6.0,0.10164560974778714,0.5028248587570622,0.1546704248796915,0.6096256684491979,2.0,2.0,False,2020
0,6,7,8.0,16.0,3.0,6.0,5.0,5.0,10.0,16.0,4.0,7.0,4.0,4.0,0.11289733398855133,0.423728813559322,0.1264257596818228,0.2658959537572254,2.0,3.0,False,2020
1,26,4,9.0,19.0,4.0,10.0,4.0,6.0,13.0,19.0,3.0,7.0,7.0,9.0,0.10675628481197812,0.5652173913043478,0.12166099569340923,0.6307692307692307,1.0,2.0,False,2020
0,25,29,9.0,25.0,4.0,9.0,5.0,8.0,10.0,20.0,3.0,7.0,5.0,6.0,0.15371603243571164,0.6941747572815534,0.1740712885742987,0.45930232558139533,2.0,2.0,True,2020
0,9,17,13.0,30.0,4.0,13.0,14.0,17.0,11.0,23.0,3.0,9.0,11.0,12.0,0.05450959904167354,0.32558139534883723,0.04271419413235735,0.5854922279792746,2.0,2.0,False,2020
1,28,3,6.0,14.0,3.0,6.0,7.0,10.0,10.0,16.0,5.0,8.0,9.0,9.0,0.06308122445750752,0.2774566473988439,0.06873217441503547,0.4329896907216495,2.0,2.0,False,2020
1,17,9,11.0,23.0,3.0,9.0,11.0,12.0,13.0,30.0,4.0,13.0,14.0,17.0,0.04271419413235735,0.5854922279792746,0.04360767923333883,0.3236994219653179,2.0,2.0,True,2020
0,4,26,13.0,19.0,3.0,7.0,7.0,9.0,9.0,19.0,4.0,10.0,4.0,6.0,0.12166099569340923,0.6307692307692307,0.0854050278495825,0.5621621621621622,2.0,1.0,True,2020
0,3,28,10.0,16.0,5.0,8.0,9.0,9.0,6.0,14.0,3.0,6.0,7.0,10.0,0.06873217441503547,0.4329896907216495,0.05046497956600602,0.27586206896551724,2.0,2.0,True,2020
1,29,25,10.0,20.0,3.0,7.0,5.0,6.0,9.0,25.0,4.0,9.0,5.0,8.0,0.1740712885742987,0.45930232558139533,0.1629728259485693,0.6956521739130435,2.0,2.0,False,2020
1,2,13,9.0,18.0,8.0,14.0,5.0,7.0,11.0,21.0,4.0,10.0,9.0,10.0,0.17024662708111685,0.6122448979591837,0.12628840243624595,0.36416184971098264,2.0,2.0,True,2020
1,8,1,7.0,21.0,7.0,15.0,6.0,8.0,13.0,25.0,4.0,11.0,10.0,14.0,0.06364886155780139,0.4835164835164835,0.1410433743176009,0.7014925373134329,2.0,2.0,False,2020
0,13,2,11.0,21.0,4.0,10.0,9.0,10.0,9.0,18.0,8.0,14.0,5.0,7.0,0.12628840243624595,0.36416184971098264,0.17619730166489347,0.6161616161616161,2.0,2.0,False,2020
1,24,25,7.0,15.0,4.0,8.0,8.0,9.0,6.0,20.0,3.0,6.0,4.0,6.0,0.08608,0.625,0.1629728259485693,0.6956521739130435,4.0,1.0,True,2020
1,5,16,8.0,15.0,4.0,9.0,3.0,4.0,10.0,17.0,4.0,6.0,4.0,6.0,0.0859971815345687,0.5621621621621622,0.047756005210355654,0.32947976878612717,2.0,2.0,False,2020
0,16,5,10.0,17.0,4.0,6.0,4.0,6.0,8.0,15.0,4.0,9.0,3.0,4.0,0.047756005210355654,0.32947976878612717,0.06879774522765496,0.5591397849462365,2.0,2.0,True,2020
1,19,23,8.0,17.0,4.0,9.0,6.0,8.0,12.0,20.0,4.0,7.0,6.0,8.0,0.07283049555057886,0.47191011235955055,0.08131648779822971,0.5,3.0,1.0,False,2020
0,1,8,13.0,25.0,4.0,11.0,10.0,14.0,7.0,21.0,7.0,15.0,6.0,8.0,0.1410433743176009,0.7014925373134329,0.05091908924624111,0.4808743169398907,2.0,2.0,True,2020
1,0,11,13.0,25.0,5.0,9.0,4.0,5.0,11.0,17.0,5.0,9.0,5.0,9.0,0.03896985576335275,0.6774193548387096,0.12856853288587938,0.582010582010582,2.0,3.0,False,2020
0,23,19,12.0,20.0,4.0,7.0,6.0,8.0,8.0,17.0,4.0,9.0,6.0,8.0,0.08131648779822971,0.5,0.058264396440463086,0.4692737430167598,1.0,3.0,True,2020
0,11,0,11.0,17.0,5.0,9.0,5.0,9.0,13.0,25.0,5.0,9.0,4.0,5.0,0.12856853288587938,0.582010582010582,0.031175884610682197,0.6743119266055045,3.0,2.0,True,2020
0,25,24,6.0,20.0,3.0,6.0,4.0,6.0,7.0,15.0,4.0,8.0,8.0,9.0,0.1629728259485693,0.6956521739130435,0.108864,0.6666666666666666,1.0,4.0,False,2020
1,15,17,8.0,21.0,3.0,11.0,7.0,10.0,11.0,21.0,2.0,6.0,13.0,14.0,0.09310969780519944,0.3988439306358382,0.07417135530588588,0.5876288659793815,4.0,2.0,True,2020
1,20,9,8.0,19.0,4.0,10.0,5.0,6.0,13.0,21.0,8.0,13.0,8.0,11.0,0.1546704248796915,0.6096256684491979,0.04360767923333883,0.3236994219653179,2.0,2.0,False,2020
1,12,19,8.0,16.0,4.0,8.0,8.0,11.0,8.0,18.0,4.0,12.0,5.0,9.0,0.10636091048473797,0.5056179775280899,0.058264396440463086,0.4692737430167598,4.0,1.0,True,2020
1,11,6,13.0,26.0,3.0,5.0,7.0,9.0,10.0,30.0,3.0,12.0,5.0,7.0,0.1428548263087035,0.5842105263157895,0.09031786719084106,0.42134831460674155,1.0,2.0,True,2020
0,9,20,13.0,21.0,8.0,13.0,8.0,11.0,8.0,19.0,4.0,10.0,5.0,6.0,0.04360767923333883,0.3236994219653179,0.12373633990375318,0.6063829787234043,2.0,2.0,True,2020
0,28,27,8.0,17.0,3.0,9.0,7.0,9.0,9.0,19.0,7.0,11.0,4.0,6.0,0.05046497956600602,0.27586206896551724,0.05865899850042415,0.2988505747126437,2.0,3.0,False,2020
1,22,26,10.0,19.0,2.0,6.0,3.0,3.0,5.0,12.0,3.0,6.0,8.0,8.0,0.1415424005866625,0.5675675675675675,0.0854050278495825,0.5621621621621622,2.0,2.0,True,2020
1,7,29,9.0,18.0,4.0,8.0,4.0,6.0,9.0,18.0,3.0,6.0,5.0,7.0,0.1264257596818228,0.2658959537572254,0.13925703085943897,0.45664739884393063,2.0,2.0,False,2020
1,18,3,10.0,20.0,3.0,11.0,4.0,5.0,8.0,18.0,2.0,7.0,8.0,9.0,0.10760052707993731,0.6205128205128205,0.09498573953202838,0.4358974358974359,2.0,2.0,True,2020
0,6,11,10.0,30.0,3.0,12.0,5.0,7.0,13.0,26.0,3.0,5.0,7.0,9.0,0.09031786719084106,0.42134831460674155,0.1542838610469628,0.5863874345549738,2.0,1.0,False,2020
0,19,12,8.0,18.0,4.0,12.0,5.0,9.0,8.0,16.0,4.0,8.0,8.0,11.0,0.058264396440463086,0.4692737430167598,0.12508872838779037,0.5083798882681564,1.0,4.0,False,2020
1,27,28,9.0,19.0,7.0,11.0,4.0,6.0,8.0,17.0,3.0,9.0,7.0,9.0,0.05865899850042415,0.2988505747126437,0.04037198365280482,0.2742857142857143,3.0,2.0,True,2020
0,26,22,5.0,12.0,3.0,6.0,8.0,8.0,10.0,19.0,2.0,6.0,3.0,3.0,0.0854050278495825,0.5621621621621622,0.15323392046933,0.5698924731182796,2.0,2.0,False,2020
0,17,15,11.0,21.0,2.0,6.0,13.0,14.0,8.0,21.0,3.0,11.0,7.0,10.0,0.07417135530588588,0.5876288659793815,0.11448775824415955,0.40229885057471265,2.0,4.0,False,2020
0,29,7,9.0,18.0,3.0,6.0,5.0,7.0,9.0,18.0,4.0,8.0,4.0,6.0,0.13925703085943897,0.45664739884393063,0.10114060774545823,0.26436781609195403,2.0,2.0,True,2020
0,3,18,8.0,18.0,2.0,7.0,8.0,9.0,10.0,20.0,3.0,11.0,4.0,5.0,0.09498573953202838,0.4358974358974359,0.12608042166394984,0.6224489795918368,2.0,2.0,False,2020
0,5,23,12.0,18.0,2.0,7.0,7.0,7.0,12.0,23.0,4.0,9.0,11.0,13.0,0.06879774522765496,0.5591397849462365,0.10505319023858377,0.5027932960893855,2.0,2.0,False,2020
0,16,21,10.0,15.0,4.0,6.0,2.0,3.0,13.0,20.0,7.0,11.0,4.0,4.0,0.07820480416828453,0.3333333333333333,0.06799328407432918,0.4540229885057471,2.0,3.0,True,2020
0,14,2,17.0,27.0,4.0,8.0,8.0,9.0,9.0,20.0,6.0,12.0,6.0,6.0,0.04191965944520404,0.4438202247191011,0.17619730166489347,0.6161616161616161,5.0,2.0,False,2020
0,18,10,9.0,18.0,2.0,8.0,3.0,5.0,11.0,18.0,3.0,8.0,7.0,9.0,0.12608042166394984,0.6224489795918368,0.055459443433773056,0.39664804469273746,1.0,3.0,False,2020
1,2,14,9.0,20.0,6.0,12.0,6.0,6.0,17.0,27.0,4.0,8.0,8.0,9.0,0.17619730166489347,0.6161616161616161,0.03353572755616323,0.441340782122905,2.0,5.0,True,2020
1,1,24,12.0,26.0,7.0,13.0,16.0,17.0,10.0,24.0,4.0,9.0,3.0,5.0,0.15283469945408074,0.7029702970297029,0.108864,0.6666666666666666,2.0,2.0,True,2020
1,21,16,13.0,20.0,7.0,11.0,4.0,4.0,10.0,15.0,4.0,6.0,2.0,3.0,0.06799328407432918,0.4540229885057471,0.10256384333462762,0.33714285714285713,3.0,2.0,False,2020
1,10,18,11.0,18.0,3.0,8.0,7.0,9.0,9.0,18.0,2.0,8.0,3.0,5.0,0.055459443433773056,0.39664804469273746,0.10086433733115988,0.6192893401015228,3.0,1.0,True,2020
0,24,1,10.0,24.0,4.0,9.0,3.0,5.0,12.0,26.0,7.0,13.0,16.0,17.0,0.108864,0.6666666666666666,0.16226775956326456,0.7044334975369458,2.0,2.0,False,2020
1,23,5,12.0,23.0,4.0,9.0,11.0,13.0,12.0,18.0,2.0,7.0,7.0,7.0,0.10505319023858377,0.5027932960893855,0.055038196182123966,0.5561497326203209,2.0,2.0,True,2020
0,25,17,15.0,28.0,4.0,7.0,6.0,6.0,9.0,18.0,5.0,10.0,5.0,6.0,0.13037826075885545,0.6923076923076923,0.0593370842447087,0.5846153846153846,2.0,1.0,True,2020
1,17,25,9.0,18.0,5.0,10.0,5.0,6.0,15.0,28.0,4.0,7.0,6.0,6.0,0.0593370842447087,0.5846153846153846,0.14430260860708435,0.69377990430622,1.0,2.0,False,2020
1,29,0,11.0,21.0,3.0,6.0,5.0,6.0,7.0,15.0,3.0,12.0,9.0,10.0,0.15140562468755117,0.45977011494252873,0.031175884610682197,0.6743119266055045,1.0,2.0,True,2020
0,0,29,7.0,15.0,3.0,12.0,9.0,10.0,11.0,21.0,3.0,6.0,5.0,6.0,0.031175884610682197,0.6743119266055045,0.16112449975004092,0.46285714285714286,2.0,1.0,False,2020
0,13,28,10.0,23.0,3.0,12.0,10.0,13.0,8.0,19.0,5.0,7.0,2.0,2.0,0.10103072194899676,0.3620689655172414,0.04037198365280482,0.2742857142857143,3.0,2.0,False,2020
1,20,6,8.0,17.0,2.0,6.0,2.0,5.0,8.0,20.0,2.0,11.0,4.0,5.0,0.12373633990375318,0.6063829787234043,0.07225429375267285,0.41899441340782123,2.0,2.0,True,2020
1,8,24,13.0,24.0,5.0,7.0,6.0,7.0,11.0,20.0,5.0,7.0,10.0,10.0,0.05091908924624111,0.4808743169398907,0.08709120000000001,0.6,3.0,1.0,True,2020
0,12,3,10.0,16.0,3.0,7.0,6.0,6.0,7.0,16.0,3.0,8.0,6.0,6.0,0.12508872838779037,0.5083798882681564,0.0759885916256227,0.4336734693877551,2.0,2.0,True,2020
0,6,20,8.0,20.0,2.0,11.0,4.0,5.0,8.0,17.0,2.0,6.0,2.0,5.0,0.07225429375267285,0.41899441340782123,0.13898907192300256,0.6084656084656085,2.0,2.0,False,2020
1,7,9,10.0,18.0,3.0,8.0,8.0,10.0,8.0,18.0,2.0,6.0,6.0,9.0,0.10114060774545823,0.26436781609195403,0.07488614338667107,0.3275862068965517,2.0,2.0,True,2020
1,28,13,8.0,19.0,5.0,7.0,2.0,2.0,10.0,23.0,3.0,12.0,10.0,13.0,0.04037198365280482,0.2742857142857143,0.0808245775591974,0.36,2.0,3.0,True,2020
0,27,4,9.0,23.0,6.0,13.0,5.0,6.0,13.0,24.0,2.0,7.0,11.0,20.0,0.08692719880033932,0.3028571428571429,0.13732879655472738,0.6326530612244898,2.0,4.0,False,2020
1,4,27,13.0,24.0,2.0,7.0,11.0,20.0,9.0,23.0,6.0,13.0,5.0,6.0,0.13732879655472738,0.6326530612244898,0.06954175904027146,0.30113636363636365,4.0,2.0,True,2020
0,24,8,11.0,20.0,5.0,7.0,10.0,10.0,13.0,24.0,5.0,7.0,6.0,7.0,0.08709120000000001,0.6,0.0807352713969929,0.483695652173913,1.0,3.0,False,2020
0,9,7,8.0,18.0,2.0,6.0,6.0,9.0,10.0,18.0,3.0,8.0,8.0,10.0,0.07488614338667107,0.3275862068965517,0.12091248619636659,0.26857142857142857,2.0,2.0,False,2020
1,3,12,7.0,16.0,3.0,8.0,6.0,6.0,10.0,16.0,3.0,7.0,6.0,6.0,0.0759885916256227,0.4336734693877551,0.1400709827102323,0.5111111111111111,2.0,2.0,False,2020
1,21,19,8.0,23.0,3.0,12.0,4.0,6.0,11.0,19.0,7.0,11.0,6.0,6.0,0.05439462725946335,0.4514285714285714,0.04661151715237047,0.4666666666666667,2.0,3.0,True,2020
0,19,21,11.0,19.0,7.0,11.0,6.0,6.0,8.0,23.0,3.0,12.0,4.0,6.0,0.04661151715237047,0.4666666666666667,0.08351570180757069,0.45454545454545453,3.0,2.0,False,2020
1,10,5,9.0,16.0,5.0,8.0,7.0,8.0,9.0,15.0,4.0,7.0,3.0,3.0,0.08436755474701843,0.4,0.055038196182123966,0.5561497326203209,2.0,2.0,True,2020
0,5,10,9.0,15.0,4.0,7.0,3.0,3.0,9.0,16.0,5.0,8.0,7.0,8.0,0.055038196182123966,0.5561497326203209,0.10749404379761476,0.40331491712707185,2.0,2.0,False,2020
1,0,2,6.0,14.0,1.0,6.0,11.0,12.0,9.0,23.0,5.0,12.0,6.0,7.0,0.024940707688545758,0.6712328767123288,0.18095784133191478,0.62,2.0,2.0,False,2020
0,2,0,9.0,23.0,5.0,12.0,6.0,7.0,6.0,14.0,1.0,6.0,11.0,12.0,0.18095784133191478,0.62,0.019952566150836605,0.6681818181818182,2.0,2.0,True,2020
0,15,29,7.0,15.0,6.0,14.0,3.0,3.0,10.0,20.0,3.0,7.0,7.0,9.0,0.11448775824415955,0.40229885057471265,0.16112449975004092,0.46285714285714286,3.0,2.0,False,2020
1,23,14,13.0,18.0,4.0,6.0,6.0,8.0,15.0,22.0,4.0,5.0,13.0,14.0,0.12404255219086702,0.5055555555555555,0.03353572755616323,0.441340782122905,2.0,2.0,False,2020
1,26,18,9.0,19.0,5.0,7.0,12.0,12.0,12.0,24.0,4.0,8.0,5.0,6.0,0.068324022279666,0.5591397849462365,0.10086433733115988,0.6192893401015228,3.0,2.0,True,2020
0,14,23,15.0,22.0,4.0,5.0,13.0,14.0,13.0,18.0,4.0,6.0,6.0,8.0,0.03353572755616323,0.441340782122905,0.09923404175269361,0.5027624309392266,2.0,2.0,True,2020
0,18,26,12.0,24.0,4.0,8.0,5.0,6.0,9.0,19.0,5.0,7.0,12.0,12.0,0.10086433733115988,0.6192893401015228,0.0946592178237328,0.5614973262032086,2.0,3.0,False,2020
1,29,15,10.0,20.0,3.0,7.0,7.0,9.0,7.0,15.0,6.0,14.0,3.0,3.0,0.16112449975004092,0.46285714285714286,0.09159020659532764,0.4,2.0,3.0,True,2020
1,16,11,9.0,22.0,3.0,6.0,5.0,6.0,9.0,21.0,3.0,8.0,10.0,10.0,0.10256384333462762,0.33714285714285713,0.1542838610469628,0.5863874345549738,2.0,3.0,True,2020
0,22,1,7.0,15.0,3.0,11.0,6.0,8.0,13.0,26.0,6.0,14.0,12.0,14.0,0.15323392046933,0.5698924731182796,0.16226775956326456,0.7044334975369458,3.0,2.0,False,2020
1,1,22,13.0,26.0,6.0,14.0,12.0,14.0,7.0,15.0,3.0,11.0,6.0,8.0,0.16226775956326456,0.7044334975369458,0.12258713637546399,0.5668449197860963,2.0,3.0,True,2020
0,11,16,9.0,21.0,3.0,8.0,10.0,10.0,9.0,22.0,3.0,6.0,5.0,6.0,0.1542838610469628,0.5863874345549738,0.12205107466770211,0.3409090909090909,3.0,2.0,False,2020
1,23,1,9.0,15.0,3.0,7.0,6.0,6.0,16.0,41.0,8.0,22.0,9.0,11.0,0.09923404175269361,0.5027624309392266,0.16981420765061167,0.7058823529411765,1.0,1.0,False,2020
0,6,27,8.0,15.0,2.0,9.0,14.0,15.0,11.0,24.0,3.0,10.0,11.0,12.0,0.05780343500213828,0.4166666666666667,0.06954175904027146,0.30113636363636365,2.0,2.0,True,2020
1,12,8,10.0,19.0,3.0,7.0,7.0,7.0,10.0,19.0,6.0,9.0,2.0,2.0,0.1400709827102323,0.5111111111111111,0.0807352713969929,0.483695652173913,2.0,2.0,True,2020
1,28,21,8.0,16.0,2.0,4.0,5.0,7.0,10.0,19.0,9.0,16.0,5.0,7.0,0.07229758692224385,0.2784090909090909,0.08351570180757069,0.45454545454545453,2.0,1.0,False,2020
0,25,13,9.0,24.0,6.0,11.0,4.0,4.0,7.0,20.0,3.0,8.0,15.0,19.0,0.14430260860708435,0.69377990430622,0.0808245775591974,0.36,3.0,2.0,False,2020
1,27,6,11.0,24.0,3.0,10.0,11.0,12.0,8.0,15.0,2.0,9.0,14.0,15.0,0.06954175904027146,0.30113636363636365,0.08624274800171061,0.4198895027624309,2.0,2.0,False,2020
0,1,23,16.0,41.0,8.0,22.0,9.0,11.0,9.0,15.0,3.0,7.0,6.0,6.0,0.16981420765061167,0.7058823529411765,0.0793872334021549,0.5,1.0,1.0,True,2020
1,13,25,7.0,20.0,3.0,8.0,15.0,19.0,9.0,24.0,6.0,11.0,4.0,4.0,0.0808245775591974,0.36,0.11544208688566748,0.6904761904761905,2.0,3.0,True,2020
0,8,12,10.0,19.0,6.0,9.0,2.0,2.0,10.0,19.0,3.0,7.0,7.0,7.0,0.0807352713969929,0.483695652173913,0.15205678616818585,0.5138121546961326,2.0,2.0,False,2020
1,5,17,12.0,20.0,2.0,5.0,8.0,9.0,13.0,25.0,6.0,11.0,13.0,13.0,0.04403055694569917,0.5531914893617021,0.04746966739576696,0.5816326530612245,1.0,3.0,False,2020
1,22,4,6.0,21.0,3.0,7.0,3.0,4.0,10.0,17.0,3.0,6.0,3.0,5.0,0.12258713637546399,0.5668449197860963,0.14986303724378192,0.6345177664974619,1.0,2.0,False,2020
1,24,9,10.0,17.0,6.0,11.0,15.0,15.0,5.0,16.0,2.0,7.0,10.0,12.0,0.06967296,0.5454545454545454,0.05990891470933686,0.32571428571428573,2.0,2.0,True,2020
0,9,24,5.0,16.0,2.0,7.0,10.0,12.0,10.0,17.0,6.0,11.0,15.0,15.0,0.05990891470933686,0.32571428571428573,0.095738368,0.5833333333333334,2.0,2.0,False,2020
0,4,22,10.0,17.0,3.0,6.0,3.0,5.0,6.0,21.0,3.0,7.0,3.0,4.0,0.14986303724378192,0.6345177664974619,0.09806970910037119,0.5638297872340425,2.0,1.0,True,2020
0,21,28,10.0,19.0,9.0,16.0,5.0,7.0,8.0,16.0,2.0,4.0,5.0,7.0,0.08351570180757069,0.45454545454545453,0.05783806953779508,0.2768361581920904,1.0,2.0,True,2020
0,17,5,13.0,25.0,6.0,11.0,13.0,13.0,12.0,20.0,2.0,5.0,8.0,9.0,0.04746966739576696,0.5816326530612245,0.03522444555655933,0.5502645502645502,3.0,1.0,True,2020
1,10,14,11.0,16.0,5.0,8.0,6.0,8.0,12.0,26.0,6.0,11.0,5.0,6.0,0.10749404379761476,0.40331491712707185,0.06682858204493058,0.4444444444444444,2.0,2.0,True,2020
0,20,16,14.0,24.0,7.0,12.0,5.0,6.0,8.0,12.0,5.0,7.0,5.0,6.0,0.13898907192300256,0.6084656084656085,0.12205107466770211,0.3409090909090909,3.0,2.0,True,2020
1,16,20,8.0,12.0,5.0,7.0,5.0,6.0,14.0,24.0,7.0,12.0,5.0,6.0,0.12205107466770211,0.3409090909090909,0.15119125753840207,0.6105263157894737,2.0,3.0,False,2020
1,3,18,7.0,17.0,2.0,5.0,6.0,7.0,12.0,14.0,3.0,5.0,2.0,3.0,0.06079087330049816,0.43147208121827413,0.0806914698649279,0.6161616161616161,3.0,2.0,False,2020
1,8,0,9.0,23.0,6.0,13.0,4.0,6.0,10.0,17.0,3.0,7.0,8.0,10.0,0.06458821711759431,0.4810810810810811,0.019952566150836605,0.6681818181818182,1.0,2.0,True,2020
0,0,8,10.0,17.0,3.0,7.0,8.0,10.0,9.0,23.0,6.0,13.0,4.0,6.0,0.019952566150836605,0.6681818181818182,0.09167057369407544,0.4838709677419355,2.0,1.0,False,2020
0,18,3,12.0,14.0,3.0,5.0,2.0,3.0,7.0,17.0,2.0,5.0,6.0,7.0,0.0806914698649279,0.6161616161616161,0.04863269864039853,0.4292929292929293,2.0,3.0,True,2020
0,9,29,11.0,22.0,2.0,8.0,7.0,8.0,13.0,21.0,6.0,10.0,4.0,5.0,0.04792713176746949,0.32386363636363635,0.16889959980003275,0.4659090909090909,1.0,2.0,False,2020
0,2,15,7.0,16.0,4.0,8.0,6.0,8.0,14.0,24.0,7.0,12.0,5.0,6.0,0.18476627306553184,0.6237623762376238,0.09159020659532764,0.4,2.0,2.0,False,2020
1,15,2,14.0,24.0,7.0,12.0,5.0,6.0,7.0,16.0,4.0,8.0,6.0,8.0,0.09159020659532764,0.4,0.14781301845242548,0.6176470588235294,2.0,2.0,True,2020
0,14,10,12.0,26.0,6.0,11.0,5.0,6.0,11.0,16.0,5.0,8.0,6.0,8.0,0.06682858204493058,0.4444444444444444,0.1259952350380918,0.4065934065934066,2.0,2.0,False,2020
1,29,9,13.0,21.0,6.0,10.0,4.0,5.0,11.0,22.0,2.0,8.0,7.0,8.0,0.16889959980003275,0.4659090909090909,0.038341705413975594,0.3220338983050847,2.0,1.0,True,2020
0,5,13,14.0,20.0,3.0,8.0,8.0,8.0,14.0,27.0,5.0,13.0,9.0,13.0,0.03522444555655933,0.5502645502645502,0.10465966204735792,0.36363636363636365,2.0,2.0,False,2020
0,26,24,6.0,17.0,2.0,8.0,10.0,11.0,13.0,20.0,3.0,7.0,4.0,4.0,0.0946592178237328,0.5614973262032086,0.095738368,0.5833333333333334,3.0,2.0,False,2020
1,28,3,12.0,17.0,3.0,5.0,12.0,13.0,6.0,13.0,4.0,8.0,3.0,8.0,0.05783806953779508,0.2768361581920904,0.04863269864039853,0.4292929292929293,2.0,1.0,True,2020
0,4,27,13.0,22.0,4.0,7.0,8.0,12.0,10.0,16.0,4.0,7.0,5.0,6.0,0.15989042979502552,0.6363636363636364,0.05563340723221717,0.2994350282485876,2.0,2.0,True,2020
0,23,11,11.0,23.0,7.0,15.0,6.0,7.0,7.0,23.0,3.0,7.0,6.0,7.0,0.0793872334021549,0.5,0.12342708883757023,0.5833333333333334,2.0,3.0,True,2020
1,27,4,10.0,16.0,4.0,7.0,5.0,6.0,13.0,22.0,4.0,7.0,8.0,12.0,0.05563340723221717,0.2994350282485876,0.16791234383602044,0.6381909547738693,2.0,2.0,False,2020
0,2,7,9.0,19.0,3.0,10.0,7.0,9.0,7.0,13.0,2.0,7.0,4.0,6.0,0.14781301845242548,0.6176470588235294,0.12091248619636659,0.26857142857142857,1.0,4.0,True,2020
1,24,26,13.0,20.0,3.0,7.0,4.0,4.0,6.0,17.0,2.0,8.0,10.0,11.0,0.095738368,0.5833333333333334,0.07572737425898624,0.5585106382978723,2.0,3.0,True,2020
0,3,28,6.0,13.0,4.0,8.0,3.0,8.0,12.0,17.0,3.0,5.0,12.0,13.0,0.04863269864039853,0.4292929292929293,0.08627045563023608,0.2808988764044944,1.0,2.0,False,2020
1,11,23,7.0,23.0,3.0,7.0,6.0,7.0,11.0,23.0,7.0,15.0,6.0,7.0,0.12342708883757023,0.5833333333333334,0.10350978672172392,0.5027322404371585,3.0,2.0,False,2020
0,22,6,10.0,19.0,4.0,7.0,6.0,7.0,9.0,21.0,4.0,8.0,6.0,7.0,0.09806970910037119,0.5638297872340425,0.08624274800171061,0.4198895027624309,2.0,2.0,True,2020
1,6,22,9.0,21.0,4.0,8.0,6.0,7.0,10.0,19.0,4.0,7.0,6.0,7.0,0.08624274800171061,0.4198895027624309,0.11845576728029694,0.5661375661375662,2.0,2.0,False,2020
1,1,17,11.0,26.0,5.0,11.0,9.0,10.0,10.0,19.0,5.0,12.0,4.0,6.0,0.17585136612048935,0.7073170731707317,0.07797573391661358,0.583756345177665,2.0,2.0,True,2020
0,17,1,10.0,19.0,5.0,12.0,4.0,6.0,11.0,26.0,5.0,11.0,9.0,10.0,0.07797573391661358,0.583756345177665,0.18068109289639148,0.7087378640776699,2.0,2.0,False,2020
1,13,5,14.0,27.0,5.0,13.0,9.0,13.0,14.0,20.0,3.0,8.0,8.0,8.0,0.10465966204735792,0.36363636363636365,0.028179556445247465,0.5473684210526316,2.0,2.0,True,2020
1,7,2,7.0,13.0,2.0,7.0,4.0,6.0,9.0,19.0,3.0,10.0,7.0,9.0,0.12091248619636659,0.26857142857142857,0.15825041476194038,0.6213592233009708,4.0,1.0,False,2020
0,21,25,5.0,11.0,3.0,7.0,3.0,8.0,10.0,15.0,4.0,8.0,3.0,4.0,0.10681256144605655,0.4576271186440678,0.11544208688566748,0.6904761904761905,2.0,2.0,False,2020
1,25,21,10.0,15.0,4.0,8.0,3.0,4.0,5.0,11.0,3.0,7.0,3.0,8.0,0.11544208688566748,0.6904761904761905,0.08545004915684525,0.4550561797752809,2.0,2.0,True,2020
0,26,29,12.0,20.0,3.0,7.0,9.0,11.0,13.0,24.0,3.0,5.0,5.0,6.0,0.07572737425898624,0.5585106382978723,0.17511967984002622,0.4689265536723164,1.0,2.0,False,2020
0,0,16,9.0,15.0,3.0,6.0,9.0,9.0,7.0,20.0,4.0,9.0,5.0,6.0,0.015962052920669285,0.665158371040724,0.09764085973416169,0.3389830508474576,2.0,2.0,True,2020
0,7,15,10.0,20.0,4.0,9.0,7.0,8.0,11.0,14.0,7.0,9.0,6.0,7.0,0.09672998895709327,0.26704545454545453,0.11327216527626212,0.4034090909090909,1.0,2.0,False,2020
1,16,0,7.0,20.0,4.0,9.0,5.0,6.0,9.0,15.0,3.0,6.0,9.0,9.0,0.09764085973416169,0.3389830508474576,0.05276964233653543,0.6666666666666666,2.0,2.0,False,2020
1,15,7,11.0,14.0,7.0,9.0,6.0,7.0,10.0,20.0,4.0,9.0,7.0,8.0,0.11327216527626212,0.4034090909090909,0.07738399116567461,0.2655367231638418,2.0,1.0,True,2020
1,29,26,13.0,24.0,3.0,5.0,5.0,6.0,12.0,20.0,3.0,7.0,9.0,11.0,0.17511967984002622,0.4689265536723164,0.060581899407188985,0.5555555555555556,2.0,1.0,True,2020
1,8,17,10.0,20.0,4.0,9.0,5.0,5.0,9.0,22.0,4.0,10.0,4.0,4.0,0.09167057369407544,0.4838709677419355,0.062380587133290866,0.5808080808080808,2.0,1.0,True,2020
0,17,8,9.0,22.0,4.0,10.0,4.0,4.0,10.0,20.0,4.0,9.0,5.0,5.0,0.062380587133290866,0.5808080808080808,0.11333645895526037,0.48663101604278075,1.0,2.0,False,2020
0,0,13,8.0,19.0,3.0,7.0,5.0,9.0,11.0,18.0,6.0,10.0,7.0,8.0,0.05276964233653543,0.6666666666666666,0.12372772963788634,0.3672316384180791,1.0,2.0,False,2020
1,25,10,10.0,19.0,3.0,5.0,4.0,4.0,7.0,15.0,3.0,9.0,5.0,6.0,0.13235366950853397,0.6919431279620853,0.1259952350380918,0.4065934065934066,2.0,3.0,True,2020
0,3,12,8.0,16.0,5.0,9.0,4.0,4.0,9.0,16.0,9.0,15.0,13.0,13.0,0.03890615891231882,0.4271356783919598,0.15205678616818585,0.5138121546961326,2.0,4.0,False,2020
0,2,24,12.0,24.0,5.0,11.0,4.0,4.0,10.0,21.0,4.0,11.0,5.0,6.0,0.15825041476194038,0.6213592233009708,0.1165906944,0.6153846153846154,2.0,2.0,False,2020
1,9,4,8.0,22.0,3.0,9.0,8.0,10.0,12.0,17.0,3.0,6.0,9.0,13.0,0.038341705413975594,0.3220338983050847,0.16791234383602044,0.6381909547738693,3.0,2.0,False,2020
1,20,1,12.0,19.0,2.0,7.0,3.0,4.0,8.0,22.0,4.0,9.0,7.0,10.0,0.15119125753840207,0.6105263157894737,0.18068109289639148,0.7087378640776699,3.0,2.0,True,2020
0,10,25,7.0,15.0,3.0,9.0,5.0,6.0,10.0,19.0,3.0,5.0,4.0,4.0,0.1259952350380918,0.4065934065934066,0.1458829356068272,0.6933962264150944,3.0,2.0,False,2020
0,19,27,5.0,15.0,3.0,10.0,8.0,9.0,7.0,14.0,3.0,5.0,7.0,11.0,0.03728921372189638,0.46408839779005523,0.044506725785773735,0.29775280898876405,5.0,2.0,False,2020
1,23,11,10.0,24.0,4.0,10.0,7.0,11.0,9.0,24.0,6.0,11.0,6.0,7.0,0.10350978672172392,0.5027322404371585,0.09874167107005619,0.5803108808290155,2.0,2.0,False,2020
1,14,5,14.0,24.0,4.0,7.0,5.0,6.0,9.0,15.0,4.0,9.0,13.0,17.0,0.05346286563594447,0.4419889502762431,0.028179556445247465,0.5473684210526316,3.0,2.0,True,2020
0,21,6,5.0,16.0,4.0,10.0,6.0,6.0,9.0,18.0,4.0,9.0,4.0,6.0,0.08545004915684525,0.4550561797752809,0.06899419840136849,0.4175824175824176,2.0,2.0,False,2020
0,5,14,9.0,15.0,4.0,9.0,13.0,17.0,14.0,24.0,4.0,7.0,5.0,6.0,0.028179556445247465,0.5473684210526316,0.08277029250875557,0.44505494505494503,2.0,3.0,False,2020
1,6,21,9.0,18.0,4.0,9.0,4.0,6.0,5.0,16.0,4.0,10.0,6.0,6.0,0.06899419840136849,0.4175824175824176,0.0683600393254762,0.45251396648044695,2.0,2.0,True,2020
0,1,20,8.0,22.0,4.0,9.0,7.0,10.0,12.0,19.0,2.0,7.0,3.0,4.0,0.18068109289639148,0.7087378640776699,0.16095300603072166,0.612565445026178,2.0,3.0,False,2020
0,11,23,9.0,24.0,6.0,11.0,6.0,7.0,10.0,24.0,4.0,10.0,7.0,11.0,0.09874167107005619,0.5803108808290155,0.08280782937737914,0.5,2.0,2.0,True,2020
1,13,0,11.0,18.0,6.0,10.0,7.0,8.0,8.0,19.0,3.0,7.0,5.0,9.0,0.12372772963788634,0.3672316384180791,0.042215713869228344,0.6636771300448431,2.0,1.0,True,2020
1,12,3,9.0,16.0,9.0,15.0,13.0,13.0,8.0,16.0,5.0,9.0,4.0,4.0,0.15205678616818585,0.5138121546961326,0.031124927129855057,0.425,4.0,2.0,True,2020
1,24,2,10.0,21.0,4.0,11.0,5.0,6.0,12.0,24.0,5.0,11.0,4.0,4.0,0.1165906944,0.6153846153846154,0.1266003318095523,0.6153846153846154,2.0,2.0,True,2020
1,27,19,7.0,14.0,3.0,5.0,7.0,11.0,5.0,15.0,3.0,10.0,8.0,9.0,0.044506725785773735,0.29775280898876405,0.0298313709775171,0.46153846153846156,2.0,5.0,True,2020
1,18,28,7.0,19.0,4.0,7.0,8.0,12.0,8.0,21.0,4.0,7.0,5.0,8.0,0.10455317589194232,0.6180904522613065,0.08627045563023608,0.2808988764044944,3.0,2.0,True,2020
0,28,18,8.0,21.0,4.0,7.0,5.0,8.0,7.0,19.0,4.0,7.0,8.0,12.0,0.08627045563023608,0.2808988764044944,0.12364254071355388,0.62,2.0,3.0,False,2020
0,4,9,12.0,17.0,3.0,6.0,9.0,13.0,8.0,22.0,3.0,9.0,8.0,10.0,0.16791234383602044,0.6381909547738693,0.030673364331180474,0.3202247191011236,2.0,3.0,True,2020
0,8,7,10.0,19.0,5.0,8.0,7.0,9.0,7.0,17.0,3.0,6.0,9.0,9.0,0.11333645895526037,0.48663101604278075,0.07738399116567461,0.2655367231638418,2.0,2.0,True,2020
1,7,8,7.0,17.0,3.0,6.0,9.0,9.0,10.0,19.0,5.0,8.0,7.0,9.0,0.07738399116567461,0.2655367231638418,0.1306691671642083,0.48936170212765956,2.0,2.0,False,2020
0,17,4,15.0,29.0,5.0,10.0,5.0,6.0,11.0,27.0,4.0,7.0,6.0,10.0,0.04990446970663269,0.5778894472361809,0.17432987506881634,0.64,2.0,1.0,False,2020
1,4,17,11.0,27.0,4.0,7.0,6.0,10.0,15.0,29.0,5.0,10.0,5.0,6.0,0.17432987506881634,0.64,0.039923575765306155,0.575,1.0,2.0,True,2020
0,0,11,7.0,18.0,4.0,6.0,4.0,4.0,12.0,24.0,4.0,9.0,5.0,6.0,0.042215713869228344,0.6636771300448431,0.11899333685604493,0.5824742268041238,2.0,2.0,False,2020
0,21,14,12.0,21.0,3.0,9.0,4.0,4.0,10.0,19.0,6.0,11.0,6.0,7.0,0.0683600393254762,0.45251396648044695,0.08277029250875557,0.44505494505494503,2.0,2.0,False,2020
0,15,6,7.0,15.0,2.0,8.0,4.0,4.0,8.0,15.0,5.0,9.0,7.0,8.0,0.1306177322210097,0.4067796610169492,0.09519535872109479,0.4207650273224044,3.0,2.0,False,2020
0,12,27,8.0,14.0,3.0,8.0,12.0,13.0,6.0,15.0,3.0,5.0,4.0,4.0,0.16164542893454867,0.5164835164835165,0.07560538062861899,0.3016759776536313,2.0,2.0,True,2020
1,6,15,8.0,15.0,5.0,9.0,7.0,8.0,7.0,15.0,2.0,8.0,4.0,4.0,0.09519535872109479,0.4207650273224044,0.10449418577680776,0.4044943820224719,2.0,3.0,True,2020
1,24,1,9.0,16.0,4.0,10.0,8.0,9.0,9.0,22.0,5.0,11.0,14.0,18.0,0.13327255552,0.6428571428571429,0.1445448743171132,0.7053140096618358,2.0,2.0,True,2020
1,18,5,10.0,16.0,4.0,7.0,4.0,8.0,12.0,23.0,3.0,8.0,5.0,5.0,0.12364254071355388,0.62,0.022543645156197972,0.5445026178010471,2.0,2.0,True,2020
1,27,12,6.0,15.0,3.0,5.0,4.0,4.0,8.0,14.0,3.0,8.0,12.0,13.0,0.07560538062861899,0.3016759776536313,0.16931634314763894,0.5191256830601093,2.0,2.0,False,2020
0,5,18,12.0,23.0,3.0,8.0,5.0,5.0,10.0,16.0,4.0,7.0,4.0,8.0,0.022543645156197972,0.5445026178010471,0.1389140325708431,0.6218905472636815,2.0,2.0,False,2020
0,1,24,9.0,22.0,5.0,11.0,14.0,18.0,9.0,16.0,4.0,10.0,8.0,9.0,0.1445448743171132,0.7053140096618358,0.14661804441600002,0.6666666666666666,2.0,2.0,False,2020
1,19,9,10.0,16.0,4.0,7.0,4.0,6.0,9.0,17.0,4.0,7.0,7.0,7.0,0.0298313709775171,0.46153846153846156,0.030673364331180474,0.3202247191011236,2.0,2.0,True,2020
0,29,26,9.0,20.0,4.0,7.0,11.0,11.0,10.0,18.0,3.0,7.0,6.0,7.0,0.18009574387202096,0.47191011235955055,0.060581899407188985,0.5555555555555556,3.0,3.0,True,2020
0,2,20,6.0,16.0,4.0,7.0,6.0,8.0,9.0,18.0,3.0,7.0,4.0,4.0,0.1266003318095523,0.6153846153846154,0.16095300603072166,0.612565445026178,2.0,2.0,False,2020
1,26,29,10.0,18.0,3.0,7.0,6.0,7.0,9.0,20.0,4.0,7.0,11.0,11.0,0.060581899407188985,0.5555555555555556,0.18407659509761679,0.4748603351955307,3.0,3.0,False,2020
1,20,2,9.0,18.0,3.0,7.0,4.0,4.0,6.0,16.0,4.0,7.0,6.0,8.0,0.16095300603072166,0.612565445026178,0.10128026544764183,0.6095238095238096,2.0,2.0,True,2020
1,13,3,11.0,18.0,4.0,8.0,4.0,4.0,9.0,16.0,5.0,8.0,6.0,6.0,0.13898218371030907,0.3707865168539326,0.031124927129855057,0.425,2.0,2.0,True,2020
0,3,13,9.0,16.0,5.0,8.0,6.0,6.0,11.0,18.0,4.0,8.0,4.0,4.0,0.031124927129855057,0.425,0.15118574696824727,0.3743016759776536,2.0,2.0,False,2020
1,11,0,12.0,24.0,4.0,9.0,5.0,6.0,7.0,18.0,4.0,6.0,4.0,4.0,0.11899333685604493,0.5824742268041238,0.033772571095382675,0.6607142857142857,2.0,2.0,True,2020
0,9,19,9.0,17.0,4.0,7.0,7.0,7.0,10.0,16.0,4.0,7.0,4.0,6.0,0.030673364331180474,0.3202247191011236,0.06386509678201369,0.4644808743169399,2.0,2.0,False,2020
1,14,21,10.0,19.0,6.0,11.0,6.0,7.0,12.0,21.0,3.0,9.0,4.0,4.0,0.08277029250875557,0.44505494505494503,0.05468803146038096,0.45,2.0,2.0,True,2020
1,22,10,9.0,15.0,3.0,6.0,7.0,7.0,11.0,23.0,4.0,10.0,3.0,3.0,0.11845576728029694,0.5661375661375662,0.10079618803047344,0.40437158469945356,5.0,3.0,True,2020
0,10,22,11.0,23.0,4.0,10.0,3.0,3.0,9.0,15.0,3.0,6.0,7.0,7.0,0.10079618803047344,0.40437158469945356,0.13476461382423754,0.5684210526315789,3.0,5.0,False,2020
0,27,21,17.0,28.0,13.0,17.0,4.0,6.0,9.0,13.0,4.0,9.0,9.0,12.0,0.06048430450289519,0.3,0.05468803146038096,0.45,1.0,1.0,True,2020
1,9,25,11.0,23.0,6.0,11.0,4.0,4.0,11.0,21.0,4.0,9.0,9.0,9.0,0.02453869146494438,0.31843575418994413,0.1458829356068272,0.6933962264150944,1.0,3.0,False,2020
0,5,28,8.0,15.0,5.0,5.0,5.0,7.0,7.0,17.0,4.0,10.0,2.0,4.0,0.01803491612495838,0.5416666666666666,0.06901636450418887,0.27932960893854747,1.0,3.0,True,2020
1,21,27,9.0,13.0,4.0,9.0,9.0,12.0,17.0,28.0,13.0,17.0,4.0,6.0,0.05468803146038096,0.45,0.08838744360231615,0.30386740331491713,1.0,1.0,False,2020
0,8,11,12.0,24.0,4.0,9.0,8.0,9.0,12.0,26.0,6.0,13.0,8.0,8.0,0.1306691671642083,0.48936170212765956,0.13519466948483597,0.5846153846153846,2.0,1.0,False,2020
1,11,8,12.0,26.0,6.0,13.0,8.0,8.0,12.0,24.0,4.0,9.0,8.0,9.0,0.13519466948483597,0.5846153846153846,0.10453533373136663,0.48677248677248675,1.0,2.0,True,2020
0,19,4,8.0,17.0,3.0,9.0,2.0,4.0,12.0,22.0,2.0,7.0,3.0,9.0,0.06386509678201369,0.4644808743169399,0.17946390005505308,0.6417910447761194,1.0,2.0,False,2020
1,4,19,12.0,22.0,2.0,7.0,3.0,9.0,8.0,17.0,3.0,9.0,2.0,4.0,0.17946390005505308,0.6417910447761194,0.05109207742561095,0.46195652173913043,2.0,1.0,True,2020
0,7,23,12.0,26.0,3.0,6.0,11.0,11.0,11.0,21.0,6.0,12.0,3.0,4.0,0.06190719293253969,0.2640449438202247,0.08280782937737914,0.5,2.0,3.0,True,2020
0,25,9,11.0,21.0,4.0,9.0,9.0,9.0,11.0,23.0,6.0,11.0,4.0,4.0,0.1458829356068272,0.6933962264150944,0.019630953171955505,0.31666666666666665,3.0,1.0,True,2020
1,23,7,11.0,21.0,6.0,12.0,3.0,4.0,12.0,26.0,3.0,6.0,11.0,11.0,0.08280782937737914,0.5,0.08952575434603176,0.2681564245810056,3.0,2.0,False,2020
1,3,17,9.0,18.0,6.0,7.0,10.0,12.0,8.0,20.0,4.0,9.0,5.0,6.0,0.024899941703884047,0.4228855721393035,0.039923575765306155,0.575,1.0,2.0,True,2020
0,12,18,7.0,17.0,4.0,9.0,9.0,11.0,11.0,15.0,6.0,7.0,5.0,5.0,0.16931634314763894,0.5191256830601093,0.1389140325708431,0.6218905472636815,1.0,1.0,False,2020
0,17,3,8.0,20.0,4.0,9.0,5.0,6.0,9.0,18.0,6.0,7.0,10.0,12.0,0.039923575765306155,0.575,0.05991995336310724,0.42574257425742573,2.0,1.0,False,2020
1,16,29,10.0,16.0,4.0,9.0,5.0,6.0,14.0,27.0,3.0,9.0,5.0,8.0,0.07811268778732935,0.33707865168539325,0.18407659509761679,0.4748603351955307,4.0,1.0,False,2020
0,29,16,14.0,27.0,3.0,9.0,5.0,8.0,10.0,16.0,4.0,9.0,5.0,6.0,0.18407659509761679,0.4748603351955307,0.062490150229863484,0.33519553072625696,1.0,4.0,True,2020
1,18,12,11.0,15.0,6.0,7.0,5.0,5.0,7.0,17.0,4.0,9.0,9.0,11.0,0.1389140325708431,0.6218905472636815,0.13545307451811114,0.5163043478260869,1.0,1.0,True,2020
1,28,5,7.0,17.0,4.0,10.0,2.0,4.0,8.0,15.0,5.0,5.0,5.0,7.0,0.06901636450418887,0.27932960893854747,0.054427932899966704,0.5440414507772021,3.0,1.0,False,2020
0,8,24,9.0,22.0,3.0,7.0,3.0,4.0,13.0,20.0,6.0,16.0,10.0,12.0,0.10453533373136663,0.48677248677248675,0.14661804441600002,0.6666666666666666,1.0,2.0,False,2020
0,13,1,15.0,30.0,5.0,14.0,6.0,8.0,11.0,24.0,3.0,15.0,9.0,10.0,0.15118574696824727,0.3743016759776536,0.11563589945369054,0.7019230769230769,2.0,2.0,True,2020
0,7,20,10.0,13.0,4.0,7.0,2.0,2.0,9.0,21.0,4.0,11.0,9.0,9.0,0.08952575434603176,0.2681564245810056,0.16876240482457733,0.6145833333333334,1.0,2.0,False,2020
1,20,7,9.0,21.0,4.0,11.0,9.0,9.0,10.0,13.0,4.0,7.0,2.0,2.0,0.16876240482457733,0.6145833333333334,0.0716206034768254,0.26666666666666666,2.0,1.0,True,2020
0,6,28,7.0,17.0,4.0,8.0,13.0,14.0,9.0,17.0,7.0,8.0,2.0,4.0,0.11615628697687583,0.42391304347826086,0.0552130916033511,0.2777777777777778,2.0,1.0,True,2020
1,1,13,11.0,24.0,3.0,15.0,9.0,10.0,15.0,30.0,5.0,14.0,6.0,8.0,0.11563589945369054,0.7019230769230769,0.1609485975745978,0.37777777777777777,2.0,2.0,False,2020
1,28,6,9.0,17.0,7.0,8.0,2.0,4.0,7.0,17.0,4.0,8.0,13.0,14.0,0.0552130916033511,0.2777777777777778,0.13292502958150068,0.42702702702702705,1.0,2.0,False,2020
1,14,15,8.0,18.0,4.0,9.0,3.0,3.0,7.0,16.0,3.0,9.0,9.0,11.0,0.10621623400700446,0.44808743169398907,0.10449418577680776,0.4044943820224719,2.0,2.0,False,2020
1,24,8,13.0,20.0,6.0,16.0,10.0,12.0,9.0,22.0,3.0,7.0,3.0,4.0,0.14661804441600002,0.6666666666666666,0.0836282669850933,0.4842105263157895,2.0,1.0,True,2020
0,15,14,7.0,16.0,3.0,9.0,9.0,11.0,8.0,18.0,4.0,9.0,3.0,3.0,0.10449418577680776,0.4044943820224719,0.08497298720560356,0.44565217391304346,2.0,2.0,True,2020
0,10,19,7.0,16.0,3.0,5.0,7.0,8.0,6.0,11.0,4.0,11.0,6.0,8.0,0.08063695042437875,0.40217391304347827,0.05109207742561095,0.46195652173913043,2.0,2.0,False,2020
1,3,6,8.0,22.0,5.0,7.0,3.0,4.0,10.0,24.0,4.0,9.0,4.0,5.0,0.05991995336310724,0.42574257425742573,0.13292502958150068,0.42702702702702705,2.0,1.0,False,2020
0,29,5,13.0,24.0,4.0,7.0,4.0,8.0,12.0,22.0,3.0,7.0,5.0,6.0,0.18726127607809342,0.4777777777777778,0.054427932899966704,0.5440414507772021,2.0,2.0,True,2020
1,5,29,12.0,22.0,3.0,7.0,5.0,6.0,13.0,24.0,4.0,7.0,4.0,8.0,0.054427932899966704,0.5440414507772021,0.18980902086247475,0.48066298342541436,2.0,2.0,False,2020
1,0,26,9.0,17.0,3.0,5.0,4.0,5.0,9.0,17.0,4.0,8.0,2.0,4.0,0.033772571095382675,0.6607142857142857,0.04846551952575119,0.5526315789473685,3.0,3.0,False,2020
1,12,21,8.0,14.0,5.0,7.0,9.0,9.0,7.0,15.0,3.0,7.0,8.0,10.0,0.13545307451811114,0.5163043478260869,0.04375042516830477,0.44751381215469616,2.0,2.0,True,2020
1,19,10,6.0,11.0,4.0,11.0,6.0,8.0,7.0,16.0,3.0,5.0,7.0,8.0,0.05109207742561095,0.46195652173913043,0.064509560339503,0.4,2.0,2.0,True,2020
0,6,3,10.0,24.0,4.0,9.0,4.0,5.0,8.0,22.0,5.0,7.0,3.0,4.0,0.13292502958150068,0.42702702702702705,0.04793596269048579,0.4236453201970443,1.0,2.0,True,2020
0,21,12,7.0,15.0,3.0,7.0,8.0,10.0,8.0,14.0,5.0,7.0,9.0,9.0,0.04375042516830477,0.44751381215469616,0.14836245961448893,0.518918918918919,2.0,2.0,False,2020
0,26,0,9.0,17.0,4.0,8.0,2.0,4.0,9.0,17.0,3.0,5.0,4.0,5.0,0.04846551952575119,0.5526315789473685,0.02701805687630614,0.6577777777777778,3.0,3.0,True,2020
0,11,4,9.0,17.0,5.0,9.0,3.0,3.0,17.0,31.0,5.0,8.0,13.0,19.0,0.14815573558786876,0.5867346938775511,0.18357112004404247,0.6435643564356436,2.0,2.0,False,2020
0,17,27,10.0,20.0,4.0,7.0,4.0,4.0,6.0,13.0,2.0,8.0,5.0,7.0,0.03193886061224492,0.572139303482587,0.08838744360231615,0.30386740331491713,2.0,2.0,True,2020
0,18,25,9.0,19.0,5.0,9.0,3.0,5.0,9.0,19.0,3.0,6.0,5.0,6.0,0.15113122605667448,0.6237623762376238,0.15670634848546175,0.6948356807511737,2.0,2.0,False,2020
1,25,18,9.0,19.0,3.0,6.0,5.0,6.0,9.0,19.0,5.0,9.0,3.0,5.0,0.15670634848546175,0.6948356807511737,0.12090498084533959,0.6206896551724138,2.0,2.0,True,2020
1,2,15,9.0,18.0,2.0,7.0,6.0,7.0,15.0,26.0,11.0,21.0,7.0,10.0,0.10128026544764183,0.6095238095238096,0.12359534862144621,0.40782122905027934,3.0,1.0,True,2020
0,15,2,15.0,26.0,11.0,21.0,7.0,10.0,9.0,18.0,2.0,7.0,6.0,7.0,0.12359534862144621,0.40782122905027934,0.12102421235811348,0.6132075471698113,1.0,3.0,False,2020
0,23,9,9.0,19.0,3.0,8.0,9.0,10.0,11.0,28.0,5.0,11.0,10.0,11.0,0.06624626350190331,0.4972972972972973,0.019630953171955505,0.31666666666666665,2.0,2.0,True,2020
1,22,16,11.0,16.0,4.0,6.0,3.0,6.0,10.0,15.0,6.0,8.0,7.0,8.0,0.13476461382423754,0.5684210526315789,0.062490150229863484,0.33519553072625696,2.0,2.0,True,2020
1,9,23,11.0,28.0,5.0,11.0,10.0,11.0,9.0,19.0,3.0,8.0,9.0,10.0,0.019630953171955505,0.31666666666666665,0.09299701080152264,0.5,2.0,2.0,False,2020
1,27,17,6.0,13.0,2.0,8.0,5.0,7.0,10.0,20.0,4.0,7.0,4.0,4.0,0.08838744360231615,0.30386740331491713,0.06555108848979593,0.5742574257425742,2.0,2.0,False,2020
0,16,22,10.0,15.0,6.0,8.0,7.0,8.0,11.0,16.0,4.0,6.0,3.0,6.0,0.062490150229863484,0.33519553072625696,0.14781169105939002,0.5706806282722513,2.0,2.0,False,2020
1,4,11,17.0,31.0,5.0,8.0,13.0,19.0,9.0,17.0,5.0,9.0,3.0,3.0,0.18357112004404247,0.6435643564356436,0.11852458847029501,0.583756345177665,2.0,2.0,True,2020
1,20,14,7.0,13.0,2.0,6.0,5.0,7.0,9.0,16.0,3.0,10.0,5.0,7.0,0.17500992385966185,0.616580310880829,0.08497298720560356,0.44565217391304346,2.0,2.0,True,2020
0,14,20,9.0,16.0,3.0,10.0,5.0,7.0,7.0,13.0,2.0,6.0,5.0,7.0,0.08497298720560356,0.44565217391304346,0.18000793908772947,0.6185567010309279,2.0,2.0,False,2020
1,13,24,5.0,14.0,3.0,8.0,14.0,16.0,11.0,21.0,4.0,11.0,6.0,6.0,0.1609485975745978,0.37777777777777777,0.1572944355328,0.6875,2.0,2.0,False,2020
0,24,13,11.0,21.0,4.0,11.0,6.0,6.0,5.0,14.0,3.0,8.0,14.0,16.0,0.1572944355328,0.6875,0.12875887805967826,0.3756906077348066,2.0,2.0,True,2020
1,7,14,10.0,20.0,3.0,7.0,5.0,6.0,11.0,18.0,4.0,8.0,9.0,10.0,0.0716206034768254,0.26666666666666666,0.06797838976448285,0.44324324324324327,3.0,1.0,False,2020
1,1,12,11.0,23.0,7.0,17.0,9.0,10.0,8.0,18.0,3.0,8.0,7.0,10.0,0.09250871956295244,0.6985645933014354,0.14836245961448893,0.518918918918919,3.0,2.0,True,2020
0,9,4,13.0,24.0,3.0,7.0,4.0,7.0,12.0,23.0,3.0,7.0,5.0,13.0,0.015704762537564403,0.3149171270718232,0.18685689603523398,0.645320197044335,2.0,2.0,False,2020
0,27,0,13.0,24.0,4.0,9.0,6.0,6.0,9.0,19.0,3.0,8.0,5.0,6.0,0.07070995488185292,0.3021978021978022,0.02701805687630614,0.6577777777777778,2.0,2.0,False,2020
0,15,18,9.0,24.0,3.0,12.0,1.0,2.0,10.0,19.0,3.0,6.0,12.0,14.0,0.09887627889715697,0.40555555555555556,0.12090498084533959,0.6206896551724138,2.0,2.0,False,2020
1,21,19,8.0,15.0,3.0,6.0,5.0,5.0,9.0,21.0,4.0,11.0,4.0,5.0,0.035000340134643815,0.44505494505494503,0.08087366194048876,0.4648648648648649,2.0,2.0,True,2020
1,4,9,12.0,23.0,3.0,7.0,5.0,13.0,13.0,24.0,3.0,7.0,4.0,7.0,0.18685689603523398,0.645320197044335,0.012563810030051522,0.3131868131868132,2.0,2.0,True,2020
1,17,26,9.0,16.0,5.0,9.0,8.0,8.0,7.0,13.0,3.0,7.0,6.0,6.0,0.06555108848979593,0.5742574257425742,0.07877241562060096,0.5549738219895288,2.0,2.0,True,2020
0,14,7,11.0,18.0,4.0,8.0,9.0,10.0,10.0,20.0,3.0,7.0,5.0,6.0,0.06797838976448285,0.44324324324324327,0.05729648278146032,0.26519337016574585,1.0,3.0,True,2020
1,8,29,12.0,23.0,5.0,11.0,13.0,13.0,15.0,30.0,4.0,6.0,10.0,12.0,0.0836282669850933,0.4842105263157895,0.18980902086247475,0.48066298342541436,3.0,2.0,False,2020
0,29,8,15.0,30.0,4.0,6.0,10.0,12.0,12.0,23.0,5.0,11.0,13.0,13.0,0.18980902086247475,0.48066298342541436,0.06690261358807464,0.4816753926701571,2.0,3.0,True,2020
0,19,21,9.0,21.0,4.0,11.0,4.0,5.0,8.0,15.0,3.0,6.0,5.0,5.0,0.08087366194048876,0.4648648648648649,0.06800027210771506,0.44808743169398907,2.0,2.0,False,2020
0,10,3,10.0,22.0,5.0,9.0,6.0,6.0,8.0,14.0,2.0,7.0,6.0,6.0,0.064509560339503,0.4,0.04793596269048579,0.4236453201970443,2.0,2.0,True,2020
0,26,17,7.0,13.0,3.0,7.0,6.0,6.0,9.0,16.0,5.0,9.0,8.0,8.0,0.07877241562060096,0.5549738219895288,0.09244087079183674,0.5763546798029556,2.0,2.0,False,2020
1,16,24,12.0,17.0,3.0,9.0,5.0,6.0,10.0,18.0,4.0,11.0,9.0,13.0,0.049992120183890786,0.3333333333333333,0.16583554842624,0.7058823529411765,2.0,1.0,False,2020
0,23,5,8.0,16.0,4.0,7.0,9.0,14.0,10.0,19.0,1.0,8.0,4.0,7.0,0.09299701080152264,0.5,0.04354234631997336,0.5412371134020618,2.0,2.0,True,2020
0,12,1,8.0,18.0,3.0,8.0,7.0,10.0,11.0,23.0,7.0,17.0,9.0,10.0,0.14836245961448893,0.518918918918919,0.11400697565036196,0.7,2.0,3.0,False,2020
1,2,6,13.0,24.0,6.0,10.0,7.0,7.0,8.0,19.0,6.0,12.0,5.0,12.0,0.12102421235811348,0.6132075471698113,0.14634002366520055,0.43010752688172044,2.0,2.0,True,2020
1,18,15,10.0,19.0,3.0,6.0,12.0,14.0,9.0,24.0,3.0,12.0,1.0,2.0,0.12090498084533959,0.6206896551724138,0.07910102311772557,0.40331491712707185,2.0,2.0,True,2020
1,22,11,10.0,18.0,2.0,5.0,5.0,6.0,10.0,23.0,4.0,7.0,10.0,11.0,0.14781169105939002,0.5706806282722513,0.11852458847029501,0.583756345177665,2.0,2.0,True,2020
1,25,28,12.0,22.0,5.0,8.0,3.0,4.0,7.0,17.0,2.0,8.0,4.0,6.0,0.1653650787883694,0.6962616822429907,0.04417047328268088,0.27624309392265195,2.0,3.0,True,2020
1,0,27,9.0,19.0,3.0,8.0,5.0,6.0,13.0,24.0,4.0,9.0,6.0,6.0,0.02701805687630614,0.6577777777777778,0.056567963905482334,0.3005464480874317,2.0,2.0,True,2020
1,5,23,10.0,19.0,1.0,8.0,4.0,7.0,8.0,16.0,4.0,7.0,9.0,14.0,0.04354234631997336,0.5412371134020618,0.11439760864121813,0.5026737967914439,2.0,2.0,False,2020
0,24,16,10.0,18.0,4.0,11.0,9.0,13.0,12.0,17.0,3.0,9.0,5.0,6.0,0.16583554842624,0.7058823529411765,0.03999369614711263,0.3314917127071823,1.0,2.0,True,2020
0,6,2,8.0,19.0,6.0,12.0,5.0,12.0,13.0,24.0,6.0,10.0,7.0,7.0,0.14634002366520055,0.43010752688172044,0.13681936988649077,0.616822429906542,2.0,2.0,False,2020
1,3,10,8.0,14.0,2.0,7.0,6.0,6.0,10.0,22.0,5.0,9.0,6.0,6.0,0.04793596269048579,0.4236453201970443,0.0916076482716024,0.4032258064516129,2.0,2.0,False,2020
0,11,22,10.0,23.0,4.0,7.0,10.0,11.0,10.0,18.0,2.0,5.0,5.0,6.0,0.11852458847029501,0.583756345177665,0.15824935284751201,0.5729166666666666,2.0,2.0,False,2020
0,28,25,7.0,17.0,2.0,8.0,4.0,6.0,12.0,22.0,5.0,8.0,3.0,4.0,0.04417047328268088,0.27624309392265195,0.17229206303069552,0.6976744186046512,3.0,2.0,False,2020
1,26,8,11.0,24.0,4.0,9.0,4.0,4.0,11.0,17.0,4.0,13.0,4.0,6.0,0.06301793249648077,0.5520833333333334,0.06690261358807464,0.4816753926701571,2.0,2.0,True,2020
0,18,28,9.0,19.0,3.0,4.0,13.0,15.0,8.0,14.0,3.0,4.0,9.0,13.0,0.13672398467627167,0.6225490196078431,0.03533637862614471,0.27472527472527475,2.0,2.0,True,2020
1,12,0,9.0,16.0,5.0,7.0,10.0,12.0,7.0,13.0,5.0,6.0,8.0,10.0,0.11868996769159115,0.5161290322580645,0.06161444550104491,0.6592920353982301,2.0,2.0,True,2020
0,0,12,7.0,13.0,5.0,6.0,8.0,10.0,9.0,16.0,5.0,7.0,10.0,12.0,0.06161444550104491,0.6592920353982301,0.13495197415327292,0.5187165775401069,2.0,2.0,False,2020
0,14,29,7.0,15.0,2.0,7.0,6.0,6.0,9.0,16.0,4.0,8.0,9.0,12.0,0.09438271181158628,0.44623655913978494,0.19184721668997978,0.4835164835164835,2.0,2.0,False,2020
0,8,26,11.0,17.0,4.0,13.0,4.0,6.0,11.0,24.0,4.0,9.0,4.0,4.0,0.06690261358807464,0.4816753926701571,0.0904143459971846,0.5544041450777202,2.0,2.0,False,2020
0,25,10,12.0,22.0,5.0,12.0,4.0,6.0,5.0,13.0,1.0,6.0,12.0,14.0,0.17229206303069552,0.6976744186046512,0.0916076482716024,0.4032258064516129,2.0,2.0,True,2020
1,10,25,5.0,13.0,1.0,6.0,12.0,14.0,12.0,22.0,5.0,12.0,4.0,6.0,0.0916076482716024,0.4032258064516129,0.17783365042455643,0.6990740740740741,2.0,2.0,False,2020
1,16,11,10.0,17.0,2.0,7.0,2.0,3.0,12.0,22.0,4.0,8.0,5.0,6.0,0.03999369614711263,0.3314917127071823,0.09481967077623601,0.5808080808080808,2.0,2.0,False,2020
0,27,17,8.0,24.0,5.0,11.0,7.0,10.0,9.0,18.0,3.0,11.0,7.0,9.0,0.056567963905482334,0.3005464480874317,0.09244087079183674,0.5763546798029556,2.0,2.0,False,2020
1,7,13,8.0,17.0,4.0,8.0,5.0,7.0,12.0,24.0,6.0,11.0,15.0,18.0,0.05729648278146032,0.26519337016574585,0.12875887805967826,0.3756906077348066,2.0,3.0,False,2020
1,19,21,8.0,17.0,5.0,10.0,4.0,7.0,9.0,15.0,6.0,9.0,5.0,7.0,0.06469892955239101,0.46236559139784944,0.06800027210771506,0.44808743169398907,2.0,2.0,False,2020
0,2,6,10.0,19.0,4.0,8.0,6.0,7.0,10.0,19.0,6.0,10.0,6.0,6.0,0.13681936988649077,0.616822429906542,0.11707201893216043,0.42780748663101603,2.0,2.0,False,2020
1,17,27,9.0,18.0,3.0,11.0,7.0,9.0,8.0,24.0,5.0,11.0,7.0,10.0,0.09244087079183674,0.5763546798029556,0.045254371124385864,0.29891304347826086,2.0,2.0,True,2020
0,21,19,9.0,15.0,6.0,9.0,5.0,7.0,8.0,17.0,5.0,10.0,4.0,7.0,0.06800027210771506,0.44808743169398907,0.05175914364191281,0.45989304812834225,2.0,2.0,True,2020
1,6,2,10.0,19.0,6.0,10.0,6.0,6.0,10.0,19.0,4.0,8.0,6.0,7.0,0.11707201893216043,0.42780748663101603,0.10945549590919261,0.6111111111111112,2.0,2.0,True,2020
0,13,7,12.0,24.0,6.0,11.0,15.0,18.0,8.0,17.0,4.0,8.0,5.0,7.0,0.12875887805967826,0.3756906077348066,0.04583718622516826,0.26373626373626374,3.0,2.0,True,2020
0,11,16,12.0,22.0,4.0,8.0,5.0,6.0,10.0,17.0,2.0,7.0,2.0,3.0,0.09481967077623601,0.5808080808080808,0.0319949569176901,0.32967032967032966,2.0,2.0,True,2020
1,5,24,7.0,16.0,5.0,7.0,7.0,8.0,8.0,23.0,4.0,7.0,3.0,3.0,0.03483387705597869,0.5384615384615384,0.17266843874099203,0.7222222222222222,2.0,2.0,True,2020
0,24,5,8.0,23.0,4.0,7.0,3.0,3.0,7.0,16.0,5.0,7.0,7.0,8.0,0.17266843874099203,0.7222222222222222,0.06786710164478296,0.5408163265306123,2.0,2.0,False,2020
1,28,18,8.0,14.0,3.0,4.0,9.0,13.0,9.0,19.0,3.0,4.0,13.0,15.0,0.03533637862614471,0.27472527472527475,0.14937918774101733,0.624390243902439,2.0,2.0,False,2020
0,9,22,16.0,28.0,8.0,15.0,9.0,9.0,9.0,15.0,2.0,7.0,5.0,8.0,0.012563810030051522,0.3131868131868132,0.15824935284751201,0.5729166666666666,2.0,2.0,False,2020
1,22,9,9.0,15.0,2.0,7.0,5.0,8.0,16.0,28.0,8.0,15.0,9.0,9.0,0.15824935284751201,0.5729166666666666,0.010051048024041217,0.3114754098360656,2.0,2.0,True,2020
0,4,3,14.0,26.0,4.0,8.0,3.0,4.0,8.0,15.0,5.0,8.0,1.0,4.0,0.18948551682818718,0.6470588235294118,0.038348770152388634,0.4215686274509804,2.0,2.0,True,2020
1,3,4,8.0,15.0,5.0,8.0,1.0,4.0,14.0,26.0,4.0,8.0,3.0,4.0,0.038348770152388634,0.4215686274509804,0.19158841346254973,0.6487804878048781,2.0,2.0,False,2020
1,29,14,9.0,16.0,4.0,8.0,9.0,12.0,7.0,15.0,2.0,7.0,6.0,6.0,0.19184721668997978,0.4835164835164835,0.07550616944926902,0.44385026737967914,2.0,2.0,True,2020
0,21,4,10.0,18.0,5.0,9.0,4.0,4.0,11.0,19.0,3.0,8.0,3.0,7.0,0.09440021768617204,0.45108695652173914,0.19158841346254973,0.6487804878048781,1.0,1.0,False,2020
0,22,18,11.0,19.0,4.0,5.0,8.0,8.0,8.0,16.0,3.0,7.0,15.0,15.0,0.1665994822780096,0.5751295336787565,0.14937918774101733,0.624390243902439,1.0,1.0,False,2020
0,9,1,10.0,16.0,5.0,9.0,12.0,13.0,16.0,24.0,8.0,14.0,20.0,23.0,0.010051048024041217,0.3114754098360656,0.11400697565036196,0.7,1.0,3.0,False,2020
1,1,9,16.0,24.0,8.0,14.0,20.0,23.0,10.0,16.0,5.0,9.0,12.0,13.0,0.11400697565036196,0.7,0.008040838419232973,0.30978260869565216,3.0,1.0,True,2020
0,20,15,8.0,16.0,4.0,9.0,5.0,6.0,10.0,20.0,3.0,13.0,9.0,10.0,0.18000793908772947,0.6185567010309279,0.07910102311772557,0.40331491712707185,4.0,3.0,False,2020
1,4,21,11.0,19.0,3.0,8.0,3.0,7.0,10.0,18.0,5.0,9.0,4.0,4.0,0.19158841346254973,0.6487804878048781,0.07552017414893764,0.4486486486486487,1.0,1.0,True,2020
1,15,20,10.0,20.0,3.0,13.0,9.0,10.0,8.0,16.0,4.0,9.0,5.0,6.0,0.07910102311772557,0.40331491712707185,0.14400635127018357,0.6153846153846154,3.0,4.0,True,2020
1,18,22,8.0,16.0,3.0,7.0,15.0,15.0,11.0,19.0,4.0,5.0,8.0,8.0,0.14937918774101733,0.624390243902439,0.13327958582240768,0.5721649484536082,1.0,1.0,True,2020
1,8,26,10.0,19.0,4.0,8.0,3.0,3.0,8.0,17.0,4.0,8.0,5.0,6.0,0.05352209087045971,0.4791666666666667,0.0904143459971846,0.5544041450777202,2.0,2.0,False,2020
1,29,13,11.0,21.0,2.0,8.0,6.0,6.0,10.0,23.0,4.0,10.0,3.0,5.0,0.19347777335198385,0.48633879781420764,0.1430071024477426,0.3791208791208791,2.0,2.0,False,2020
0,12,6,9.0,18.0,3.0,7.0,9.0,10.0,10.0,21.0,5.0,9.0,5.0,5.0,0.13495197415327292,0.5187165775401069,0.13365761514572835,0.4308510638297872,2.0,2.0,True,2020
0,0,10,8.0,16.0,3.0,6.0,5.0,6.0,13.0,21.0,6.0,10.0,5.0,6.0,0.04929155640083593,0.6563876651982379,0.07328611861728192,0.40106951871657753,2.0,2.0,False,2020
1,24,14,14.0,21.0,4.0,10.0,8.0,9.0,13.0,23.0,6.0,9.0,9.0,10.0,0.13813475099279363,0.6842105263157895,0.07550616944926902,0.44385026737967914,2.0,2.0,True,2020
0,14,24,13.0,23.0,6.0,9.0,9.0,10.0,14.0,21.0,4.0,10.0,8.0,9.0,0.07550616944926902,0.44385026737967914,0.1505078007942349,0.7,2.0,2.0,False,2020
1,6,12,10.0,21.0,5.0,9.0,5.0,5.0,9.0,18.0,3.0,7.0,9.0,10.0,0.13365761514572835,0.4308510638297872,0.14796157932261833,0.5212765957446809,2.0,2.0,False,2020
1,19,5,11.0,14.0,4.0,6.0,4.0,4.0,6.0,12.0,1.0,5.0,7.0,8.0,0.05175914364191281,0.45989304812834225,0.06786710164478296,0.5408163265306123,2.0,2.0,True,2020
0,26,8,8.0,17.0,4.0,8.0,5.0,6.0,10.0,19.0,4.0,8.0,3.0,3.0,0.0904143459971846,0.5544041450777202,0.04281767269636777,0.47668393782383417,2.0,2.0,True,2020
1,10,0,13.0,21.0,6.0,10.0,5.0,6.0,8.0,16.0,3.0,6.0,5.0,6.0,0.07328611861728192,0.40106951871657753,0.039433245120668745,0.6535087719298246,2.0,2.0,True,2020
1,23,16,7.0,20.0,3.0,10.0,8.0,8.0,9.0,18.0,4.0,6.0,4.0,4.0,0.11439760864121813,0.5026737967914439,0.0319949569176901,0.32967032967032966,4.0,2.0,False,2020
0,16,23,9.0,18.0,4.0,6.0,4.0,4.0,7.0,20.0,3.0,10.0,8.0,8.0,0.0319949569176901,0.32967032967032966,0.0915180869129745,0.5,2.0,4.0,True,2020
1,25,11,14.0,22.0,5.0,9.0,4.0,7.0,7.0,16.0,4.0,6.0,6.0,8.0,0.17783365042455643,0.6990740740740741,0.1158557366209888,0.5829145728643216,2.0,2.0,True,2020
0,11,25,7.0,16.0,4.0,6.0,6.0,8.0,14.0,22.0,5.0,9.0,4.0,7.0,0.1158557366209888,0.5829145728643216,0.18226692033964514,0.7004608294930875,2.0,2.0,False,2020
0,2,28,11.0,23.0,5.0,11.0,5.0,6.0,8.0,16.0,2.0,6.0,10.0,13.0,0.10945549590919261,0.6111111111111112,0.028269102900915766,0.273224043715847,2.0,2.0,True,2020
0,5,19,6.0,12.0,1.0,5.0,7.0,8.0,11.0,14.0,4.0,6.0,4.0,4.0,0.06786710164478296,0.5408163265306123,0.08140731491353025,0.4627659574468085,2.0,2.0,False,2020
0,13,29,10.0,23.0,4.0,10.0,3.0,5.0,11.0,21.0,2.0,8.0,6.0,6.0,0.1430071024477426,0.3791208791208791,0.1547822186815871,0.483695652173913,2.0,2.0,True,2020
1,28,2,8.0,16.0,2.0,6.0,10.0,13.0,11.0,23.0,5.0,11.0,5.0,6.0,0.028269102900915766,0.273224043715847,0.1275643967273541,0.6146788990825688,2.0,2.0,False,2020
1,4,28,10.0,14.0,3.0,8.0,6.0,11.0,5.0,12.0,3.0,7.0,9.0,11.0,0.1932707307700398,0.6504854368932039,0.022615282320732615,0.2717391304347826,2.0,1.0,True,2020
1,9,0,10.0,19.0,2.0,6.0,4.0,4.0,9.0,16.0,2.0,5.0,4.0,5.0,0.008040838419232973,0.30978260869565216,0.039433245120668745,0.6535087719298246,2.0,1.0,True,2020
1,21,7,5.0,19.0,3.0,10.0,10.0,10.0,8.0,17.0,3.0,10.0,6.0,7.0,0.07552017414893764,0.4486486486486487,0.04583718622516826,0.26373626373626374,2.0,3.0,False,2020
0,28,4,5.0,12.0,3.0,7.0,9.0,11.0,10.0,14.0,3.0,8.0,6.0,11.0,0.022615282320732615,0.2717391304347826,0.19461658461603187,0.6521739130434783,1.0,2.0,False,2020
0,7,21,8.0,17.0,3.0,10.0,6.0,7.0,5.0,19.0,3.0,10.0,10.0,10.0,0.04583718622516826,0.26373626373626374,0.06041613931915011,0.44623655913978494,3.0,2.0,True,2020
1,15,27,9.0,21.0,3.0,13.0,5.0,6.0,7.0,13.0,5.0,8.0,9.0,11.0,0.10328081849418047,0.4065934065934066,0.045254371124385864,0.29891304347826086,2.0,3.0,False,2020
1,18,11,10.0,23.0,3.0,6.0,5.0,6.0,11.0,19.0,2.0,6.0,5.0,10.0,0.15950335019281386,0.6262135922330098,0.09268458929679105,0.58,2.0,1.0,True,2020
0,22,16,9.0,18.0,5.0,9.0,6.0,7.0,10.0,19.0,4.0,8.0,9.0,9.0,0.13327958582240768,0.5721649484536082,0.06559596553415208,0.3333333333333333,2.0,1.0,True,2020
0,11,18,11.0,19.0,2.0,6.0,5.0,10.0,10.0,23.0,3.0,6.0,5.0,6.0,0.09268458929679105,0.58,0.1676026801542511,0.6280193236714976,1.0,2.0,False,2020
0,0,9,9.0,16.0,2.0,5.0,4.0,5.0,10.0,19.0,2.0,6.0,4.0,4.0,0.039433245120668745,0.6535087719298246,0.046432670735386386,0.31351351351351353,1.0,2.0,False,2020
1,16,22,10.0,19.0,4.0,8.0,9.0,9.0,9.0,18.0,5.0,9.0,6.0,7.0,0.06559596553415208,0.3333333333333333,0.14662366865792614,0.5743589743589743,1.0,2.0,False,2020
0,27,15,7.0,13.0,5.0,8.0,9.0,11.0,9.0,21.0,3.0,13.0,5.0,6.0,0.045254371124385864,0.29891304347826086,0.08262465479534438,0.40437158469945356,3.0,2.0,True,2020
1,14,10,16.0,30.0,4.0,12.0,7.0,10.0,11.0,18.0,6.0,8.0,6.0,7.0,0.060404935559415215,0.44148936170212766,0.09862889489382554,0.40425531914893614,2.0,2.0,False,2020
1,24,17,11.0,15.0,6.0,7.0,4.0,12.0,9.0,17.0,2.0,9.0,5.0,5.0,0.1505078007942349,0.7,0.11395269663346941,0.5784313725490197,2.0,4.0,True,2020
1,20,29,8.0,17.0,2.0,8.0,6.0,6.0,9.0,18.0,2.0,7.0,6.0,9.0,0.14400635127018357,0.6153846153846154,0.1547822186815871,0.483695652173913,3.0,2.0,False,2020
0,17,24,9.0,17.0,2.0,9.0,5.0,5.0,11.0,15.0,6.0,7.0,4.0,12.0,0.11395269663346941,0.5784313725490197,0.16040624063538794,0.7142857142857143,4.0,2.0,False,2020
1,8,13,8.0,18.0,3.0,10.0,7.0,7.0,9.0,18.0,5.0,12.0,10.0,13.0,0.04281767269636777,0.47668393782383417,0.1544056819581941,0.3825136612021858,2.0,2.0,False,2020
0,29,20,9.0,18.0,2.0,7.0,6.0,9.0,8.0,17.0,2.0,8.0,6.0,6.0,0.1547822186815871,0.483695652173913,0.11520508101614686,0.6122448979591837,2.0,3.0,True,2020
1,5,1,10.0,25.0,5.0,7.0,6.0,6.0,11.0,37.0,5.0,20.0,24.0,24.0,0.05429368131582637,0.5380710659898477,0.13120558052028958,0.7014218009478673,2.0,3.0,True,2020
0,10,14,11.0,18.0,6.0,8.0,6.0,7.0,16.0,30.0,4.0,12.0,7.0,10.0,0.09862889489382554,0.40425531914893614,0.04832394844753217,0.43915343915343913,2.0,2.0,True,2020
1,25,12,8.0,18.0,4.0,11.0,8.0,8.0,8.0,17.0,6.0,9.0,6.0,7.0,0.18226692033964514,0.7004608294930875,0.14796157932261833,0.5212765957446809,2.0,2.0,False,2020
0,12,25,8.0,17.0,6.0,9.0,6.0,7.0,8.0,18.0,4.0,11.0,8.0,8.0,0.14796157932261833,0.5212765957446809,0.14581353627171612,0.6972477064220184,2.0,2.0,True,2020
1,3,19,8.0,16.0,2.0,7.0,6.0,7.0,8.0,15.0,6.0,8.0,3.0,4.0,0.03067901612191091,0.4195121951219512,0.08140731491353025,0.4627659574468085,4.0,2.0,False,2020
0,13,8,9.0,18.0,5.0,12.0,10.0,13.0,8.0,18.0,3.0,10.0,7.0,7.0,0.1544056819581941,0.3825136612021858,0.034254138157094216,0.4742268041237113,2.0,2.0,True,2020
0,19,3,8.0,15.0,6.0,8.0,3.0,4.0,8.0,16.0,2.0,7.0,6.0,7.0,0.08140731491353025,0.4627659574468085,0.024543212897528727,0.4174757281553398,2.0,4.0,True,2020
0,1,5,11.0,37.0,5.0,20.0,24.0,24.0,10.0,25.0,5.0,7.0,6.0,6.0,0.13120558052028958,0.7014218009478673,0.0834349450526611,0.5404040404040404,3.0,2.0,False,2020
1,11,29,11.0,24.0,6.0,10.0,5.0,5.0,9.0,21.0,3.0,6.0,8.0,9.0,0.07414767143743284,0.5771144278606966,0.16382577494526968,0.4864864864864865,2.0,1.0,False,2020
0,22,26,9.0,15.0,2.0,4.0,5.0,6.0,8.0,19.0,4.0,7.0,4.0,4.0,0.14662366865792614,0.5743589743589743,0.11233147679774769,0.5567010309278351,2.0,3.0,True,2020
0,29,11,9.0,21.0,3.0,6.0,8.0,9.0,11.0,24.0,6.0,10.0,5.0,5.0,0.16382577494526968,0.4864864864864865,0.05931813714994627,0.5742574257425742,1.0,2.0,True,2020
1,10,7,13.0,15.0,5.0,7.0,6.0,6.0,10.0,16.0,4.0,6.0,3.0,5.0,0.11890311591506042,0.4074074074074074,0.07666974898013461,0.2677595628415301,1.0,2.0,True,2020
0,0,21,7.0,14.0,3.0,8.0,2.0,4.0,10.0,22.0,10.0,16.0,3.0,3.0,0.031546596096535,0.6506550218340611,0.06041613931915011,0.44623655913978494,2.0,2.0,False,2020
1,17,15,14.0,22.0,5.0,10.0,6.0,8.0,11.0,24.0,3.0,12.0,6.0,8.0,0.09116215730677553,0.5756097560975609,0.08262465479534438,0.40437158469945356,1.0,2.0,True,2020
0,15,17,11.0,24.0,3.0,12.0,6.0,8.0,14.0,22.0,5.0,10.0,6.0,8.0,0.08262465479534438,0.40437158469945356,0.11292972584542042,0.5776699029126213,2.0,1.0,False,2020
1,26,22,8.0,19.0,4.0,7.0,4.0,4.0,9.0,15.0,2.0,4.0,5.0,6.0,0.11233147679774769,0.5567010309278351,0.15729893492634092,0.576530612244898,3.0,2.0,False,2020
1,13,23,9.0,22.0,2.0,8.0,5.0,8.0,10.0,24.0,6.0,10.0,9.0,11.0,0.16352454556655527,0.3858695652173913,0.0915180869129745,0.5,1.0,3.0,True,2020
0,23,13,10.0,24.0,6.0,10.0,9.0,11.0,9.0,22.0,2.0,8.0,5.0,8.0,0.0915180869129745,0.5,0.17081963645324422,0.3891891891891892,3.0,1.0,False,2020
0,12,2,12.0,18.0,6.0,10.0,7.0,10.0,10.0,20.0,6.0,12.0,6.0,8.0,0.15836926345809466,0.5238095238095238,0.1275643967273541,0.6146788990825688,1.0,3.0,False,2020
1,2,12,10.0,20.0,6.0,12.0,6.0,8.0,12.0,18.0,6.0,10.0,7.0,10.0,0.1275643967273541,0.6146788990825688,0.12669541076647572,0.5210526315789473,3.0,1.0,True,2020
1,9,6,13.0,23.0,5.0,9.0,8.0,10.0,10.0,23.0,6.0,9.0,4.0,6.0,0.046432670735386386,0.31351351351351353,0.10692609211658269,0.42857142857142855,2.0,3.0,False,2020
0,6,9,10.0,23.0,6.0,9.0,4.0,6.0,13.0,23.0,5.0,9.0,8.0,10.0,0.10692609211658269,0.42857142857142855,0.037146136588309106,0.3118279569892473,3.0,2.0,True,2020
0,16,27,12.0,20.0,3.0,10.0,8.0,10.0,7.0,13.0,4.0,8.0,9.0,11.0,0.05247677242732166,0.33152173913043476,0.0762034968995087,0.3027027027027027,2.0,2.0,False,2020
1,19,4,11.0,17.0,4.0,8.0,6.0,8.0,12.0,21.0,4.0,8.0,7.0,9.0,0.1051258519308242,0.4656084656084656,0.19461658461603187,0.6521739130434783,1.0,2.0,False,2020
1,27,16,7.0,13.0,4.0,8.0,9.0,11.0,12.0,20.0,3.0,10.0,8.0,10.0,0.0762034968995087,0.3027027027027027,0.04198141794185733,0.32972972972972975,2.0,2.0,True,2020
0,7,10,10.0,16.0,4.0,6.0,3.0,5.0,13.0,15.0,5.0,7.0,6.0,6.0,0.07666974898013461,0.2677595628415301,0.13512249273204832,0.4105263157894737,2.0,1.0,False,2020
0,4,19,12.0,21.0,4.0,8.0,7.0,9.0,11.0,17.0,4.0,8.0,6.0,8.0,0.19461658461603187,0.6521739130434783,0.08410068154465936,0.4631578947368421,2.0,1.0,True,2020
1,21,0,10.0,22.0,10.0,16.0,3.0,3.0,7.0,14.0,3.0,8.0,2.0,4.0,0.06041613931915011,0.44623655913978494,0.025237276877227998,0.6478260869565218,2.0,2.0,True,2020
1,8,7,10.0,18.0,5.0,9.0,7.0,8.0,13.0,23.0,5.0,11.0,13.0,13.0,0.034254138157094216,0.4742268041237113,0.061335799184107684,0.266304347826087,2.0,1.0,False,2020
1,25,1,9.0,22.0,3.0,8.0,6.0,8.0,9.0,27.0,8.0,17.0,6.0,6.0,0.14581353627171612,0.6972477064220184,0.10496446441623167,0.6981132075471698,2.0,2.0,False,2020
0,1,25,9.0,27.0,8.0,17.0,6.0,6.0,9.0,22.0,3.0,8.0,6.0,8.0,0.10496446441623167,0.6981132075471698,0.11665082901737289,0.6940639269406392,2.0,2.0,True,2020
1,14,18,11.0,24.0,7.0,13.0,11.0,13.0,13.0,28.0,3.0,8.0,11.0,14.0,0.04832394844753217,0.43915343915343913,0.1676026801542511,0.6280193236714976,2.0,3.0,True,2020
0,7,8,13.0,23.0,5.0,11.0,13.0,13.0,10.0,18.0,5.0,9.0,7.0,8.0,0.061335799184107684,0.266304347826087,0.02740331052567537,0.4717948717948718,1.0,2.0,True,2020
1,28,20,6.0,13.0,3.0,9.0,5.0,8.0,6.0,12.0,4.0,8.0,3.0,4.0,0.01809222585658609,0.2702702702702703,0.11520508101614686,0.6122448979591837,3.0,2.0,False,2020
0,18,14,13.0,28.0,3.0,8.0,11.0,14.0,11.0,24.0,7.0,13.0,11.0,13.0,0.1676026801542511,0.6280193236714976,0.07865915875802573,0.4421052631578947,3.0,2.0,False,2020
0,20,28,6.0,12.0,4.0,8.0,3.0,4.0,6.0,13.0,3.0,9.0,5.0,8.0,0.11520508101614686,0.6122448979591837,0.014473780685268871,0.26881720430107525,2.0,3.0,True,2020
0,10,3,6.0,15.0,4.0,10.0,5.0,6.0,8.0,16.0,3.0,7.0,2.0,2.0,0.13512249273204832,0.4105263157894737,0.024543212897528727,0.4174757281553398,2.0,3.0,True,2020
1,12,14,10.0,18.0,2.0,7.0,8.0,11.0,7.0,20.0,5.0,13.0,5.0,6.0,0.12669541076647572,0.5210526315789473,0.07865915875802573,0.4421052631578947,2.0,1.0,True,2020
1,5,15,8.0,18.0,3.0,6.0,4.0,5.0,10.0,27.0,3.0,11.0,9.0,11.0,0.0834349450526611,0.5404040404040404,0.0660997238362755,0.40217391304347827,3.0,2.0,True,2020
0,14,12,7.0,20.0,5.0,13.0,5.0,6.0,10.0,18.0,2.0,7.0,8.0,11.0,0.07865915875802573,0.4421052631578947,0.14135632861318057,0.5235602094240838,1.0,2.0,False,2020
1,27,0,8.0,20.0,4.0,11.0,2.0,3.0,8.0,12.0,2.0,8.0,5.0,8.0,0.10096279751960695,0.3064516129032258,0.025237276877227998,0.6478260869565218,2.0,2.0,False,2020
0,29,17,12.0,23.0,4.0,9.0,13.0,15.0,9.0,18.0,3.0,8.0,9.0,11.0,0.17106061995621574,0.489247311827957,0.11292972584542042,0.5776699029126213,2.0,2.0,True,2020
1,21,6,8.0,19.0,6.0,11.0,7.0,8.0,8.0,13.0,6.0,8.0,4.0,4.0,0.08833291145532009,0.44919786096256686,0.12554087369326614,0.43157894736842106,2.0,2.0,False,2020
0,15,5,10.0,27.0,3.0,11.0,9.0,11.0,8.0,18.0,3.0,6.0,4.0,5.0,0.0660997238362755,0.40217391304347827,0.10674795604212887,0.542713567839196,2.0,3.0,False,2020
1,4,24,11.0,20.0,3.0,5.0,6.0,6.0,6.0,14.0,3.0,6.0,6.0,7.0,0.19569326769282547,0.6538461538461539,0.16040624063538794,0.7142857142857143,2.0,3.0,True,2020
0,0,27,8.0,12.0,2.0,8.0,5.0,8.0,8.0,20.0,4.0,11.0,2.0,3.0,0.025237276877227998,0.6478260869565218,0.08077023801568556,0.3048128342245989,2.0,2.0,True,2020
1,19,22,9.0,17.0,3.0,7.0,8.0,12.0,11.0,18.0,2.0,5.0,5.0,6.0,0.08410068154465936,0.4631578947368421,0.15729893492634092,0.576530612244898,2.0,2.0,True,2020
0,22,19,11.0,18.0,2.0,5.0,5.0,6.0,9.0,17.0,3.0,7.0,8.0,12.0,0.15729893492634092,0.576530612244898,0.10728054523572747,0.46596858638743455,2.0,2.0,False,2020
0,20,2,13.0,21.0,1.0,5.0,5.0,6.0,10.0,19.0,4.0,8.0,2.0,2.0,0.13216406481291748,0.6142131979695431,0.14205151738188326,0.6181818181818182,1.0,2.0,False,2020
0,24,4,6.0,14.0,3.0,6.0,6.0,7.0,11.0,20.0,3.0,5.0,6.0,6.0,0.16040624063538794,0.7142857142857143,0.1965546141542604,0.6555023923444976,3.0,2.0,False,2020
1,2,20,10.0,19.0,4.0,8.0,2.0,2.0,13.0,21.0,1.0,5.0,5.0,6.0,0.14205151738188326,0.6181818181818182,0.10573125185033398,0.6111111111111112,2.0,1.0,True,2020
1,3,10,8.0,16.0,3.0,7.0,2.0,2.0,6.0,15.0,4.0,10.0,5.0,6.0,0.024543212897528727,0.4174757281553398,0.14809799418563868,0.41361256544502617,3.0,2.0,False,2020
1,17,29,9.0,18.0,3.0,8.0,9.0,11.0,12.0,23.0,4.0,9.0,13.0,15.0,0.11292972584542042,0.5776699029126213,0.1768484959649726,0.4919786096256685,2.0,2.0,False,2020
1,26,23,11.0,20.0,2.0,9.0,12.0,12.0,12.0,17.0,5.0,9.0,4.0,6.0,0.08986518143819815,0.5538461538461539,0.0732144695303796,0.4973544973544973,2.0,2.0,True,2020
0,23,26,12.0,17.0,5.0,9.0,4.0,6.0,11.0,20.0,2.0,9.0,12.0,12.0,0.0732144695303796,0.4973544973544973,0.11189214515055852,0.5561224489795918,2.0,2.0,False,2020
0,6,21,8.0,13.0,6.0,8.0,4.0,4.0,8.0,19.0,6.0,11.0,7.0,8.0,0.12554087369326614,0.43157894736842106,0.07066632916425607,0.44680851063829785,2.0,2.0,True,2020
0,3,18,7.0,20.0,3.0,9.0,4.0,5.0,12.0,14.0,3.0,5.0,9.0,12.0,0.01963457031802298,0.41545893719806765,0.13408214412340086,0.625,1.0,2.0,False,2020
1,11,16,9.0,17.0,5.0,6.0,7.0,7.0,9.0,18.0,3.0,9.0,5.0,7.0,0.05931813714994627,0.5742574257425742,0.04198141794185733,0.32972972972972975,3.0,3.0,True,2020
1,13,8,8.0,15.0,2.0,8.0,8.0,10.0,7.0,15.0,1.0,7.0,8.0,8.0,0.17081963645324422,0.3891891891891892,0.02740331052567537,0.4717948717948718,3.0,2.0,True,2020
0,8,13,7.0,15.0,1.0,7.0,8.0,8.0,8.0,15.0,2.0,8.0,8.0,10.0,0.02740331052567537,0.4717948717948718,0.17665570916259538,0.3924731182795699,2.0,3.0,False,2020
0,7,1,11.0,19.0,3.0,8.0,11.0,16.0,10.0,27.0,5.0,17.0,15.0,18.0,0.08906863934728616,0.2702702702702703,0.12397157153298533,0.6995305164319249,2.0,2.0,False,2020
0,16,11,9.0,18.0,3.0,9.0,5.0,7.0,9.0,17.0,5.0,6.0,7.0,7.0,0.04198141794185733,0.32972972972972975,0.08745450971995702,0.5763546798029556,3.0,3.0,False,2020
0,22,28,10.0,19.0,3.0,6.0,3.0,5.0,9.0,18.0,4.0,8.0,4.0,6.0,0.12583914794107273,0.5736040609137056,0.014473780685268871,0.26881720430107525,1.0,2.0,True,2020
1,28,22,9.0,18.0,4.0,8.0,4.0,6.0,10.0,19.0,3.0,6.0,3.0,5.0,0.014473780685268871,0.26881720430107525,0.1406713183528582,0.5757575757575758,2.0,1.0,False,2020
1,1,7,10.0,27.0,5.0,17.0,15.0,18.0,11.0,19.0,3.0,8.0,11.0,16.0,0.12397157153298533,0.6995305164319249,0.07125491147782893,0.26881720430107525,2.0,2.0,True,2020
1,18,3,12.0,14.0,3.0,5.0,9.0,12.0,7.0,20.0,3.0,9.0,4.0,5.0,0.13408214412340086,0.625,0.015707656254418383,0.41346153846153844,2.0,1.0,True,2020
1,13,15,10.0,24.0,9.0,12.0,4.0,5.0,13.0,18.0,5.0,7.0,3.0,3.0,0.17665570916259538,0.3924731182795699,0.0528797790690204,0.4,1.0,2.0,False,2020
0,9,21,9.0,20.0,4.0,13.0,8.0,8.0,7.0,17.0,3.0,8.0,12.0,13.0,0.037146136588309106,0.3118279569892473,0.07066632916425607,0.44680851063829785,4.0,2.0,True,2020
1,6,20,10.0,17.0,3.0,8.0,5.0,8.0,10.0,21.0,5.0,7.0,4.0,4.0,0.1404326989546129,0.43455497382198954,0.10573125185033398,0.6111111111111112,2.0,2.0,True,2020
0,24,14,12.0,21.0,3.0,10.0,7.0,8.0,9.0,18.0,6.0,12.0,9.0,9.0,0.12832499250831036,0.6818181818181818,0.06292732700642059,0.4397905759162304,2.0,2.0,True,2020
1,18,25,10.0,22.0,5.0,8.0,4.0,6.0,8.0,18.0,4.0,8.0,8.0,9.0,0.1472657152987207,0.6267942583732058,0.11665082901737289,0.6940639269406392,1.0,3.0,True,2020
1,17,26,8.0,24.0,3.0,12.0,8.0,8.0,7.0,17.0,3.0,8.0,9.0,12.0,0.09034378067633633,0.5748792270531401,0.11189214515055852,0.5561224489795918,2.0,2.0,False,2020
0,23,29,8.0,16.0,3.0,7.0,7.0,7.0,20.0,29.0,6.0,8.0,10.0,10.0,0.058571575624303686,0.49473684210526314,0.1768484959649726,0.4919786096256685,2.0,2.0,False,2020
0,25,18,8.0,18.0,4.0,8.0,8.0,9.0,10.0,22.0,5.0,8.0,4.0,6.0,0.11665082901737289,0.6940639269406392,0.15781257223897655,0.6285714285714286,3.0,1.0,False,2020
0,15,13,13.0,18.0,5.0,7.0,3.0,3.0,10.0,24.0,9.0,12.0,4.0,5.0,0.0528797790690204,0.4,0.1413245673300763,0.39037433155080214,2.0,1.0,True,2020
1,29,23,20.0,29.0,6.0,8.0,10.0,10.0,8.0,16.0,3.0,7.0,7.0,7.0,0.1768484959649726,0.4919786096256685,0.04685726049944295,0.49214659685863876,2.0,2.0,True,2020
0,26,17,7.0,17.0,3.0,8.0,9.0,12.0,8.0,24.0,3.0,12.0,8.0,8.0,0.11189214515055852,0.5561224489795918,0.07227502454106907,0.5721153846153846,2.0,2.0,True,2020
1,12,27,10.0,22.0,5.0,11.0,17.0,21.0,8.0,19.0,4.0,10.0,7.0,9.0,0.14135632861318057,0.5235602094240838,0.08077023801568556,0.3048128342245989,2.0,2.0,True,2020
1,14,24,9.0,18.0,6.0,12.0,9.0,9.0,12.0,21.0,3.0,10.0,7.0,8.0,0.06292732700642059,0.4397905759162304,0.14265999400664828,0.6956521739130435,2.0,2.0,False,2020
0,20,6,10.0,21.0,5.0,7.0,4.0,4.0,10.0,17.0,3.0,8.0,5.0,8.0,0.10573125185033398,0.6111111111111112,0.15234615916369035,0.4375,2.0,2.0,False,2020
0,27,12,8.0,19.0,4.0,10.0,7.0,9.0,10.0,22.0,5.0,11.0,17.0,21.0,0.08077023801568556,0.3048128342245989,0.15308506289054447,0.5260416666666666,2.0,2.0,False,2020
1,21,9,7.0,17.0,3.0,8.0,12.0,13.0,9.0,20.0,4.0,13.0,8.0,8.0,0.07066632916425607,0.44680851063829785,0.06971690927064729,0.3155080213903743,2.0,4.0,False,2020
1,4,10,12.0,22.0,4.0,10.0,6.0,12.0,8.0,17.0,4.0,8.0,8.0,9.0,0.1965546141542604,0.6555023923444976,0.14809799418563868,0.41361256544502617,3.0,3.0,True,2020
0,10,4,8.0,17.0,4.0,8.0,8.0,9.0,12.0,22.0,4.0,10.0,6.0,12.0,0.14809799418563868,0.41361256544502617,0.19724369132340833,0.6571428571428571,3.0,3.0,False,2020
1,7,23,11.0,20.0,3.0,7.0,6.0,6.0,12.0,18.0,2.0,5.0,7.0,9.0,0.07125491147782893,0.26881720430107525,0.04685726049944295,0.49214659685863876,2.0,1.0,True,2020
1,1,15,13.0,19.0,4.0,13.0,8.0,8.0,10.0,19.0,6.0,13.0,8.0,8.0,0.13917725722638824,0.7009345794392523,0.08230382325521632,0.4032258064516129,2.0,1.0,False,2020
0,16,0,8.0,14.0,3.0,9.0,7.0,8.0,6.0,22.0,4.0,10.0,8.0,8.0,0.03358513435348586,0.3279569892473118,0.060189821501782405,0.6493506493506493,2.0,3.0,True,2020
1,11,26,10.0,25.0,3.0,8.0,5.0,5.0,11.0,21.0,3.0,8.0,4.0,6.0,0.08745450971995702,0.5763546798029556,0.12951371612044682,0.5583756345177665,2.0,1.0,False,2020
0,19,8,9.0,17.0,4.0,8.0,5.0,8.0,11.0,21.0,4.0,10.0,5.0,8.0,0.10728054523572747,0.46596858638743455,0.021922648420540296,0.46938775510204084,3.0,2.0,True,2020
1,8,19,11.0,21.0,4.0,10.0,5.0,8.0,9.0,17.0,4.0,8.0,5.0,8.0,0.021922648420540296,0.46938775510204084,0.125824436188582,0.46875,2.0,3.0,False,2020
1,0,16,6.0,22.0,4.0,10.0,8.0,8.0,8.0,14.0,3.0,9.0,7.0,8.0,0.060189821501782405,0.6493506493506493,0.0668681074827887,0.3315508021390374,3.0,2.0,False,2020
1,27,25,7.0,18.0,3.0,10.0,5.0,7.0,7.0,18.0,2.0,8.0,6.0,8.0,0.06461619041254844,0.30319148936170215,0.09332066321389831,0.6909090909090909,1.0,1.0,False,2020
1,22,24,7.0,18.0,5.0,8.0,8.0,9.0,12.0,26.0,7.0,16.0,9.0,11.0,0.1406713183528582,0.5757575757575758,0.14265999400664828,0.6956521739130435,2.0,1.0,False,2020
0,24,22,12.0,26.0,7.0,16.0,9.0,11.0,7.0,18.0,5.0,8.0,8.0,9.0,0.14265999400664828,0.6956521739130435,0.11253705468228656,0.5728643216080402,1.0,2.0,True,2020
0,3,2,8.0,14.0,3.0,8.0,3.0,7.0,9.0,15.0,5.0,9.0,1.0,2.0,0.015707656254418383,0.41346153846153844,0.1536412139055066,0.6216216216216216,2.0,3.0,False,2020
0,23,7,12.0,18.0,2.0,5.0,7.0,9.0,11.0,20.0,3.0,7.0,6.0,6.0,0.04685726049944295,0.49214659685863876,0.09700392918226314,0.2727272727272727,1.0,2.0,False,2020
0,25,27,7.0,18.0,2.0,8.0,6.0,8.0,7.0,18.0,3.0,10.0,5.0,7.0,0.09332066321389831,0.6909090909090909,0.051692952330038754,0.30158730158730157,1.0,1.0,True,2020
0,26,11,11.0,21.0,3.0,8.0,4.0,6.0,10.0,25.0,3.0,8.0,5.0,5.0,0.12951371612044682,0.5583756345177665,0.06996360777596562,0.5735294117647058,1.0,2.0,True,2020
1,2,3,9.0,15.0,5.0,9.0,1.0,2.0,8.0,14.0,3.0,8.0,3.0,7.0,0.1536412139055066,0.6216216216216216,0.012566125003534706,0.41148325358851673,3.0,2.0,True,2020
0,15,1,10.0,19.0,6.0,13.0,8.0,8.0,13.0,19.0,4.0,13.0,8.0,8.0,0.08230382325521632,0.4032258064516129,0.1113418057811106,0.6976744186046512,1.0,2.0,True,2020
0,28,17,6.0,11.0,2.0,6.0,4.0,7.0,9.0,15.0,8.0,12.0,5.0,6.0,0.011579024548215097,0.26737967914438504,0.07227502454106907,0.5721153846153846,3.0,2.0,False,2020
0,20,18,10.0,19.0,2.0,7.0,4.0,5.0,8.0,18.0,3.0,8.0,6.0,7.0,0.08458500148026718,0.6080402010050251,0.15781257223897655,0.6285714285714286,2.0,2.0,False,2020
1,17,28,9.0,15.0,8.0,12.0,5.0,6.0,6.0,11.0,2.0,6.0,4.0,7.0,0.07227502454106907,0.5721153846153846,0.009263219638572077,0.26595744680851063,2.0,3.0,True,2020
0,14,21,11.0,19.0,8.0,12.0,4.0,6.0,9.0,19.0,6.0,11.0,6.0,7.0,0.05034186160513647,0.4375,0.056533063331404856,0.4444444444444444,2.0,2.0,False,2020
1,12,9,14.0,26.0,10.0,14.0,5.0,7.0,11.0,19.0,5.0,11.0,4.0,5.0,0.15308506289054447,0.5260416666666666,0.06971690927064729,0.3155080213903743,2.0,2.0,True,2020
1,18,20,8.0,18.0,3.0,8.0,6.0,7.0,10.0,19.0,2.0,7.0,4.0,5.0,0.15781257223897655,0.6285714285714286,0.06766800118421375,0.605,2.0,2.0,True,2020
1,21,14,9.0,19.0,6.0,11.0,6.0,7.0,11.0,19.0,8.0,12.0,4.0,6.0,0.056533063331404856,0.4444444444444444,0.040273489284109176,0.43523316062176165,2.0,2.0,True,2020
0,9,12,11.0,19.0,5.0,11.0,4.0,5.0,14.0,26.0,10.0,14.0,5.0,7.0,0.06971690927064729,0.3155080213903743,0.16246805031243555,0.5284974093264249,2.0,2.0,False,2020
0,26,15,7.0,14.0,5.0,9.0,6.0,8.0,9.0,24.0,5.0,14.0,2.0,4.0,0.14361097289635744,0.5606060606060606,0.10584305860417306,0.40641711229946526,2.0,2.0,False,2020
0,11,23,13.0,20.0,3.0,8.0,4.0,7.0,11.0,23.0,4.0,10.0,7.0,9.0,0.06996360777596562,0.5735294117647058,0.03748580839955436,0.4895833333333333,2.0,2.0,True,2020
0,1,3,20.0,34.0,10.0,18.0,5.0,5.0,9.0,16.0,6.0,9.0,2.0,3.0,0.1113418057811106,0.6976744186046512,0.012566125003534706,0.41148325358851673,2.0,2.0,True,2020
1,23,11,11.0,23.0,4.0,10.0,7.0,9.0,13.0,20.0,3.0,8.0,4.0,7.0,0.03748580839955436,0.4895833333333333,0.0959708862207725,0.5756097560975609,2.0,2.0,False,2020
1,3,1,9.0,16.0,6.0,9.0,2.0,3.0,20.0,34.0,10.0,18.0,5.0,5.0,0.012566125003534706,0.41148325358851673,0.12907344462488848,0.6990740740740741,2.0,2.0,False,2020
0,28,0,10.0,18.0,5.0,9.0,11.0,12.0,12.0,27.0,6.0,14.0,5.0,6.0,0.009263219638572077,0.26595744680851063,0.048151857201425924,0.646551724137931,1.0,2.0,True,2020
0,8,4,10.0,22.0,4.0,10.0,8.0,8.0,11.0,22.0,5.0,6.0,4.0,4.0,0.017538118736432236,0.467005076142132,0.19724369132340833,0.6571428571428571,2.0,2.0,False,2020
1,4,8,11.0,22.0,5.0,6.0,4.0,4.0,10.0,22.0,4.0,10.0,8.0,8.0,0.19724369132340833,0.6571428571428571,0.014030494989145789,0.46464646464646464,2.0,2.0,True,2020
1,0,28,12.0,27.0,6.0,14.0,5.0,6.0,10.0,18.0,5.0,9.0,11.0,12.0,0.048151857201425924,0.646551724137931,0.04741057571085766,0.2698412698412698,2.0,1.0,False,2020
1,7,16,9.0,17.0,4.0,6.0,7.0,7.0,10.0,19.0,3.0,7.0,6.0,6.0,0.09700392918226314,0.2727272727272727,0.0668681074827887,0.3315508021390374,2.0,2.0,False,2020
1,15,26,9.0,24.0,5.0,14.0,2.0,4.0,7.0,14.0,5.0,9.0,6.0,8.0,0.10584305860417306,0.40641711229946526,0.11488877831708595,0.5577889447236181,2.0,2.0,True,2020
1,10,29,7.0,17.0,3.0,9.0,5.0,5.0,11.0,24.0,4.0,7.0,3.0,5.0,0.11847839534851094,0.4114583333333333,0.18147879677197806,0.4946808510638298,2.0,3.0,False,2020
0,29,10,11.0,24.0,4.0,7.0,3.0,5.0,7.0,17.0,3.0,9.0,5.0,5.0,0.18147879677197806,0.4946808510638298,0.09478271627880876,0.40932642487046633,3.0,2.0,True,2020
0,16,7,10.0,19.0,3.0,7.0,6.0,6.0,9.0,17.0,4.0,6.0,7.0,7.0,0.0668681074827887,0.3315508021390374,0.0776031433458105,0.2712765957446808,2.0,2.0,True,2020
1,22,2,8.0,14.0,3.0,6.0,15.0,15.0,16.0,28.0,7.0,15.0,6.0,7.0,0.11253705468228656,0.5728643216080402,0.16291297112440528,0.625,2.0,2.0,True,2020
0,21,6,12.0,21.0,7.0,12.0,9.0,11.0,8.0,16.0,2.0,9.0,7.0,11.0,0.08522645066512388,0.4473684210526316,0.15234615916369035,0.4375,1.0,3.0,True,2020
1,6,21,8.0,16.0,2.0,9.0,7.0,11.0,12.0,21.0,7.0,12.0,9.0,11.0,0.15234615916369035,0.4375,0.10818116053209911,0.450261780104712,3.0,1.0,False,2020
1,27,9,12.0,16.0,7.0,7.0,5.0,6.0,7.0,14.0,3.0,9.0,6.0,8.0,0.051692952330038754,0.30158730158730157,0.05577352741651783,0.31382978723404253,2.0,1.0,True,2020
0,9,27,7.0,14.0,3.0,9.0,6.0,8.0,12.0,16.0,7.0,7.0,5.0,6.0,0.05577352741651783,0.31382978723404253,0.08135436186403101,0.30526315789473685,1.0,2.0,False,2020
0,24,25,8.0,14.0,3.0,12.0,5.0,5.0,9.0,20.0,2.0,7.0,6.0,6.0,0.15412799520531864,0.7083333333333334,0.11465653057111864,0.6923076923076923,2.0,2.0,True,2020
1,25,24,9.0,20.0,2.0,7.0,6.0,6.0,8.0,14.0,3.0,12.0,5.0,5.0,0.11465653057111864,0.6923076923076923,0.1633023961642549,0.72,2.0,2.0,False,2020
0,2,22,16.0,28.0,7.0,15.0,6.0,7.0,8.0,14.0,3.0,6.0,15.0,15.0,0.16291297112440528,0.625,0.13002964374582926,0.575,2.0,2.0,False,2020
0,3,5,11.0,24.0,4.0,11.0,7.0,8.0,8.0,17.0,2.0,4.0,6.0,8.0,0.010052900002827766,0.4095238095238095,0.10674795604212887,0.542713567839196,1.0,6.0,True,2020
1,19,13,10.0,16.0,5.0,10.0,3.0,6.0,14.0,24.0,6.0,13.0,7.0,12.0,0.125824436188582,0.46875,0.1413245673300763,0.39037433155080214,3.0,4.0,False,2020
1,2,18,10.0,21.0,5.0,13.0,8.0,10.0,12.0,21.0,5.0,7.0,12.0,14.0,0.13033037689952423,0.6194690265486725,0.16625005779118127,0.6303317535545023,1.0,2.0,False,2020
0,17,20,15.0,21.0,3.0,9.0,2.0,2.0,7.0,14.0,5.0,6.0,4.0,6.0,0.09782001963285525,0.5741626794258373,0.06766800118421375,0.605,2.0,2.0,False,2020
0,13,19,14.0,24.0,6.0,13.0,7.0,12.0,10.0,16.0,5.0,10.0,3.0,6.0,0.1413245673300763,0.39037433155080214,0.1006595489508656,0.46632124352331605,4.0,3.0,True,2020
0,18,2,12.0,21.0,5.0,7.0,12.0,14.0,10.0,21.0,5.0,13.0,8.0,10.0,0.16625005779118127,0.6303317535545023,0.10426430151961938,0.6140350877192983,2.0,1.0,True,2020
1,5,3,8.0,17.0,2.0,4.0,6.0,8.0,11.0,24.0,4.0,11.0,7.0,8.0,0.10674795604212887,0.542713567839196,0.04804232000226222,0.41232227488151657,6.0,1.0,False,2020
1,20,17,7.0,14.0,5.0,6.0,4.0,6.0,15.0,21.0,3.0,9.0,2.0,2.0,0.06766800118421375,0.605,0.0782560157062842,0.5714285714285714,2.0,2.0,True,2020
1,10,1,10.0,18.0,6.0,11.0,3.0,4.0,19.0,31.0,10.0,15.0,6.0,6.0,0.09478271627880876,0.40932642487046633,0.12907344462488848,0.6990740740740741,2.0,2.0,False,2020
0,24,23,17.0,31.0,6.0,15.0,19.0,19.0,12.0,22.0,5.0,10.0,10.0,13.0,0.1633023961642549,0.72,0.029988646719643484,0.48704663212435234,2.0,2.0,True,2020
0,1,10,19.0,31.0,10.0,15.0,6.0,6.0,10.0,18.0,6.0,11.0,3.0,4.0,0.12907344462488848,0.6990740740740741,0.075826173023047,0.4072164948453608,2.0,2.0,True,2020
0,0,11,10.0,20.0,3.0,12.0,4.0,7.0,10.0,19.0,8.0,13.0,8.0,10.0,0.03852148576114074,0.6437768240343348,0.0959708862207725,0.5756097560975609,2.0,2.0,False,2020
0,4,16,12.0,23.0,3.0,7.0,10.0,13.0,14.0,21.0,9.0,15.0,6.0,9.0,0.19779495305872666,0.6587677725118484,0.09349448598623095,0.3351063829787234,2.0,2.0,True,2020
1,12,29,9.0,20.0,3.0,7.0,7.0,8.0,11.0,22.0,4.0,9.0,7.0,9.0,0.16246805031243555,0.5284974093264249,0.18518303741758246,0.4973544973544973,3.0,2.0,False,2020
1,11,0,10.0,19.0,8.0,13.0,8.0,10.0,10.0,20.0,3.0,12.0,4.0,7.0,0.0959708862207725,0.5756097560975609,0.030817188608912593,0.6410256410256411,2.0,2.0,True,2020
1,15,28,14.0,23.0,6.0,13.0,3.0,4.0,10.0,17.0,3.0,8.0,3.0,5.0,0.12467444688333847,0.4095744680851064,0.04741057571085766,0.2698412698412698,2.0,2.0,False,2020
1,9,22,9.0,30.0,3.0,10.0,7.0,9.0,8.0,18.0,3.0,4.0,4.0,6.0,0.044618821933214266,0.31216931216931215,0.13002964374582926,0.575,2.0,2.0,False,2020
0,28,15,10.0,17.0,3.0,8.0,3.0,5.0,14.0,23.0,6.0,13.0,3.0,4.0,0.04741057571085766,0.2698412698412698,0.09973955750667077,0.4074074074074074,2.0,2.0,True,2020
0,21,27,6.0,17.0,2.0,9.0,6.0,6.0,5.0,19.0,2.0,8.0,3.0,4.0,0.10818116053209911,0.450261780104712,0.08135436186403101,0.30526315789473685,2.0,2.0,True,2020
1,18,8,12.0,20.0,2.0,4.0,11.0,14.0,10.0,18.0,3.0,6.0,11.0,13.0,0.17300004623294502,0.6320754716981132,0.014030494989145789,0.46464646464646464,1.0,2.0,True,2020
0,22,9,8.0,18.0,3.0,4.0,4.0,6.0,9.0,30.0,3.0,10.0,7.0,9.0,0.13002964374582926,0.575,0.035695057546571415,0.3105263157894737,2.0,2.0,True,2020
0,29,12,11.0,22.0,4.0,9.0,7.0,9.0,9.0,20.0,3.0,7.0,7.0,8.0,0.18518303741758246,0.4973544973544973,0.12997444024994845,0.5257731958762887,2.0,3.0,True,2020
1,23,24,12.0,22.0,5.0,10.0,10.0,13.0,17.0,31.0,6.0,15.0,19.0,19.0,0.029988646719643484,0.48704663212435234,0.17064191693140393,0.7307692307692307,2.0,2.0,False,2020
1,27,21,5.0,19.0,2.0,8.0,3.0,4.0,6.0,17.0,2.0,9.0,6.0,6.0,0.08135436186403101,0.30526315789473685,0.1265449284256793,0.453125,2.0,2.0,False,2020
0,8,18,10.0,18.0,3.0,6.0,11.0,13.0,12.0,20.0,2.0,4.0,11.0,14.0,0.014030494989145789,0.46464646464646464,0.17840003698635604,0.6338028169014085,2.0,1.0,False,2020
1,16,4,14.0,21.0,9.0,15.0,6.0,9.0,12.0,23.0,3.0,7.0,10.0,13.0,0.09349448598623095,0.3351063829787234,0.1982359624469813,0.660377358490566,2.0,2.0,False,2020
1,7,5,10.0,20.0,2.0,8.0,5.0,5.0,10.0,23.0,6.0,14.0,6.0,7.0,0.0776031433458105,0.2712765957446808,0.0853983648337031,0.54,3.0,2.0,False,2020
1,16,14,11.0,17.0,4.0,7.0,7.0,7.0,8.0,23.0,5.0,13.0,8.0,12.0,0.07479558878898476,0.3333333333333333,0.040273489284109176,0.43523316062176165,1.0,4.0,True,2020
1,1,19,14.0,33.0,5.0,13.0,7.0,8.0,10.0,21.0,4.0,7.0,6.0,6.0,0.14325875569991078,0.7004608294930875,0.1006595489508656,0.46632124352331605,1.0,2.0,False,2020
0,14,16,8.0,23.0,5.0,13.0,8.0,12.0,11.0,17.0,4.0,7.0,7.0,7.0,0.040273489284109176,0.43523316062176165,0.0998364710311878,0.3368421052631579,4.0,1.0,False,2020
0,12,13,8.0,22.0,3.0,10.0,10.0,12.0,11.0,22.0,6.0,14.0,5.0,7.0,0.12997444024994845,0.5257731958762887,0.15305965386406103,0.39361702127659576,1.0,2.0,True,2020
1,13,12,11.0,22.0,6.0,14.0,5.0,7.0,8.0,22.0,3.0,10.0,10.0,12.0,0.15305965386406103,0.39361702127659576,0.14397955219995875,0.5282051282051282,2.0,1.0,False,2020
0,6,25,8.0,19.0,4.0,14.0,6.0,7.0,10.0,26.0,5.0,8.0,7.0,10.0,0.12187692733095228,0.43523316062176165,0.09172522445689492,0.6891891891891891,3.0,3.0,False,2020
1,4,3,12.0,20.0,3.0,5.0,5.0,7.0,6.0,11.0,3.0,6.0,6.0,8.0,0.1982359624469813,0.660377358490566,0.04804232000226222,0.41232227488151657,1.0,2.0,True,2020
0,5,7,10.0,23.0,6.0,14.0,6.0,7.0,10.0,20.0,2.0,8.0,5.0,5.0,0.0853983648337031,0.54,0.0620825146766484,0.2698412698412698,2.0,3.0,True,2020
1,27,24,11.0,21.0,4.0,7.0,5.0,6.0,9.0,24.0,3.0,6.0,12.0,14.0,0.0650834894912248,0.3036649214659686,0.17064191693140393,0.7307692307692307,1.0,1.0,True,2020
0,24,27,9.0,24.0,3.0,6.0,12.0,14.0,11.0,21.0,4.0,7.0,5.0,6.0,0.17064191693140393,0.7307692307692307,0.09206679159297984,0.3072916666666667,1.0,1.0,False,2020
0,3,4,6.0,11.0,3.0,6.0,6.0,8.0,12.0,20.0,3.0,5.0,5.0,7.0,0.04804232000226222,0.41232227488151657,0.19858876995758504,0.6619718309859155,2.0,1.0,False,2020
0,19,1,10.0,21.0,4.0,7.0,6.0,6.0,14.0,33.0,5.0,13.0,7.0,8.0,0.1006595489508656,0.46632124352331605,0.11460700455992863,0.6972477064220184,2.0,1.0,True,2020
1,20,26,11.0,15.0,3.0,6.0,5.0,6.0,9.0,17.0,4.0,8.0,5.0,6.0,0.094134400947371,0.6069651741293532,0.11488877831708595,0.5577889447236181,2.0,3.0,True,2020
0,26,20,9.0,17.0,4.0,8.0,5.0,6.0,11.0,15.0,3.0,6.0,5.0,6.0,0.11488877831708595,0.5577889447236181,0.11530752075789681,0.6089108910891089,3.0,2.0,False,2020
1,25,6,10.0,26.0,5.0,8.0,7.0,10.0,8.0,19.0,4.0,14.0,6.0,7.0,0.09172522445689492,0.6891891891891891,0.09750154186476181,0.4329896907216495,3.0,3.0,True,2020
0,28,20,8.0,19.0,3.0,9.0,3.0,4.0,10.0,22.0,2.0,6.0,3.0,6.0,0.07792846056868613,0.2736842105263158,0.11530752075789681,0.6089108910891089,2.0,1.0,False,2020
1,22,21,6.0,14.0,2.0,7.0,9.0,10.0,6.0,18.0,3.0,14.0,7.0,10.0,0.1440237149966634,0.5771144278606966,0.1265449284256793,0.453125,2.0,2.0,True,2020
1,8,10,12.0,20.0,5.0,11.0,2.0,3.0,8.0,15.0,4.0,7.0,7.0,7.0,0.011224395991316631,0.4623115577889447,0.075826173023047,0.4072164948453608,2.0,2.0,False,2020
1,6,18,9.0,21.0,3.0,4.0,4.0,6.0,8.0,17.0,2.0,6.0,6.0,8.0,0.09750154186476181,0.4329896907216495,0.17840003698635604,0.6338028169014085,1.0,2.0,True,2020
1,9,29,9.0,22.0,3.0,11.0,9.0,11.0,12.0,23.0,4.0,10.0,6.0,7.0,0.035695057546571415,0.3105263157894737,0.18814642993406597,0.5,2.0,2.0,False,2020
0,10,8,8.0,15.0,4.0,7.0,7.0,7.0,12.0,20.0,5.0,11.0,2.0,3.0,0.075826173023047,0.4072164948453608,0.008979516793053305,0.46,2.0,2.0,True,2020
0,15,0,9.0,13.0,4.0,5.0,4.0,4.0,7.0,15.0,1.0,6.0,4.0,6.0,0.09973955750667077,0.4074074074074074,0.030817188608912593,0.6410256410256411,2.0,2.0,True,2020
0,18,6,8.0,17.0,2.0,6.0,6.0,8.0,9.0,21.0,3.0,4.0,4.0,6.0,0.17840003698635604,0.6338028169014085,0.11800123349180947,0.4358974358974359,2.0,1.0,False,2020
1,20,28,10.0,22.0,2.0,6.0,3.0,6.0,8.0,19.0,3.0,9.0,3.0,4.0,0.11530752075789681,0.6089108910891089,0.062342768454948905,0.27225130890052357,1.0,2.0,True,2020
0,21,22,6.0,18.0,3.0,14.0,7.0,10.0,6.0,14.0,2.0,7.0,9.0,10.0,0.1265449284256793,0.453125,0.15521897199733073,0.5792079207920792,2.0,2.0,False,2020
0,29,9,12.0,23.0,4.0,10.0,6.0,7.0,9.0,22.0,3.0,11.0,9.0,11.0,0.18814642993406597,0.5,0.028556046037257133,0.3089005235602094,2.0,2.0,True,2020
1,0,15,7.0,15.0,1.0,6.0,4.0,6.0,9.0,13.0,4.0,5.0,4.0,4.0,0.030817188608912593,0.6410256410256411,0.11979164600533661,0.4105263157894737,2.0,2.0,False,2020
0,13,4,9.0,19.0,4.0,8.0,4.0,6.0,18.0,31.0,5.0,7.0,11.0,16.0,0.12244772309124882,0.3915343915343915,0.19858876995758504,0.6619718309859155,2.0,2.0,True,2020
0,17,7,11.0,21.0,4.0,8.0,6.0,7.0,10.0,21.0,3.0,7.0,4.0,4.0,0.0782560157062842,0.5714285714285714,0.0620825146766484,0.2698412698412698,4.0,2.0,True,2020
1,4,13,18.0,31.0,5.0,7.0,11.0,16.0,9.0,19.0,4.0,8.0,4.0,6.0,0.19858876995758504,0.6619718309859155,0.13795817847299907,0.39473684210526316,2.0,2.0,False,2020
1,7,17,10.0,21.0,3.0,7.0,4.0,4.0,11.0,21.0,4.0,8.0,6.0,7.0,0.0620825146766484,0.2698412698412698,0.10260481256502736,0.5734597156398105,2.0,4.0,False,2020
0,27,26,15.0,25.0,3.0,11.0,6.0,6.0,9.0,16.0,6.0,10.0,6.0,8.0,0.09206679159297984,0.3072916666666667,0.09191102265366877,0.555,2.0,2.0,False,2020
1,19,14,8.0,17.0,2.0,7.0,8.0,8.0,12.0,24.0,5.0,9.0,6.0,7.0,0.12052763916069247,0.4690721649484536,0.03221879142728734,0.4329896907216495,2.0,2.0,False,2020
1,25,3,13.0,24.0,5.0,8.0,5.0,8.0,10.0,16.0,4.0,8.0,5.0,6.0,0.11338017956551591,0.6905829596412556,0.03843385600180978,0.41037735849056606,2.0,2.0,True,2020
1,1,5,11.0,29.0,4.0,13.0,8.0,9.0,8.0,15.0,6.0,9.0,6.0,8.0,0.11460700455992863,0.6972477064220184,0.10831869186696248,0.5422885572139303,2.0,2.0,True,2020
1,26,27,9.0,16.0,6.0,10.0,6.0,8.0,15.0,25.0,3.0,11.0,6.0,6.0,0.09191102265366877,0.555,0.07365343327438387,0.30569948186528495,2.0,2.0,True,2020
0,3,25,10.0,16.0,4.0,8.0,5.0,6.0,13.0,24.0,5.0,8.0,5.0,8.0,0.03843385600180978,0.41037735849056606,0.13070414365241273,0.6919642857142857,2.0,2.0,False,2020
0,12,16,8.0,20.0,4.0,6.0,12.0,14.0,9.0,14.0,5.0,11.0,9.0,11.0,0.14397955219995875,0.5282051282051282,0.0998364710311878,0.3368421052631579,2.0,2.0,False,2020
1,16,12,9.0,14.0,5.0,11.0,9.0,11.0,8.0,20.0,4.0,6.0,12.0,14.0,0.0998364710311878,0.3368421052631579,0.11518364175996701,0.5255102040816326,2.0,2.0,True,2020
0,5,1,8.0,15.0,6.0,9.0,6.0,8.0,11.0,29.0,4.0,13.0,8.0,9.0,0.10831869186696248,0.5422885572139303,0.1316856036479429,0.6986301369863014,2.0,2.0,False,2020
0,14,19,12.0,24.0,5.0,9.0,6.0,7.0,8.0,17.0,2.0,7.0,8.0,8.0,0.03221879142728734,0.4329896907216495,0.09642211132855397,0.4666666666666667,2.0,2.0,True,2020
0,6,8,11.0,26.0,5.0,9.0,8.0,11.0,9.0,28.0,4.0,10.0,7.0,9.0,0.11800123349180947,0.4358974358974359,0.008979516793053305,0.46,2.0,2.0,True,2020
0,7,24,9.0,19.0,3.0,5.0,2.0,3.0,8.0,17.0,5.0,7.0,5.0,7.0,0.049666011741318725,0.26842105263157895,0.13651353354512313,0.7037037037037037,1.0,3.0,False,2020
1,21,15,9.0,16.0,4.0,11.0,5.0,9.0,6.0,17.0,4.0,8.0,5.0,6.0,0.10123594274054344,0.45077720207253885,0.11979164600533661,0.4105263157894737,2.0,2.0,True,2020
0,15,21,6.0,17.0,4.0,8.0,5.0,6.0,9.0,16.0,4.0,11.0,5.0,9.0,0.11979164600533661,0.4105263157894737,0.12098875419243475,0.4536082474226804,2.0,2.0,False,2020
0,29,22,10.0,20.0,2.0,6.0,4.0,8.0,10.0,16.0,3.0,6.0,5.0,8.0,0.19051714394725278,0.5026178010471204,0.15521897199733073,0.5792079207920792,2.0,2.0,False,2020
1,11,10,13.0,23.0,6.0,11.0,3.0,3.0,8.0,17.0,2.0,8.0,4.0,5.0,0.116776708976618,0.5776699029126213,0.1006609384184376,0.41025641025641024,4.0,2.0,True,2020
0,10,11,8.0,17.0,2.0,8.0,4.0,5.0,13.0,23.0,6.0,11.0,3.0,3.0,0.1006609384184376,0.41025641025641024,0.1334213671812944,0.5797101449275363,2.0,4.0,False,2020
1,24,7,8.0,17.0,5.0,7.0,5.0,7.0,9.0,19.0,3.0,5.0,2.0,3.0,0.13651353354512313,0.7037037037037037,0.03973280939305498,0.2670157068062827,3.0,1.0,True,2020
1,22,29,10.0,16.0,3.0,6.0,5.0,8.0,10.0,20.0,2.0,6.0,4.0,8.0,0.15521897199733073,0.5792079207920792,0.15241371515780222,0.5,2.0,2.0,True,2020
0,9,28,16.0,29.0,7.0,13.0,3.0,4.0,10.0,15.0,3.0,9.0,7.0,8.0,0.028556046037257133,0.3089005235602094,0.062342768454948905,0.27225130890052357,2.0,2.0,False,2020
1,28,9,10.0,15.0,3.0,9.0,7.0,8.0,16.0,29.0,7.0,13.0,3.0,4.0,0.062342768454948905,0.27225130890052357,0.022844836829805707,0.3072916666666667,2.0,2.0,True,2020
1,8,6,9.0,28.0,4.0,10.0,7.0,9.0,11.0,26.0,5.0,9.0,8.0,11.0,0.008979516793053305,0.46,0.13440098679344756,0.4387755102040816,2.0,2.0,False,2020
1,26,16,10.0,19.0,3.0,7.0,10.0,11.0,13.0,19.0,2.0,5.0,3.0,5.0,0.113528818122935,0.5572139303482587,0.11986917682495024,0.3403141361256545,2.0,2.0,True,2020
0,21,3,12.0,27.0,7.0,15.0,4.0,4.0,10.0,14.0,4.0,7.0,3.0,4.0,0.12098875419243475,0.4536082474226804,0.030747084801447822,0.4084507042253521,1.0,2.0,False,2020
0,10,20,7.0,16.0,3.0,6.0,7.0,7.0,11.0,19.0,2.0,8.0,9.0,10.0,0.08052875073475008,0.40816326530612246,0.13224601660631746,0.6108374384236454,1.0,3.0,False,2020
0,8,23,12.0,22.0,3.0,9.0,7.0,7.0,9.0,23.0,3.0,11.0,7.0,9.0,0.007183613434442644,0.4577114427860697,0.023990917375714786,0.4845360824742268,1.0,5.0,True,2020
1,20,10,11.0,19.0,2.0,8.0,9.0,10.0,7.0,16.0,3.0,6.0,7.0,7.0,0.13224601660631746,0.6108374384236454,0.06442300058780007,0.40609137055837563,3.0,1.0,True,2020
1,14,27,8.0,19.0,7.0,13.0,13.0,14.0,12.0,23.0,5.0,10.0,11.0,11.0,0.06577503314182988,0.4358974358974359,0.07365343327438387,0.30569948186528495,2.0,2.0,False,2020
1,13,2,8.0,19.0,4.0,10.0,5.0,8.0,10.0,23.0,5.0,10.0,9.0,11.0,0.13795817847299907,0.39473684210526316,0.10426430151961938,0.6140350877192983,2.0,6.0,False,2020
0,12,18,9.0,18.0,4.0,9.0,5.0,6.0,8.0,19.0,3.0,10.0,5.0,5.0,0.11518364175996701,0.5255102040816326,0.14272002958908483,0.6308411214953271,2.0,3.0,True,2020
0,2,13,10.0,23.0,5.0,10.0,9.0,11.0,8.0,19.0,4.0,10.0,5.0,8.0,0.10426430151961938,0.6140350877192983,0.11036654277839926,0.39267015706806285,6.0,2.0,True,2020
0,25,19,10.0,23.0,6.0,11.0,7.0,8.0,9.0,17.0,2.0,8.0,4.0,7.0,0.13070414365241273,0.6919642857142857,0.09642211132855397,0.4666666666666667,2.0,2.0,True,2020
0,0,17,9.0,23.0,5.0,12.0,6.0,9.0,11.0,20.0,3.0,8.0,11.0,13.0,0.024653750887130073,0.6382978723404256,0.10260481256502736,0.5734597156398105,3.0,2.0,False,2020
1,3,21,10.0,14.0,4.0,7.0,3.0,4.0,12.0,27.0,7.0,15.0,4.0,4.0,0.030747084801447822,0.4084507042253521,0.0967910033539478,0.4512820512820513,2.0,1.0,True,2020
1,18,12,8.0,19.0,3.0,10.0,5.0,5.0,9.0,18.0,4.0,9.0,5.0,6.0,0.14272002958908483,0.6308411214953271,0.1321469134079736,0.5279187817258884,3.0,2.0,False,2020
1,17,0,11.0,20.0,3.0,8.0,11.0,13.0,9.0,23.0,5.0,12.0,6.0,9.0,0.10260481256502736,0.5734597156398105,0.019723000709704057,0.635593220338983,2.0,3.0,True,2020
0,16,26,13.0,19.0,2.0,5.0,3.0,5.0,10.0,19.0,3.0,7.0,10.0,11.0,0.11986917682495024,0.3403141361256545,0.13082305449834802,0.5594059405940595,2.0,2.0,False,2020
0,27,14,12.0,23.0,5.0,10.0,11.0,11.0,8.0,19.0,7.0,13.0,13.0,14.0,0.07365343327438387,0.30569948186528495,0.052620026513463904,0.4336734693877551,2.0,2.0,True,2020
1,19,25,9.0,17.0,2.0,8.0,4.0,7.0,10.0,23.0,6.0,11.0,7.0,8.0,0.09642211132855397,0.4666666666666667,0.1445633149219302,0.6933333333333334,2.0,2.0,False,2020
1,23,8,9.0,23.0,3.0,11.0,7.0,9.0,12.0,22.0,3.0,9.0,7.0,7.0,0.023990917375714786,0.4845360824742268,0.04574689074755412,0.4603960396039604,5.0,1.0,False,2020
0,29,4,11.0,25.0,7.0,12.0,14.0,17.0,11.0,19.0,5.0,8.0,7.0,10.0,0.15241371515780222,0.5,0.15887101596606804,0.6588785046728972,2.0,3.0,False,2020
0,1,24,13.0,31.0,5.0,11.0,12.0,13.0,12.0,23.0,6.0,12.0,5.0,6.0,0.1316856036479429,0.6986301369863014,0.14921082683609851,0.7142857142857143,3.0,2.0,True,2020
1,5,6,9.0,17.0,7.0,10.0,4.0,7.0,14.0,29.0,4.0,11.0,9.0,10.0,0.08665495349356998,0.5396039603960396,0.13440098679344756,0.4387755102040816,3.0,2.0,True,2020
0,6,5,14.0,29.0,4.0,11.0,9.0,10.0,9.0,17.0,7.0,10.0,4.0,7.0,0.13440098679344756,0.4387755102040816,0.10932396279485598,0.541871921182266,2.0,3.0,False,2020
1,24,1,12.0,23.0,6.0,12.0,5.0,6.0,13.0,31.0,5.0,11.0,12.0,13.0,0.14921082683609851,0.7142857142857143,0.1453484829183543,0.7,2.0,3.0,False,2020
0,11,9,12.0,22.0,2.0,6.0,10.0,19.0,10.0,28.0,3.0,11.0,9.0,11.0,0.1334213671812944,0.5797101449275363,0.022844836829805707,0.3072916666666667,2.0,2.0,True,2020
1,4,29,11.0,19.0,5.0,8.0,7.0,10.0,11.0,25.0,7.0,12.0,14.0,17.0,0.15887101596606804,0.6588785046728972,0.12193097212624178,0.49740932642487046,3.0,2.0,True,2020
1,9,11,10.0,28.0,3.0,11.0,9.0,11.0,12.0,22.0,2.0,6.0,10.0,19.0,0.022844836829805707,0.3072916666666667,0.14673709374503552,0.5817307692307693,2.0,2.0,False,2020
1,18,13,12.0,24.0,3.0,7.0,6.0,7.0,10.0,21.0,7.0,11.0,5.0,6.0,0.11417602367126786,0.627906976744186,0.11036654277839926,0.39267015706806285,2.0,2.0,False,2020
1,26,7,13.0,19.0,4.0,8.0,5.0,6.0,9.0,11.0,4.0,6.0,6.0,7.0,0.13082305449834802,0.5594059405940595,0.03973280939305498,0.2670157068062827,2.0,3.0,True,2020
0,14,25,12.0,24.0,4.0,12.0,10.0,12.0,7.0,18.0,3.0,7.0,9.0,11.0,0.052620026513463904,0.4336734693877551,0.1445633149219302,0.6933333333333334,2.0,2.0,False,2020
1,12,28,6.0,13.0,6.0,10.0,8.0,8.0,12.0,17.0,4.0,7.0,7.0,10.0,0.1321469134079736,0.5279187817258884,0.08987421476395913,0.2760416666666667,2.0,3.0,True,2020
0,16,3,9.0,19.0,4.0,11.0,2.0,2.0,12.0,17.0,6.0,11.0,5.0,6.0,0.09589534145996019,0.3385416666666667,0.06459766784115825,0.411214953271028,2.0,2.0,False,2020
0,28,12,12.0,17.0,4.0,7.0,7.0,10.0,6.0,13.0,6.0,10.0,8.0,8.0,0.08987421476395913,0.2760416666666667,0.14571753072637889,0.5303030303030303,3.0,2.0,False,2020
1,22,15,10.0,16.0,3.0,7.0,6.0,6.0,9.0,15.0,3.0,9.0,4.0,4.0,0.16417517759786454,0.5812807881773399,0.09583331680426929,0.4083769633507853,3.0,3.0,True,2020
1,0,8,9.0,20.0,4.0,12.0,4.0,4.0,10.0,22.0,4.0,8.0,7.0,9.0,0.019723000709704057,0.635593220338983,0.04574689074755412,0.4603960396039604,2.0,2.0,True,2020
0,13,18,10.0,21.0,7.0,11.0,5.0,6.0,12.0,24.0,3.0,7.0,6.0,7.0,0.11036654277839926,0.39267015706806285,0.09134081893701429,0.625,2.0,2.0,True,2020
1,25,14,7.0,18.0,3.0,7.0,9.0,11.0,12.0,24.0,4.0,12.0,10.0,12.0,0.1445633149219302,0.6933333333333334,0.04209602121077112,0.43147208121827413,2.0,2.0,True,2020
1,20,23,10.0,19.0,3.0,6.0,7.0,7.0,7.0,18.0,4.0,8.0,3.0,4.0,0.14579681328505395,0.6127450980392157,0.01919273390057183,0.48205128205128206,2.0,2.0,True,2020
0,10,17,9.0,20.0,2.0,8.0,5.0,7.0,13.0,21.0,7.0,13.0,4.0,6.0,0.06442300058780007,0.40609137055837563,0.1220838500520219,0.5754716981132075,2.0,2.0,False,2020
0,15,22,9.0,15.0,3.0,9.0,4.0,4.0,10.0,16.0,3.0,7.0,6.0,6.0,0.09583331680426929,0.4083769633507853,0.17134014207829165,0.5833333333333334,3.0,3.0,False,2020
0,8,0,10.0,22.0,4.0,8.0,7.0,9.0,9.0,20.0,4.0,12.0,4.0,4.0,0.04574689074755412,0.4603960396039604,0.055778400567763245,0.6371308016877637,2.0,2.0,False,2020
1,17,10,13.0,21.0,7.0,13.0,4.0,6.0,9.0,20.0,2.0,8.0,5.0,7.0,0.1220838500520219,0.5754716981132075,0.05153840047024005,0.40404040404040403,2.0,2.0,True,2020
1,3,16,12.0,17.0,6.0,11.0,5.0,6.0,9.0,19.0,4.0,11.0,2.0,2.0,0.06459766784115825,0.411214953271028,0.07671627316796815,0.33678756476683935,2.0,2.0,True,2020
0,7,26,9.0,11.0,4.0,6.0,6.0,7.0,13.0,19.0,4.0,8.0,5.0,6.0,0.03973280939305498,0.2670157068062827,0.1446584435986784,0.5615763546798029,3.0,2.0,False,2020
1,2,19,10.0,17.0,4.0,7.0,4.0,5.0,6.0,12.0,4.0,7.0,6.0,7.0,0.12341144121569551,0.6173913043478261,0.07713768906284317,0.4642857142857143,2.0,2.0,True,2020
0,23,20,7.0,18.0,4.0,8.0,3.0,4.0,10.0,19.0,3.0,6.0,7.0,7.0,0.01919273390057183,0.48205128205128206,0.15663745062804318,0.6146341463414634,2.0,2.0,False,2020
0,19,2,6.0,12.0,4.0,7.0,6.0,7.0,10.0,17.0,4.0,7.0,4.0,5.0,0.07713768906284317,0.4642857142857143,0.13872915297255642,0.6206896551724138,2.0,2.0,False,2020
1,5,24,9.0,14.0,4.0,6.0,6.0,6.0,11.0,16.0,3.0,7.0,5.0,6.0,0.10932396279485598,0.541871921182266,0.11936866146887881,0.6896551724137931,2.0,2.0,False,2020
1,21,11,11.0,24.0,5.0,13.0,5.0,9.0,7.0,19.0,4.0,9.0,8.0,8.0,0.0967910033539478,0.4512820512820513,0.14673709374503552,0.5817307692307693,3.0,2.0,False,2020
0,24,5,11.0,16.0,3.0,7.0,5.0,6.0,9.0,14.0,4.0,6.0,6.0,6.0,0.11936866146887881,0.6896551724137931,0.08745917023588479,0.5392156862745098,2.0,2.0,True,2020
1,16,15,6.0,13.0,3.0,6.0,8.0,10.0,8.0,19.0,4.0,11.0,7.0,7.0,0.07671627316796815,0.33678756476683935,0.07666665344341543,0.40625,1.0,1.0,True,2020
0,11,21,7.0,19.0,4.0,9.0,8.0,8.0,11.0,24.0,5.0,13.0,5.0,9.0,0.14673709374503552,0.5817307692307693,0.07743280268315825,0.4489795918367347,2.0,3.0,True,2020
0,15,16,8.0,19.0,4.0,11.0,7.0,7.0,6.0,13.0,3.0,6.0,8.0,10.0,0.07666665344341543,0.40625,0.10137301853437453,0.3402061855670103,1.0,1.0,False,2020
1,6,9,13.0,27.0,4.0,9.0,11.0,12.0,14.0,30.0,3.0,12.0,16.0,19.0,0.10752078943475804,0.4365482233502538,0.018275869463844567,0.30569948186528495,2.0,2.0,True,2020
1,28,4,9.0,17.0,4.0,6.0,3.0,4.0,8.0,17.0,4.0,8.0,7.0,8.0,0.0718993718111673,0.27461139896373055,0.1670968127728544,0.6604651162790698,1.0,2.0,False,2020
0,27,19,9.0,15.0,5.0,7.0,10.0,14.0,8.0,19.0,7.0,12.0,3.0,4.0,0.09892274661950709,0.30927835051546393,0.061710151250274535,0.4619289340101523,3.0,1.0,True,2020
0,23,17,13.0,24.0,4.0,10.0,6.0,6.0,10.0,25.0,5.0,12.0,6.0,9.0,0.015354187120457463,0.47959183673469385,0.1376670800416175,0.5774647887323944,1.0,1.0,False,2020
1,7,1,10.0,16.0,3.0,8.0,7.0,8.0,15.0,27.0,9.0,19.0,8.0,9.0,0.031786247514443984,0.265625,0.1453484829183543,0.7,1.0,2.0,False,2020
0,14,18,13.0,24.0,3.0,10.0,8.0,9.0,9.0,17.0,3.0,6.0,5.0,9.0,0.04209602121077112,0.43147208121827413,0.09134081893701429,0.625,1.0,1.0,False,2020
0,9,6,14.0,30.0,3.0,12.0,16.0,19.0,13.0,27.0,4.0,9.0,11.0,12.0,0.018275869463844567,0.30569948186528495,0.12601663154780646,0.4393939393939394,2.0,2.0,False,2020
1,18,14,9.0,17.0,3.0,6.0,5.0,9.0,13.0,24.0,3.0,10.0,8.0,9.0,0.09134081893701429,0.625,0.03367681696861689,0.4292929292929293,1.0,1.0,True,2020
1,17,23,10.0,25.0,5.0,12.0,6.0,9.0,13.0,24.0,4.0,10.0,6.0,6.0,0.1376670800416175,0.5774647887323944,0.01228334969636597,0.47715736040609136,1.0,1.0,True,2020
0,4,28,8.0,17.0,4.0,8.0,7.0,8.0,9.0,17.0,4.0,6.0,3.0,4.0,0.1670968127728544,0.6604651162790698,0.057519497448933844,0.27319587628865977,2.0,1.0,True,2020
0,1,7,15.0,27.0,9.0,19.0,8.0,9.0,10.0,16.0,3.0,8.0,7.0,8.0,0.1453484829183543,0.7,0.02542899801155519,0.26424870466321243,2.0,1.0,True,2020
1,19,27,8.0,19.0,7.0,12.0,3.0,4.0,9.0,15.0,5.0,7.0,10.0,14.0,0.061710151250274535,0.4619289340101523,0.11913819729560568,0.3128205128205128,1.0,3.0,False,2020
1,4,22,8.0,17.0,4.0,8.0,5.0,5.0,8.0,19.0,3.0,6.0,1.0,2.0,0.1736774502182835,0.6620370370370371,0.17134014207829165,0.5833333333333334,1.0,2.0,True,2020
1,25,13,12.0,23.0,5.0,13.0,9.0,12.0,8.0,19.0,3.0,9.0,6.0,7.0,0.15565065193754415,0.6946902654867256,0.1282932342227194,0.3958333333333333,2.0,2.0,True,2020
0,24,26,8.0,20.0,2.0,6.0,7.0,7.0,12.0,25.0,4.0,8.0,8.0,9.0,0.13549492917510303,0.7,0.1446584435986784,0.5615763546798029,1.0,2.0,False,2020
0,22,4,8.0,19.0,3.0,6.0,1.0,2.0,8.0,17.0,4.0,8.0,5.0,5.0,0.17134014207829165,0.5833333333333334,0.17894196017462682,0.663594470046083,2.0,1.0,False,2020
1,26,24,12.0,25.0,4.0,8.0,8.0,9.0,8.0,20.0,2.0,6.0,7.0,7.0,0.1446584435986784,0.5615763546798029,0.10839594334008243,0.6774193548387096,2.0,1.0,True,2020
0,20,29,8.0,14.0,3.0,7.0,7.0,7.0,13.0,23.0,2.0,5.0,8.0,8.0,0.15663745062804318,0.6146341463414634,0.12193097212624178,0.49740932642487046,2.0,3.0,True,2020
0,21,2,8.0,17.0,6.0,13.0,5.0,7.0,15.0,29.0,5.0,11.0,5.0,5.0,0.07743280268315825,0.4489795918367347,0.13872915297255642,0.6206896551724138,1.0,2.0,False,2020
1,29,20,13.0,23.0,2.0,5.0,8.0,8.0,8.0,14.0,3.0,7.0,7.0,7.0,0.12193097212624178,0.49740932642487046,0.16530996050243452,0.616504854368932,3.0,2.0,False,2020
0,13,25,8.0,19.0,3.0,9.0,6.0,7.0,12.0,23.0,5.0,13.0,9.0,12.0,0.1282932342227194,0.3958333333333333,0.16452052155003533,0.6960352422907489,2.0,2.0,False,2020
1,2,21,15.0,29.0,5.0,11.0,5.0,5.0,8.0,17.0,6.0,13.0,5.0,7.0,0.13872915297255642,0.6206896551724138,0.061946242146526595,0.4467005076142132,2.0,1.0,True,2020
1,0,23,8.0,18.0,5.0,11.0,9.0,10.0,10.0,27.0,3.0,8.0,5.0,7.0,0.055778400567763245,0.6371308016877637,0.01228334969636597,0.47715736040609136,3.0,2.0,True,2020
1,15,1,13.0,21.0,2.0,8.0,4.0,9.0,10.0,22.0,4.0,11.0,10.0,12.0,0.06133332275473234,0.40414507772020725,0.15627878633468345,0.7013574660633484,2.0,2.0,False,2020
1,7,20,9.0,16.0,3.0,8.0,4.0,4.0,12.0,19.0,4.0,8.0,6.0,7.0,0.02542899801155519,0.26424870466321243,0.16530996050243452,0.616504854368932,2.0,1.0,False,2020
0,8,17,7.0,21.0,4.0,11.0,5.0,5.0,9.0,22.0,2.0,10.0,6.0,6.0,0.036597512598043294,0.458128078817734,0.15013366403329403,0.5794392523364486,3.0,2.0,True,2020
0,5,16,17.0,25.0,3.0,5.0,6.0,6.0,8.0,14.0,6.0,9.0,4.0,5.0,0.08745917023588479,0.5392156862745098,0.10137301853437453,0.3402061855670103,2.0,2.0,True,2020
1,17,8,9.0,22.0,2.0,10.0,6.0,6.0,7.0,21.0,4.0,11.0,5.0,5.0,0.15013366403329403,0.5794392523364486,0.06927801007843463,0.46078431372549017,2.0,3.0,False,2020
1,16,5,8.0,14.0,6.0,9.0,4.0,5.0,17.0,25.0,3.0,5.0,6.0,6.0,0.10137301853437453,0.3402061855670103,0.10996733618870783,0.5414634146341464,2.0,2.0,False,2020
1,19,18,13.0,16.0,4.0,6.0,4.0,5.0,14.0,21.0,4.0,7.0,5.0,6.0,0.04936812100021963,0.4595959595959596,0.11307265514961143,0.6267281105990783,2.0,2.0,False,2020
0,18,19,14.0,21.0,4.0,7.0,5.0,6.0,13.0,16.0,4.0,6.0,4.0,5.0,0.11307265514961143,0.6267281105990783,0.03949449680017571,0.457286432160804,2.0,2.0,True,2020
0,27,10,8.0,26.0,4.0,13.0,7.0,7.0,9.0,17.0,6.0,13.0,4.0,6.0,0.11913819729560568,0.3128205128205128,0.05153840047024005,0.40404040404040403,2.0,3.0,False,2020
0,23,0,10.0,27.0,3.0,8.0,5.0,7.0,8.0,18.0,5.0,11.0,9.0,10.0,0.01228334969636597,0.47715736040609136,0.0846227204542106,0.6386554621848739,2.0,3.0,False,2020
0,14,28,13.0,38.0,2.0,11.0,6.0,11.0,11.0,21.0,5.0,10.0,9.0,9.0,0.03367681696861689,0.4292929292929293,0.057519497448933844,0.27319587628865977,2.0,2.0,True,2020
0,25,22,11.0,21.0,5.0,12.0,5.0,6.0,10.0,19.0,5.0,10.0,2.0,7.0,0.16452052155003533,0.6960352422907489,0.13707211366263333,0.5804878048780487,1.0,1.0,False,2020
1,22,25,10.0,19.0,5.0,10.0,2.0,7.0,11.0,21.0,5.0,12.0,5.0,6.0,0.13707211366263333,0.5804878048780487,0.13161641724002826,0.6929824561403509,1.0,1.0,True,2020
1,10,27,9.0,17.0,6.0,13.0,4.0,6.0,8.0,26.0,4.0,13.0,7.0,7.0,0.05153840047024005,0.40404040404040403,0.09531055783648454,0.3112244897959184,3.0,2.0,True,2020
1,28,14,11.0,21.0,5.0,10.0,9.0,9.0,13.0,38.0,2.0,11.0,6.0,11.0,0.057519497448933844,0.27319587628865977,0.06694145357489352,0.4321608040201005,2.0,2.0,False,2020
1,3,9,12.0,20.0,3.0,10.0,3.0,3.0,12.0,21.0,5.0,14.0,7.0,9.0,0.0916781342729266,0.413953488372093,0.014620695571075653,0.30412371134020616,3.0,2.0,True,2020
0,9,3,12.0,21.0,5.0,14.0,7.0,9.0,12.0,20.0,3.0,10.0,3.0,3.0,0.014620695571075653,0.30412371134020616,0.11334250741834129,0.4166666666666667,2.0,3.0,False,2020
0,11,12,9.0,18.0,7.0,12.0,9.0,10.0,7.0,16.0,3.0,6.0,8.0,10.0,0.1573896749960284,0.583732057416268,0.14571753072637889,0.5303030303030303,2.0,3.0,False,2020
0,1,15,10.0,22.0,4.0,11.0,10.0,12.0,13.0,21.0,2.0,8.0,4.0,9.0,0.15627878633468345,0.7013574660633484,0.049066658203785876,0.4020618556701031,2.0,2.0,True,2020
1,12,11,7.0,16.0,3.0,6.0,8.0,10.0,9.0,18.0,7.0,12.0,9.0,10.0,0.14571753072637889,0.5303030303030303,0.12591173999682273,0.580952380952381,3.0,2.0,True,2020
0,20,7,12.0,19.0,4.0,8.0,6.0,7.0,9.0,16.0,3.0,8.0,4.0,4.0,0.16530996050243452,0.616504854368932,0.020343198409244152,0.26288659793814434,1.0,2.0,True,2020
1,20,8,8.0,20.0,3.0,10.0,5.0,6.0,11.0,18.0,7.0,9.0,3.0,3.0,0.17224796840194762,0.6183574879227053,0.06927801007843463,0.46078431372549017,2.0,2.0,False,2020
0,24,29,11.0,19.0,5.0,7.0,8.0,8.0,9.0,24.0,4.0,12.0,7.0,8.0,0.10839594334008243,0.6774193548387096,0.09754477770099343,0.4948453608247423,3.0,3.0,True,2020
1,0,1,8.0,19.0,2.0,10.0,10.0,10.0,11.0,32.0,6.0,12.0,8.0,8.0,0.0846227204542106,0.6386554621848739,0.16502302906774677,0.7027027027027027,2.0,2.0,True,2020
0,8,20,11.0,18.0,7.0,9.0,3.0,3.0,8.0,20.0,3.0,10.0,5.0,6.0,0.06927801007843463,0.46078431372549017,0.1377983747215581,0.6153846153846154,2.0,2.0,True,2020
0,1,0,11.0,32.0,6.0,12.0,8.0,8.0,8.0,19.0,2.0,10.0,10.0,10.0,0.16502302906774677,0.7027027027027027,0.10769817636336847,0.6401673640167364,2.0,2.0,False,2020
0,4,18,12.0,27.0,5.0,9.0,2.0,4.0,11.0,21.0,5.0,11.0,6.0,6.0,0.17894196017462682,0.663594470046083,0.13045812411968913,0.6284403669724771,3.0,2.0,False,2020
1,18,4,11.0,21.0,5.0,11.0,6.0,6.0,12.0,27.0,5.0,9.0,2.0,4.0,0.13045812411968913,0.6284403669724771,0.14315356813970145,0.6605504587155964,2.0,3.0,True,2020
1,29,24,9.0,24.0,4.0,12.0,7.0,8.0,11.0,19.0,5.0,7.0,8.0,8.0,0.09754477770099343,0.4948453608247423,0.12671675467206595,0.6875,3.0,3.0,False,2020
1,25,2,11.0,21.0,3.0,7.0,7.0,8.0,10.0,18.0,5.0,10.0,5.0,6.0,0.13161641724002826,0.6929824561403509,0.15098332237804513,0.6239316239316239,2.0,3.0,False,2020
0,2,25,10.0,18.0,5.0,10.0,5.0,6.0,11.0,21.0,3.0,7.0,7.0,8.0,0.15098332237804513,0.6239316239316239,0.10529313379202261,0.6899563318777293,3.0,2.0,True,2020
0,17,11,10.0,23.0,7.0,13.0,7.0,8.0,12.0,19.0,6.0,10.0,8.0,11.0,0.12010693122663522,0.5767441860465117,0.12591173999682273,0.580952380952381,3.0,3.0,False,2020
0,23,15,8.0,19.0,3.0,9.0,8.0,10.0,9.0,28.0,3.0,16.0,6.0,7.0,0.009826679757092777,0.47474747474747475,0.049066658203785876,0.4020618556701031,3.0,3.0,True,2020
1,13,5,9.0,23.0,3.0,8.0,5.0,8.0,8.0,15.0,4.0,7.0,5.0,6.0,0.10263458737817552,0.39378238341968913,0.10996733618870783,0.5414634146341464,4.0,3.0,True,2020
1,15,23,9.0,28.0,3.0,16.0,6.0,7.0,8.0,19.0,3.0,9.0,8.0,10.0,0.049066658203785876,0.4020618556701031,0.047861343805674215,0.47738693467336685,3.0,3.0,False,2020
0,5,13,8.0,15.0,4.0,7.0,5.0,6.0,9.0,23.0,3.0,8.0,5.0,8.0,0.10996733618870783,0.5414634146341464,0.12210766990254043,0.39690721649484534,3.0,4.0,False,2020
1,6,28,5.0,15.0,3.0,10.0,12.0,17.0,14.0,26.0,5.0,9.0,5.0,5.0,0.12601663154780646,0.4393939393939394,0.04601559795914707,0.2717948717948718,5.0,3.0,False,2020
0,14,19,7.0,14.0,2.0,5.0,5.0,7.0,7.0,11.0,5.0,9.0,6.0,7.0,0.06694145357489352,0.4321608040201005,0.03949449680017571,0.457286432160804,3.0,3.0,False,2020
1,11,17,12.0,19.0,6.0,10.0,8.0,11.0,10.0,23.0,7.0,13.0,7.0,8.0,0.12591173999682273,0.580952380952381,0.09608554498130818,0.5740740740740741,3.0,3.0,True,2020
1,19,14,7.0,11.0,5.0,9.0,6.0,7.0,7.0,14.0,2.0,5.0,5.0,7.0,0.03949449680017571,0.457286432160804,0.053553162859914814,0.43,3.0,3.0,True,2020
1,26,16,9.0,21.0,2.0,7.0,4.0,4.0,9.0,19.0,3.0,9.0,3.0,4.0,0.15572675487894272,0.5637254901960784,0.08109841482749962,0.3384615384615385,4.0,3.0,False,2020
0,28,6,14.0,26.0,5.0,9.0,5.0,5.0,5.0,15.0,3.0,10.0,12.0,17.0,0.04601559795914707,0.2717948717948718,0.10081330523824517,0.4371859296482412,3.0,5.0,True,2020
0,16,26,9.0,19.0,3.0,9.0,3.0,4.0,9.0,21.0,2.0,7.0,4.0,4.0,0.08109841482749962,0.3384615384615385,0.12458140390315417,0.5609756097560976,3.0,4.0,True,2020
1,21,26,10.0,21.0,3.0,13.0,4.0,6.0,10.0,20.0,3.0,8.0,6.0,8.0,0.061946242146526595,0.4467005076142132,0.12458140390315417,0.5609756097560976,5.0,1.0,False,2020
0,7,0,13.0,24.0,2.0,6.0,7.0,8.0,10.0,25.0,4.0,11.0,7.0,8.0,0.020343198409244152,0.26288659793814434,0.10769817636336847,0.6401673640167364,4.0,2.0,False,2020
1,12,22,8.0,14.0,6.0,10.0,14.0,15.0,7.0,15.0,4.0,7.0,5.0,5.0,0.1565740245811031,0.5326633165829145,0.14965769093010667,0.5825242718446602,4.0,4.0,True,2020
1,9,4,7.0,14.0,4.0,7.0,4.0,6.0,10.0,19.0,3.0,6.0,4.0,4.0,0.011696556456860522,0.30256410256410254,0.14315356813970145,0.6605504587155964,4.0,2.0,False,2020
0,4,9,10.0,19.0,3.0,6.0,4.0,4.0,7.0,14.0,4.0,7.0,4.0,6.0,0.14315356813970145,0.6605504587155964,0.009357245165488418,0.3010204081632653,2.0,4.0,True,2020
0,26,21,10.0,20.0,3.0,8.0,6.0,8.0,10.0,21.0,3.0,13.0,4.0,6.0,0.12458140390315417,0.5609756097560976,0.049556993717221276,0.4444444444444444,1.0,5.0,True,2020
0,18,10,9.0,21.0,4.0,11.0,4.0,6.0,8.0,16.0,2.0,7.0,5.0,5.0,0.14436649929575132,0.6301369863013698,0.08123072037619204,0.40703517587939697,2.0,4.0,False,2020
1,2,3,13.0,20.0,5.0,10.0,3.0,4.0,10.0,20.0,6.0,11.0,5.0,6.0,0.16078665790243613,0.6271186440677966,0.11334250741834129,0.4166666666666667,2.0,4.0,True,2020
0,3,2,10.0,20.0,6.0,11.0,5.0,6.0,13.0,20.0,5.0,10.0,3.0,4.0,0.11334250741834129,0.4166666666666667,0.1686293263219489,0.6302521008403361,4.0,2.0,False,2020
1,10,18,8.0,16.0,2.0,7.0,5.0,5.0,9.0,21.0,4.0,11.0,4.0,6.0,0.08123072037619204,0.40703517587939697,0.11549319943660105,0.6272727272727273,4.0,2.0,True,2020
1,0,7,10.0,25.0,4.0,11.0,7.0,8.0,13.0,24.0,2.0,6.0,7.0,8.0,0.10769817636336847,0.6401673640167364,0.016274558727395323,0.26153846153846155,2.0,4.0,True,2020
0,22,12,7.0,15.0,4.0,7.0,5.0,5.0,8.0,14.0,6.0,10.0,14.0,15.0,0.14965769093010667,0.5825242718446602,0.1652592196648825,0.535,4.0,4.0,False,2020
0,10,4,8.0,16.0,5.0,10.0,3.0,4.0,7.0,17.0,5.0,6.0,6.0,6.0,0.10498457630095363,0.41,0.15452285451176118,0.6621004566210046,1.0,1.0,False,2020
0,7,15,14.0,23.0,3.0,5.0,4.0,6.0,8.0,17.0,5.0,7.0,7.0,10.0,0.016274558727395323,0.26153846153846155,0.0392533265630287,0.4,1.0,2.0,True,2020
1,20,16,12.0,19.0,3.0,9.0,5.0,7.0,6.0,13.0,2.0,8.0,6.0,7.0,0.1377983747215581,0.6153846153846154,0.1048787318619997,0.34183673469387754,3.0,2.0,True,2020
0,13,0,9.0,16.0,6.0,11.0,10.0,10.0,13.0,21.0,9.0,14.0,6.0,8.0,0.12210766990254043,0.39690721649484534,0.12615854109069477,0.6416666666666667,2.0,1.0,True,2020
0,16,20,6.0,13.0,2.0,8.0,6.0,7.0,12.0,19.0,3.0,9.0,5.0,7.0,0.1048787318619997,0.34183673469387754,0.15023869977724646,0.6172248803827751,2.0,3.0,False,2020
0,28,14,11.0,21.0,3.0,6.0,6.0,7.0,7.0,21.0,4.0,5.0,8.0,8.0,0.07681247836731767,0.2755102040816326,0.053553162859914814,0.43,2.0,2.0,True,2020
1,15,7,8.0,17.0,5.0,7.0,7.0,10.0,14.0,23.0,3.0,5.0,4.0,6.0,0.0392533265630287,0.4,0.05301964698191626,0.2653061224489796,2.0,1.0,False,2020
0,11,24,13.0,23.0,5.0,9.0,4.0,6.0,6.0,24.0,4.0,10.0,7.0,8.0,0.14072939199745818,0.5829383886255924,0.12671675467206595,0.6875,2.0,3.0,True,2020
1,14,28,7.0,21.0,4.0,5.0,8.0,8.0,11.0,21.0,3.0,6.0,6.0,7.0,0.053553162859914814,0.43,0.10144998269385412,0.27918781725888325,2.0,2.0,False,2020
0,18,12,11.0,16.0,3.0,5.0,11.0,12.0,7.0,21.0,4.0,8.0,11.0,14.0,0.11549319943660105,0.6272727272727273,0.1652592196648825,0.535,1.0,1.0,False,2020
1,8,22,9.0,16.0,4.0,8.0,8.0,8.0,7.0,14.0,4.0,6.0,8.0,8.0,0.09542240806274771,0.4634146341463415,0.11972615274408534,0.5797101449275363,3.0,1.0,True,2020
0,22,8,7.0,14.0,4.0,6.0,8.0,8.0,9.0,16.0,4.0,8.0,8.0,8.0,0.11972615274408534,0.5797101449275363,0.11633792645019816,0.46601941747572817,1.0,3.0,False,2020
1,0,13,13.0,21.0,9.0,14.0,6.0,8.0,9.0,16.0,6.0,11.0,10.0,10.0,0.12615854109069477,0.6416666666666667,0.13768613592203233,0.4,1.0,2.0,False,2020
0,6,1,6.0,20.0,4.0,8.0,6.0,11.0,17.0,28.0,6.0,10.0,4.0,9.0,0.10081330523824517,0.4371859296482412,0.1320184232541974,0.6995515695067265,2.0,3.0,False,2020
1,4,10,7.0,17.0,5.0,6.0,6.0,6.0,8.0,16.0,5.0,10.0,3.0,4.0,0.15452285451176118,0.6621004566210046,0.08398766104076291,0.4079601990049751,1.0,1.0,True,2020
1,17,29,8.0,17.0,4.0,13.0,13.0,14.0,9.0,17.0,3.0,9.0,6.0,8.0,0.09608554498130818,0.5740740740740741,0.07803582216079474,0.49230769230769234,2.0,3.0,False,2020
1,1,6,17.0,28.0,6.0,10.0,4.0,9.0,6.0,20.0,4.0,8.0,6.0,11.0,0.1320184232541974,0.6995515695067265,0.08065064419059613,0.435,3.0,2.0,True,2020
1,24,11,6.0,24.0,4.0,10.0,7.0,8.0,13.0,23.0,5.0,9.0,4.0,6.0,0.12671675467206595,0.6875,0.15258351359796654,0.5849056603773585,3.0,2.0,False,2020
0,9,27,14.0,26.0,2.0,7.0,4.0,4.0,8.0,15.0,4.0,9.0,5.0,6.0,0.009357245165488418,0.3010204081632653,0.09531055783648454,0.3112244897959184,1.0,5.0,False,2020
0,29,17,9.0,17.0,3.0,9.0,6.0,8.0,8.0,17.0,4.0,13.0,13.0,14.0,0.07803582216079474,0.49230769230769234,0.07686843598504654,0.5714285714285714,3.0,2.0,True,2020
0,25,2,10.0,19.0,5.0,10.0,5.0,6.0,11.0,23.0,3.0,11.0,6.0,8.0,0.10529313379202261,0.6899563318777293,0.1686293263219489,0.6302521008403361,3.0,1.0,True,2020
1,5,19,13.0,19.0,5.0,7.0,3.0,5.0,10.0,17.0,3.0,10.0,7.0,12.0,0.08797386895096626,0.5388349514563107,0.07159559744014057,0.46,2.0,2.0,True,2020
1,12,18,7.0,21.0,4.0,8.0,11.0,14.0,11.0,16.0,3.0,5.0,11.0,12.0,0.1652592196648825,0.535,0.09239455954928084,0.6244343891402715,1.0,1.0,True,2020
0,19,5,10.0,17.0,3.0,10.0,7.0,12.0,13.0,19.0,5.0,7.0,3.0,5.0,0.07159559744014057,0.46,0.110379095160773,0.5410628019323671,2.0,2.0,False,2020
1,27,9,8.0,15.0,4.0,9.0,5.0,6.0,14.0,26.0,2.0,7.0,4.0,4.0,0.09531055783648454,0.3112244897959184,0.007485796132390735,0.29949238578680204,5.0,1.0,True,2020
1,23,3,7.0,17.0,3.0,9.0,4.0,5.0,8.0,17.0,2.0,4.0,8.0,11.0,0.047861343805674215,0.47738693467336685,0.09067400593467304,0.4147465437788018,2.0,1.0,False,2020
0,3,23,8.0,17.0,2.0,4.0,8.0,11.0,7.0,17.0,3.0,9.0,4.0,5.0,0.09067400593467304,0.4147465437788018,0.03828907504453937,0.475,1.0,2.0,True,2020
1,2,25,11.0,23.0,3.0,11.0,6.0,8.0,10.0,19.0,5.0,10.0,5.0,6.0,0.1686293263219489,0.6302521008403361,0.12423450703361809,0.691304347826087,1.0,3.0,False,2020
1,16,21,8.0,13.0,3.0,9.0,4.0,4.0,8.0,18.0,4.0,12.0,4.0,6.0,0.08390298548959976,0.3401015228426396,0.049556993717221276,0.4444444444444444,1.0,2.0,True,2020
0,21,16,8.0,18.0,4.0,12.0,4.0,6.0,8.0,13.0,3.0,9.0,4.0,4.0,0.049556993717221276,0.4444444444444444,0.1071223883916798,0.3434343434343434,2.0,1.0,False,2020
1,29,13,8.0,12.0,4.0,5.0,7.0,9.0,5.0,14.0,3.0,7.0,9.0,9.0,0.10242865772863578,0.49489795918367346,0.13768613592203233,0.4,1.0,1.0,True,2020
1,8,1,10.0,20.0,7.0,12.0,5.0,5.0,10.0,18.0,4.0,11.0,4.0,8.0,0.11633792645019816,0.46601941747572817,0.14561473860335794,0.7008928571428571,1.0,1.0,True,2020
1,25,26,7.0,18.0,4.0,8.0,6.0,6.0,12.0,21.0,4.0,7.0,5.0,6.0,0.12423450703361809,0.691304347826087,0.13966512312252335,0.5631067961165048,1.0,2.0,False,2020
0,1,8,10.0,18.0,4.0,11.0,4.0,8.0,10.0,20.0,7.0,12.0,5.0,5.0,0.14561473860335794,0.7008928571428571,0.13307034116015853,0.46859903381642515,1.0,1.0,False,2020
1,20,15,8.0,14.0,3.0,6.0,9.0,10.0,10.0,18.0,5.0,9.0,4.0,4.0,0.15023869977724646,0.6172248803827751,0.03140266125042296,0.3979591836734694,1.0,1.0,True,2020
0,26,25,12.0,21.0,4.0,7.0,5.0,6.0,7.0,18.0,4.0,8.0,6.0,6.0,0.13966512312252335,0.5631067961165048,0.09938760562689447,0.6883116883116883,2.0,1.0,True,2020
0,13,29,5.0,14.0,3.0,7.0,9.0,9.0,8.0,12.0,4.0,5.0,7.0,9.0,0.13768613592203233,0.4,0.12194292618290863,0.49746192893401014,1.0,1.0,False,2020
0,15,20,10.0,18.0,5.0,9.0,4.0,4.0,8.0,14.0,3.0,6.0,9.0,10.0,0.03140266125042296,0.3979591836734694,0.16019095982179715,0.6190476190476191,1.0,1.0,False,2020
1,23,6,8.0,21.0,3.0,10.0,6.0,7.0,12.0,31.0,3.0,9.0,9.0,13.0,0.03828907504453937,0.475,0.08065064419059613,0.435,2.0,2.0,True,2020
0,4,27,9.0,19.0,3.0,5.0,6.0,7.0,7.0,23.0,5.0,9.0,2.0,2.0,0.16361828360940894,0.6636363636363637,0.11624844626918765,0.3147208121827411,2.0,2.0,True,2020
0,19,11,8.0,17.0,3.0,7.0,5.0,8.0,7.0,15.0,4.0,7.0,8.0,8.0,0.05727647795211246,0.4577114427860697,0.15258351359796654,0.5849056603773585,2.0,2.0,False,2020
1,17,7,11.0,21.0,5.0,12.0,8.0,12.0,11.0,21.0,7.0,10.0,15.0,15.0,0.07686843598504654,0.5714285714285714,0.05301964698191626,0.2653061224489796,2.0,2.0,False,2020
0,7,17,11.0,21.0,7.0,10.0,15.0,15.0,11.0,21.0,5.0,12.0,8.0,12.0,0.05301964698191626,0.2653061224489796,0.061494748788037235,0.5688073394495413,2.0,2.0,True,2020
1,10,9,12.0,21.0,2.0,6.0,8.0,9.0,9.0,14.0,3.0,7.0,5.0,6.0,0.08398766104076291,0.4079601990049751,0.007485796132390735,0.29949238578680204,2.0,2.0,False,2020
0,6,23,12.0,31.0,3.0,9.0,9.0,13.0,8.0,21.0,3.0,10.0,6.0,7.0,0.08065064419059613,0.435,0.0706312600356315,0.47761194029850745,2.0,2.0,False,2020
0,12,14,6.0,14.0,3.0,8.0,15.0,19.0,10.0,18.0,6.0,8.0,12.0,13.0,0.17220737573190598,0.5373134328358209,0.04284253028793185,0.42786069651741293,2.0,2.0,False,2020
1,11,19,7.0,15.0,4.0,7.0,8.0,8.0,8.0,17.0,3.0,7.0,5.0,8.0,0.15258351359796654,0.5849056603773585,0.045821182361689965,0.45544554455445546,2.0,2.0,True,2020
1,27,4,7.0,23.0,5.0,9.0,2.0,2.0,9.0,19.0,3.0,5.0,6.0,7.0,0.11624844626918765,0.3147208121827411,0.17089462688752716,0.665158371040724,2.0,2.0,False,2020
1,14,12,10.0,18.0,6.0,8.0,12.0,13.0,6.0,14.0,3.0,8.0,15.0,19.0,0.04284253028793185,0.42786069651741293,0.1377659005855248,0.5346534653465347,2.0,2.0,True,2020
0,9,10,9.0,14.0,3.0,7.0,5.0,6.0,12.0,21.0,2.0,6.0,8.0,9.0,0.007485796132390735,0.29949238578680204,0.06719012883261033,0.40594059405940597,2.0,2.0,True,2020
1,25,3,8.0,16.0,4.0,12.0,6.0,6.0,8.0,17.0,4.0,8.0,5.0,5.0,0.09938760562689447,0.6883116883116883,0.11253920474773842,0.41743119266055045,2.0,3.0,True,2020
0,18,22,7.0,14.0,1.0,6.0,6.0,8.0,10.0,16.0,3.0,5.0,5.0,6.0,0.09239455954928084,0.6244343891402715,0.09578092219526826,0.5769230769230769,3.0,3.0,False,2020
0,3,25,8.0,17.0,4.0,8.0,5.0,5.0,8.0,16.0,4.0,12.0,6.0,6.0,0.11253920474773842,0.41743119266055045,0.1195100845015156,0.6896551724137931,3.0,2.0,False,2020
1,1,20,11.0,22.0,6.0,9.0,9.0,13.0,10.0,17.0,2.0,4.0,2.0,4.0,0.11649179088268635,0.6977777777777778,0.16019095982179715,0.6190476190476191,2.0,2.0,True,2020
1,22,18,10.0,16.0,3.0,5.0,5.0,6.0,7.0,14.0,1.0,6.0,6.0,8.0,0.09578092219526826,0.5769230769230769,0.07391564763942468,0.6216216216216216,3.0,3.0,True,2020
0,24,15,8.0,25.0,3.0,14.0,7.0,7.0,8.0,17.0,3.0,10.0,6.0,6.0,0.10137340373765276,0.6666666666666666,0.025122129000338368,0.39593908629441626,3.0,2.0,True,2020
1,5,0,11.0,18.0,5.0,11.0,3.0,4.0,10.0,20.0,4.0,6.0,6.0,9.0,0.110379095160773,0.5410628019323671,0.10092683287255581,0.6390041493775933,3.0,3.0,True,2020
0,13,26,12.0,29.0,4.0,16.0,8.0,12.0,8.0,17.0,3.0,8.0,7.0,8.0,0.11014890873762587,0.3979591836734694,0.15173209849801866,0.5652173913043478,2.0,2.0,False,2020
1,26,13,8.0,17.0,3.0,8.0,7.0,8.0,12.0,29.0,4.0,16.0,8.0,12.0,0.15173209849801866,0.5652173913043478,0.08811912699010069,0.39593908629441626,2.0,2.0,True,2020
0,0,5,10.0,20.0,4.0,6.0,6.0,9.0,11.0,18.0,5.0,11.0,3.0,4.0,0.10092683287255581,0.6390041493775933,0.12830327612861842,0.5432692307692307,3.0,3.0,False,2020
0,2,21,10.0,19.0,4.0,7.0,2.0,2.0,5.0,13.0,3.0,9.0,3.0,4.0,0.13490346105755913,0.625,0.039645594973777024,0.44221105527638194,3.0,2.0,True,2020
1,21,2,5.0,13.0,3.0,9.0,3.0,4.0,10.0,19.0,4.0,7.0,2.0,2.0,0.039645594973777024,0.44221105527638194,0.1479227688460473,0.628099173553719,2.0,3.0,False,2020
1,15,24,8.0,17.0,3.0,10.0,6.0,6.0,8.0,25.0,3.0,14.0,7.0,7.0,0.025122129000338368,0.39593908629441626,0.12109872299012221,0.6764705882352942,2.0,3.0,False,2020
0,20,1,10.0,17.0,2.0,4.0,2.0,4.0,11.0,22.0,6.0,9.0,9.0,13.0,0.16019095982179715,0.6190476190476191,0.13319343270614908,0.6991150442477876,2.0,2.0,False,2020
0,10,14,8.0,20.0,3.0,6.0,9.0,10.0,8.0,20.0,2.0,8.0,9.0,10.0,0.06719012883261033,0.40594059405940597,0.07427402423034549,0.4306930693069307,2.0,2.0,True,2020
0,17,28,11.0,20.0,3.0,8.0,5.0,7.0,11.0,19.0,3.0,7.0,3.0,4.0,0.061494748788037235,0.5688073394495413,0.10144998269385412,0.27918781725888325,2.0,4.0,False,2020
1,4,23,13.0,22.0,3.0,7.0,5.0,8.0,7.0,14.0,4.0,7.0,5.0,8.0,0.17089462688752716,0.665158371040724,0.0706312600356315,0.47761194029850745,2.0,2.0,True,2020
1,28,17,11.0,19.0,3.0,7.0,3.0,4.0,11.0,20.0,3.0,8.0,5.0,7.0,0.10144998269385412,0.27918781725888325,0.04919579903042979,0.5662100456621004,4.0,2.0,True,2020
1,14,10,8.0,20.0,2.0,8.0,9.0,10.0,8.0,20.0,3.0,6.0,9.0,10.0,0.07427402423034549,0.4306930693069307,0.09375210306608826,0.4088669950738916,2.0,2.0,False,2020
0,23,4,7.0,14.0,4.0,7.0,5.0,8.0,13.0,22.0,3.0,7.0,5.0,8.0,0.0706312600356315,0.47761194029850745,0.17671570151002172,0.6666666666666666,2.0,2.0,False,2020
1,29,7,11.0,21.0,3.0,10.0,8.0,12.0,11.0,23.0,3.0,5.0,9.0,10.0,0.12194292618290863,0.49746192893401014,0.08241571758553301,0.26903553299492383,3.0,2.0,True,2020
0,7,29,11.0,23.0,3.0,5.0,9.0,10.0,11.0,21.0,3.0,10.0,8.0,12.0,0.08241571758553301,0.26903553299492383,0.1375543409463269,0.5,2.0,3.0,False,2020
0,11,27,8.0,14.0,3.0,7.0,9.0,9.0,9.0,26.0,4.0,11.0,5.0,6.0,0.16206681087837324,0.5868544600938967,0.09299875701535013,0.31313131313131315,3.0,3.0,True,2020
1,22,20,9.0,15.0,5.0,6.0,7.0,8.0,11.0,18.0,2.0,7.0,8.0,8.0,0.1166247377562146,0.5789473684210527,0.12815276785743773,0.6161137440758294,2.0,2.0,False,2020
0,20,22,11.0,18.0,2.0,7.0,8.0,8.0,9.0,15.0,5.0,6.0,7.0,8.0,0.12815276785743773,0.6161137440758294,0.09329979020497167,0.5761904761904761,2.0,2.0,True,2020
1,24,19,9.0,17.0,3.0,7.0,5.0,9.0,6.0,15.0,2.0,7.0,5.0,6.0,0.12109872299012221,0.6764705882352942,0.045821182361689965,0.45544554455445546,2.0,3.0,True,2020
0,21,3,11.0,22.0,6.0,12.0,7.0,7.0,8.0,17.0,4.0,9.0,4.0,4.0,0.03171647597902162,0.44,0.09003136379819074,0.4155251141552511,2.0,2.0,True,2020
1,3,21,8.0,17.0,4.0,9.0,4.0,4.0,11.0,22.0,6.0,12.0,7.0,7.0,0.09003136379819074,0.4155251141552511,0.0653731807832173,0.4427860696517413,2.0,2.0,False,2020
0,6,13,7.0,17.0,3.0,9.0,4.0,4.0,9.0,18.0,5.0,8.0,8.0,9.0,0.06452051535247691,0.43283582089552236,0.08811912699010069,0.39593908629441626,3.0,2.0,False,2020
1,23,0,8.0,15.0,4.0,11.0,4.0,6.0,7.0,14.0,1.0,4.0,5.0,6.0,0.0565050080285052,0.4752475247524752,0.08074146629804466,0.6363636363636364,1.0,2.0,True,2020
1,13,6,9.0,18.0,5.0,8.0,8.0,9.0,7.0,17.0,3.0,9.0,4.0,4.0,0.08811912699010069,0.39593908629441626,0.05161641228198153,0.4306930693069307,2.0,3.0,True,2020
0,25,12,9.0,21.0,2.0,12.0,5.0,6.0,7.0,14.0,3.0,9.0,4.0,7.0,0.1195100845015156,0.6896551724137931,0.1377659005855248,0.5346534653465347,2.0,3.0,False,2020
0,19,24,6.0,15.0,2.0,7.0,5.0,6.0,9.0,17.0,3.0,7.0,5.0,9.0,0.045821182361689965,0.45544554455445546,0.13687897839209778,0.6857142857142857,3.0,2.0,False,2020
0,0,23,7.0,14.0,1.0,4.0,5.0,6.0,8.0,15.0,4.0,11.0,4.0,6.0,0.08074146629804466,0.6363636363636364,0.08520400642280415,0.47783251231527096,2.0,1.0,False,2020
0,26,5,10.0,18.0,3.0,10.0,4.0,6.0,13.0,25.0,4.0,7.0,4.0,4.0,0.16138567879841498,0.5673076923076923,0.12830327612861842,0.5432692307692307,2.0,2.0,True,2020
1,5,26,13.0,25.0,4.0,7.0,4.0,4.0,10.0,18.0,3.0,10.0,4.0,6.0,0.12830327612861842,0.5432692307692307,0.16910854303873196,0.569377990430622,2.0,2.0,False,2020
1,27,11,9.0,26.0,4.0,11.0,5.0,6.0,8.0,14.0,3.0,7.0,9.0,9.0,0.09299875701535013,0.31313131313131315,0.1696534487026986,0.5887850467289719,3.0,3.0,False,2020
1,15,16,9.0,18.0,5.0,9.0,8.0,8.0,8.0,16.0,3.0,10.0,6.0,6.0,0.020097703200270694,0.3939393939393939,0.1071223883916798,0.3434343434343434,2.0,4.0,True,2020
1,12,25,7.0,14.0,3.0,9.0,4.0,7.0,9.0,21.0,2.0,12.0,5.0,6.0,0.1377659005855248,0.5346534653465347,0.09560806760121247,0.6866952789699571,3.0,2.0,True,2020
0,16,15,8.0,16.0,3.0,10.0,6.0,6.0,9.0,18.0,5.0,9.0,8.0,8.0,0.1071223883916798,0.3434343434343434,0.05607816256021655,0.3969849246231156,4.0,2.0,False,2020
1,29,8,15.0,21.0,6.0,10.0,13.0,13.0,10.0,27.0,4.0,8.0,4.0,4.0,0.1375543409463269,0.5,0.13307034116015853,0.46859903381642515,2.0,5.0,True,2020
0,28,7,8.0,17.0,4.0,8.0,5.0,8.0,14.0,27.0,5.0,8.0,8.0,8.0,0.1211599861550833,0.2828282828282828,0.06593257406842641,0.2676767676767677,2.0,2.0,False,2020
0,9,2,9.0,23.0,5.0,14.0,5.0,6.0,8.0,18.0,2.0,6.0,9.0,10.0,0.04598863690591258,0.30303030303030304,0.1479227688460473,0.628099173553719,4.0,3.0,False,2020
0,18,1,13.0,20.0,2.0,6.0,6.0,7.0,13.0,24.0,6.0,12.0,12.0,12.0,0.07391564763942468,0.6216216216216216,0.13319343270614908,0.6991150442477876,3.0,3.0,False,2020
1,7,28,14.0,27.0,5.0,8.0,8.0,8.0,8.0,17.0,4.0,8.0,5.0,8.0,0.06593257406842641,0.2676767676767677,0.09692798892406665,0.2814070351758794,2.0,2.0,True,2020
1,10,12,7.0,17.0,6.0,10.0,5.0,7.0,7.0,12.0,3.0,11.0,9.0,11.0,0.09375210306608826,0.4088669950738916,0.15021272046841982,0.5369458128078818,2.0,1.0,True,2020
1,2,9,8.0,18.0,2.0,6.0,9.0,10.0,9.0,23.0,5.0,14.0,5.0,6.0,0.1479227688460473,0.628099173553719,0.03679090952473006,0.3015075376884422,3.0,4.0,True,2020
1,14,17,12.0,26.0,5.0,10.0,7.0,9.0,10.0,20.0,2.0,6.0,13.0,14.0,0.05941921938427639,0.42857142857142855,0.04919579903042979,0.5662100456621004,2.0,2.0,False,2020
1,1,18,13.0,24.0,6.0,12.0,12.0,12.0,13.0,20.0,2.0,6.0,6.0,7.0,0.13319343270614908,0.6991150442477876,0.059132518111539745,0.6188340807174888,3.0,3.0,True,2020
0,12,10,7.0,12.0,3.0,11.0,9.0,11.0,7.0,17.0,6.0,10.0,5.0,7.0,0.15021272046841982,0.5369458128078818,0.11500168245287061,0.4117647058823529,1.0,2.0,False,2020
0,17,14,10.0,20.0,2.0,6.0,13.0,14.0,12.0,26.0,5.0,10.0,7.0,9.0,0.04919579903042979,0.5662100456621004,0.04753537550742111,0.4264705882352941,2.0,2.0,True,2020
0,8,29,10.0,27.0,4.0,8.0,4.0,4.0,15.0,21.0,6.0,10.0,13.0,13.0,0.13307034116015853,0.46859903381642515,0.1500434727570615,0.5025125628140703,5.0,2.0,False,2020
0,25,6,11.0,19.0,5.0,12.0,9.0,10.0,6.0,12.0,3.0,8.0,9.0,12.0,0.09560806760121247,0.6866952789699571,0.05161641228198153,0.4306930693069307,2.0,2.0,True,2020
1,15,8,9.0,20.0,4.0,7.0,10.0,12.0,9.0,19.0,4.0,12.0,5.0,7.0,0.05607816256021655,0.3969849246231156,0.10645627292812683,0.46634615384615385,2.0,1.0,False,2020
0,5,4,8.0,14.0,4.0,7.0,10.0,11.0,8.0,15.0,4.0,7.0,15.0,18.0,0.10264262090289474,0.5406698564593302,0.17671570151002172,0.6666666666666666,2.0,3.0,False,2020
1,24,16,11.0,24.0,2.0,7.0,6.0,10.0,9.0,19.0,6.0,11.0,7.0,8.0,0.13687897839209778,0.6857142857142857,0.08569791071334384,0.3417085427135678,2.0,2.0,False,2020
1,0,19,8.0,13.0,4.0,6.0,14.0,14.0,10.0,16.0,4.0,9.0,5.0,6.0,0.06459317303843573,0.6337448559670782,0.03665694588935197,0.45320197044334976,2.0,2.0,False,2020
0,19,0,10.0,16.0,4.0,9.0,5.0,6.0,8.0,13.0,4.0,6.0,14.0,14.0,0.03665694588935197,0.45320197044334976,0.05167453843074858,0.6311475409836066,2.0,2.0,True,2020
1,6,25,6.0,12.0,3.0,8.0,9.0,12.0,11.0,19.0,5.0,12.0,9.0,10.0,0.05161641228198153,0.4306930693069307,0.11648645408096998,0.688034188034188,2.0,2.0,False,2020
1,9,22,12.0,23.0,5.0,13.0,12.0,14.0,11.0,19.0,4.0,6.0,9.0,11.0,0.03679090952473006,0.3015075376884422,0.09329979020497167,0.5761904761904761,1.0,2.0,True,2020
0,11,10,14.0,21.0,5.0,9.0,4.0,5.0,9.0,19.0,3.0,8.0,4.0,4.0,0.1696534487026986,0.5887850467289719,0.11500168245287061,0.4117647058823529,2.0,1.0,True,2020
0,22,9,11.0,19.0,4.0,6.0,9.0,11.0,12.0,23.0,5.0,13.0,12.0,14.0,0.09329979020497167,0.5761904761904761,0.06943272761978406,0.305,2.0,1.0,False,2020
0,8,15,9.0,19.0,4.0,12.0,5.0,7.0,9.0,20.0,4.0,7.0,10.0,12.0,0.10645627292812683,0.46634615384615385,0.04486253004817324,0.395,1.0,2.0,True,2020
1,4,5,8.0,15.0,4.0,7.0,15.0,18.0,8.0,14.0,4.0,7.0,10.0,11.0,0.17671570151002172,0.6666666666666666,0.08211409672231579,0.5380952380952381,3.0,2.0,True,2020
1,10,11,9.0,19.0,3.0,8.0,4.0,4.0,14.0,21.0,5.0,9.0,4.0,5.0,0.11500168245287061,0.4117647058823529,0.1757227589621589,0.5906976744186047,1.0,2.0,False,2020
1,3,26,12.0,22.0,5.0,9.0,5.0,6.0,9.0,21.0,5.0,11.0,6.0,7.0,0.07202509103855259,0.41363636363636364,0.16910854303873196,0.569377990430622,2.0,2.0,False,2020
1,27,2,11.0,21.0,5.0,9.0,8.0,14.0,12.0,17.0,3.0,5.0,4.0,7.0,0.0743990056122801,0.31155778894472363,0.15833821507683782,0.6311475409836066,2.0,1.0,False,2020
0,21,13,10.0,17.0,5.0,8.0,9.0,9.0,14.0,32.0,6.0,15.0,6.0,6.0,0.0653731807832173,0.4427860696517413,0.11049530159208057,0.398989898989899,2.0,2.0,True,2020
0,16,24,9.0,19.0,6.0,11.0,7.0,8.0,11.0,24.0,2.0,7.0,6.0,10.0,0.08569791071334384,0.3417085427135678,0.10950318271367823,0.6666666666666666,2.0,2.0,True,2020
0,26,3,9.0,21.0,5.0,11.0,6.0,7.0,12.0,22.0,5.0,9.0,5.0,6.0,0.16910854303873196,0.569377990430622,0.05762007283084207,0.4117647058823529,2.0,2.0,True,2020
1,13,21,14.0,32.0,6.0,15.0,6.0,6.0,10.0,17.0,5.0,8.0,9.0,9.0,0.11049530159208057,0.398989898989899,0.09229854462657384,0.44554455445544555,2.0,2.0,False,2020
0,20,14,13.0,19.0,3.0,7.0,10.0,10.0,15.0,24.0,2.0,5.0,5.0,7.0,0.1425222142859502,0.6179245283018868,0.04753537550742111,0.4264705882352941,2.0,1.0,False,2020
1,14,20,15.0,24.0,2.0,5.0,5.0,7.0,13.0,19.0,3.0,7.0,10.0,10.0,0.04753537550742111,0.4264705882352941,0.11401777142876016,0.6150234741784038,1.0,2.0,True,2020
0,2,27,12.0,17.0,3.0,5.0,4.0,7.0,11.0,21.0,5.0,9.0,8.0,14.0,0.15833821507683782,0.6311475409836066,0.05951920448982408,0.31,1.0,2.0,True,2020
1,12,17,11.0,17.0,7.0,11.0,3.0,6.0,11.0,22.0,6.0,12.0,6.0,7.0,0.12017017637473586,0.5343137254901961,0.07935663922434383,0.5681818181818182,2.0,2.0,True,2020
1,24,28,13.0,21.0,6.0,10.0,9.0,12.0,13.0,19.0,6.0,7.0,9.0,11.0,0.10950318271367823,0.6666666666666666,0.09692798892406665,0.2814070351758794,1.0,2.0,True,2020
0,17,12,11.0,22.0,6.0,12.0,6.0,7.0,11.0,17.0,7.0,11.0,3.0,6.0,0.07935663922434383,0.5681818181818182,0.1361361410997887,0.5365853658536586,2.0,2.0,False,2020
0,23,3,8.0,19.0,4.0,10.0,3.0,3.0,11.0,17.0,4.0,6.0,4.0,4.0,0.08520400642280415,0.47783251231527096,0.05762007283084207,0.4117647058823529,3.0,1.0,True,2020
1,3,23,11.0,17.0,4.0,6.0,4.0,4.0,8.0,19.0,4.0,10.0,3.0,3.0,0.05762007283084207,0.4117647058823529,0.10816320513824333,0.4803921568627451,1.0,3.0,False,2020
1,29,19,10.0,21.0,2.0,4.0,9.0,10.0,8.0,19.0,4.0,6.0,10.0,10.0,0.1500434727570615,0.5025125628140703,0.06932555671148158,0.45588235294117646,2.0,1.0,True,2020
0,28,24,13.0,19.0,6.0,7.0,9.0,11.0,13.0,21.0,6.0,10.0,9.0,12.0,0.09692798892406665,0.2814070351758794,0.12760254617094258,0.6756756756756757,2.0,1.0,False,2020
1,7,16,13.0,20.0,1.0,7.0,13.0,14.0,12.0,16.0,5.0,11.0,4.0,5.0,0.09274605925474114,0.271356783919598,0.10855832857067509,0.345,2.0,1.0,False,2020
0,19,29,8.0,19.0,4.0,6.0,10.0,10.0,10.0,21.0,2.0,4.0,9.0,10.0,0.06932555671148158,0.45588235294117646,0.1600347782056492,0.505,1.0,2.0,False,2020
0,16,7,12.0,16.0,5.0,11.0,4.0,5.0,13.0,20.0,1.0,7.0,13.0,14.0,0.10855832857067509,0.345,0.07419684740379291,0.27,1.0,2.0,True,2020
1,9,20,8.0,15.0,6.0,8.0,9.0,10.0,16.0,25.0,4.0,8.0,11.0,16.0,0.06943272761978406,0.305,0.11401777142876016,0.6150234741784038,2.0,2.0,False,2020
1,8,11,12.0,26.0,4.0,6.0,8.0,8.0,11.0,21.0,4.0,9.0,10.0,10.0,0.12516501834250146,0.4688995215311005,0.1757227589621589,0.5906976744186047,2.0,2.0,False,2020
1,10,6,11.0,20.0,2.0,5.0,6.0,9.0,6.0,19.0,3.0,10.0,4.0,5.0,0.09200134596229649,0.4097560975609756,0.04129312982558522,0.42857142857142855,2.0,2.0,True,2020
0,20,9,16.0,25.0,4.0,8.0,11.0,16.0,8.0,15.0,6.0,8.0,9.0,10.0,0.11401777142876016,0.6150234741784038,0.05554618209582725,0.3034825870646766,2.0,2.0,True,2020
0,4,5,10.0,22.0,4.0,7.0,4.0,4.0,11.0,15.0,6.0,10.0,5.0,5.0,0.18137256120801737,0.6681614349775785,0.08211409672231579,0.5380952380952381,2.0,2.0,False,2020
1,5,4,11.0,15.0,6.0,10.0,5.0,5.0,10.0,22.0,4.0,7.0,4.0,4.0,0.08211409672231579,0.5380952380952381,0.1450980489664139,0.6651785714285714,2.0,2.0,True,2020
0,11,8,11.0,21.0,4.0,9.0,10.0,10.0,12.0,26.0,4.0,6.0,8.0,8.0,0.1757227589621589,0.5906976744186047,0.10013201467400117,0.4666666666666667,2.0,2.0,True,2020
0,27,13,10.0,23.0,4.0,10.0,4.0,4.0,14.0,24.0,5.0,10.0,5.0,9.0,0.05951920448982408,0.31,0.08839624127366445,0.3969849246231156,2.0,2.0,False,2020
0,0,15,7.0,13.0,1.0,6.0,6.0,6.0,7.0,17.0,4.0,10.0,7.0,8.0,0.05167453843074858,0.6311475409836066,0.04486253004817324,0.395,2.0,2.0,False,2020
0,2,14,8.0,22.0,3.0,10.0,7.0,7.0,12.0,24.0,2.0,6.0,3.0,4.0,0.1666705720614703,0.6341463414634146,0.07802830040593689,0.4292682926829268,2.0,2.0,False,2020
1,21,22,8.0,17.0,3.0,10.0,9.0,9.0,15.0,24.0,3.0,6.0,6.0,6.0,0.09229854462657384,0.44554455445544555,0.07463983216397733,0.5734597156398105,2.0,2.0,False,2020
0,6,10,6.0,19.0,3.0,10.0,4.0,5.0,11.0,20.0,2.0,5.0,6.0,9.0,0.04129312982558522,0.42857142857142855,0.11360107676983719,0.41262135922330095,2.0,2.0,False,2020
1,18,26,9.0,17.0,4.0,6.0,5.0,6.0,9.0,16.0,4.0,8.0,7.0,9.0,0.059132518111539745,0.6188340807174888,0.17528683443098558,0.5714285714285714,3.0,2.0,True,2020
0,26,18,9.0,16.0,4.0,8.0,7.0,9.0,9.0,17.0,4.0,6.0,5.0,6.0,0.17528683443098558,0.5714285714285714,0.0873060144892318,0.6205357142857143,2.0,3.0,False,2020
1,14,2,12.0,24.0,2.0,6.0,3.0,4.0,8.0,22.0,3.0,10.0,7.0,7.0,0.07802830040593689,0.4292682926829268,0.13333645764917623,0.6290322580645161,2.0,2.0,True,2020
1,13,27,14.0,24.0,5.0,10.0,5.0,9.0,10.0,23.0,4.0,10.0,4.0,4.0,0.08839624127366445,0.3969849246231156,0.047615363591859264,0.30845771144278605,2.0,2.0,True,2020
0,22,21,15.0,24.0,3.0,6.0,6.0,6.0,8.0,17.0,3.0,10.0,9.0,9.0,0.07463983216397733,0.5734597156398105,0.07383883570125907,0.4433497536945813,2.0,2.0,True,2020
1,15,0,7.0,17.0,4.0,10.0,7.0,8.0,7.0,13.0,1.0,6.0,6.0,6.0,0.04486253004817324,0.395,0.041339630744598864,0.6285714285714286,2.0,2.0,True,2020
0,17,25,10.0,19.0,5.0,8.0,6.0,6.0,7.0,23.0,4.0,16.0,6.0,7.0,0.06348531137947507,0.5656108597285068,0.11648645408096998,0.688034188034188,2.0,3.0,True,2020
1,29,28,9.0,19.0,6.0,12.0,7.0,7.0,9.0,19.0,1.0,5.0,4.0,6.0,0.1600347782056492,0.505,0.07754239113925332,0.28,2.0,2.0,True,2020
0,28,29,9.0,19.0,1.0,5.0,4.0,6.0,9.0,19.0,6.0,12.0,7.0,7.0,0.07754239113925332,0.28,0.16802782256451937,0.5074626865671642,2.0,2.0,False,2020
1,6,26,8.0,21.0,5.0,10.0,4.0,7.0,9.0,18.0,4.0,8.0,6.0,7.0,0.033034503860468176,0.4264705882352941,0.14022946754478846,0.5687203791469194,1.0,1.0,False,2020
1,7,15,12.0,21.0,3.0,8.0,8.0,8.0,9.0,21.0,4.0,8.0,8.0,8.0,0.07419684740379291,0.27,0.07589002403853859,0.39800995024875624,2.0,1.0,False,2020
1,3,19,12.0,19.0,4.0,7.0,5.0,6.0,9.0,21.0,4.0,10.0,7.0,9.0,0.04609605826467365,0.4099099099099099,0.05546044536918526,0.45365853658536587,2.0,2.0,False,2020
1,25,17,7.0,23.0,4.0,16.0,6.0,7.0,10.0,19.0,5.0,8.0,6.0,6.0,0.11648645408096998,0.688034188034188,0.09078824910358005,0.5675675675675675,3.0,2.0,False,2020
0,23,16,8.0,14.0,4.0,8.0,5.0,7.0,12.0,20.0,4.0,10.0,5.0,5.0,0.10816320513824333,0.4803921568627451,0.12684666285654006,0.3482587064676617,2.0,2.0,False,2020
0,19,3,9.0,21.0,4.0,10.0,7.0,9.0,12.0,19.0,4.0,7.0,5.0,6.0,0.05546044536918526,0.45365853658536587,0.03687684661173892,0.4080717488789238,2.0,2.0,True,2020
0,26,6,9.0,18.0,4.0,8.0,6.0,7.0,8.0,21.0,5.0,10.0,4.0,7.0,0.14022946754478846,0.5687203791469194,0.02642760308837454,0.424390243902439,1.0,1.0,True,2020
1,16,23,12.0,20.0,4.0,10.0,5.0,5.0,8.0,14.0,4.0,8.0,5.0,7.0,0.12684666285654006,0.3482587064676617,0.08653056411059466,0.47804878048780486,2.0,2.0,True,2020
0,15,7,9.0,21.0,4.0,8.0,8.0,8.0,12.0,21.0,3.0,8.0,8.0,8.0,0.07589002403853859,0.39800995024875624,0.05935747792303433,0.26865671641791045,1.0,2.0,True,2020
1,13,20,11.0,24.0,3.0,9.0,4.0,6.0,12.0,20.0,4.0,6.0,8.0,8.0,0.11071699301893156,0.4,0.13121421714300813,0.616822429906542,2.0,2.0,False,2020
0,20,13,12.0,20.0,4.0,6.0,8.0,8.0,11.0,24.0,3.0,9.0,4.0,6.0,0.13121421714300813,0.616822429906542,0.08857359441514526,0.39800995024875624,2.0,2.0,True,2020
1,11,28,8.0,14.0,4.0,10.0,6.0,10.0,6.0,17.0,3.0,5.0,4.0,4.0,0.1805782071697271,0.5925925925925926,0.06203391291140266,0.27860696517412936,2.0,1.0,True,2020
1,9,1,11.0,30.0,4.0,11.0,16.0,18.0,9.0,34.0,6.0,20.0,19.0,23.0,0.05554618209582725,0.3034825870646766,0.14655474616491926,0.7004405286343612,2.0,5.0,False,2020
0,5,2,10.0,17.0,4.0,9.0,11.0,11.0,7.0,16.0,4.0,7.0,5.0,6.0,0.10569127737785262,0.5402843601895735,0.13333645764917623,0.6290322580645161,2.0,2.0,True,2020
0,14,10,8.0,17.0,2.0,6.0,5.0,7.0,12.0,20.0,4.0,7.0,10.0,13.0,0.1024226403247495,0.4320388349514563,0.11360107676983719,0.41262135922330095,2.0,2.0,False,2020
1,10,14,12.0,20.0,4.0,7.0,10.0,13.0,8.0,17.0,2.0,6.0,5.0,7.0,0.11360107676983719,0.41262135922330095,0.0819381122597996,0.42995169082125606,2.0,2.0,True,2020
1,2,5,7.0,16.0,4.0,7.0,5.0,6.0,10.0,17.0,4.0,9.0,11.0,11.0,0.13333645764917623,0.6290322580645161,0.1245530219022821,0.5424528301886793,2.0,2.0,False,2020
1,22,12,10.0,14.0,3.0,6.0,7.0,8.0,8.0,16.0,5.0,11.0,6.0,7.0,0.09971186573118188,0.5754716981132075,0.1361361410997887,0.5365853658536586,2.0,3.0,False,2020
0,25,21,10.0,19.0,4.0,8.0,5.0,8.0,10.0,24.0,6.0,14.0,6.0,6.0,0.09318916326477598,0.6851063829787234,0.07383883570125907,0.4433497536945813,1.0,2.0,True,2020
0,27,8,13.0,24.0,3.0,8.0,4.0,6.0,7.0,19.0,6.0,12.0,11.0,12.0,0.047615363591859264,0.30845771144278605,0.10013201467400117,0.4666666666666667,2.0,2.0,False,2020
1,8,27,7.0,19.0,6.0,12.0,11.0,12.0,13.0,24.0,3.0,8.0,4.0,6.0,0.10013201467400117,0.4666666666666667,0.03809229087348741,0.3069306930693069,2.0,2.0,True,2020
0,4,0,10.0,21.0,3.0,8.0,9.0,13.0,6.0,13.0,4.0,8.0,6.0,6.0,0.1450980489664139,0.6651785714285714,0.041339630744598864,0.6285714285714286,2.0,2.0,True,2020
0,28,11,6.0,17.0,3.0,5.0,4.0,4.0,8.0,14.0,4.0,10.0,6.0,10.0,0.06203391291140266,0.27860696517412936,0.18446256573578168,0.5944700460829493,1.0,2.0,False,2020
1,21,25,10.0,24.0,6.0,14.0,6.0,6.0,10.0,19.0,4.0,8.0,5.0,8.0,0.07383883570125907,0.4433497536945813,0.1145513306118208,0.6864406779661016,2.0,1.0,False,2020
0,12,22,8.0,16.0,5.0,11.0,6.0,7.0,10.0,14.0,3.0,6.0,7.0,8.0,0.1361361410997887,0.5365853658536586,0.0797694925849455,0.5727699530516432,3.0,2.0,True,2020
1,0,4,6.0,13.0,4.0,8.0,6.0,6.0,10.0,21.0,3.0,8.0,9.0,13.0,0.041339630744598864,0.6285714285714286,0.1560784391731311,0.6666666666666666,2.0,2.0,False,2020
0,1,9,9.0,34.0,6.0,20.0,19.0,23.0,11.0,30.0,4.0,11.0,16.0,18.0,0.14655474616491926,0.7004405286343612,0.0444369456766618,0.30198019801980197,5.0,2.0,True,2020
1,18,2,9.0,17.0,3.0,5.0,10.0,10.0,10.0,20.0,5.0,11.0,6.0,6.0,0.0873060144892318,0.6205357142857143,0.10666916611934099,0.624,3.0,1.0,True,2020
1,19,3,13.0,24.0,2.0,5.0,4.0,6.0,15.0,20.0,2.0,5.0,5.0,6.0,0.08436835629534821,0.4563106796116505,0.03687684661173892,0.4080717488789238,2.0,2.0,False,2020
0,2,18,10.0,20.0,5.0,11.0,6.0,6.0,9.0,17.0,3.0,5.0,10.0,10.0,0.10666916611934099,0.624,0.10984481159138544,0.6222222222222222,1.0,3.0,False,2020
0,1,26,14.0,26.0,3.0,9.0,5.0,6.0,8.0,15.0,3.0,7.0,6.0,6.0,0.1572437969319354,0.7017543859649122,0.15218357403583077,0.5707547169811321,1.0,2.0,False,2020
0,3,19,15.0,20.0,2.0,5.0,5.0,6.0,13.0,24.0,2.0,5.0,4.0,6.0,0.03687684661173892,0.4080717488789238,0.06749468503627856,0.45410628019323673,2.0,2.0,True,2020
1,26,1,8.0,15.0,3.0,7.0,6.0,6.0,14.0,26.0,3.0,9.0,5.0,6.0,0.15218357403583077,0.5707547169811321,0.12579503754554833,0.6986899563318777,2.0,1.0,True,2020
1,23,17,9.0,15.0,2.0,6.0,4.0,6.0,6.0,18.0,3.0,10.0,5.0,6.0,0.08653056411059466,0.47804878048780486,0.09078824910358005,0.5675675675675675,2.0,2.0,True,2020
0,17,23,6.0,18.0,3.0,10.0,5.0,6.0,9.0,15.0,2.0,6.0,4.0,6.0,0.09078824910358005,0.5675675675675675,0.10922445128847573,0.48058252427184467,2.0,2.0,False,2020
0,22,27,10.0,18.0,3.0,7.0,6.0,6.0,14.0,23.0,8.0,13.0,7.0,7.0,0.0797694925849455,0.5727699530516432,0.03809229087348741,0.3069306930693069,2.0,2.0,True,2020
0,21,11,9.0,14.0,3.0,4.0,4.0,4.0,8.0,15.0,5.0,9.0,3.0,4.0,0.05907106856100726,0.4411764705882353,0.18446256573578168,0.5944700460829493,2.0,2.0,False,2020
0,4,15,10.0,17.0,4.0,6.0,8.0,11.0,9.0,21.0,2.0,7.0,3.0,3.0,0.1560784391731311,0.6666666666666666,0.10071201923083088,0.400990099009901,2.0,3.0,True,2020
1,24,0,14.0,25.0,3.0,9.0,6.0,8.0,7.0,17.0,4.0,8.0,9.0,9.0,0.12760254617094258,0.6756756756756757,0.03307170459567909,0.6260162601626016,5.0,2.0,True,2020
0,5,16,11.0,18.0,5.0,9.0,13.0,14.0,11.0,20.0,5.0,12.0,6.0,6.0,0.1245530219022821,0.5424528301886793,0.14147733028523207,0.35148514851485146,2.0,3.0,False,2020
1,6,12,10.0,19.0,4.0,10.0,4.0,8.0,12.0,18.0,2.0,7.0,9.0,9.0,0.02642760308837454,0.424390243902439,0.14890891287983093,0.5388349514563107,3.0,2.0,True,2020
1,11,21,8.0,15.0,5.0,9.0,3.0,4.0,9.0,14.0,3.0,4.0,4.0,4.0,0.18446256573578168,0.5944700460829493,0.047256854848805804,0.43902439024390244,2.0,2.0,True,2020
0,29,13,14.0,25.0,3.0,8.0,6.0,6.0,8.0,19.0,3.0,9.0,8.0,13.0,0.16802782256451937,0.5074626865671642,0.08857359441514526,0.39800995024875624,3.0,2.0,True,2020
0,0,24,7.0,17.0,4.0,8.0,9.0,9.0,14.0,25.0,3.0,9.0,6.0,8.0,0.03307170459567909,0.6260162601626016,0.14208203693675406,0.6842105263157895,2.0,5.0,False,2020
1,13,29,8.0,19.0,3.0,9.0,8.0,13.0,14.0,25.0,3.0,8.0,6.0,6.0,0.08857359441514526,0.39800995024875624,0.1744222580516155,0.5099009900990099,2.0,3.0,False,2020
0,12,6,12.0,18.0,2.0,7.0,9.0,9.0,10.0,19.0,4.0,10.0,4.0,8.0,0.14890891287983093,0.5388349514563107,0.06114208247069963,0.42718446601941745,2.0,3.0,False,2020
1,16,5,11.0,20.0,5.0,12.0,6.0,6.0,11.0,18.0,5.0,9.0,13.0,14.0,0.14147733028523207,0.35148514851485146,0.09964241752182568,0.539906103286385,3.0,2.0,True,2020
1,14,9,10.0,26.0,4.0,8.0,5.0,7.0,7.0,20.0,3.0,7.0,5.0,8.0,0.0819381122597996,0.42995169082125606,0.0444369456766618,0.30198019801980197,2.0,2.0,True,2020
0,10,7,9.0,21.0,3.0,12.0,7.0,8.0,8.0,16.0,4.0,8.0,7.0,9.0,0.13088086141586977,0.41545893719806765,0.05935747792303433,0.26865671641791045,2.0,3.0,False,2020
1,15,4,9.0,21.0,2.0,7.0,3.0,3.0,10.0,17.0,4.0,6.0,8.0,11.0,0.10071201923083088,0.400990099009901,0.1648627513385049,0.668141592920354,3.0,2.0,False,2020
1,28,8,8.0,17.0,2.0,6.0,5.0,8.0,11.0,18.0,5.0,9.0,4.0,9.0,0.049627130329122124,0.27722772277227725,0.12010561173920094,0.46919431279620855,2.0,2.0,False,2020
0,8,28,11.0,18.0,5.0,9.0,4.0,9.0,8.0,17.0,2.0,6.0,5.0,8.0,0.12010561173920094,0.46919431279620855,0.0397017042632977,0.27586206896551724,2.0,2.0,True,2020
1,27,22,14.0,23.0,8.0,13.0,7.0,7.0,10.0,18.0,3.0,7.0,6.0,6.0,0.03809229087348741,0.3069306930693069,0.1038155940679564,0.5747663551401869,2.0,2.0,False,2020
1,7,10,8.0,16.0,4.0,8.0,7.0,9.0,9.0,21.0,3.0,12.0,7.0,8.0,0.05935747792303433,0.26865671641791045,0.10470468913269582,0.41346153846153844,3.0,2.0,True,2020
0,9,14,7.0,20.0,3.0,7.0,5.0,8.0,10.0,26.0,4.0,8.0,5.0,7.0,0.0444369456766618,0.30198019801980197,0.1055504898078397,0.4326923076923077,2.0,2.0,False,2020
1,17,4,10.0,20.0,3.0,9.0,4.0,5.0,13.0,23.0,4.0,5.0,4.0,7.0,0.07263059928286404,0.5650224215246636,0.1648627513385049,0.668141592920354,2.0,1.0,False,2020
0,4,17,13.0,23.0,4.0,5.0,4.0,7.0,10.0,20.0,3.0,9.0,4.0,5.0,0.1648627513385049,0.668141592920354,0.05810447942629123,0.5625,1.0,2.0,True,2020
1,13,18,8.0,15.0,3.0,5.0,10.0,12.0,9.0,22.0,3.0,9.0,2.0,2.0,0.0708588755321162,0.39603960396039606,0.10984481159138544,0.6222222222222222,1.0,2.0,True,2020
0,3,20,9.0,18.0,4.0,9.0,4.0,5.0,10.0,22.0,2.0,9.0,3.0,4.0,0.06950147728939113,0.4107142857142857,0.1449713737144065,0.6186046511627907,2.0,3.0,True,2020
1,20,3,10.0,22.0,2.0,9.0,3.0,4.0,9.0,18.0,4.0,9.0,4.0,5.0,0.1449713737144065,0.6186046511627907,0.09560118183151291,0.41333333333333333,3.0,2.0,False,2020
1,2,8,16.0,22.0,6.0,9.0,3.0,4.0,9.0,18.0,4.0,10.0,5.0,6.0,0.08533533289547279,0.6190476190476191,0.13608448939136075,0.4716981132075472,2.0,1.0,True,2020
1,26,29,8.0,17.0,4.0,9.0,7.0,7.0,15.0,24.0,4.0,6.0,4.0,4.0,0.16174685922866464,0.5727699530516432,0.1744222580516155,0.5099009900990099,2.0,1.0,False,2020
0,29,26,15.0,24.0,4.0,6.0,4.0,4.0,8.0,17.0,4.0,9.0,7.0,7.0,0.1744222580516155,0.5099009900990099,0.12939748738293172,0.5700934579439252,1.0,2.0,True,2020
0,27,19,8.0,21.0,3.0,9.0,8.0,8.0,8.0,12.0,2.0,8.0,4.0,6.0,0.030473832698789928,0.3054187192118227,0.06749468503627856,0.45410628019323673,1.0,2.0,True,2020
0,23,1,6.0,14.0,4.0,8.0,6.0,8.0,10.0,23.0,6.0,13.0,10.0,13.0,0.10922445128847573,0.48058252427184467,0.12579503754554833,0.6986899563318777,2.0,2.0,False,2020
1,1,23,10.0,23.0,6.0,13.0,10.0,13.0,6.0,14.0,4.0,8.0,6.0,8.0,0.12579503754554833,0.6986899563318777,0.08737956103078058,0.4782608695652174,2.0,2.0,True,2020
0,8,2,9.0,18.0,4.0,10.0,5.0,6.0,16.0,22.0,6.0,9.0,3.0,4.0,0.13608448939136075,0.4716981132075472,0.10826826631637823,0.6220472440944882,1.0,2.0,False,2020
1,19,27,8.0,12.0,2.0,8.0,4.0,6.0,8.0,21.0,3.0,9.0,8.0,8.0,0.06749468503627856,0.45410628019323673,0.06437906615903194,0.3088235294117647,2.0,1.0,False,2020
0,18,13,9.0,22.0,3.0,9.0,2.0,2.0,8.0,15.0,3.0,5.0,10.0,12.0,0.10984481159138544,0.6222222222222222,0.09668710042569297,0.39901477832512317,2.0,1.0,False,2020
0,11,14,12.0,23.0,4.0,8.0,5.0,9.0,11.0,25.0,4.0,7.0,4.0,5.0,0.18757005258862533,0.5963302752293578,0.1055504898078397,0.4326923076923077,2.0,2.0,True,2020
1,14,11,11.0,25.0,4.0,7.0,4.0,5.0,12.0,23.0,4.0,8.0,5.0,9.0,0.1055504898078397,0.4326923076923077,0.19005604207090027,0.5981735159817352,2.0,2.0,False,2020
1,28,12,10.0,22.0,4.0,12.0,8.0,10.0,9.0,15.0,3.0,10.0,9.0,11.0,0.0397017042632977,0.27586206896551724,0.11912713030386475,0.5362318840579711,2.0,2.0,True,2020
0,0,16,12.0,24.0,5.0,9.0,5.0,6.0,13.0,17.0,3.0,6.0,5.0,6.0,0.02645736367654327,0.6234817813765182,0.15318186422818564,0.35467980295566504,2.0,2.0,False,2020
0,12,28,9.0,15.0,3.0,10.0,9.0,11.0,10.0,22.0,4.0,12.0,8.0,10.0,0.11912713030386475,0.5362318840579711,0.07176136341063816,0.27941176470588236,2.0,2.0,False,2020
0,21,7,10.0,18.0,4.0,13.0,4.0,5.0,10.0,19.0,2.0,6.0,5.0,6.0,0.047256854848805804,0.43902439024390244,0.08748598233842746,0.2722772277227723,2.0,2.0,False,2020
1,20,24,6.0,14.0,3.0,5.0,10.0,12.0,12.0,25.0,3.0,8.0,7.0,9.0,0.1159770989715252,0.6157407407407407,0.14208203693675406,0.6842105263157895,1.0,2.0,True,2020
0,5,25,7.0,12.0,2.0,7.0,11.0,14.0,9.0,17.0,4.0,12.0,3.0,4.0,0.09964241752182568,0.539906103286385,0.1145513306118208,0.6864406779661016,2.0,4.0,True,2020
0,9,6,6.0,16.0,4.0,8.0,4.0,5.0,10.0,14.0,4.0,6.0,4.0,7.0,0.03554955654132944,0.30049261083743845,0.06114208247069963,0.42718446601941745,2.0,2.0,False,2020
1,16,0,13.0,17.0,3.0,6.0,5.0,6.0,12.0,24.0,5.0,9.0,5.0,6.0,0.15318186422818564,0.35467980295566504,0.021165890941234618,0.6209677419354839,2.0,2.0,True,2020
1,6,9,10.0,14.0,4.0,6.0,4.0,7.0,6.0,16.0,4.0,8.0,4.0,5.0,0.06114208247069963,0.42718446601941745,0.028439645233063554,0.29901960784313725,2.0,2.0,True,2020
1,25,5,9.0,17.0,4.0,12.0,3.0,4.0,7.0,12.0,2.0,7.0,11.0,14.0,0.1145513306118208,0.6864406779661016,0.11971393401746053,0.5420560747663551,4.0,2.0,False,2020
1,7,21,10.0,19.0,2.0,6.0,5.0,6.0,10.0,18.0,4.0,13.0,4.0,5.0,0.08748598233842746,0.2722772277227723,0.03780548387904464,0.4368932038834951,2.0,2.0,True,2020
0,24,20,12.0,25.0,3.0,8.0,7.0,9.0,6.0,14.0,3.0,5.0,10.0,12.0,0.14208203693675406,0.6842105263157895,0.13278167917722014,0.6175115207373272,2.0,1.0,False,2020
1,17,21,11.0,22.0,5.0,10.0,5.0,7.0,9.0,18.0,8.0,13.0,5.0,6.0,0.05810447942629123,0.5625,0.03780548387904464,0.4368932038834951,2.0,1.0,True,2020
0,18,22,10.0,19.0,1.0,8.0,6.0,7.0,8.0,15.0,4.0,6.0,8.0,9.0,0.08787584927310835,0.6194690265486725,0.1038155940679564,0.5747663551401869,2.0,3.0,False,2020
1,19,8,10.0,23.0,3.0,6.0,6.0,6.0,11.0,23.0,3.0,9.0,4.0,6.0,0.05399574802902285,0.4519230769230769,0.1088675915130886,0.4694835680751174,2.0,2.0,False,2020
0,26,23,8.0,15.0,3.0,8.0,11.0,12.0,7.0,15.0,4.0,9.0,5.0,7.0,0.12939748738293172,0.5700934579439252,0.08737956103078058,0.4782608695652174,2.0,2.0,True,2020
0,27,2,9.0,18.0,3.0,6.0,9.0,9.0,7.0,17.0,3.0,7.0,9.0,9.0,0.06437906615903194,0.3088235294117647,0.10826826631637823,0.6220472440944882,2.0,2.0,False,2020
0,8,19,11.0,23.0,3.0,9.0,4.0,6.0,10.0,23.0,3.0,6.0,6.0,6.0,0.1088675915130886,0.4694835680751174,0.04319659842321828,0.44976076555023925,2.0,2.0,True,2020
1,22,18,8.0,15.0,4.0,6.0,8.0,9.0,10.0,19.0,1.0,8.0,6.0,7.0,0.1038155940679564,0.5747663551401869,0.07030067941848668,0.6167400881057269,3.0,2.0,True,2020
1,23,26,7.0,15.0,4.0,9.0,5.0,7.0,8.0,15.0,3.0,8.0,11.0,12.0,0.08737956103078058,0.4782608695652174,0.14351798990634537,0.5720930232558139,2.0,2.0,False,2020
0,10,15,9.0,23.0,2.0,6.0,12.0,12.0,13.0,18.0,8.0,10.0,5.0,5.0,0.10470468913269582,0.41346153846153844,0.0805696153846647,0.39901477832512317,3.0,3.0,True,2020
0,21,17,9.0,18.0,8.0,13.0,5.0,6.0,11.0,22.0,5.0,10.0,5.0,7.0,0.03780548387904464,0.4368932038834951,0.08648358354103299,0.5644444444444444,1.0,2.0,False,2020
1,2,27,7.0,17.0,3.0,7.0,9.0,9.0,9.0,18.0,3.0,6.0,9.0,9.0,0.10826826631637823,0.6220472440944882,0.05150325292722555,0.3073170731707317,2.0,2.0,True,2020
0,3,29,8.0,17.0,4.0,6.0,6.0,6.0,12.0,16.0,2.0,5.0,6.0,7.0,0.09560118183151291,0.41333333333333333,0.17953780644129239,0.5123152709359606,2.0,2.0,False,2020
1,29,3,12.0,16.0,2.0,5.0,6.0,7.0,8.0,17.0,4.0,6.0,6.0,6.0,0.17953780644129239,0.5123152709359606,0.07648094546521032,0.41150442477876104,2.0,2.0,True,2020
1,15,10,13.0,18.0,8.0,10.0,5.0,5.0,9.0,23.0,2.0,6.0,12.0,12.0,0.0805696153846647,0.39901477832512317,0.12376375130615665,0.41626794258373206,3.0,3.0,False,2020
1,4,28,12.0,17.0,3.0,5.0,10.0,12.0,10.0,20.0,5.0,7.0,5.0,6.0,0.17189020107080394,0.6696035242290749,0.07176136341063816,0.27941176470588236,3.0,2.0,True,2020
1,6,11,12.0,19.0,3.0,5.0,5.0,6.0,10.0,19.0,6.0,8.0,6.0,6.0,0.08891366597655971,0.42995169082125606,0.19005604207090027,0.5981735159817352,2.0,2.0,False,2020
0,7,9,12.0,23.0,2.0,5.0,13.0,13.0,11.0,25.0,5.0,12.0,9.0,11.0,0.10998878587074197,0.27586206896551724,0.028439645233063554,0.29901960784313725,2.0,2.0,False,2020
1,24,3,14.0,22.0,6.0,11.0,9.0,10.0,10.0,18.0,5.0,8.0,4.0,6.0,0.11366562954940325,0.6666666666666666,0.07648094546521032,0.41150442477876104,2.0,1.0,True,2020
1,0,13,7.0,17.0,3.0,7.0,3.0,4.0,9.0,19.0,3.0,9.0,3.0,8.0,0.021165890941234618,0.6209677419354839,0.09668710042569297,0.39901477832512317,2.0,3.0,False,2020
0,13,0,9.0,19.0,3.0,9.0,3.0,8.0,7.0,17.0,3.0,7.0,3.0,4.0,0.09668710042569297,0.39901477832512317,0.016932712752987696,0.6184738955823293,3.0,2.0,True,2020
0,1,16,13.0,37.0,5.0,19.0,10.0,11.0,10.0,17.0,6.0,10.0,3.0,4.0,0.14063603003643865,0.7,0.16254549138254853,0.35784313725490197,3.0,2.0,False,2020
0,28,4,10.0,20.0,5.0,7.0,5.0,6.0,12.0,17.0,3.0,5.0,10.0,12.0,0.07176136341063816,0.27941176470588236,0.17751216085664315,0.6710526315789473,2.0,3.0,False,2020
0,11,6,10.0,19.0,6.0,8.0,6.0,6.0,12.0,19.0,3.0,5.0,5.0,6.0,0.19005604207090027,0.5981735159817352,0.07113093278124777,0.42788461538461536,2.0,2.0,True,2020
1,16,1,10.0,17.0,6.0,10.0,3.0,4.0,13.0,37.0,5.0,19.0,10.0,11.0,0.16254549138254853,0.35784313725490197,0.11250882402915093,0.696969696969697,2.0,3.0,True,2020
1,9,7,11.0,25.0,5.0,12.0,9.0,11.0,12.0,23.0,2.0,5.0,13.0,13.0,0.028439645233063554,0.29901960784313725,0.08799102869659357,0.27450980392156865,2.0,2.0,True,2020
0,3,24,10.0,18.0,5.0,8.0,4.0,6.0,14.0,22.0,6.0,11.0,9.0,10.0,0.07648094546521032,0.41150442477876104,0.1309325036395226,0.675,1.0,2.0,False,2020
1,18,6,14.0,20.0,4.0,9.0,4.0,7.0,8.0,21.0,3.0,8.0,7.0,10.0,0.07030067941848668,0.6167400881057269,0.07113093278124777,0.42788461538461536,2.0,1.0,True,2020
1,1,17,11.0,22.0,6.0,13.0,7.0,12.0,9.0,20.0,3.0,10.0,8.0,8.0,0.11250882402915093,0.696969696969697,0.08648358354103299,0.5644444444444444,1.0,2.0,False,2020
0,17,1,9.0,20.0,3.0,10.0,8.0,8.0,11.0,22.0,6.0,13.0,7.0,12.0,0.08648358354103299,0.5644444444444444,0.09000705922332074,0.6939655172413793,2.0,1.0,True,2020
1,20,21,7.0,13.0,3.0,8.0,3.0,8.0,7.0,16.0,6.0,9.0,3.0,6.0,0.13278167917722014,0.6175115207373272,0.030244387103235716,0.43478260869565216,3.0,2.0,True,2020
0,21,20,7.0,16.0,6.0,9.0,3.0,6.0,7.0,13.0,3.0,8.0,3.0,8.0,0.030244387103235716,0.43478260869565216,0.14622534334177612,0.6192660550458715,2.0,3.0,False,2020
0,19,2,11.0,14.0,5.0,8.0,4.0,5.0,11.0,19.0,4.0,11.0,3.0,5.0,0.04319659842321828,0.44976076555023925,0.12661461305310256,0.625,2.0,2.0,True,2020
1,15,13,11.0,23.0,3.0,11.0,3.0,9.0,8.0,18.0,5.0,9.0,9.0,10.0,0.06445569230773177,0.39705882352941174,0.11734968034055437,0.4019607843137255,2.0,1.0,False,2020
0,13,15,8.0,18.0,5.0,9.0,9.0,10.0,11.0,23.0,3.0,11.0,3.0,9.0,0.11734968034055437,0.4019607843137255,0.05156455384618541,0.3951219512195122,1.0,2.0,True,2020
0,6,18,8.0,21.0,3.0,8.0,7.0,10.0,14.0,20.0,4.0,9.0,4.0,7.0,0.07113093278124777,0.42788461538461536,0.09624054353478935,0.618421052631579,1.0,2.0,False,2020
0,14,27,8.0,15.0,4.0,10.0,5.0,6.0,12.0,21.0,6.0,11.0,7.0,7.0,0.08444039184627175,0.430622009569378,0.05150325292722555,0.3073170731707317,3.0,2.0,False,2020
0,22,23,13.0,18.0,2.0,5.0,3.0,4.0,8.0,15.0,4.0,8.0,5.0,5.0,0.1230524752543651,0.5767441860465117,0.06990364882462446,0.47596153846153844,2.0,2.0,True,2020
1,23,22,8.0,15.0,4.0,8.0,5.0,5.0,13.0,18.0,2.0,5.0,3.0,4.0,0.06990364882462446,0.47596153846153844,0.1384419802034921,0.5787037037037037,2.0,2.0,False,2020
1,12,5,13.0,18.0,5.0,10.0,3.0,7.0,12.0,15.0,5.0,12.0,6.0,7.0,0.0953017042430918,0.5336538461538461,0.11971393401746053,0.5420560747663551,3.0,3.0,True,2020
0,25,26,9.0,15.0,3.0,6.0,3.0,4.0,10.0,17.0,5.0,11.0,7.0,7.0,0.09164106448945664,0.6835443037974683,0.14351798990634537,0.5720930232558139,3.0,2.0,True,2020
0,5,12,12.0,15.0,5.0,12.0,6.0,7.0,13.0,18.0,5.0,10.0,3.0,7.0,0.11971393401746053,0.5420560747663551,0.11624136339447344,0.5358851674641149,3.0,3.0,False,2020
1,26,25,10.0,17.0,5.0,11.0,7.0,7.0,9.0,15.0,3.0,6.0,3.0,4.0,0.14351798990634537,0.5720930232558139,0.1133128515915653,0.6848739495798319,2.0,3.0,False,2020
0,10,29,9.0,19.0,3.0,7.0,8.0,10.0,9.0,19.0,4.0,9.0,3.0,5.0,0.12376375130615665,0.41626794258373206,0.1836302451530339,0.5147058823529411,2.0,2.0,True,2020
1,29,10,9.0,19.0,4.0,9.0,3.0,5.0,9.0,19.0,3.0,7.0,8.0,10.0,0.1836302451530339,0.5147058823529411,0.1390110010449253,0.41904761904761906,2.0,2.0,False,2020
1,2,19,11.0,19.0,4.0,11.0,3.0,5.0,11.0,14.0,5.0,8.0,4.0,5.0,0.12661461305310256,0.625,0.07455727873857462,0.4523809523809524,2.0,2.0,False,2020
1,27,14,12.0,21.0,6.0,11.0,7.0,7.0,8.0,15.0,4.0,10.0,5.0,6.0,0.05150325292722555,0.3073170731707317,0.0675523134770174,0.42857142857142855,2.0,3.0,True,2020
1,4,2,11.0,22.0,4.0,6.0,10.0,20.0,14.0,23.0,5.0,11.0,8.0,9.0,0.17751216085664315,0.6710526315789473,0.10129169044248205,0.6201550387596899,2.0,1.0,True,2020
0,11,8,16.0,34.0,7.0,15.0,7.0,9.0,15.0,25.0,3.0,8.0,16.0,20.0,0.19204483365672023,0.6,0.1270940732104709,0.4719626168224299,2.0,3.0,False,2020
1,28,7,11.0,23.0,2.0,5.0,7.0,10.0,11.0,18.0,3.0,8.0,9.0,11.0,0.057409090728510526,0.2780487804878049,0.08799102869659357,0.27450980392156865,2.0,2.0,False,2020
0,2,4,14.0,23.0,5.0,11.0,8.0,9.0,11.0,22.0,4.0,6.0,10.0,20.0,0.10129169044248205,0.6201550387596899,0.1820097286853145,0.6724890829694323,1.0,2.0,False,2020
1,0,20,7.0,18.0,6.0,12.0,9.0,10.0,11.0,20.0,7.0,10.0,7.0,10.0,0.016932712752987696,0.6184738955823293,0.14622534334177612,0.6192660550458715,2.0,1.0,False,2020
1,8,11,15.0,25.0,3.0,8.0,16.0,20.0,16.0,34.0,7.0,15.0,7.0,9.0,0.1270940732104709,0.4719626168224299,0.15363586692537617,0.5972850678733032,3.0,2.0,True,2020
0,7,28,11.0,18.0,3.0,8.0,9.0,11.0,11.0,23.0,2.0,5.0,7.0,10.0,0.08799102869659357,0.27450980392156865,0.04592727258280842,0.2766990291262136,2.0,2.0,True,2020
0,10,24,8.0,17.0,4.0,12.0,3.0,5.0,12.0,20.0,4.0,8.0,4.0,9.0,0.1390110010449253,0.41904761904761906,0.1309325036395226,0.675,1.0,2.0,False,2020
0,20,0,11.0,20.0,7.0,10.0,7.0,10.0,7.0,18.0,6.0,12.0,9.0,10.0,0.14622534334177612,0.6192660550458715,0.013546170202390156,0.616,1.0,2.0,True,2020
1,24,10,12.0,20.0,4.0,8.0,4.0,9.0,8.0,17.0,4.0,12.0,3.0,5.0,0.1309325036395226,0.675,0.11120880083594024,0.41706161137440756,2.0,1.0,True,2020
1,22,23,11.0,18.0,3.0,4.0,6.0,8.0,9.0,21.0,3.0,9.0,6.0,6.0,0.1384419802034921,0.5787037037037037,0.05592291905969957,0.47368421052631576,2.0,2.0,True,2020
0,9,5,10.0,17.0,6.0,10.0,5.0,7.0,11.0,20.0,3.0,7.0,7.0,7.0,0.06275171618645084,0.3024390243902439,0.09577114721396843,0.5395348837209303,3.0,2.0,True,2020
1,16,3,9.0,16.0,4.0,7.0,4.0,4.0,11.0,25.0,3.0,8.0,9.0,13.0,0.1700363931060388,0.36097560975609755,0.06118475637216826,0.40969162995594716,3.0,3.0,True,2020
0,17,13,13.0,25.0,3.0,10.0,5.0,7.0,11.0,23.0,8.0,12.0,6.0,8.0,0.10918686683282638,0.5663716814159292,0.13387974427244348,0.40487804878048783,2.0,2.0,False,2020
1,26,12,7.0,16.0,7.0,12.0,6.0,7.0,9.0,17.0,4.0,11.0,7.0,10.0,0.1148143919250763,0.5694444444444444,0.11624136339447344,0.5358851674641149,2.0,2.0,False,2020
1,5,9,11.0,20.0,3.0,7.0,7.0,7.0,10.0,17.0,6.0,10.0,5.0,7.0,0.09577114721396843,0.5395348837209303,0.09020137294916067,0.3058252427184466,2.0,3.0,False,2020
1,13,17,11.0,23.0,8.0,12.0,6.0,8.0,13.0,25.0,3.0,10.0,5.0,7.0,0.13387974427244348,0.40487804878048783,0.08734949346626111,0.5638766519823789,2.0,2.0,True,2020
0,14,25,9.0,13.0,3.0,11.0,3.0,5.0,10.0,17.0,6.0,9.0,5.0,6.0,0.0675523134770174,0.42857142857142855,0.1133128515915653,0.6848739495798319,2.0,2.0,False,2020
0,27,18,9.0,20.0,2.0,8.0,5.0,5.0,10.0,17.0,6.0,9.0,3.0,3.0,0.08120260234178044,0.3106796116504854,0.09624054353478935,0.618421052631579,2.0,2.0,False,2020
0,23,22,9.0,21.0,3.0,9.0,6.0,6.0,11.0,18.0,3.0,4.0,6.0,8.0,0.05592291905969957,0.47368421052631576,0.15075358416279366,0.5806451612903226,2.0,2.0,False,2020
1,18,27,10.0,17.0,6.0,9.0,3.0,3.0,9.0,20.0,2.0,8.0,5.0,5.0,0.09624054353478935,0.618421052631579,0.06496208187342435,0.30917874396135264,2.0,2.0,True,2020
1,25,14,10.0,17.0,6.0,9.0,5.0,6.0,9.0,13.0,3.0,11.0,3.0,5.0,0.1133128515915653,0.6848739495798319,0.05404185078161392,0.4265402843601896,2.0,2.0,True,2020
0,3,16,11.0,25.0,3.0,8.0,9.0,13.0,9.0,16.0,4.0,7.0,4.0,4.0,0.06118475637216826,0.40969162995594716,0.17602911448483105,0.3640776699029126,3.0,3.0,False,2020
0,12,26,9.0,17.0,4.0,11.0,7.0,10.0,7.0,16.0,7.0,12.0,6.0,7.0,0.11624136339447344,0.5358851674641149,0.09185151354006103,0.5668202764976958,2.0,2.0,True,2020
0,17,26,12.0,23.0,5.0,12.0,9.0,12.0,11.0,17.0,3.0,5.0,5.0,6.0,0.08734949346626111,0.5638766519823789,0.09185151354006103,0.5668202764976958,1.0,1.0,False,2020
0,10,0,10.0,19.0,4.0,10.0,3.0,4.0,9.0,21.0,4.0,12.0,4.0,4.0,0.11120880083594024,0.41706161137440756,0.013546170202390156,0.616,2.0,2.0,False,2020
0,18,28,9.0,15.0,4.0,8.0,3.0,8.0,8.0,17.0,2.0,8.0,3.0,4.0,0.11699243482783148,0.6200873362445415,0.04592727258280842,0.2766990291262136,1.0,2.0,True,2020
1,8,24,10.0,18.0,4.0,9.0,8.0,12.0,15.0,28.0,4.0,7.0,14.0,15.0,0.1416752585683767,0.4744186046511628,0.14474600291161807,0.6829268292682927,2.0,2.0,False,2020
0,29,1,13.0,25.0,4.0,9.0,5.0,6.0,15.0,23.0,3.0,9.0,16.0,18.0,0.1469041961224271,0.5121951219512195,0.09000705922332074,0.6939655172413793,3.0,3.0,True,2020
1,27,3,19.0,31.0,3.0,8.0,5.0,6.0,10.0,20.0,4.0,8.0,5.0,5.0,0.06496208187342435,0.30917874396135264,0.04894780509773461,0.40789473684210525,1.0,1.0,True,2020
0,4,6,12.0,20.0,3.0,6.0,3.0,7.0,7.0,15.0,3.0,12.0,4.0,4.0,0.1820097286853145,0.6724890829694323,0.056904746224998214,0.4258373205741627,2.0,3.0,True,2020
1,6,4,7.0,15.0,3.0,12.0,4.0,4.0,12.0,20.0,3.0,6.0,3.0,7.0,0.056904746224998214,0.4258373205741627,0.18560778294825162,0.6739130434782609,3.0,2.0,False,2020
1,26,17,11.0,17.0,3.0,5.0,5.0,6.0,12.0,23.0,5.0,12.0,9.0,12.0,0.09185151354006103,0.5668202764976958,0.0698795947730089,0.5614035087719298,1.0,1.0,True,2020
1,9,19,8.0,16.0,2.0,7.0,2.0,4.0,12.0,17.0,5.0,7.0,5.0,6.0,0.09020137294916067,0.3058252427184466,0.07455727873857462,0.4523809523809524,1.0,3.0,False,2020
0,24,8,15.0,28.0,4.0,7.0,14.0,15.0,10.0,18.0,4.0,9.0,8.0,12.0,0.14474600291161807,0.6829268292682927,0.11334020685470136,0.4722222222222222,2.0,2.0,True,2020
0,7,2,12.0,22.0,6.0,8.0,14.0,15.0,13.0,25.0,11.0,22.0,5.0,5.0,0.11039282295727486,0.2780487804878049,0.08103335235398565,0.6153846153846154,2.0,2.0,True,2020
0,25,23,11.0,17.0,7.0,8.0,3.0,4.0,8.0,20.0,4.0,13.0,6.0,9.0,0.13065028127325223,0.6861924686192469,0.04473833524775966,0.4714285714285714,1.0,1.0,True,2020
1,23,25,8.0,20.0,4.0,13.0,6.0,9.0,11.0,17.0,7.0,8.0,3.0,4.0,0.04473833524775966,0.4714285714285714,0.1445202250186018,0.6875,1.0,1.0,False,2020
0,19,9,12.0,17.0,5.0,7.0,5.0,6.0,8.0,16.0,2.0,7.0,2.0,4.0,0.07455727873857462,0.4523809523809524,0.07216109835932853,0.30434782608695654,3.0,1.0,True,2020
0,3,27,10.0,20.0,4.0,8.0,5.0,5.0,19.0,31.0,3.0,8.0,5.0,6.0,0.04894780509773461,0.40789473684210525,0.09196966549873949,0.3125,1.0,1.0,False,2020
1,0,10,9.0,21.0,4.0,12.0,4.0,4.0,10.0,19.0,4.0,10.0,3.0,4.0,0.013546170202390156,0.616,0.08896704066875219,0.41509433962264153,2.0,2.0,True,2020
1,28,18,8.0,17.0,2.0,8.0,3.0,4.0,9.0,15.0,4.0,8.0,3.0,8.0,0.04592727258280842,0.2766990291262136,0.1335939478622652,0.6217391304347826,2.0,1.0,False,2020
0,15,11,10.0,19.0,2.0,7.0,2.0,3.0,10.0,18.0,6.0,11.0,10.0,11.0,0.05156455384618541,0.3951219512195122,0.15363586692537617,0.5972850678733032,3.0,2.0,False,2020
1,2,7,13.0,25.0,11.0,22.0,5.0,5.0,12.0,22.0,6.0,8.0,14.0,15.0,0.08103335235398565,0.6153846153846154,0.1283142583658199,0.2815533980582524,2.0,2.0,False,2020
1,1,29,15.0,23.0,3.0,9.0,16.0,18.0,13.0,25.0,4.0,9.0,5.0,6.0,0.09000705922332074,0.6939655172413793,0.15752335689794167,0.5145631067961165,3.0,3.0,False,2020
1,11,15,10.0,18.0,6.0,11.0,10.0,11.0,10.0,19.0,2.0,7.0,2.0,3.0,0.15363586692537617,0.5972850678733032,0.04125164307694833,0.3932038834951456,2.0,3.0,True,2020
0,22,20,10.0,17.0,6.0,7.0,8.0,8.0,10.0,17.0,2.0,4.0,8.0,12.0,0.15075358416279366,0.5806451612903226,0.1569802746734209,0.6210045662100456,2.0,3.0,True,2020
1,5,12,8.0,16.0,4.0,10.0,6.0,6.0,8.0,14.0,4.0,10.0,6.0,6.0,0.07661691777117474,0.5370370370370371,0.13299309071557874,0.5380952380952381,2.0,2.0,True,2020
0,12,5,8.0,14.0,4.0,10.0,6.0,6.0,8.0,16.0,4.0,10.0,6.0,6.0,0.13299309071557874,0.5380952380952381,0.10129353421693979,0.5391705069124424,2.0,2.0,False,2020
1,20,22,10.0,17.0,2.0,4.0,8.0,12.0,10.0,17.0,6.0,7.0,8.0,8.0,0.1569802746734209,0.6210045662100456,0.16060286733023496,0.5825688073394495,3.0,2.0,False,2020
0,20,23,8.0,15.0,4.0,8.0,3.0,4.0,9.0,19.0,2.0,7.0,8.0,9.0,0.12558421973873674,0.6181818181818182,0.035790668198207726,0.46919431279620855,1.0,2.0,True,2020
1,11,22,11.0,19.0,3.0,6.0,5.0,5.0,5.0,12.0,2.0,7.0,1.0,2.0,0.16290869354030094,0.5990990990990991,0.16060286733023496,0.5825688073394495,2.0,1.0,True,2020
0,10,21,11.0,21.0,6.0,8.0,2.0,3.0,8.0,17.0,4.0,12.0,4.0,6.0,0.08896704066875219,0.41509433962264153,0.024195509682588573,0.4326923076923077,2.0,5.0,True,2020
1,23,20,9.0,19.0,2.0,7.0,8.0,9.0,8.0,15.0,4.0,8.0,3.0,4.0,0.035790668198207726,0.46919431279620855,0.1404673757909894,0.6199095022624435,2.0,1.0,False,2020
1,4,27,12.0,20.0,3.0,6.0,3.0,9.0,7.0,19.0,4.0,8.0,8.0,9.0,0.18560778294825162,0.6739130434782609,0.09196966549873949,0.3125,2.0,2.0,True,2020
1,9,25,11.0,20.0,3.0,9.0,18.0,21.0,7.0,14.0,6.0,9.0,11.0,14.0,0.07216109835932853,0.30434782608695654,0.1445202250186018,0.6875,2.0,2.0,False,2020
1,21,10,8.0,17.0,4.0,12.0,4.0,6.0,11.0,21.0,6.0,8.0,2.0,3.0,0.024195509682588573,0.4326923076923077,0.11117363253500176,0.41784037558685444,5.0,2.0,False,2020
0,5,7,9.0,15.0,8.0,11.0,8.0,9.0,13.0,23.0,4.0,6.0,7.0,8.0,0.10129353421693979,0.5391705069124424,0.1283142583658199,0.2815533980582524,1.0,2.0,True,2020
1,16,8,12.0,25.0,3.0,8.0,5.0,6.0,12.0,18.0,7.0,10.0,11.0,12.0,0.17602911448483105,0.3640776699029126,0.11334020685470136,0.4722222222222222,3.0,2.0,False,2020
1,14,19,10.0,21.0,2.0,7.0,7.0,8.0,8.0,21.0,4.0,9.0,4.0,7.0,0.05404185078161392,0.4265402843601896,0.0996458229908597,0.4549763033175355,3.0,2.0,True,2020
0,8,16,12.0,18.0,7.0,10.0,11.0,12.0,12.0,25.0,3.0,8.0,5.0,6.0,0.11334020685470136,0.4722222222222222,0.14082329158786483,0.36231884057971014,2.0,3.0,True,2020
0,0,17,11.0,27.0,5.0,16.0,9.0,9.0,17.0,37.0,11.0,20.0,16.0,16.0,0.050836936161912115,0.6175298804780877,0.0698795947730089,0.5614035087719298,2.0,2.0,False,2020
0,19,14,8.0,21.0,4.0,9.0,4.0,7.0,10.0,21.0,2.0,7.0,7.0,8.0,0.0996458229908597,0.4549763033175355,0.08323348062529114,0.42924528301886794,2.0,3.0,False,2020
0,22,11,5.0,12.0,2.0,7.0,1.0,2.0,11.0,19.0,3.0,6.0,5.0,5.0,0.16060286733023496,0.5825688073394495,0.17032695483224075,0.600896860986547,1.0,2.0,False,2020
1,7,5,13.0,23.0,4.0,6.0,7.0,8.0,9.0,15.0,8.0,11.0,8.0,9.0,0.1283142583658199,0.2815533980582524,0.12103482737355183,0.5412844036697247,2.0,1.0,False,2020
1,1,26,16.0,29.0,3.0,17.0,10.0,13.0,9.0,19.0,4.0,8.0,7.0,7.0,0.07200564737865658,0.6909871244635193,0.11348121083204883,0.5688073394495413,2.0,2.0,False,2020
1,3,28,6.0,20.0,4.0,10.0,4.0,4.0,8.0,17.0,2.0,5.0,5.0,5.0,0.03915824407818769,0.40611353711790393,0.03674181806624673,0.2753623188405797,2.0,2.0,False,2020
1,12,15,9.0,17.0,4.0,10.0,8.0,8.0,8.0,22.0,5.0,17.0,4.0,4.0,0.106394472572463,0.5355450236966824,0.04125164307694833,0.3932038834951456,1.0,2.0,True,2020
1,2,29,10.0,18.0,5.0,8.0,6.0,9.0,7.0,12.0,2.0,6.0,5.0,7.0,0.06482668188318852,0.6106870229007634,0.15752335689794167,0.5145631067961165,2.0,2.0,True,2020
0,29,2,7.0,12.0,2.0,6.0,5.0,7.0,10.0,18.0,5.0,8.0,6.0,9.0,0.15752335689794167,0.5145631067961165,0.09186134550655081,0.6136363636363636,2.0,2.0,False,2020
0,25,9,7.0,14.0,6.0,9.0,11.0,14.0,11.0,20.0,3.0,9.0,18.0,21.0,0.1445202250186018,0.6875,0.05772887868746283,0.30288461538461536,2.0,2.0,True,2020
0,15,12,8.0,22.0,5.0,17.0,4.0,4.0,9.0,17.0,4.0,10.0,8.0,8.0,0.04125164307694833,0.3932038834951456,0.1251155780579704,0.5377358490566038,2.0,1.0,False,2020
1,6,18,6.0,17.0,3.0,7.0,7.0,9.0,12.0,17.0,3.0,10.0,10.0,14.0,0.045523796979998574,0.4238095238095238,0.1335939478622652,0.6217391304347826,2.0,2.0,False,2020
0,26,1,9.0,19.0,4.0,8.0,7.0,7.0,16.0,29.0,3.0,17.0,10.0,13.0,0.11348121083204883,0.5688073394495413,0.05760451790292527,0.688034188034188,2.0,2.0,True,2020
0,27,4,7.0,19.0,4.0,8.0,8.0,9.0,12.0,20.0,3.0,6.0,3.0,9.0,0.09196966549873949,0.3125,0.1884862263586013,0.6753246753246753,2.0,2.0,False,2020
1,17,0,17.0,37.0,11.0,20.0,16.0,16.0,11.0,27.0,5.0,16.0,9.0,9.0,0.0698795947730089,0.5614035087719298,0.04066954892952969,0.6150793650793651,2.0,2.0,True,2020
0,18,6,12.0,17.0,3.0,10.0,10.0,14.0,6.0,17.0,3.0,7.0,7.0,9.0,0.1335939478622652,0.6217391304347826,0.03641903758399886,0.4218009478672986,2.0,2.0,True,2020
0,28,3,8.0,17.0,2.0,5.0,5.0,5.0,6.0,20.0,4.0,10.0,4.0,4.0,0.03674181806624673,0.2753623188405797,0.03132659526255015,0.4043478260869565,2.0,2.0,True,2020
1,13,24,12.0,26.0,3.0,12.0,9.0,14.0,12.0,29.0,5.0,11.0,11.0,12.0,0.1471037954179548,0.4077669902912621,0.15579680232929446,0.6904761904761905,4.0,3.0,False,2020
0,24,13,12.0,29.0,5.0,11.0,11.0,12.0,12.0,26.0,3.0,12.0,9.0,14.0,0.15579680232929446,0.6904761904761905,0.11768303633436383,0.4057971014492754,3.0,4.0,True,2020
0,14,12,16.0,24.0,4.0,12.0,4.0,5.0,8.0,14.0,7.0,9.0,16.0,18.0,0.08323348062529114,0.42924528301886794,0.1251155780579704,0.5377358490566038,2.0,2.0,False,2020
0,18,25,7.0,18.0,4.0,10.0,7.0,9.0,8.0,23.0,6.0,8.0,6.0,9.0,0.14687515828981215,0.6233766233766234,0.15561618001488145,0.6887966804979253,2.0,2.0,False,2020
1,12,14,8.0,14.0,7.0,9.0,16.0,18.0,16.0,24.0,4.0,12.0,4.0,5.0,0.1251155780579704,0.5377358490566038,0.0665867845002329,0.4272300469483568,2.0,2.0,True,2020
1,27,23,8.0,18.0,4.0,10.0,8.0,9.0,16.0,24.0,4.0,10.0,4.0,6.0,0.0735757323989916,0.31100478468899523,0.02863253455856618,0.4669811320754717,2.0,2.0,True,2020
0,16,2,7.0,15.0,3.0,8.0,3.0,4.0,9.0,18.0,3.0,7.0,5.0,7.0,0.14082329158786483,0.36231884057971014,0.09186134550655081,0.6136363636363636,2.0,2.0,False,2020
1,25,18,8.0,23.0,6.0,8.0,6.0,9.0,7.0,18.0,4.0,10.0,7.0,9.0,0.15561618001488145,0.6887966804979253,0.11750012663184972,0.6206896551724138,2.0,2.0,True,2020
0,23,27,16.0,24.0,4.0,10.0,4.0,6.0,8.0,18.0,4.0,10.0,8.0,9.0,0.02863253455856618,0.4669811320754717,0.09886058591919326,0.3142857142857143,2.0,2.0,False,2020
0,11,0,10.0,14.0,4.0,8.0,3.0,7.0,10.0,21.0,2.0,7.0,6.0,6.0,0.17032695483224075,0.600896860986547,0.04066954892952969,0.6150793650793651,2.0,2.0,True,2020
1,2,16,9.0,18.0,3.0,7.0,5.0,7.0,7.0,15.0,3.0,8.0,3.0,4.0,0.09186134550655081,0.6136363636363636,0.11265863327029187,0.3605769230769231,2.0,2.0,True,2020
1,1,20,11.0,25.0,6.0,8.0,13.0,15.0,8.0,19.0,2.0,6.0,3.0,6.0,0.05760451790292527,0.688034188034188,0.1404673757909894,0.6199095022624435,2.0,2.0,True,2020
0,20,1,8.0,19.0,2.0,6.0,3.0,6.0,11.0,25.0,6.0,8.0,13.0,15.0,0.1404673757909894,0.6199095022624435,0.08608361432234021,0.6893617021276596,2.0,2.0,False,2020
1,0,11,10.0,21.0,2.0,7.0,6.0,6.0,10.0,14.0,4.0,8.0,3.0,7.0,0.04066954892952969,0.6150793650793651,0.17626156386579261,0.6026785714285714,2.0,2.0,False,2020
0,24,9,12.0,23.0,2.0,7.0,6.0,13.0,12.0,22.0,3.0,6.0,6.0,6.0,0.1646374418634356,0.6976744186046512,0.05772887868746283,0.30288461538461536,1.0,2.0,False,2020
1,7,22,5.0,16.0,1.0,4.0,6.0,7.0,11.0,18.0,3.0,4.0,8.0,11.0,0.1026514066926559,0.28019323671497587,0.12848229386418797,0.5799086757990868,2.0,2.0,False,2020
1,19,15,8.0,17.0,3.0,7.0,9.0,11.0,8.0,17.0,3.0,9.0,5.0,9.0,0.07971665839268775,0.4528301886792453,0.03300131446155866,0.391304347826087,2.0,2.0,True,2020
0,15,19,8.0,17.0,3.0,9.0,5.0,9.0,8.0,17.0,3.0,7.0,9.0,11.0,0.03300131446155866,0.391304347826087,0.10377332671415021,0.45539906103286387,2.0,2.0,False,2020
0,29,28,9.0,16.0,3.0,7.0,13.0,13.0,7.0,16.0,5.0,11.0,4.0,5.0,0.12601868551835332,0.5120772946859904,0.06939345445299738,0.27884615384615385,2.0,2.0,True,2020
0,22,7,11.0,18.0,3.0,4.0,8.0,11.0,5.0,16.0,1.0,4.0,6.0,7.0,0.12848229386418797,0.5799086757990868,0.08212112535412472,0.27884615384615385,2.0,2.0,True,2020
1,28,29,7.0,16.0,5.0,11.0,4.0,5.0,9.0,16.0,3.0,7.0,13.0,13.0,0.06939345445299738,0.27884615384615385,0.14081494841468267,0.5144230769230769,2.0,2.0,False,2020
1,8,5,8.0,22.0,4.0,8.0,8.0,11.0,12.0,20.0,2.0,8.0,7.0,8.0,0.1306721654837611,0.47465437788018433,0.12103482737355183,0.5412844036697247,2.0,2.0,False,2020
0,5,8,12.0,20.0,2.0,8.0,7.0,8.0,8.0,22.0,4.0,8.0,8.0,11.0,0.12103482737355183,0.5412844036697247,0.10453773238700888,0.4724770642201835,2.0,2.0,True,2020
1,10,26,10.0,20.0,5.0,11.0,5.0,5.0,13.0,18.0,4.0,7.0,9.0,11.0,0.11117363253500176,0.41784037558685444,0.13078496866563907,0.5707762557077626,2.0,2.0,False,2020
1,9,24,12.0,22.0,3.0,6.0,6.0,6.0,12.0,23.0,2.0,7.0,6.0,13.0,0.05772887868746283,0.30288461538461536,0.1317099534907485,0.6818181818181818,2.0,1.0,True,2020
0,26,10,13.0,18.0,4.0,7.0,9.0,11.0,10.0,20.0,5.0,11.0,5.0,5.0,0.13078496866563907,0.5707762557077626,0.0889389060280014,0.4158878504672897,2.0,2.0,True,2020
1,6,29,7.0,17.0,4.0,7.0,4.0,4.0,11.0,19.0,4.0,7.0,7.0,8.0,0.03641903758399886,0.4218009478672986,0.14081494841468267,0.5144230769230769,3.0,1.0,False,2020
0,29,6,11.0,19.0,4.0,7.0,7.0,8.0,7.0,17.0,4.0,7.0,4.0,4.0,0.14081494841468267,0.5144230769230769,0.029135230067199085,0.419811320754717,1.0,3.0,True,2020
0,14,3,15.0,22.0,4.0,8.0,4.0,4.0,10.0,19.0,3.0,9.0,7.0,7.0,0.0665867845002329,0.4272300469483568,0.03132659526255015,0.4043478260869565,1.0,3.0,True,2020
1,17,13,16.0,28.0,8.0,15.0,7.0,7.0,11.0,25.0,4.0,11.0,5.0,7.0,0.09590367581840711,0.5633187772925764,0.11768303633436383,0.4057971014492754,3.0,2.0,False,2020
1,3,14,10.0,19.0,3.0,9.0,7.0,7.0,15.0,22.0,4.0,8.0,4.0,4.0,0.03132659526255015,0.4043478260869565,0.09326942760018632,0.42990654205607476,3.0,1.0,False,2020
0,13,17,11.0,25.0,4.0,11.0,5.0,7.0,16.0,28.0,8.0,15.0,7.0,7.0,0.11768303633436383,0.4057971014492754,0.0767229406547257,0.5608695652173913,2.0,3.0,True,2020
0,2,10,12.0,23.0,6.0,12.0,7.0,7.0,11.0,19.0,5.0,11.0,4.0,6.0,0.11348907640524064,0.6165413533834586,0.0889389060280014,0.4158878504672897,2.0,2.0,True,2020
1,21,4,10.0,17.0,4.0,9.0,8.0,9.0,13.0,19.0,2.0,7.0,5.0,7.0,0.019356407746070857,0.430622009569378,0.1884862263586013,0.6753246753246753,4.0,4.0,False,2020
0,20,8,9.0,20.0,3.0,7.0,8.0,8.0,7.0,17.0,5.0,7.0,6.0,7.0,0.11237390063279151,0.6171171171171171,0.10453773238700888,0.4724770642201835,2.0,2.0,True,2020
1,8,20,7.0,17.0,5.0,7.0,6.0,7.0,9.0,20.0,3.0,7.0,8.0,8.0,0.10453773238700888,0.4724770642201835,0.1298991205062332,0.6188340807174888,2.0,2.0,False,2020
1,19,16,10.0,21.0,3.0,7.0,7.0,9.0,10.0,15.0,4.0,8.0,9.0,9.0,0.10377332671415021,0.45539906103286387,0.11265863327029187,0.3605769230769231,2.0,2.0,False,2020
0,16,19,10.0,15.0,4.0,8.0,9.0,9.0,10.0,21.0,3.0,7.0,7.0,9.0,0.11265863327029187,0.3605769230769231,0.08301866137132016,0.4532710280373832,2.0,2.0,True,2020
0,7,5,11.0,20.0,3.0,7.0,10.0,10.0,10.0,15.0,2.0,7.0,10.0,11.0,0.08212112535412472,0.27884615384615385,0.13682786189884147,0.54337899543379,2.0,2.0,True,2020
1,23,1,12.0,23.0,3.0,8.0,5.0,5.0,16.0,27.0,6.0,13.0,13.0,13.0,0.022906027646852945,0.4647887323943662,0.08608361432234021,0.6893617021276596,2.0,2.0,False,2020
1,28,25,7.0,15.0,4.0,8.0,5.0,7.0,9.0,15.0,3.0,8.0,13.0,14.0,0.05551476356239791,0.27751196172248804,0.16449294401190512,0.6900826446280992,2.0,2.0,False,2020
1,10,2,11.0,19.0,5.0,11.0,4.0,6.0,12.0,23.0,6.0,12.0,7.0,7.0,0.0889389060280014,0.4158878504672897,0.1307912611241925,0.6194029850746269,2.0,2.0,False,2020
0,1,23,16.0,27.0,6.0,13.0,13.0,13.0,12.0,23.0,3.0,8.0,5.0,5.0,0.08608361432234021,0.6893617021276596,0.018324822117482355,0.46261682242990654,2.0,2.0,True,2020
0,22,0,14.0,23.0,6.0,7.0,6.0,6.0,13.0,21.0,9.0,13.0,3.0,4.0,0.14278583509135037,0.5818181818181818,0.03253563914362375,0.6126482213438735,2.0,2.0,True,2020
0,4,21,13.0,19.0,2.0,7.0,5.0,7.0,10.0,17.0,4.0,9.0,8.0,9.0,0.1884862263586013,0.6753246753246753,0.015485126196856686,0.42857142857142855,4.0,4.0,True,2020
1,12,24,8.0,19.0,5.0,10.0,8.0,8.0,9.0,22.0,6.0,12.0,11.0,11.0,0.14009246244637633,0.539906103286385,0.1317099534907485,0.6818181818181818,2.0,2.0,False,2020
1,26,9,8.0,16.0,4.0,6.0,10.0,13.0,13.0,20.0,4.0,8.0,10.0,12.0,0.14462797493251126,0.5727272727272728,0.08618310294997027,0.3062200956937799,2.0,2.0,True,2020
0,15,27,8.0,14.0,5.0,9.0,8.0,9.0,8.0,21.0,3.0,9.0,3.0,4.0,0.02640105156924693,0.3894230769230769,0.09886058591919326,0.3142857142857143,2.0,2.0,True,2020
0,25,28,9.0,15.0,3.0,8.0,13.0,14.0,7.0,15.0,4.0,8.0,5.0,7.0,0.16449294401190512,0.6900826446280992,0.044411810849918326,0.2761904761904762,2.0,2.0,True,2020
1,0,22,13.0,21.0,9.0,13.0,3.0,4.0,14.0,23.0,6.0,7.0,6.0,6.0,0.03253563914362375,0.6126482213438735,0.15422866807308028,0.583710407239819,2.0,2.0,False,2020
0,24,12,9.0,22.0,6.0,12.0,11.0,11.0,8.0,19.0,5.0,10.0,8.0,8.0,0.1317099534907485,0.6818181818181818,0.11207396995710106,0.5373831775700935,2.0,2.0,True,2020
1,27,15,8.0,21.0,3.0,9.0,3.0,4.0,8.0,14.0,5.0,9.0,8.0,9.0,0.09886058591919326,0.3142857142857143,0.06112084125539754,0.3923444976076555,2.0,2.0,False,2020
0,9,26,13.0,20.0,4.0,8.0,10.0,12.0,8.0,16.0,4.0,6.0,10.0,13.0,0.08618310294997027,0.3062200956937799,0.155702379946009,0.5746606334841629,2.0,2.0,False,2020
1,5,7,10.0,15.0,2.0,7.0,10.0,11.0,11.0,20.0,3.0,7.0,10.0,10.0,0.13682786189884147,0.54337899543379,0.10569690028329978,0.2822966507177033,2.0,2.0,False,2020
1,11,13,9.0,25.0,5.0,11.0,7.0,9.0,11.0,25.0,4.0,10.0,3.0,5.0,0.17626156386579261,0.6026785714285714,0.13414642906749105,0.40865384615384615,3.0,2.0,True,2020
0,13,11,11.0,25.0,4.0,10.0,3.0,5.0,9.0,25.0,5.0,11.0,7.0,9.0,0.13414642906749105,0.40865384615384615,0.18100925109263408,0.6044444444444445,2.0,3.0,False,2020
1,19,6,10.0,22.0,3.0,8.0,5.0,8.0,15.0,30.0,5.0,12.0,10.0,10.0,0.08301866137132016,0.4532710280373832,0.029135230067199085,0.419811320754717,1.0,2.0,False,2020
1,23,26,13.0,23.0,4.0,11.0,7.0,8.0,10.0,19.0,4.0,6.0,6.0,6.0,0.018324822117482355,0.46261682242990654,0.155702379946009,0.5746606334841629,1.0,1.0,False,2020
0,6,19,15.0,30.0,5.0,12.0,10.0,10.0,10.0,22.0,3.0,8.0,5.0,8.0,0.029135230067199085,0.419811320754717,0.06641492909705612,0.4511627906976744,2.0,1.0,True,2020
0,27,3,16.0,30.0,5.0,12.0,7.0,8.0,8.0,16.0,4.0,8.0,2.0,3.0,0.0790884687353546,0.3127962085308057,0.025061276210040118,0.4025974025974026,1.0,2.0,True,2020
1,3,27,8.0,16.0,4.0,8.0,2.0,3.0,16.0,30.0,5.0,12.0,7.0,8.0,0.025061276210040118,0.4025974025974026,0.1032707749882837,0.3160377358490566,2.0,1.0,False,2020
1,18,29,12.0,20.0,3.0,9.0,6.0,7.0,13.0,22.0,2.0,6.0,10.0,13.0,0.11750012663184972,0.6206896551724138,0.15265195873174614,0.5167464114832536,3.0,2.0,True,2020
0,29,18,13.0,22.0,2.0,6.0,10.0,13.0,12.0,20.0,3.0,9.0,6.0,7.0,0.15265195873174614,0.5167464114832536,0.13400010130547976,0.6223175965665236,2.0,3.0,False,2020
0,26,23,10.0,19.0,4.0,6.0,6.0,6.0,13.0,23.0,4.0,11.0,7.0,8.0,0.155702379946009,0.5746606334841629,0.014659857693985884,0.4604651162790698,1.0,1.0,True,2020
0,14,9,12.0,22.0,3.0,9.0,15.0,18.0,13.0,24.0,6.0,11.0,13.0,16.0,0.09326942760018632,0.42990654205607476,0.06894648235997622,0.3047619047619048,3.0,2.0,False,2020
1,17,22,14.0,23.0,8.0,12.0,14.0,16.0,11.0,17.0,6.0,8.0,6.0,6.0,0.0767229406547257,0.5608695652173913,0.15422866807308028,0.583710407239819,3.0,2.0,True,2020
0,22,17,11.0,17.0,6.0,8.0,6.0,6.0,14.0,23.0,8.0,12.0,14.0,16.0,0.15422866807308028,0.583710407239819,0.10137835252378055,0.5627705627705628,2.0,3.0,False,2020
0,6,28,7.0,17.0,3.0,8.0,7.0,10.0,10.0,22.0,2.0,4.0,2.0,4.0,0.06330818405375928,0.4225352112676056,0.044411810849918326,0.2761904761904762,1.0,2.0,False,2020
0,1,20,14.0,29.0,3.0,10.0,7.0,7.0,9.0,18.0,4.0,6.0,6.0,7.0,0.10886689145787218,0.690677966101695,0.1298991205062332,0.6188340807174888,2.0,2.0,False,2020
0,7,16,11.0,24.0,5.0,11.0,9.0,10.0,9.0,18.0,3.0,6.0,7.0,11.0,0.10569690028329978,0.2822966507177033,0.1301269066162335,0.36363636363636365,2.0,2.0,False,2020
1,9,14,13.0,24.0,6.0,11.0,13.0,16.0,12.0,22.0,3.0,9.0,15.0,18.0,0.06894648235997622,0.3047619047619048,0.07461554208014906,0.42790697674418604,2.0,3.0,True,2020
0,2,8,10.0,24.0,4.0,10.0,11.0,11.0,10.0,20.0,4.0,9.0,4.0,8.0,0.1307912611241925,0.6194029850746269,0.08363018590960711,0.4703196347031963,2.0,2.0,False,2020
0,24,10,11.0,20.0,4.0,10.0,7.0,8.0,6.0,19.0,2.0,8.0,4.0,7.0,0.14536796279259878,0.6888888888888889,0.07115112482240113,0.413953488372093,2.0,2.0,True,2020
1,16,7,9.0,18.0,3.0,6.0,7.0,11.0,11.0,24.0,5.0,11.0,9.0,10.0,0.1301269066162335,0.36363636363636365,0.08455752022663983,0.28095238095238095,2.0,2.0,True,2020
0,25,5,12.0,23.0,5.0,11.0,6.0,9.0,5.0,12.0,3.0,7.0,6.0,6.0,0.1715943552095241,0.691358024691358,0.10946228951907318,0.5409090909090909,2.0,2.0,True,2020
1,28,6,10.0,22.0,2.0,4.0,2.0,4.0,7.0,17.0,3.0,8.0,7.0,10.0,0.044411810849918326,0.2761904761904762,0.05064654724300742,0.4205607476635514,2.0,1.0,True,2020
1,5,25,5.0,12.0,3.0,7.0,6.0,6.0,12.0,23.0,5.0,11.0,6.0,9.0,0.10946228951907318,0.5409090909090909,0.17727548416761926,0.6926229508196722,2.0,2.0,False,2020
1,8,2,10.0,20.0,4.0,9.0,4.0,8.0,10.0,24.0,4.0,10.0,11.0,11.0,0.08363018590960711,0.4703196347031963,0.10463300889935401,0.6148148148148148,2.0,2.0,True,2020
1,10,24,6.0,19.0,2.0,8.0,4.0,7.0,11.0,20.0,4.0,10.0,7.0,8.0,0.07115112482240113,0.413953488372093,0.15629437023407902,0.6956521739130435,2.0,2.0,False,2020
1,20,1,9.0,18.0,4.0,6.0,6.0,7.0,14.0,29.0,3.0,10.0,7.0,7.0,0.1298991205062332,0.6188340807174888,0.08709351316629774,0.6877637130801688,2.0,2.0,True,2020
1,23,15,13.0,21.0,7.0,11.0,6.0,8.0,14.0,24.0,9.0,14.0,8.0,14.0,0.014659857693985884,0.4604651162790698,0.06112084125539754,0.3923444976076555,2.0,3.0,False,2020
1,19,3,7.0,14.0,3.0,7.0,2.0,4.0,10.0,19.0,6.0,8.0,3.0,4.0,0.06641492909705612,0.4511627906976744,0.020049020968032093,0.40086206896551724,2.0,2.0,False,2020
0,10,12,6.0,15.0,3.0,10.0,3.0,4.0,10.0,16.0,6.0,9.0,5.0,5.0,0.056920899857920905,0.41203703703703703,0.11207396995710106,0.5373831775700935,1.0,3.0,False,2020
0,3,19,10.0,19.0,6.0,8.0,3.0,4.0,7.0,14.0,3.0,7.0,2.0,4.0,0.020049020968032093,0.40086206896551724,0.0531319432776449,0.44907407407407407,2.0,2.0,True,2020
1,27,5,7.0,22.0,4.0,9.0,6.0,6.0,11.0,21.0,6.0,12.0,14.0,17.0,0.1032707749882837,0.3160377358490566,0.08756983161525854,0.5384615384615384,2.0,1.0,True,2020
0,5,27,11.0,21.0,6.0,12.0,14.0,17.0,7.0,22.0,4.0,9.0,6.0,6.0,0.08756983161525854,0.5384615384615384,0.12261661999062697,0.3192488262910798,1.0,2.0,False,2020
1,26,13,6.0,20.0,3.0,8.0,6.0,6.0,10.0,24.0,5.0,12.0,4.0,7.0,0.1645619039568072,0.5765765765765766,0.10731714325399284,0.40669856459330145,2.0,2.0,False,2020
0,1,11,14.0,22.0,6.0,11.0,16.0,20.0,14.0,25.0,7.0,13.0,6.0,10.0,0.08709351316629774,0.6877637130801688,0.18100925109263408,0.6044444444444445,1.0,2.0,True,2020
1,12,10,10.0,16.0,6.0,9.0,5.0,5.0,6.0,15.0,3.0,10.0,3.0,4.0,0.11207396995710106,0.5373831775700935,0.04553671988633672,0.41013824884792627,3.0,1.0,True,2020
0,13,26,10.0,24.0,5.0,12.0,4.0,7.0,6.0,20.0,3.0,8.0,6.0,6.0,0.10731714325399284,0.40669856459330145,0.13164952316544576,0.5739910313901345,2.0,2.0,True,2020
0,15,23,14.0,24.0,9.0,14.0,8.0,14.0,13.0,21.0,7.0,11.0,6.0,8.0,0.06112084125539754,0.3923444976076555,0.011727886155188707,0.4583333333333333,3.0,2.0,True,2020
1,11,1,14.0,25.0,7.0,13.0,6.0,10.0,14.0,22.0,6.0,11.0,16.0,20.0,0.18100925109263408,0.6044444444444445,0.10967481053303821,0.6890756302521008,2.0,1.0,False,2020
1,21,28,9.0,17.0,4.0,8.0,8.0,8.0,10.0,20.0,4.0,13.0,4.0,5.0,0.015485126196856686,0.42857142857142855,0.07552944867993465,0.2796208530805687,4.0,2.0,True,2020
0,20,16,8.0,17.0,6.0,9.0,6.0,6.0,11.0,19.0,2.0,8.0,2.0,4.0,0.14391929640498655,0.6205357142857143,0.14410152529298678,0.36666666666666664,2.0,2.0,False,2020
0,28,21,10.0,20.0,4.0,13.0,4.0,5.0,9.0,17.0,4.0,8.0,8.0,8.0,0.07552944867993465,0.2796208530805687,0.05238810095748535,0.4312796208530806,2.0,4.0,False,2020
1,3,8,9.0,20.0,5.0,10.0,4.0,4.0,10.0,16.0,4.0,7.0,5.0,6.0,0.05603921677442567,0.4034334763948498,0.10690414872768568,0.4727272727272727,1.0,2.0,False,2020
1,4,14,16.0,26.0,7.0,10.0,12.0,12.0,13.0,31.0,4.0,9.0,17.0,18.0,0.19078898108688105,0.6767241379310345,0.07461554208014906,0.42790697674418604,4.0,2.0,True,2020
1,12,2,7.0,14.0,4.0,11.0,10.0,12.0,10.0,19.0,4.0,13.0,8.0,10.0,0.12965917596568083,0.5395348837209303,0.10463300889935401,0.6148148148148148,1.0,2.0,False,2020
1,16,20,11.0,19.0,2.0,8.0,2.0,4.0,8.0,17.0,6.0,9.0,6.0,6.0,0.14410152529298678,0.36666666666666664,0.11513543712398924,0.6177777777777778,2.0,2.0,True,2020
0,14,4,13.0,31.0,4.0,9.0,17.0,18.0,16.0,26.0,7.0,10.0,12.0,12.0,0.07461554208014906,0.42790697674418604,0.1926311848695048,0.6781115879828327,2.0,4.0,False,2020
0,2,12,10.0,19.0,4.0,13.0,8.0,10.0,7.0,14.0,4.0,11.0,10.0,12.0,0.10463300889935401,0.6148148148148148,0.10372734077254467,0.5370370370370371,2.0,1.0,True,2020
1,25,9,9.0,20.0,3.0,8.0,6.0,10.0,11.0,16.0,4.0,11.0,7.0,8.0,0.17727548416761926,0.6926229508196722,0.09515718588798097,0.3080568720379147,2.0,2.0,True,2020
1,13,7,7.0,15.0,2.0,7.0,6.0,7.0,13.0,20.0,3.0,7.0,6.0,8.0,0.12585371460319428,0.4095238095238095,0.08455752022663983,0.28095238095238095,1.0,2.0,False,2020
1,18,0,9.0,13.0,3.0,6.0,9.0,10.0,10.0,22.0,6.0,12.0,4.0,5.0,0.13400010130547976,0.6223175965665236,0.026028511314899,0.610236220472441,3.0,4.0,True,2020
0,8,3,10.0,16.0,4.0,7.0,5.0,6.0,9.0,20.0,5.0,10.0,4.0,4.0,0.10690414872768568,0.4727272727272727,0.044831373419540535,0.4017094017094017,2.0,1.0,True,2020
0,0,18,10.0,22.0,6.0,12.0,4.0,5.0,9.0,13.0,3.0,6.0,9.0,10.0,0.026028511314899,0.610236220472441,0.1472000810443838,0.6239316239316239,4.0,3.0,False,2020
0,7,13,13.0,20.0,3.0,7.0,6.0,8.0,7.0,15.0,2.0,7.0,6.0,7.0,0.08455752022663983,0.28095238095238095,0.10068297168255542,0.4075829383886256,2.0,1.0,True,2020
0,9,25,11.0,16.0,4.0,11.0,7.0,8.0,9.0,20.0,3.0,8.0,6.0,10.0,0.09515718588798097,0.3080568720379147,0.18182038733409542,0.6938775510204082,2.0,2.0,False,2020
0,11,5,9.0,20.0,4.0,9.0,10.0,18.0,11.0,19.0,3.0,9.0,16.0,19.0,0.14480740087410726,0.6017699115044248,0.07005586529220684,0.536036036036036,2.0,2.0,False,2020
1,15,26,10.0,19.0,3.0,10.0,2.0,3.0,8.0,13.0,5.0,9.0,5.0,5.0,0.08889667300431803,0.3952380952380952,0.13164952316544576,0.5739910313901345,2.0,2.0,False,2020
0,26,15,8.0,13.0,5.0,9.0,5.0,5.0,10.0,19.0,3.0,10.0,2.0,3.0,0.13164952316544576,0.5739910313901345,0.07111733840345442,0.3933649289099526,2.0,2.0,True,2020
1,28,16,7.0,17.0,4.0,9.0,6.0,10.0,9.0,17.0,4.0,6.0,6.0,8.0,0.06042355894394772,0.2783018867924528,0.15528122023438945,0.3696682464454976,1.0,1.0,False,2020
0,16,28,9.0,17.0,4.0,6.0,6.0,8.0,7.0,17.0,4.0,9.0,6.0,10.0,0.15528122023438945,0.3696682464454976,0.048338847155158175,0.27699530516431925,1.0,1.0,True,2020
1,6,19,9.0,16.0,4.0,8.0,8.0,11.0,9.0,16.0,4.0,7.0,10.0,11.0,0.05064654724300742,0.4205607476635514,0.0531319432776449,0.44907407407407407,3.0,2.0,True,2020
0,27,22,10.0,23.0,3.0,11.0,5.0,6.0,10.0,15.0,3.0,7.0,5.0,8.0,0.12261661999062697,0.3192488262910798,0.12338293445846422,0.581081081081081,2.0,3.0,False,2020
1,17,1,11.0,21.0,6.0,12.0,8.0,10.0,16.0,29.0,5.0,9.0,6.0,6.0,0.10137835252378055,0.5627705627705628,0.10967481053303821,0.6890756302521008,3.0,2.0,True,2020
1,22,27,10.0,15.0,3.0,7.0,5.0,8.0,10.0,23.0,3.0,11.0,5.0,6.0,0.12338293445846422,0.581081081081081,0.09809329599250158,0.3177570093457944,3.0,2.0,True,2020
1,5,11,11.0,19.0,3.0,9.0,16.0,19.0,9.0,20.0,4.0,9.0,10.0,18.0,0.07005586529220684,0.536036036036036,0.11584592069928581,0.5991189427312775,2.0,2.0,True,2020
0,1,17,16.0,29.0,5.0,9.0,6.0,6.0,11.0,21.0,6.0,12.0,8.0,10.0,0.10967481053303821,0.6890756302521008,0.12110268201902445,0.5646551724137931,2.0,3.0,False,2020
0,19,6,9.0,16.0,4.0,7.0,10.0,11.0,9.0,16.0,4.0,8.0,8.0,11.0,0.0531319432776449,0.44907407407407407,0.08051723779440592,0.4232558139534884,2.0,3.0,False,2020
0,11,20,13.0,22.0,7.0,12.0,4.0,6.0,11.0,19.0,2.0,6.0,5.0,6.0,0.11584592069928581,0.5991189427312775,0.11513543712398924,0.6177777777777778,1.0,2.0,False,2020
0,15,24,14.0,24.0,5.0,11.0,4.0,5.0,9.0,22.0,5.0,8.0,7.0,7.0,0.07111733840345442,0.3933649289099526,0.15629437023407902,0.6956521739130435,1.0,4.0,True,2020
1,20,11,11.0,19.0,2.0,6.0,5.0,6.0,13.0,22.0,7.0,12.0,4.0,6.0,0.11513543712398924,0.6177777777777778,0.09267673655942865,0.5964912280701754,2.0,1.0,True,2020
1,2,0,8.0,16.0,5.0,10.0,6.0,6.0,7.0,17.0,3.0,11.0,5.0,6.0,0.12370640711948319,0.6176470588235294,0.0208228090519192,0.6078431372549019,2.0,2.0,True,2020
0,0,2,7.0,17.0,3.0,11.0,5.0,6.0,8.0,16.0,5.0,10.0,6.0,6.0,0.0208228090519192,0.6078431372549019,0.13896512569558656,0.6204379562043796,2.0,2.0,False,2020
1,3,25,9.0,17.0,6.0,9.0,4.0,4.0,10.0,16.0,3.0,7.0,8.0,10.0,0.044831373419540535,0.4017094017094017,0.18182038733409542,0.6938775510204082,2.0,2.0,False,2020
0,18,9,10.0,15.0,5.0,9.0,11.0,13.0,9.0,22.0,3.0,9.0,18.0,20.0,0.1472000810443838,0.6239316239316239,0.07612574871038477,0.30660377358490565,2.0,2.0,False,2020
0,21,14,8.0,21.0,3.0,11.0,4.0,5.0,9.0,16.0,6.0,12.0,14.0,15.0,0.05238810095748535,0.4312796208530806,0.05969243366411925,0.42592592592592593,2.0,2.0,False,2020
1,14,21,9.0,16.0,6.0,12.0,14.0,15.0,8.0,21.0,3.0,11.0,4.0,5.0,0.05969243366411925,0.42592592592592593,0.04191048076598828,0.42924528301886794,2.0,2.0,True,2020
1,24,15,9.0,22.0,5.0,8.0,7.0,7.0,14.0,24.0,5.0,11.0,4.0,5.0,0.15629437023407902,0.6956521739130435,0.09689387072276354,0.39622641509433965,4.0,1.0,False,2020
1,9,18,9.0,22.0,3.0,9.0,18.0,20.0,10.0,15.0,5.0,9.0,11.0,13.0,0.07612574871038477,0.30660377358490565,0.11776006483550705,0.6212765957446809,2.0,2.0,True,2020
0,25,3,10.0,16.0,3.0,7.0,8.0,10.0,9.0,17.0,6.0,9.0,4.0,4.0,0.18182038733409542,0.6938775510204082,0.03586509873563243,0.4,2.0,2.0,True,2020
0,16,8,8.0,14.0,1.0,5.0,7.0,8.0,9.0,15.0,5.0,7.0,7.0,8.0,0.16422497618751156,0.37264150943396224,0.12552331898214855,0.4751131221719457,2.0,3.0,False,2020
0,13,1,12.0,20.0,4.0,9.0,10.0,13.0,13.0,28.0,6.0,14.0,9.0,10.0,0.10068297168255542,0.4075829383886256,0.08773984842643057,0.6861924686192469,3.0,2.0,False,2020
1,1,13,13.0,28.0,6.0,14.0,9.0,10.0,12.0,20.0,4.0,9.0,10.0,13.0,0.08773984842643057,0.6861924686192469,0.08054637734604433,0.4056603773584906,2.0,3.0,True,2020
0,27,6,8.0,17.0,2.0,7.0,6.0,6.0,19.0,23.0,7.0,9.0,9.0,10.0,0.09809329599250158,0.3177570093457944,0.08051723779440592,0.4232558139534884,2.0,2.0,False,2020
0,20,4,9.0,17.0,6.0,10.0,4.0,4.0,11.0,27.0,4.0,6.0,8.0,12.0,0.13210834969919139,0.6194690265486725,0.1926311848695048,0.6781115879828327,1.0,3.0,True,2020
1,4,20,11.0,27.0,4.0,6.0,8.0,12.0,9.0,17.0,6.0,10.0,4.0,4.0,0.1926311848695048,0.6781115879828327,0.1456866797593531,0.6211453744493393,3.0,1.0,False,2020
0,25,19,12.0,18.0,3.0,4.0,4.0,5.0,9.0,16.0,4.0,7.0,6.0,12.0,0.18545630986727635,0.6951219512195121,0.04250555462211592,0.4470046082949309,1.0,2.0,True,2020
0,17,29,17.0,30.0,7.0,12.0,7.0,8.0,14.0,22.0,3.0,8.0,6.0,8.0,0.12110268201902445,0.5646551724137931,0.12212156698539692,0.5142857142857142,2.0,6.0,True,2020
1,8,16,9.0,15.0,5.0,7.0,7.0,8.0,8.0,14.0,1.0,5.0,7.0,8.0,0.12552331898214855,0.4751131221719457,0.13137998095000925,0.37089201877934275,3.0,2.0,True,2020
1,7,26,9.0,18.0,4.0,8.0,8.0,9.0,9.0,19.0,3.0,7.0,8.0,9.0,0.10764601618131187,0.2843601895734597,0.1453196185323566,0.5758928571428571,3.0,2.0,False,2020
1,19,25,9.0,16.0,4.0,7.0,6.0,12.0,12.0,18.0,3.0,4.0,4.0,5.0,0.04250555462211592,0.4470046082949309,0.18836504789382108,0.6963562753036437,2.0,1.0,False,2020
0,26,7,9.0,19.0,3.0,7.0,8.0,9.0,9.0,18.0,4.0,8.0,8.0,9.0,0.1453196185323566,0.5758928571428571,0.0861168129450495,0.2830188679245283,2.0,3.0,True,2020
1,6,27,19.0,23.0,7.0,9.0,9.0,10.0,8.0,17.0,2.0,7.0,6.0,6.0,0.08051723779440592,0.4232558139534884,0.07847463679400127,0.31627906976744186,2.0,2.0,True,2020
1,29,17,14.0,22.0,3.0,8.0,6.0,8.0,17.0,30.0,7.0,12.0,7.0,8.0,0.12212156698539692,0.5142857142857142,0.13688214561521955,0.5665236051502146,6.0,2.0,False,2020
0,21,5,10.0,19.0,4.0,9.0,4.0,4.0,10.0,15.0,3.0,9.0,4.0,5.0,0.04191048076598828,0.42924528301886794,0.09604469223376547,0.5381165919282511,2.0,3.0,False,2020
1,24,23,9.0,21.0,4.0,9.0,9.0,10.0,11.0,22.0,2.0,9.0,8.0,11.0,0.12503549618726323,0.6808510638297872,0.011727886155188707,0.4583333333333333,2.0,5.0,True,2020
0,23,24,11.0,22.0,2.0,9.0,8.0,11.0,9.0,21.0,4.0,9.0,9.0,10.0,0.011727886155188707,0.4583333333333333,0.14002839694981056,0.6875,5.0,2.0,False,2020
0,12,10,8.0,15.0,6.0,10.0,8.0,9.0,10.0,20.0,4.0,7.0,4.0,4.0,0.10372734077254467,0.5370370370370371,0.04553671988633672,0.41013824884792627,4.0,5.0,True,2020
0,29,15,7.0,15.0,5.0,9.0,10.0,10.0,8.0,17.0,6.0,13.0,10.0,13.0,0.09769725358831753,0.5118483412322274,0.09689387072276354,0.39622641509433965,1.0,2.0,True,2020
1,14,6,11.0,23.0,3.0,8.0,10.0,15.0,9.0,23.0,6.0,11.0,4.0,7.0,0.0877539469312954,0.42857142857142855,0.10441379023552474,0.42592592592592593,2.0,1.0,True,2020
1,2,18,13.0,23.0,3.0,10.0,8.0,10.0,9.0,14.0,2.0,6.0,9.0,9.0,0.13896512569558656,0.6204379562043796,0.11776006483550705,0.6212765957446809,2.0,2.0,True,2020
1,10,12,10.0,20.0,4.0,7.0,4.0,4.0,8.0,15.0,6.0,10.0,8.0,9.0,0.04553671988633672,0.41013824884792627,0.12298187261803573,0.5391705069124424,5.0,4.0,False,2020
1,15,29,8.0,17.0,6.0,13.0,10.0,13.0,7.0,15.0,5.0,9.0,10.0,10.0,0.09689387072276354,0.39622641509433965,0.11815780287065403,0.5141509433962265,2.0,1.0,False,2020
1,3,0,9.0,16.0,3.0,9.0,6.0,6.0,9.0,14.0,6.0,11.0,6.0,6.0,0.03586509873563243,0.4,0.01665824724153536,0.60546875,2.0,2.0,False,2020
0,28,22,10.0,21.0,3.0,7.0,6.0,8.0,10.0,15.0,4.0,5.0,5.0,8.0,0.048338847155158175,0.27699530516431925,0.1387063475667714,0.5829596412556054,3.0,3.0,True,2020
0,9,13,11.0,20.0,6.0,10.0,3.0,5.0,12.0,22.0,5.0,7.0,4.0,4.0,0.10090059896830783,0.30985915492957744,0.08054637734604433,0.4056603773584906,2.0,1.0,False,2020
1,22,28,10.0,15.0,4.0,5.0,5.0,8.0,10.0,21.0,3.0,7.0,6.0,8.0,0.1387063475667714,0.5829596412556054,0.07867107772412654,0.2803738317757009,3.0,3.0,False,2020
1,17,11,17.0,29.0,9.0,15.0,8.0,8.0,11.0,21.0,5.0,9.0,5.0,5.0,0.13688214561521955,0.5665236051502146,0.09267673655942865,0.5964912280701754,1.0,2.0,True,2020
1,13,9,12.0,22.0,5.0,7.0,4.0,4.0,11.0,20.0,6.0,10.0,3.0,5.0,0.08054637734604433,0.4056603773584906,0.08072047917464627,0.308411214953271,1.0,2.0,True,2020
1,5,21,10.0,15.0,3.0,9.0,4.0,5.0,10.0,19.0,4.0,9.0,4.0,4.0,0.09604469223376547,0.5381165919282511,0.033528384612790625,0.4272300469483568,3.0,2.0,True,2020
0,0,3,9.0,14.0,6.0,11.0,6.0,6.0,9.0,16.0,3.0,9.0,6.0,6.0,0.01665824724153536,0.60546875,0.028692078988505943,0.3983050847457627,2.0,2.0,True,2020
0,18,2,9.0,14.0,2.0,6.0,9.0,9.0,13.0,23.0,3.0,10.0,8.0,10.0,0.11776006483550705,0.6212765957446809,0.15117210055646926,0.6231884057971014,2.0,2.0,False,2020
0,6,14,9.0,23.0,6.0,11.0,4.0,7.0,11.0,23.0,3.0,8.0,10.0,15.0,0.10441379023552474,0.42592592592592593,0.11020315754503632,0.43119266055045874,1.0,2.0,False,2020
0,11,17,11.0,21.0,5.0,9.0,5.0,5.0,17.0,29.0,9.0,15.0,8.0,8.0,0.09267673655942865,0.5964912280701754,0.14950571649217564,0.5683760683760684,2.0,1.0,False,2020
0,7,4,10.0,27.0,3.0,6.0,12.0,13.0,10.0,21.0,3.0,7.0,9.0,16.0,0.0861168129450495,0.2830188679245283,0.15410494789560386,0.6752136752136753,2.0,2.0,False,2020
0,8,1,10.0,23.0,5.0,11.0,5.0,7.0,12.0,24.0,7.0,15.0,9.0,9.0,0.14041865518571883,0.4774774774774775,0.11019187874114444,0.6875,2.0,2.0,False,2020
1,19,20,9.0,18.0,3.0,6.0,6.0,8.0,16.0,23.0,2.0,7.0,6.0,7.0,0.03400444369769274,0.44495412844036697,0.1456866797593531,0.6211453744493393,2.0,2.0,True,2020
0,20,19,16.0,23.0,2.0,7.0,6.0,7.0,9.0,18.0,3.0,6.0,6.0,8.0,0.1456866797593531,0.6211453744493393,0.0672035549581542,0.4474885844748858,2.0,2.0,False,2020
0,27,25,9.0,13.0,4.0,11.0,6.0,9.0,12.0,15.0,6.0,7.0,5.0,6.0,0.07847463679400127,0.31627906976744186,0.18836504789382108,0.6963562753036437,2.0,2.0,False,2020
1,25,27,12.0,15.0,6.0,7.0,5.0,6.0,9.0,13.0,4.0,11.0,6.0,9.0,0.18836504789382108,0.6963562753036437,0.06277970943520102,0.3148148148148148,2.0,2.0,True,2020
1,1,8,12.0,24.0,7.0,15.0,9.0,9.0,10.0,23.0,5.0,11.0,5.0,7.0,0.11019187874114444,0.6875,0.11233492414857507,0.47533632286995514,2.0,2.0,True,2020
1,4,7,10.0,21.0,3.0,7.0,9.0,16.0,10.0,27.0,3.0,6.0,12.0,13.0,0.15410494789560386,0.6752136752136753,0.0688934503560396,0.28169014084507044,2.0,2.0,True,2020
0,28,3,9.0,17.0,2.0,5.0,8.0,8.0,12.0,22.0,4.0,9.0,5.0,6.0,0.07867107772412654,0.2803738317757009,0.028692078988505943,0.3983050847457627,2.0,2.0,True,2020
0,23,15,7.0,17.0,3.0,10.0,5.0,7.0,10.0,16.0,4.0,5.0,9.0,12.0,0.009382308924150966,0.45622119815668205,0.07751509657821083,0.39436619718309857,2.0,2.0,False,2020
0,13,22,10.0,20.0,6.0,13.0,12.0,12.0,11.0,18.0,2.0,10.0,4.0,4.0,0.10443710187683546,0.4084507042253521,0.11096507805341711,0.5803571428571429,2.0,2.0,True,2020
1,24,5,8.0,17.0,4.0,7.0,6.0,7.0,11.0,23.0,6.0,13.0,7.0,7.0,0.14002839694981056,0.6875,0.11683575378701239,0.5401785714285714,2.0,2.0,True,2020
1,21,10,8.0,15.0,3.0,9.0,4.0,4.0,10.0,19.0,4.0,7.0,3.0,6.0,0.033528384612790625,0.4272300469483568,0.036429375909069375,0.40825688073394495,2.0,2.0,False,2020
0,10,21,10.0,19.0,4.0,7.0,3.0,6.0,8.0,15.0,3.0,9.0,4.0,4.0,0.036429375909069375,0.40825688073394495,0.0268227076902325,0.4252336448598131,2.0,2.0,True,2020
1,15,23,10.0,16.0,4.0,5.0,9.0,12.0,7.0,17.0,3.0,10.0,5.0,7.0,0.07751509657821083,0.39436619718309857,0.007505847139320773,0.4541284403669725,2.0,2.0,True,2020
0,18,12,9.0,14.0,5.0,7.0,9.0,11.0,14.0,20.0,4.0,8.0,8.0,9.0,0.09420805186840564,0.6186440677966102,0.12298187261803573,0.5391705069124424,2.0,2.0,False,2020
0,5,24,11.0,23.0,6.0,13.0,7.0,7.0,8.0,17.0,4.0,7.0,6.0,7.0,0.11683575378701239,0.5401785714285714,0.15202271755984847,0.6938775510204082,2.0,2.0,False,2020
1,9,2,10.0,21.0,5.0,11.0,10.0,11.0,10.0,20.0,5.0,9.0,4.0,4.0,0.08072047917464627,0.308411214953271,0.15117210055646926,0.6231884057971014,2.0,2.0,False,2020
1,3,28,12.0,22.0,4.0,9.0,5.0,6.0,9.0,17.0,2.0,5.0,8.0,8.0,0.028692078988505943,0.3983050847457627,0.10293686217930123,0.2837209302325581,2.0,2.0,False,2020
0,0,14,9.0,17.0,5.0,10.0,7.0,9.0,15.0,30.0,5.0,7.0,10.0,10.0,0.05332659779322829,0.6070038910505836,0.11020315754503632,0.43119266055045874,2.0,2.0,True,2020
1,22,13,11.0,18.0,2.0,10.0,4.0,4.0,10.0,20.0,6.0,13.0,12.0,12.0,0.11096507805341711,0.5803571428571429,0.12354968150146836,0.411214953271028,2.0,2.0,False,2020
1,14,0,15.0,30.0,5.0,7.0,10.0,10.0,9.0,17.0,5.0,10.0,7.0,9.0,0.11020315754503632,0.43119266055045874,0.08266127823458262,0.6085271317829457,2.0,2.0,False,2020
1,12,18,14.0,20.0,4.0,8.0,8.0,9.0,9.0,14.0,5.0,7.0,9.0,11.0,0.12298187261803573,0.5391705069124424,0.07536644149472452,0.6160337552742616,2.0,2.0,True,2020
0,19,16,12.0,22.0,3.0,6.0,4.0,4.0,13.0,19.0,1.0,3.0,8.0,9.0,0.0672035549581542,0.4474885844748858,0.13137998095000925,0.37089201877934275,1.0,3.0,False,2020
1,6,7,10.0,20.0,3.0,6.0,7.0,7.0,12.0,22.0,3.0,4.0,4.0,5.0,0.0835310321884198,0.423963133640553,0.0688934503560396,0.28169014084507044,2.0,1.0,True,2020
0,7,6,12.0,22.0,3.0,4.0,4.0,5.0,10.0,20.0,3.0,6.0,7.0,7.0,0.0688934503560396,0.28169014084507044,0.10682482575073585,0.42660550458715596,1.0,2.0,False,2020
0,2,9,10.0,20.0,5.0,9.0,4.0,4.0,10.0,21.0,5.0,11.0,10.0,11.0,0.15117210055646926,0.6231884057971014,0.06457638333971702,0.30697674418604654,2.0,2.0,True,2020
1,16,19,13.0,19.0,1.0,3.0,8.0,9.0,12.0,22.0,3.0,6.0,4.0,4.0,0.13137998095000925,0.37089201877934275,0.05376284396652335,0.44545454545454544,3.0,1.0,True,2020
0,5,29,12.0,21.0,4.0,8.0,4.0,5.0,12.0,20.0,6.0,9.0,6.0,9.0,0.09346860302960991,0.5377777777777778,0.11815780287065403,0.5141509433962265,1.0,3.0,False,2020
1,20,17,11.0,17.0,4.0,10.0,5.0,7.0,8.0,23.0,3.0,7.0,4.0,4.0,0.11654934380748247,0.618421052631579,0.14950571649217564,0.5683760683760684,2.0,3.0,True,2020
1,29,5,12.0,20.0,6.0,9.0,6.0,9.0,12.0,21.0,4.0,8.0,4.0,5.0,0.11815780287065403,0.5141509433962265,0.07477488242368793,0.5353982300884956,3.0,1.0,True,2020
0,4,8,12.0,20.0,5.0,9.0,9.0,13.0,12.0,19.0,3.0,10.0,10.0,14.0,0.16328395831648307,0.676595744680851,0.11233492414857507,0.47533632286995514,2.0,2.0,True,2020
0,17,20,8.0,23.0,3.0,7.0,4.0,4.0,11.0,17.0,4.0,10.0,5.0,7.0,0.14950571649217564,0.5683760683760684,0.133239475045986,0.6200873362445415,3.0,2.0,False,2020
1,8,4,12.0,19.0,3.0,10.0,10.0,14.0,12.0,20.0,5.0,9.0,9.0,13.0,0.11233492414857507,0.47533632286995514,0.17062716665318647,0.6779661016949152,2.0,2.0,False,2020
1,1,21,11.0,26.0,6.0,12.0,14.0,15.0,8.0,17.0,5.0,10.0,7.0,7.0,0.12815350299291556,0.6887966804979253,0.0268227076902325,0.4252336448598131,2.0,1.0,True,2020
0,21,1,8.0,17.0,5.0,10.0,7.0,7.0,11.0,26.0,6.0,12.0,14.0,15.0,0.0268227076902325,0.4252336448598131,0.14252280239433243,0.6900826446280992,1.0,2.0,False,2020
0,10,2,8.0,16.0,6.0,9.0,8.0,10.0,11.0,24.0,5.0,11.0,6.0,7.0,0.0691435007272555,0.410958904109589,0.16093768044517537,0.6258992805755396,2.0,2.0,False,2020
1,25,22,13.0,21.0,3.0,7.0,10.0,11.0,10.0,14.0,6.0,9.0,6.0,8.0,0.19069203831505685,0.6975806451612904,0.0887720624427337,0.5777777777777777,3.0,2.0,True,2020
0,12,24,10.0,17.0,3.0,10.0,5.0,7.0,7.0,15.0,6.0,13.0,7.0,9.0,0.13838549809442857,0.5412844036697247,0.15202271755984847,0.6938775510204082,2.0,2.0,False,2020
1,24,12,7.0,15.0,6.0,13.0,7.0,9.0,10.0,17.0,3.0,10.0,5.0,7.0,0.15202271755984847,0.6938775510204082,0.11070839847554285,0.5388127853881278,2.0,2.0,True,2020
0,16,13,10.0,15.0,4.0,8.0,4.0,6.0,10.0,20.0,5.0,11.0,7.0,7.0,0.14510398476000738,0.37383177570093457,0.12354968150146836,0.411214953271028,2.0,2.0,True,2020
1,13,16,10.0,20.0,5.0,11.0,7.0,7.0,10.0,15.0,4.0,8.0,4.0,6.0,0.12354968150146836,0.411214953271028,0.15608318780800592,0.3767441860465116,2.0,2.0,False,2020
0,0,6,7.0,20.0,2.0,8.0,3.0,4.0,8.0,20.0,3.0,6.0,4.0,4.0,0.08266127823458262,0.6085271317829457,0.10682482575073585,0.42660550458715596,2.0,2.0,False,2020
0,22,25,10.0,14.0,6.0,9.0,6.0,8.0,13.0,21.0,3.0,7.0,10.0,11.0,0.0887720624427337,0.5777777777777777,0.1925536306520455,0.6987951807228916,2.0,3.0,False,2020
1,23,9,9.0,20.0,3.0,8.0,7.0,8.0,11.0,23.0,6.0,13.0,12.0,13.0,0.007505847139320773,0.4541284403669725,0.06457638333971702,0.30697674418604654,2.0,2.0,False,2020
0,7,19,12.0,19.0,5.0,9.0,4.0,5.0,14.0,24.0,5.0,9.0,6.0,7.0,0.05511476028483168,0.2803738317757009,0.05376284396652335,0.44545454545454544,2.0,2.0,False,2020
0,9,23,11.0,23.0,6.0,13.0,12.0,13.0,9.0,20.0,3.0,8.0,7.0,8.0,0.06457638333971702,0.30697674418604654,0.006004677711456618,0.4520547945205479,2.0,2.0,True,2020
0,20,11,14.0,26.0,4.0,9.0,5.0,6.0,8.0,24.0,5.0,10.0,4.0,6.0,0.133239475045986,0.6200873362445415,0.07414138924754292,0.5938864628820961,1.0,4.0,True,2020
0,3,26,9.0,18.0,4.0,7.0,2.0,3.0,10.0,17.0,2.0,5.0,8.0,11.0,0.022953663190804753,0.39662447257383965,0.15625569482588528,0.5777777777777777,2.0,5.0,False,2020
1,26,3,10.0,17.0,2.0,5.0,8.0,11.0,9.0,18.0,4.0,7.0,2.0,3.0,0.15625569482588528,0.5777777777777777,0.018362930552643802,0.3949579831932773,5.0,2.0,True,2020
1,19,7,14.0,24.0,5.0,9.0,6.0,7.0,12.0,19.0,5.0,9.0,4.0,5.0,0.05376284396652335,0.44545454545454544,0.04409180822786534,0.27906976744186046,2.0,2.0,True,2020
1,2,10,11.0,24.0,5.0,11.0,6.0,7.0,8.0,16.0,6.0,9.0,8.0,10.0,0.16093768044517537,0.6258992805755396,0.0553148005818044,0.4090909090909091,2.0,2.0,True,2020
1,6,0,8.0,20.0,3.0,6.0,4.0,4.0,7.0,20.0,2.0,8.0,3.0,4.0,0.10682482575073585,0.42660550458715596,0.06612902258766609,0.6061776061776062,2.0,2.0,True,2020
1,11,20,8.0,24.0,5.0,10.0,4.0,6.0,14.0,26.0,4.0,9.0,5.0,6.0,0.07414138924754292,0.5938864628820961,0.1465915800367888,0.6217391304347826,4.0,1.0,False,2020
1,27,8,8.0,19.0,3.0,7.0,5.0,8.0,9.0,14.0,3.0,8.0,3.0,6.0,0.06277970943520102,0.3148148148148148,0.08986793931886006,0.4732142857142857,4.0,2.0,False,2020
1,29,1,14.0,21.0,3.0,8.0,4.0,5.0,17.0,28.0,5.0,8.0,7.0,8.0,0.1345262422965232,0.5164319248826291,0.14252280239433243,0.6900826446280992,2.0,2.0,False,2020
0,10,28,9.0,14.0,3.0,8.0,8.0,9.0,10.0,16.0,4.0,6.0,5.0,9.0,0.0553148005818044,0.4090909090909091,0.10293686217930123,0.2837209302325581,1.0,3.0,False,2020
1,28,10,10.0,16.0,4.0,6.0,5.0,9.0,9.0,14.0,3.0,8.0,8.0,9.0,0.10293686217930123,0.2837209302325581,0.04425184046544352,0.4072398190045249,3.0,1.0,True,2020
0,8,27,9.0,14.0,3.0,8.0,3.0,6.0,8.0,19.0,3.0,7.0,5.0,8.0,0.08986793931886006,0.4732142857142857,0.05022376754816081,0.31336405529953915,2.0,4.0,True,2020
0,18,4,10.0,26.0,5.0,12.0,4.0,7.0,13.0,25.0,3.0,8.0,9.0,12.0,0.07536644149472452,0.6160337552742616,0.17062716665318647,0.6779661016949152,3.0,2.0,False,2020
1,17,5,9.0,20.0,6.0,9.0,5.0,5.0,9.0,23.0,4.0,6.0,9.0,9.0,0.11960457319374052,0.5659574468085107,0.07477488242368793,0.5353982300884956,2.0,2.0,True,2020
1,4,18,13.0,25.0,3.0,8.0,9.0,12.0,10.0,26.0,5.0,12.0,4.0,7.0,0.17062716665318647,0.6779661016949152,0.06029315319577962,0.6134453781512605,2.0,3.0,True,2020
0,5,17,9.0,23.0,4.0,6.0,9.0,9.0,9.0,20.0,6.0,9.0,5.0,5.0,0.07477488242368793,0.5353982300884956,0.1356836585549924,0.5677966101694916,2.0,2.0,False,2020
0,1,29,17.0,28.0,5.0,8.0,7.0,8.0,14.0,21.0,3.0,8.0,4.0,5.0,0.14252280239433243,0.6900826446280992,0.10762099383721857,0.514018691588785,2.0,2.0,True,2020
0,19,26,11.0,18.0,3.0,8.0,4.0,6.0,8.0,15.0,3.0,11.0,7.0,9.0,0.08301027517321868,0.4479638009049774,0.16500455586070822,0.5796460176991151,2.0,2.0,False,2020
1,26,19,8.0,15.0,3.0,11.0,7.0,9.0,11.0,18.0,3.0,8.0,4.0,6.0,0.16500455586070822,0.5796460176991151,0.06640822013857495,0.44594594594594594,2.0,2.0,True,2020
1,14,13,11.0,28.0,5.0,10.0,4.0,5.0,6.0,18.0,4.0,9.0,5.0,6.0,0.08816252603602906,0.4292237442922374,0.0988397452011747,0.40930232558139534,4.0,2.0,True,2020
0,13,14,6.0,18.0,4.0,9.0,5.0,6.0,11.0,28.0,5.0,10.0,4.0,5.0,0.0988397452011747,0.40930232558139534,0.11053002082882324,0.4318181818181818,2.0,4.0,False,2020
1,7,1,14.0,19.0,7.0,9.0,9.0,9.0,9.0,19.0,5.0,10.0,9.0,10.0,0.04409180822786534,0.27906976744186046,0.15401824191546595,0.691358024691358,2.0,1.0,True,2020
0,25,22,9.0,20.0,3.0,7.0,5.0,5.0,8.0,15.0,2.0,7.0,6.0,7.0,0.1925536306520455,0.6987951807228916,0.07101764995418695,0.5752212389380531,2.0,2.0,True,2020
0,12,15,12.0,19.0,6.0,10.0,9.0,14.0,8.0,16.0,6.0,13.0,3.0,8.0,0.11070839847554285,0.5388127853881278,0.10201207726256867,0.397196261682243,2.0,4.0,False,2020
0,1,7,9.0,19.0,5.0,10.0,9.0,10.0,14.0,19.0,7.0,9.0,9.0,9.0,0.15401824191546595,0.691358024691358,0.07527344658229226,0.2824074074074074,1.0,2.0,False,2020
0,17,11,16.0,30.0,8.0,14.0,2.0,4.0,10.0,16.0,3.0,6.0,5.0,7.0,0.1356836585549924,0.5677966101694916,0.059313111398034336,0.591304347826087,1.0,2.0,False,2020
1,2,9,10.0,19.0,7.0,12.0,6.0,7.0,10.0,22.0,3.0,10.0,9.0,10.0,0.1687501443561403,0.6285714285714286,0.0916611066717736,0.3101851851851852,2.0,2.0,True,2020
1,22,25,8.0,15.0,2.0,7.0,6.0,7.0,9.0,20.0,3.0,7.0,5.0,5.0,0.07101764995418695,0.5752212389380531,0.1940429045216364,0.7,2.0,2.0,False,2020
1,18,16,13.0,17.0,7.0,9.0,4.0,5.0,6.0,13.0,1.0,4.0,7.0,9.0,0.06029315319577962,0.6134453781512605,0.15608318780800592,0.3767441860465116,1.0,2.0,True,2020
1,11,17,10.0,16.0,3.0,6.0,5.0,7.0,16.0,30.0,8.0,14.0,2.0,4.0,0.059313111398034336,0.591304347826087,0.10854692684399392,0.5654008438818565,2.0,1.0,True,2020
0,9,2,10.0,22.0,3.0,10.0,9.0,10.0,10.0,19.0,7.0,12.0,6.0,7.0,0.0916611066717736,0.3101851851851852,0.17500011548491223,0.6312056737588653,2.0,2.0,False,2020
0,16,18,6.0,13.0,1.0,4.0,7.0,9.0,13.0,17.0,7.0,9.0,4.0,5.0,0.15608318780800592,0.3767441860465116,0.0882345225566237,0.6150627615062761,2.0,1.0,False,2020
1,15,12,8.0,16.0,6.0,13.0,3.0,8.0,12.0,19.0,6.0,10.0,9.0,14.0,0.10201207726256867,0.397196261682243,0.08856671878043429,0.5363636363636364,4.0,2.0,True,2020
1,22,8,9.0,14.0,3.0,5.0,5.0,8.0,10.0,22.0,4.0,8.0,7.0,8.0,0.05681411996334956,0.5726872246696035,0.11189435145508804,0.47555555555555556,1.0,2.0,False,2020
0,13,21,10.0,14.0,6.0,8.0,4.0,4.0,10.0,20.0,3.0,10.0,3.0,5.0,0.07907179616093976,0.4074074074074074,0.021458166152186,0.4232558139534884,1.0,4.0,True,2020
1,10,4,10.0,20.0,4.0,9.0,5.0,6.0,9.0,17.0,5.0,9.0,6.0,8.0,0.04425184046544352,0.4072398190045249,0.17650173332254915,0.679324894514768,2.0,2.0,False,2020
0,24,23,8.0,20.0,3.0,8.0,10.0,11.0,11.0,19.0,7.0,13.0,7.0,8.0,0.16161817404787876,0.7,0.006004677711456618,0.4520547945205479,3.0,3.0,False,2020
1,15,5,11.0,17.0,9.0,10.0,5.0,6.0,6.0,13.0,4.0,9.0,4.0,5.0,0.12160966181005492,0.4,0.05981990593895035,0.5330396475770925,1.0,2.0,True,2020
0,5,15,6.0,13.0,4.0,9.0,4.0,5.0,11.0,17.0,9.0,10.0,5.0,6.0,0.05981990593895035,0.5330396475770925,0.13728772944804396,0.4027777777777778,2.0,1.0,False,2020
0,28,19,7.0,17.0,3.0,7.0,2.0,4.0,7.0,17.0,3.0,7.0,4.0,4.0,0.12234948974344098,0.28703703703703703,0.06640822013857495,0.44594594594594594,2.0,1.0,True,2020
1,19,28,7.0,17.0,3.0,7.0,4.0,4.0,7.0,17.0,3.0,7.0,2.0,4.0,0.06640822013857495,0.44594594594594594,0.1378795917947528,0.2903225806451613,1.0,2.0,False,2020
1,21,13,10.0,20.0,3.0,10.0,3.0,5.0,10.0,14.0,6.0,8.0,4.0,4.0,0.021458166152186,0.4232558139534884,0.1032574369287518,0.41013824884792627,4.0,1.0,False,2020
1,7,20,13.0,21.0,3.0,11.0,8.0,8.0,14.0,19.0,6.0,8.0,5.0,5.0,0.07527344658229226,0.2824074074074074,0.1465915800367888,0.6217391304347826,1.0,3.0,False,2020
0,29,0,9.0,17.0,5.0,8.0,9.0,13.0,12.0,15.0,3.0,7.0,5.0,9.0,0.10762099383721857,0.514018691588785,0.06612902258766609,0.6061776061776062,2.0,3.0,True,2020
0,6,25,12.0,18.0,6.0,10.0,7.0,7.0,11.0,22.0,5.0,9.0,5.0,5.0,0.12545986060058867,0.4292237442922374,0.1940429045216364,0.7,3.0,1.0,False,2020
0,4,10,9.0,17.0,5.0,9.0,6.0,8.0,10.0,20.0,4.0,9.0,5.0,6.0,0.17650173332254915,0.679324894514768,0.03540147237235482,0.40540540540540543,2.0,2.0,True,2020
0,8,22,10.0,22.0,4.0,8.0,7.0,8.0,9.0,14.0,3.0,5.0,5.0,8.0,0.11189435145508804,0.47555555555555556,0.04545129597067965,0.5701754385964912,2.0,1.0,True,2020
1,25,6,11.0,22.0,5.0,9.0,5.0,5.0,12.0,18.0,6.0,10.0,7.0,7.0,0.1940429045216364,0.7,0.10036788848047093,0.42727272727272725,1.0,3.0,True,2020
0,20,7,14.0,19.0,6.0,8.0,5.0,5.0,13.0,21.0,3.0,11.0,8.0,8.0,0.1465915800367888,0.6217391304347826,0.06021875726583381,0.28110599078341014,3.0,1.0,True,2020
1,0,29,12.0,15.0,3.0,7.0,5.0,9.0,9.0,17.0,5.0,8.0,9.0,13.0,0.06612902258766609,0.6061776061776062,0.12609679506977484,0.5162790697674419,3.0,2.0,False,2020
1,23,24,11.0,19.0,7.0,13.0,7.0,8.0,8.0,20.0,3.0,8.0,10.0,11.0,0.006004677711456618,0.4520547945205479,0.129294539238303,0.6862745098039216,3.0,3.0,True,2020
1,9,28,13.0,30.0,6.0,13.0,16.0,16.0,13.0,25.0,5.0,10.0,9.0,12.0,0.07332888533741888,0.3087557603686636,0.1378795917947528,0.2903225806451613,2.0,1.0,True,2020
0,24,3,8.0,14.0,5.0,8.0,8.0,10.0,8.0,17.0,2.0,7.0,4.0,7.0,0.129294539238303,0.6862745098039216,0.018362930552643802,0.3949579831932773,1.0,4.0,True,2020
1,3,24,8.0,17.0,2.0,7.0,4.0,7.0,8.0,14.0,5.0,8.0,8.0,10.0,0.018362930552643802,0.3949579831932773,0.14343563139064242,0.6923076923076923,4.0,1.0,False,2020
1,1,11,18.0,33.0,4.0,13.0,4.0,6.0,12.0,23.0,4.0,11.0,6.0,8.0,0.12321459353237277,0.6885245901639344,0.08745048911842748,0.5930735930735931,2.0,2.0,False,2020
0,27,18,11.0,21.0,5.0,10.0,5.0,6.0,12.0,17.0,6.0,11.0,11.0,14.0,0.05022376754816081,0.31336405529953915,0.0882345225566237,0.6150627615062761,3.0,2.0,False,2020
0,11,1,12.0,23.0,4.0,11.0,6.0,8.0,18.0,33.0,4.0,13.0,4.0,6.0,0.08745048911842748,0.5930735930735931,0.09857167482589821,0.6857142857142857,2.0,2.0,True,2020
1,17,12,11.0,23.0,6.0,15.0,5.0,8.0,8.0,20.0,6.0,15.0,6.0,7.0,0.10854692684399392,0.5654008438818565,0.08856671878043429,0.5363636363636364,2.0,2.0,True,2020
1,14,16,10.0,25.0,3.0,8.0,6.0,7.0,9.0,17.0,2.0,8.0,7.0,9.0,0.11053002082882324,0.4318181818181818,0.12486655024640474,0.375,2.0,2.0,False,2020
0,16,14,9.0,17.0,2.0,8.0,7.0,9.0,10.0,25.0,3.0,8.0,6.0,7.0,0.12486655024640474,0.375,0.08842401666305859,0.4298642533936652,2.0,2.0,True,2020
0,12,17,8.0,20.0,6.0,15.0,6.0,7.0,11.0,23.0,6.0,15.0,5.0,8.0,0.08856671878043429,0.5363636363636364,0.12683754147519513,0.5672268907563025,2.0,2.0,False,2020
1,26,2,8.0,21.0,3.0,7.0,5.0,7.0,10.0,19.0,4.0,9.0,11.0,13.0,0.17200364468856655,0.5814977973568282,0.17500011548491223,0.6312056737588653,2.0,2.0,False,2020
1,18,27,12.0,17.0,6.0,11.0,11.0,14.0,11.0,21.0,5.0,10.0,5.0,6.0,0.0882345225566237,0.6150627615062761,0.04017901403852865,0.3119266055045872,2.0,3.0,True,2020
0,28,9,13.0,25.0,5.0,10.0,9.0,12.0,13.0,30.0,6.0,13.0,16.0,16.0,0.1378795917947528,0.2903225806451613,0.0986631082699351,0.3119266055045872,1.0,2.0,False,2020
0,2,26,10.0,19.0,4.0,9.0,11.0,13.0,8.0,21.0,3.0,7.0,5.0,7.0,0.17500011548491223,0.6312056737588653,0.13760291575085323,0.5789473684210527,2.0,2.0,True,2020
0,9,10,10.0,19.0,3.0,11.0,12.0,13.0,10.0,20.0,5.0,10.0,5.0,6.0,0.0986631082699351,0.3119266055045872,0.03540147237235482,0.40540540540540543,1.0,2.0,False,2020
1,4,15,10.0,21.0,4.0,8.0,6.0,7.0,8.0,19.0,5.0,9.0,5.0,7.0,0.1812013866580393,0.680672268907563,0.13728772944804396,0.4027777777777778,2.0,2.0,True,2020
0,5,20,13.0,25.0,4.0,8.0,10.0,10.0,11.0,21.0,4.0,8.0,7.0,8.0,0.04785592475116028,0.5307017543859649,0.15727326402943104,0.6233766233766234,2.0,2.0,False,2020
1,13,11,12.0,18.0,5.0,10.0,11.0,13.0,10.0,17.0,4.0,8.0,6.0,7.0,0.1032574369287518,0.41013824884792627,0.10996039129474197,0.5948275862068966,2.0,1.0,False,2020
1,25,23,14.0,21.0,6.0,8.0,5.0,8.0,7.0,13.0,4.0,6.0,10.0,12.0,0.19523432361730914,0.701195219123506,0.04480374216916529,0.45454545454545453,2.0,2.0,True,2020
1,0,12,7.0,14.0,5.0,7.0,7.0,9.0,9.0,15.0,5.0,13.0,5.0,6.0,0.052903218070132874,0.6038461538461538,0.07085337502434744,0.5339366515837104,2.0,1.0,False,2020
1,10,9,10.0,20.0,5.0,10.0,5.0,6.0,10.0,19.0,3.0,11.0,12.0,13.0,0.03540147237235482,0.40540540540540543,0.07893048661594808,0.3105022831050228,2.0,1.0,True,2020
1,19,21,5.0,13.0,2.0,7.0,3.0,4.0,7.0,17.0,2.0,9.0,5.0,6.0,0.053126576110859955,0.4439461883408072,0.0171665329217488,0.4212962962962963,2.0,2.0,False,2020
1,29,7,9.0,17.0,4.0,6.0,7.0,8.0,7.0,11.0,4.0,6.0,7.0,8.0,0.12609679506977484,0.5162790697674419,0.06021875726583381,0.28110599078341014,2.0,2.0,True,2020
0,21,19,7.0,17.0,2.0,9.0,5.0,6.0,5.0,13.0,2.0,7.0,3.0,4.0,0.0171665329217488,0.4212962962962963,0.04250126088868796,0.4419642857142857,2.0,2.0,True,2020
0,15,4,8.0,19.0,5.0,9.0,5.0,7.0,10.0,21.0,4.0,8.0,6.0,7.0,0.13728772944804396,0.4027777777777778,0.18496110932643145,0.6820083682008368,2.0,2.0,False,2020
0,7,29,7.0,11.0,4.0,6.0,7.0,8.0,9.0,17.0,4.0,6.0,7.0,8.0,0.06021875726583381,0.28110599078341014,0.14087743605581987,0.5185185185185185,2.0,2.0,False,2020
0,11,13,10.0,17.0,4.0,8.0,6.0,7.0,12.0,18.0,5.0,10.0,11.0,13.0,0.10996039129474197,0.5948275862068966,0.08260594954300145,0.40825688073394495,1.0,2.0,True,2020
1,20,5,11.0,21.0,4.0,8.0,7.0,8.0,13.0,25.0,4.0,8.0,10.0,10.0,0.15727326402943104,0.6233766233766234,0.038284739800928225,0.5283842794759825,2.0,2.0,True,2020
0,23,25,7.0,13.0,4.0,6.0,10.0,12.0,14.0,21.0,6.0,8.0,5.0,8.0,0.04480374216916529,0.45454545454545453,0.1961874588938473,0.7023809523809523,2.0,2.0,False,2020
1,22,6,11.0,15.0,2.0,6.0,3.0,5.0,6.0,15.0,4.0,8.0,13.0,15.0,0.04545129597067965,0.5701754385964912,0.10036788848047093,0.42727272727272725,2.0,2.0,False,2020
0,12,0,9.0,15.0,5.0,13.0,5.0,6.0,7.0,14.0,5.0,7.0,7.0,9.0,0.07085337502434744,0.5339366515837104,0.0423225744561063,0.6015325670498084,1.0,2.0,True,2020
0,6,22,6.0,15.0,4.0,8.0,13.0,15.0,11.0,15.0,2.0,6.0,3.0,5.0,0.10036788848047093,0.42727272727272725,0.03636103677654372,0.5676855895196506,2.0,2.0,True,2020
1,1,2,13.0,23.0,7.0,16.0,17.0,18.0,8.0,17.0,4.0,8.0,5.0,9.0,0.09857167482589821,0.6857142857142857,0.18000009238792977,0.6338028169014085,2.0,2.0,True,2020
0,2,1,8.0,17.0,4.0,8.0,5.0,9.0,13.0,23.0,7.0,16.0,17.0,18.0,0.18000009238792977,0.6338028169014085,0.11885733986071859,0.6869918699186992,2.0,2.0,False,2020
1,26,5,12.0,18.0,5.0,9.0,5.0,7.0,9.0,20.0,3.0,8.0,7.0,8.0,0.13760291575085323,0.5789473684210527,0.038284739800928225,0.5283842794759825,2.0,1.0,False,2020
0,17,8,8.0,17.0,4.0,8.0,8.0,9.0,10.0,17.0,4.0,8.0,11.0,14.0,0.12683754147519513,0.5672268907563025,0.12951548116407044,0.4778761061946903,2.0,3.0,False,2020
1,14,27,12.0,23.0,3.0,9.0,6.0,6.0,15.0,21.0,8.0,11.0,4.0,4.0,0.08842401666305859,0.4298642533936652,0.04017901403852865,0.3119266055045872,2.0,2.0,True,2020
0,5,26,9.0,20.0,3.0,8.0,7.0,8.0,12.0,18.0,5.0,9.0,5.0,7.0,0.038284739800928225,0.5283842794759825,0.11008233260068259,0.5764192139737991,1.0,2.0,True,2020
1,18,24,12.0,22.0,3.0,6.0,8.0,13.0,12.0,23.0,5.0,9.0,4.0,6.0,0.11058761804529896,0.6166666666666667,0.14343563139064242,0.6923076923076923,2.0,2.0,True,2020
0,24,18,12.0,23.0,5.0,9.0,4.0,6.0,12.0,22.0,3.0,6.0,8.0,13.0,0.14343563139064242,0.6923076923076923,0.12847009443623916,0.6182572614107884,2.0,2.0,False,2020
0,27,14,15.0,21.0,8.0,11.0,4.0,4.0,12.0,23.0,3.0,9.0,6.0,6.0,0.04017901403852865,0.3119266055045872,0.11073921333044687,0.43243243243243246,2.0,2.0,False,2020
1,8,17,10.0,17.0,4.0,8.0,11.0,14.0,8.0,17.0,4.0,8.0,8.0,9.0,0.12951548116407044,0.4778761061946903,0.1014700331801561,0.5648535564853556,3.0,2.0,True,2020
0,12,11,10.0,21.0,6.0,13.0,5.0,6.0,9.0,17.0,4.0,8.0,5.0,6.0,0.09668270001947794,0.536036036036036,0.1279683130357936,0.5965665236051502,2.0,2.0,False,2020
1,7,0,8.0,22.0,3.0,10.0,9.0,9.0,9.0,14.0,3.0,8.0,6.0,6.0,0.04817500581266705,0.2798165137614679,0.0423225744561063,0.6015325670498084,2.0,2.0,True,2020
1,28,14,9.0,18.0,1.0,5.0,6.0,9.0,11.0,23.0,3.0,7.0,6.0,7.0,0.11030367343580223,0.2889908256880734,0.11073921333044687,0.43243243243243246,3.0,1.0,False,2020
1,22,4,16.0,19.0,2.0,5.0,7.0,10.0,8.0,17.0,3.0,7.0,7.0,7.0,0.03636103677654372,0.5676855895196506,0.18496110932643145,0.6820083682008368,2.0,2.0,True,2020
1,6,25,10.0,20.0,2.0,7.0,5.0,7.0,10.0,19.0,5.0,10.0,3.0,4.0,0.12029431078437676,0.4298642533936652,0.1961874588938473,0.7023809523809523,2.0,2.0,True,2020
0,25,6,10.0,19.0,5.0,10.0,3.0,4.0,10.0,20.0,2.0,7.0,5.0,7.0,0.1961874588938473,0.7023809523809523,0.13623544862750142,0.43243243243243246,2.0,2.0,False,2020
0,14,28,11.0,23.0,3.0,7.0,6.0,7.0,9.0,18.0,1.0,5.0,6.0,9.0,0.11073921333044687,0.43243243243243246,0.08824293874864178,0.2876712328767123,1.0,3.0,True,2020
0,0,7,9.0,14.0,3.0,8.0,6.0,6.0,8.0,22.0,3.0,10.0,9.0,9.0,0.0423225744561063,0.6015325670498084,0.07854000465013364,0.2831050228310502,2.0,2.0,False,2020
0,9,3,9.0,17.0,3.0,8.0,9.0,11.0,11.0,17.0,3.0,7.0,8.0,9.0,0.07893048661594808,0.3105022831050228,0.014690344442115042,0.39330543933054396,2.0,3.0,False,2020
0,17,16,9.0,25.0,6.0,9.0,4.0,8.0,12.0,23.0,3.0,6.0,5.0,6.0,0.1014700331801561,0.5648535564853556,0.1398932401971238,0.3778801843317972,1.0,3.0,False,2020
1,3,9,11.0,17.0,3.0,7.0,8.0,9.0,9.0,17.0,3.0,8.0,9.0,11.0,0.014690344442115042,0.39330543933054396,0.06314438929275847,0.3090909090909091,3.0,2.0,True,2020
1,11,12,9.0,17.0,4.0,8.0,5.0,6.0,10.0,21.0,6.0,13.0,5.0,6.0,0.1279683130357936,0.5965665236051502,0.07734616001558235,0.5336322869955157,2.0,2.0,True,2020
0,21,23,10.0,20.0,5.0,11.0,5.0,7.0,11.0,25.0,5.0,14.0,5.0,7.0,0.05373322633739904,0.423963133640553,0.035842993735332236,0.45248868778280543,2.0,2.0,True,2020
0,19,10,9.0,16.0,4.0,10.0,7.0,8.0,9.0,21.0,4.0,9.0,6.0,6.0,0.04250126088868796,0.4419642857142857,0.06832117789788386,0.4080717488789238,2.0,2.0,False,2020
1,16,17,12.0,23.0,3.0,6.0,5.0,6.0,9.0,25.0,6.0,9.0,4.0,8.0,0.1398932401971238,0.3778801843317972,0.08117602654412488,0.5625,3.0,1.0,True,2020
1,23,21,11.0,25.0,5.0,14.0,5.0,7.0,10.0,20.0,5.0,11.0,5.0,7.0,0.035842993735332236,0.45248868778280543,0.08298658106991923,0.42660550458715596,2.0,2.0,False,2020
1,20,29,13.0,25.0,3.0,8.0,5.0,6.0,15.0,29.0,3.0,7.0,6.0,12.0,0.16581861122354483,0.625,0.14087743605581987,0.5185185185185185,2.0,2.0,False,2020
1,13,15,11.0,18.0,5.0,11.0,10.0,12.0,8.0,21.0,4.0,12.0,6.0,8.0,0.08260594954300145,0.40825688073394495,0.10983018355843517,0.4009216589861751,2.0,2.0,True,2020
0,15,13,8.0,21.0,4.0,12.0,6.0,8.0,11.0,18.0,5.0,11.0,10.0,12.0,0.10983018355843517,0.4009216589861751,0.10608475963440116,0.410958904109589,2.0,2.0,False,2020
0,29,20,15.0,29.0,3.0,7.0,6.0,12.0,13.0,25.0,3.0,8.0,5.0,6.0,0.14087743605581987,0.5185185185185185,0.13265488897883587,0.6223175965665236,2.0,2.0,True,2020
1,10,19,9.0,21.0,4.0,9.0,6.0,6.0,9.0,16.0,4.0,10.0,7.0,8.0,0.06832117789788386,0.4080717488789238,0.03400100871095037,0.44,2.0,2.0,True,2020
0,4,22,8.0,17.0,3.0,7.0,7.0,7.0,16.0,19.0,2.0,5.0,7.0,10.0,0.18496110932643145,0.6820083682008368,0.06908882942123498,0.5695652173913044,2.0,2.0,False,2020
0,26,8,12.0,18.0,3.0,6.0,7.0,7.0,11.0,19.0,5.0,11.0,10.0,13.0,0.11008233260068259,0.5764192139737991,0.14361238493125633,0.4801762114537445,2.0,2.0,True,2020
1,8,26,11.0,19.0,5.0,11.0,10.0,13.0,12.0,18.0,3.0,6.0,7.0,7.0,0.14361238493125633,0.4801762114537445,0.12806586608054607,0.5782608695652174,2.0,2.0,False,2020
1,2,24,14.0,23.0,5.0,14.0,6.0,10.0,14.0,33.0,4.0,9.0,10.0,14.0,0.1440000739103438,0.6293706293706294,0.11474850511251393,0.6792452830188679,2.0,2.0,True,2020
0,24,2,14.0,33.0,4.0,9.0,10.0,14.0,14.0,23.0,5.0,14.0,6.0,10.0,0.11474850511251393,0.6792452830188679,0.15520005912827506,0.6319444444444444,2.0,2.0,False,2020
0,21,27,9.0,23.0,3.0,8.0,9.0,9.0,10.0,22.0,2.0,7.0,6.0,7.0,0.08298658106991923,0.42660550458715596,0.03214321123082292,0.3105022831050228,8.0,9.0,True,2020
1,27,21,10.0,22.0,2.0,7.0,6.0,7.0,9.0,23.0,3.0,8.0,9.0,9.0,0.03214321123082292,0.3105022831050228,0.10638926485593539,0.4292237442922374,9.0,8.0,False,2020
0,16,15,7.0,14.0,4.0,9.0,10.0,10.0,11.0,17.0,7.0,11.0,8.0,8.0,0.15191459215769904,0.38073394495412843,0.08786414684674813,0.39908256880733944,8.0,8.0,False,2020
0,6,18,9.0,29.0,3.0,8.0,7.0,10.0,10.0,20.0,2.0,6.0,18.0,19.0,0.13623544862750142,0.43243243243243246,0.12847009443623916,0.6182572614107884,8.0,9.0,False,2020
0,4,19,13.0,23.0,4.0,5.0,9.0,11.0,7.0,15.0,3.0,7.0,9.0,10.0,0.14796888746114517,0.6791666666666667,0.03400100871095037,0.44,8.0,8.0,True,2020
1,19,4,7.0,15.0,3.0,7.0,9.0,10.0,13.0,23.0,4.0,5.0,9.0,11.0,0.03400100871095037,0.44,0.15837510996891613,0.6804979253112033,8.0,8.0,False,2020
1,18,6,10.0,20.0,2.0,6.0,18.0,19.0,9.0,29.0,3.0,8.0,7.0,10.0,0.12847009443623916,0.6182572614107884,0.10898835890200113,0.4304932735426009,9.0,8.0,True,2020
0,12,9,9.0,20.0,3.0,8.0,10.0,12.0,12.0,25.0,8.0,15.0,18.0,19.0,0.07734616001558235,0.5336322869955157,0.06314438929275847,0.3090909090909091,8.0,8.0,False,2020
0,1,0,10.0,19.0,5.0,12.0,14.0,15.0,10.0,17.0,3.0,10.0,4.0,4.0,0.11885733986071859,0.6869918699186992,0.03385805956488504,0.5992366412213741,9.0,8.0,True,2020
1,9,12,12.0,25.0,8.0,15.0,18.0,19.0,9.0,20.0,3.0,8.0,10.0,12.0,0.06314438929275847,0.3090909090909091,0.06187692801246588,0.53125,8.0,8.0,True,2020
1,0,1,10.0,17.0,3.0,10.0,4.0,4.0,10.0,19.0,5.0,12.0,14.0,15.0,0.03385805956488504,0.5992366412213741,0.13508587188857485,0.6882591093117408,8.0,9.0,False,2020
1,15,16,11.0,17.0,7.0,11.0,8.0,8.0,7.0,14.0,4.0,9.0,10.0,10.0,0.08786414684674813,0.39908256880733944,0.12153167372615922,0.3789954337899543,8.0,8.0,True,2020
1,10,13,12.0,27.0,5.0,12.0,6.0,8.0,10.0,21.0,4.0,9.0,9.0,12.0,0.09465694231830708,0.4107142857142857,0.10608475963440116,0.410958904109589,9.0,9.0,False,2020
1,23,2,10.0,18.0,4.0,9.0,7.0,8.0,12.0,21.0,4.0,10.0,8.0,8.0,0.028674394988265788,0.45045045045045046,0.15520005912827506,0.6319444444444444,9.0,8.0,False,2020
1,28,22,8.0,19.0,3.0,5.0,4.0,6.0,10.0,21.0,2.0,5.0,8.0,10.0,0.08824293874864178,0.2876712328767123,0.06908882942123498,0.5695652173913044,9.0,9.0,False,2020
0,7,25,8.0,18.0,1.0,5.0,4.0,4.0,12.0,19.0,5.0,9.0,8.0,8.0,0.07854000465013364,0.2831050228310502,0.15694996711507786,0.6996047430830039,9.0,9.0,False,2020
1,25,7,12.0,19.0,5.0,9.0,8.0,8.0,8.0,18.0,1.0,5.0,4.0,4.0,0.15694996711507786,0.6996047430830039,0.06283200372010692,0.2818181818181818,9.0,9.0,True,2020
0,20,26,12.0,16.0,2.0,5.0,7.0,7.0,11.0,17.0,4.0,7.0,5.0,6.0,0.13265488897883587,0.6223175965665236,0.12806586608054607,0.5782608695652174,9.0,8.0,False,2020
1,26,20,11.0,17.0,4.0,7.0,5.0,6.0,12.0,16.0,2.0,5.0,7.0,7.0,0.12806586608054607,0.5782608695652174,0.1061239111830687,0.6196581196581197,8.0,9.0,True,2020
1,14,3,9.0,28.0,2.0,10.0,7.0,9.0,8.0,17.0,3.0,6.0,7.0,10.0,0.1285913706643575,0.4349775784753363,0.05175227555369204,0.3958333333333333,9.0,9.0,False,2020
0,16,29,9.0,14.0,2.0,4.0,7.0,10.0,10.0,17.0,2.0,6.0,11.0,15.0,0.12153167372615922,0.3789954337899543,0.1527019488446559,0.5207373271889401,1.0,9.0,False,2020
0,3,14,8.0,17.0,3.0,6.0,7.0,10.0,9.0,28.0,2.0,10.0,7.0,9.0,0.05175227555369204,0.3958333333333333,0.10287309653148599,0.4330357142857143,9.0,9.0,True,2020
1,11,5,7.0,14.0,3.0,7.0,7.0,7.0,10.0,17.0,4.0,6.0,7.0,8.0,0.14237465042863487,0.5982905982905983,0.07062779184074258,0.5304347826086957,9.0,10.0,False,2020
0,22,28,10.0,21.0,2.0,5.0,8.0,10.0,8.0,19.0,3.0,5.0,4.0,6.0,0.06908882942123498,0.5695652173913044,0.07059435099891342,0.2863636363636364,9.0,9.0,True,2020
0,13,10,10.0,21.0,4.0,9.0,9.0,12.0,12.0,27.0,5.0,12.0,6.0,8.0,0.10608475963440116,0.410958904109589,0.07572555385464566,0.4088888888888889,9.0,9.0,True,2020
1,17,8,10.0,22.0,3.0,8.0,6.0,6.0,10.0,17.0,4.0,8.0,6.0,10.0,0.08117602654412488,0.5625,0.11488990794500506,0.4780701754385965,9.0,8.0,False,2020
0,8,17,10.0,17.0,4.0,8.0,6.0,10.0,10.0,22.0,3.0,8.0,6.0,6.0,0.11488990794500506,0.4780701754385965,0.0649408212352999,0.5601659751037344,8.0,9.0,True,2020
0,5,11,10.0,17.0,4.0,6.0,7.0,8.0,7.0,14.0,3.0,7.0,7.0,7.0,0.07062779184074258,0.5304347826086957,0.11389972034290789,0.5957446808510638,10.0,9.0,True,2020
0,2,23,12.0,21.0,4.0,10.0,8.0,8.0,10.0,18.0,4.0,9.0,7.0,8.0,0.15520005912827506,0.6319444444444444,0.02293951599061263,0.4484304932735426,8.0,9.0,True,2020
1,29,16,10.0,17.0,2.0,6.0,11.0,15.0,9.0,14.0,2.0,4.0,7.0,10.0,0.1527019488446559,0.5207373271889401,0.09722533898092738,0.37727272727272726,9.0,1.0,True,2020
1,21,6,7.0,15.0,4.0,9.0,5.0,6.0,7.0,19.0,4.0,10.0,4.0,6.0,0.10638926485593539,0.4292237442922374,0.10898835890200113,0.4304932735426009,2.0,2.0,False,2020
0,3,12,7.0,15.0,4.0,11.0,5.0,6.0,7.0,12.0,5.0,10.0,6.0,6.0,0.08140182044295363,0.3983402489626556,0.06187692801246588,0.53125,1.0,2.0,False,2020
1,12,3,7.0,12.0,5.0,10.0,6.0,6.0,7.0,15.0,4.0,11.0,5.0,6.0,0.06187692801246588,0.53125,0.06512145635436291,0.39669421487603307,2.0,1.0,True,2020
0,1,11,14.0,26.0,6.0,12.0,6.0,9.0,12.0,24.0,2.0,6.0,6.0,9.0,0.13508587188857485,0.6882591093117408,0.11389972034290789,0.5957446808510638,2.0,1.0,True,2020
1,9,13,13.0,21.0,3.0,8.0,8.0,9.0,11.0,22.0,6.0,14.0,5.0,7.0,0.09051551143420677,0.31221719457013575,0.12486780770752093,0.41363636363636364,2.0,1.0,True,2020
1,24,15,10.0,23.0,4.0,7.0,7.0,8.0,8.0,17.0,4.0,10.0,7.0,8.0,0.09179880409001115,0.6666666666666666,0.11029131747739851,0.4018264840182648,9.0,2.0,False,2020
0,15,24,8.0,17.0,4.0,10.0,7.0,8.0,10.0,23.0,4.0,7.0,7.0,8.0,0.11029131747739851,0.4018264840182648,0.07343904327200892,0.6545454545454545,2.0,9.0,True,2020
0,7,27,12.0,21.0,5.0,10.0,9.0,11.0,11.0,22.0,7.0,13.0,4.0,4.0,0.06283200372010692,0.2818181818181818,0.025714568984658338,0.3090909090909091,1.0,2.0,True,2020
1,27,7,11.0,22.0,7.0,13.0,4.0,4.0,12.0,21.0,5.0,10.0,9.0,11.0,0.025714568984658338,0.3090909090909091,0.09026560297608552,0.2850678733031674,2.0,1.0,False,2020
0,18,4,7.0,17.0,5.0,7.0,6.0,7.0,12.0,17.0,2.0,6.0,5.0,8.0,0.14277607554899133,0.6198347107438017,0.15837510996891613,0.6804979253112033,2.0,2.0,False,2020
1,4,18,12.0,17.0,2.0,6.0,5.0,8.0,7.0,17.0,5.0,7.0,6.0,7.0,0.15837510996891613,0.6804979253112033,0.11422086043919306,0.6172839506172839,2.0,2.0,True,2020
0,6,21,7.0,19.0,4.0,10.0,4.0,6.0,7.0,15.0,4.0,9.0,5.0,6.0,0.10898835890200113,0.4304932735426009,0.08511141188474831,0.42727272727272725,2.0,2.0,True,2020
0,13,9,11.0,22.0,6.0,14.0,5.0,7.0,13.0,21.0,3.0,8.0,8.0,9.0,0.12486780770752093,0.41363636363636364,0.11241240914736542,0.3153153153153153,1.0,2.0,False,2020
1,11,1,12.0,24.0,2.0,6.0,6.0,9.0,14.0,26.0,6.0,12.0,6.0,9.0,0.11389972034290789,0.5957446808510638,0.14806869751085988,0.6895161290322581,1.0,2.0,False,2020
0,5,26,5.0,12.0,3.0,9.0,5.0,5.0,8.0,14.0,2.0,4.0,5.0,6.0,0.09650223347259405,0.5324675324675324,0.14245269286443685,0.5800865800865801,2.0,2.0,False,2020
0,19,17,9.0,16.0,3.0,7.0,6.0,7.0,15.0,30.0,6.0,11.0,5.0,8.0,0.027200806968760295,0.43805309734513276,0.0649408212352999,0.5601659751037344,3.0,2.0,False,2020
1,27,14,11.0,20.0,6.0,12.0,6.0,7.0,15.0,27.0,5.0,11.0,18.0,20.0,0.02057165518772667,0.3076923076923077,0.10287309653148599,0.4330357142857143,1.0,2.0,True,2020
0,22,25,6.0,16.0,4.0,7.0,3.0,4.0,8.0,13.0,5.0,9.0,4.0,5.0,0.09527106353698797,0.5714285714285714,0.16555997369206227,0.7007874015748031,2.0,2.0,False,2020
1,25,22,8.0,13.0,5.0,9.0,4.0,5.0,6.0,16.0,4.0,7.0,3.0,4.0,0.16555997369206227,0.7007874015748031,0.07621685082959037,0.5689655172413793,2.0,2.0,True,2020
0,2,29,12.0,20.0,4.0,9.0,13.0,15.0,10.0,25.0,4.0,10.0,9.0,12.0,0.16416004730262004,0.6344827586206897,0.16216155907572471,0.5229357798165137,2.0,2.0,False,2020
1,26,5,8.0,14.0,2.0,4.0,5.0,6.0,5.0,12.0,3.0,9.0,5.0,5.0,0.14245269286443685,0.5800865800865801,0.07720178677807524,0.5301724137931034,2.0,2.0,True,2020
1,0,8,9.0,16.0,4.0,8.0,3.0,4.0,13.0,20.0,6.0,9.0,5.0,6.0,0.02708644765190803,0.596958174904943,0.13191192635600407,0.48034934497816595,3.0,2.0,False,2020
1,29,2,10.0,25.0,4.0,10.0,9.0,12.0,12.0,20.0,4.0,9.0,13.0,15.0,0.16216155907572471,0.5229357798165137,0.13132803784209604,0.6301369863013698,2.0,2.0,True,2020
1,20,23,11.0,14.0,4.0,8.0,3.0,4.0,7.0,15.0,3.0,8.0,4.0,5.0,0.1061239111830687,0.6196581196581197,0.02293951599061263,0.4484304932735426,2.0,2.0,True,2020
0,14,27,15.0,27.0,5.0,11.0,18.0,20.0,11.0,20.0,6.0,12.0,6.0,7.0,0.10287309653148599,0.4330357142857143,0.05645732415018133,0.3108108108108108,2.0,1.0,False,2020
0,23,20,7.0,15.0,3.0,8.0,4.0,5.0,11.0,14.0,4.0,8.0,3.0,4.0,0.02293951599061263,0.4484304932735426,0.12489912894645497,0.6212765957446809,2.0,2.0,False,2020
0,8,0,13.0,20.0,6.0,9.0,5.0,6.0,9.0,16.0,4.0,8.0,3.0,4.0,0.13191192635600407,0.48034934497816595,0.021669158121526425,0.5946969696969697,2.0,3.0,True,2020
1,17,19,15.0,30.0,6.0,11.0,5.0,8.0,9.0,16.0,3.0,7.0,6.0,7.0,0.0649408212352999,0.5601659751037344,0.021760645575008238,0.43612334801762115,2.0,3.0,True,2020
0,16,24,7.0,13.0,2.0,5.0,4.0,6.0,10.0,17.0,3.0,6.0,5.0,5.0,0.09722533898092738,0.37727272727272726,0.07343904327200892,0.6545454545454545,3.0,2.0,False,2020
1,18,9,17.0,24.0,4.0,7.0,14.0,15.0,10.0,22.0,2.0,11.0,9.0,10.0,0.11422086043919306,0.6172839506172839,0.11241240914736542,0.3153153153153153,2.0,2.0,True,2020
1,14,4,19.0,33.0,8.0,13.0,9.0,10.0,15.0,28.0,4.0,8.0,8.0,8.0,0.08229847722518879,0.4311111111111111,0.1667000879751329,0.6818181818181818,1.0,2.0,False,2020
1,6,10,9.0,21.0,4.0,10.0,3.0,4.0,11.0,16.0,4.0,8.0,6.0,6.0,0.12719068712160092,0.4330357142857143,0.07572555385464566,0.4088888888888889,2.0,3.0,False,2020
1,13,23,8.0,16.0,5.0,9.0,5.0,8.0,10.0,20.0,5.0,12.0,6.0,7.0,0.09989424616601675,0.4117647058823529,0.018351612792490105,0.44642857142857145,2.0,1.0,True,2020
0,4,14,15.0,28.0,4.0,8.0,8.0,8.0,19.0,33.0,8.0,13.0,9.0,10.0,0.1667000879751329,0.6818181818181818,0.06583878178015104,0.42920353982300885,2.0,1.0,True,2020
1,24,16,10.0,17.0,3.0,6.0,5.0,5.0,7.0,13.0,2.0,5.0,4.0,6.0,0.07343904327200892,0.6545454545454545,0.0777802711847419,0.3755656108597285,2.0,3.0,True,2020
0,9,18,10.0,22.0,2.0,11.0,9.0,10.0,17.0,24.0,4.0,7.0,14.0,15.0,0.11241240914736542,0.3153153153153153,0.13137668835135446,0.6188524590163934,2.0,2.0,False,2020
0,10,6,11.0,16.0,4.0,8.0,6.0,6.0,9.0,21.0,4.0,10.0,3.0,4.0,0.07572555385464566,0.4088888888888889,0.10175254969728073,0.4311111111111111,3.0,2.0,True,2020
0,7,11,8.0,18.0,2.0,4.0,8.0,9.0,11.0,19.0,6.0,9.0,10.0,12.0,0.09026560297608552,0.2850678733031674,0.09111977627432631,0.5932203389830508,2.0,2.0,True,2020
1,1,28,14.0,25.0,4.0,11.0,7.0,9.0,8.0,17.0,3.0,6.0,7.0,8.0,0.14806869751085988,0.6895161290322581,0.07059435099891342,0.2863636363636364,2.0,3.0,True,2020
0,12,3,9.0,18.0,5.0,12.0,6.0,7.0,9.0,18.0,4.0,8.0,8.0,10.0,0.08950154240997271,0.5333333333333333,0.06512145635436291,0.39669421487603307,2.0,2.0,False,2020
1,11,7,11.0,19.0,6.0,9.0,10.0,12.0,8.0,18.0,2.0,4.0,8.0,9.0,0.09111977627432631,0.5932203389830508,0.11221248238086842,0.2882882882882883,2.0,2.0,False,2020
1,3,12,9.0,18.0,4.0,8.0,8.0,10.0,9.0,18.0,5.0,12.0,6.0,7.0,0.06512145635436291,0.39669421487603307,0.07160123392797817,0.5309734513274337,2.0,2.0,True,2020
0,28,1,8.0,17.0,3.0,6.0,7.0,8.0,14.0,25.0,4.0,11.0,7.0,9.0,0.07059435099891342,0.2863636363636364,0.15845495800868792,0.6907630522088354,3.0,2.0,False,2020
0,23,13,10.0,20.0,5.0,12.0,6.0,7.0,8.0,16.0,5.0,9.0,5.0,8.0,0.018351612792490105,0.44642857142857145,0.11991539693281339,0.4144144144144144,1.0,2.0,False,2020
1,25,4,6.0,15.0,5.0,10.0,5.0,7.0,7.0,14.0,3.0,6.0,7.0,8.0,0.17244797895364983,0.7019607843137254,0.1733600703801063,0.6831275720164609,2.0,1.0,False,2020
1,29,8,17.0,27.0,5.0,11.0,9.0,10.0,12.0,20.0,3.0,9.0,13.0,19.0,0.16972924726057975,0.5251141552511416,0.14552954108480326,0.4826086956521739,2.0,2.0,True,2020
0,26,27,8.0,16.0,5.0,10.0,9.0,12.0,19.0,35.0,6.0,13.0,3.0,3.0,0.15396215429154947,0.5818965517241379,0.05645732415018133,0.3108108108108108,2.0,2.0,True,2020
1,0,15,8.0,14.0,3.0,7.0,5.0,6.0,9.0,15.0,5.0,10.0,4.0,9.0,0.021669158121526425,0.5946969696969697,0.1282330539819188,0.40454545454545454,2.0,3.0,False,2020
0,21,22,7.0,16.0,3.0,6.0,3.0,5.0,9.0,12.0,2.0,7.0,4.0,5.0,0.08511141188474831,0.42727272727272725,0.07621685082959037,0.5689655172413793,3.0,2.0,False,2020
1,27,26,19.0,35.0,6.0,13.0,3.0,3.0,8.0,16.0,5.0,10.0,9.0,12.0,0.05645732415018133,0.3108108108108108,0.16316972343323957,0.5836909871244635,2.0,2.0,False,2020
1,22,21,9.0,12.0,2.0,7.0,4.0,5.0,7.0,16.0,3.0,6.0,3.0,5.0,0.07621685082959037,0.5689655172413793,0.06808912950779865,0.4253393665158371,2.0,3.0,True,2020
0,15,0,9.0,15.0,5.0,10.0,4.0,9.0,8.0,14.0,3.0,7.0,5.0,6.0,0.1282330539819188,0.40454545454545454,0.01733532649722114,0.5924528301886792,3.0,2.0,True,2020
0,2,17,14.0,22.0,8.0,12.0,5.0,5.0,10.0,24.0,5.0,12.0,5.0,6.0,0.13132803784209604,0.6301369863013698,0.09195265698823991,0.5619834710743802,2.0,2.0,True,2020
0,8,29,12.0,20.0,3.0,9.0,13.0,19.0,17.0,27.0,5.0,11.0,9.0,10.0,0.14552954108480326,0.4826086956521739,0.1757833978084638,0.5272727272727272,2.0,2.0,False,2020
0,19,20,7.0,16.0,4.0,9.0,7.0,8.0,12.0,15.0,3.0,5.0,5.0,7.0,0.021760645575008238,0.43612334801762115,0.12489912894645497,0.6212765957446809,2.0,2.0,False,2020
1,20,19,12.0,15.0,3.0,5.0,5.0,7.0,7.0,16.0,4.0,9.0,7.0,8.0,0.12489912894645497,0.6212765957446809,0.01740851646000659,0.4342105263157895,2.0,2.0,True,2020
0,4,25,7.0,14.0,3.0,6.0,7.0,8.0,6.0,15.0,5.0,10.0,5.0,7.0,0.1733600703801063,0.6831275720164609,0.13795838316291986,0.69921875,1.0,2.0,True,2020
1,17,2,10.0,24.0,5.0,12.0,5.0,6.0,14.0,22.0,8.0,12.0,5.0,5.0,0.09195265698823991,0.5619834710743802,0.14506243027367682,0.6326530612244898,2.0,2.0,False,2020
1,21,28,7.0,18.0,4.0,9.0,8.0,8.0,8.0,14.0,1.0,4.0,3.0,5.0,0.06808912950779865,0.4253393665158371,0.05647548079913074,0.2850678733031674,1.0,2.0,True,2020
1,12,23,9.0,19.0,3.0,7.0,10.0,15.0,9.0,18.0,7.0,14.0,5.0,6.0,0.07160123392797817,0.5309734513274337,0.014681290233992084,0.4444444444444444,2.0,2.0,False,2020
0,16,1,9.0,26.0,4.0,10.0,4.0,5.0,15.0,24.0,7.0,12.0,5.0,6.0,0.0777802711847419,0.3755656108597285,0.15845495800868792,0.6907630522088354,2.0,2.0,False,2020
1,11,2,15.0,32.0,5.0,10.0,5.0,7.0,13.0,20.0,3.0,8.0,4.0,5.0,0.07289582101946104,0.5907172995780591,0.14506243027367682,0.6326530612244898,2.0,1.0,False,2020
0,2,11,13.0,20.0,3.0,8.0,4.0,5.0,15.0,32.0,5.0,10.0,5.0,7.0,0.14506243027367682,0.6326530612244898,0.058316656815568836,0.5882352941176471,1.0,2.0,True,2020
0,28,21,8.0,14.0,1.0,4.0,3.0,5.0,7.0,18.0,4.0,9.0,8.0,8.0,0.05647548079913074,0.2850678733031674,0.09447130360623891,0.42792792792792794,2.0,1.0,False,2020
0,23,12,9.0,18.0,7.0,14.0,5.0,6.0,9.0,19.0,3.0,7.0,10.0,15.0,0.014681290233992084,0.4444444444444444,0.057280987142382535,0.5286343612334802,2.0,2.0,True,2020
1,9,10,11.0,27.0,4.0,12.0,13.0,14.0,11.0,18.0,3.0,7.0,4.0,7.0,0.08992992731789233,0.31390134529147984,0.10058044308371653,0.41150442477876104,2.0,2.0,False,2020
1,7,24,11.0,22.0,3.0,8.0,6.0,7.0,7.0,17.0,4.0,8.0,9.0,9.0,0.11221248238086842,0.2882882882882883,0.09875123461760713,0.6607142857142857,2.0,2.0,False,2020
0,10,9,11.0,18.0,3.0,7.0,4.0,7.0,11.0,27.0,4.0,12.0,13.0,14.0,0.10058044308371653,0.41150442477876104,0.07194394185431387,0.3125,2.0,2.0,True,2020
0,18,3,8.0,14.0,4.0,11.0,2.0,4.0,9.0,16.0,3.0,7.0,8.0,9.0,0.13137668835135446,0.6188524590163934,0.09209716508349033,0.3991769547325103,2.0,2.0,False,2020
1,3,18,9.0,16.0,3.0,7.0,8.0,9.0,8.0,14.0,4.0,11.0,2.0,4.0,0.09209716508349033,0.3991769547325103,0.10510135068108357,0.6163265306122448,2.0,2.0,True,2020
0,24,7,7.0,17.0,4.0,8.0,9.0,9.0,11.0,22.0,3.0,8.0,6.0,7.0,0.09875123461760713,0.6607142857142857,0.08976998590469473,0.28699551569506726,2.0,2.0,True,2020
0,6,14,10.0,20.0,5.0,9.0,9.0,11.0,11.0,24.0,4.0,11.0,4.0,5.0,0.10175254969728073,0.4311111111111111,0.06583878178015104,0.42920353982300885,2.0,2.0,False,2020
0,13,5,10.0,25.0,4.0,11.0,8.0,10.0,9.0,15.0,4.0,8.0,9.0,9.0,0.11991539693281339,0.4144144144144144,0.07720178677807524,0.5301724137931034,2.0,3.0,True,2020
1,5,13,9.0,15.0,4.0,8.0,9.0,9.0,10.0,25.0,4.0,11.0,8.0,10.0,0.07720178677807524,0.5301724137931034,0.1359323175462507,0.4170403587443946,3.0,2.0,False,2020
1,1,16,15.0,24.0,7.0,12.0,5.0,6.0,9.0,26.0,4.0,10.0,4.0,5.0,0.15845495800868792,0.6907630522088354,0.06222421694779352,0.3738738738738739,2.0,2.0,True,2020
1,14,6,11.0,24.0,4.0,11.0,4.0,5.0,10.0,20.0,5.0,9.0,9.0,11.0,0.06583878178015104,0.42920353982300885,0.08140203975782459,0.42920353982300885,2.0,2.0,True,2020
0,15,26,8.0,16.0,5.0,9.0,5.0,5.0,8.0,17.0,4.0,8.0,4.0,6.0,0.14258644318553504,0.4072398190045249,0.16316972343323957,0.5836909871244635,2.0,2.0,False,2020
1,0,29,7.0,15.0,4.0,11.0,8.0,9.0,8.0,17.0,2.0,4.0,10.0,12.0,0.01733532649722114,0.5924528301886792,0.1757833978084638,0.5272727272727272,2.0,2.0,False,2020
0,17,22,11.0,27.0,4.0,12.0,3.0,4.0,8.0,20.0,3.0,6.0,4.0,5.0,0.07356212559059193,0.5596707818930041,0.10097348066367232,0.5708154506437768,2.0,2.0,False,2020
1,26,15,8.0,17.0,4.0,8.0,4.0,6.0,8.0,16.0,5.0,9.0,5.0,5.0,0.16316972343323957,0.5836909871244635,0.11406915454842803,0.40540540540540543,2.0,2.0,True,2020
0,28,18,11.0,18.0,5.0,7.0,6.0,8.0,14.0,21.0,5.0,6.0,3.0,3.0,0.04518038463930459,0.28378378378378377,0.10510135068108357,0.6163265306122448,1.0,1.0,False,2020
1,18,28,14.0,21.0,5.0,6.0,3.0,3.0,11.0,18.0,5.0,7.0,6.0,8.0,0.10510135068108357,0.6163265306122448,0.036144307711443675,0.2825112107623318,1.0,1.0,True,2020
0,29,0,8.0,17.0,2.0,4.0,10.0,12.0,7.0,15.0,4.0,11.0,8.0,9.0,0.1757833978084638,0.5272727272727272,0.013868261197776913,0.5902255639097744,2.0,2.0,True,2020
1,22,17,8.0,20.0,3.0,6.0,4.0,5.0,11.0,27.0,4.0,12.0,3.0,4.0,0.10097348066367232,0.5708154506437768,0.058849700472473544,0.5573770491803278,2.0,2.0,True,2020
1,9,6,11.0,18.0,6.0,9.0,9.0,10.0,7.0,17.0,4.0,9.0,8.0,8.0,0.07194394185431387,0.3125,0.08140203975782459,0.42920353982300885,2.0,2.0,True,2020
0,13,12,13.0,21.0,8.0,14.0,9.0,9.0,8.0,14.0,6.0,9.0,10.0,12.0,0.1359323175462507,0.4170403587443946,0.057280987142382535,0.5286343612334802,2.0,2.0,False,2020
0,14,11,17.0,33.0,6.0,15.0,6.0,7.0,9.0,21.0,4.0,9.0,8.0,10.0,0.09267102542412083,0.43171806167400884,0.058316656815568836,0.5882352941176471,2.0,2.0,False,2020
0,20,24,9.0,15.0,4.0,5.0,8.0,10.0,9.0,15.0,6.0,8.0,6.0,8.0,0.13991930315716397,0.6228813559322034,0.11900098769408571,0.6666666666666666,3.0,2.0,False,2020
1,8,3,11.0,19.0,2.0,6.0,5.0,6.0,11.0,20.0,6.0,10.0,3.0,5.0,0.1164236328678426,0.4805194805194805,0.11367773206679226,0.4016393442622951,3.0,2.0,True,2020
1,10,23,13.0,25.0,7.0,15.0,4.0,6.0,11.0,22.0,5.0,11.0,5.0,6.0,0.1204643544669732,0.41409691629955947,0.05174503218719366,0.4469026548672566,2.0,2.0,True,2020
0,21,25,6.0,15.0,4.0,10.0,4.0,6.0,9.0,23.0,4.0,12.0,8.0,10.0,0.09447130360623891,0.42792792792792794,0.13795838316291986,0.69921875,2.0,3.0,True,2020
1,12,13,8.0,14.0,6.0,9.0,10.0,12.0,13.0,21.0,8.0,14.0,9.0,9.0,0.057280987142382535,0.5286343612334802,0.10874585403700057,0.41517857142857145,2.0,2.0,True,2020
0,19,7,15.0,24.0,5.0,11.0,6.0,7.0,10.0,17.0,3.0,5.0,5.0,7.0,0.01740851646000659,0.4342105263157895,0.08976998590469473,0.28699551569506726,3.0,2.0,True,2020
1,24,20,9.0,15.0,6.0,8.0,6.0,8.0,9.0,15.0,4.0,5.0,8.0,10.0,0.11900098769408571,0.6666666666666666,0.11193544252573118,0.620253164556962,2.0,3.0,True,2020
1,16,15,12.0,22.0,3.0,7.0,5.0,7.0,10.0,19.0,3.0,8.0,5.0,6.0,0.06222421694779352,0.3738738738738739,0.11406915454842803,0.40540540540540543,2.0,1.0,False,2020
1,7,19,10.0,17.0,3.0,5.0,5.0,7.0,15.0,24.0,5.0,11.0,6.0,7.0,0.08976998590469473,0.28699551569506726,0.05392681316800527,0.4366812227074236,2.0,3.0,False,2020
0,3,8,11.0,20.0,6.0,10.0,3.0,5.0,11.0,19.0,2.0,6.0,5.0,6.0,0.11367773206679226,0.4016393442622951,0.1331389062942741,0.4827586206896552,2.0,3.0,False,2020
0,23,10,11.0,22.0,5.0,11.0,5.0,6.0,13.0,25.0,7.0,15.0,4.0,6.0,0.05174503218719366,0.4469026548672566,0.1363714835735786,0.4166666666666667,2.0,2.0,False,2020
0,6,9,7.0,17.0,4.0,9.0,8.0,8.0,11.0,18.0,6.0,9.0,9.0,10.0,0.08140203975782459,0.42920353982300885,0.09755515348345109,0.31555555555555553,2.0,2.0,False,2020
1,11,14,9.0,21.0,4.0,9.0,8.0,10.0,17.0,33.0,6.0,15.0,6.0,7.0,0.058316656815568836,0.5882352941176471,0.07413682033929667,0.4298245614035088,2.0,2.0,True,2020
0,15,16,10.0,19.0,3.0,8.0,5.0,6.0,12.0,22.0,3.0,7.0,5.0,7.0,0.11406915454842803,0.40540540540540543,0.04977937355823482,0.3721973094170404,1.0,2.0,True,2020
0,26,4,7.0,17.0,2.0,6.0,5.0,7.0,13.0,20.0,4.0,8.0,4.0,5.0,0.17053577874659165,0.5854700854700855,0.17868805630408507,0.6844262295081968,1.0,3.0,False,2020
1,25,21,9.0,23.0,4.0,12.0,8.0,10.0,6.0,15.0,4.0,10.0,4.0,6.0,0.13795838316291986,0.69921875,0.11557704288499113,0.4304932735426009,3.0,2.0,False,2020
1,4,26,13.0,20.0,4.0,8.0,4.0,5.0,7.0,17.0,2.0,6.0,5.0,7.0,0.17868805630408507,0.6844262295081968,0.13642862299727332,0.5829787234042553,3.0,1.0,True,2020
0,0,7,10.0,20.0,3.0,8.0,6.0,8.0,8.0,16.0,5.0,10.0,5.0,6.0,0.013868261197776913,0.5902255639097744,0.07181598872375579,0.2857142857142857,2.0,1.0,True,2020
0,27,28,10.0,25.0,4.0,8.0,4.0,6.0,11.0,16.0,3.0,5.0,8.0,8.0,0.045165859320145066,0.3094170403587444,0.036144307711443675,0.2825112107623318,4.0,2.0,False,2020
1,12,6,9.0,16.0,4.0,9.0,6.0,9.0,7.0,17.0,5.0,9.0,9.0,10.0,0.08582478971390603,0.5307017543859649,0.06512163180625967,0.42731277533039647,1.0,1.0,True,2020
1,5,10,8.0,13.0,4.0,8.0,4.0,6.0,8.0,16.0,5.0,10.0,5.0,8.0,0.06176142942246019,0.5278969957081545,0.1363714835735786,0.4166666666666667,3.0,1.0,True,2020
1,7,0,8.0,16.0,5.0,10.0,5.0,6.0,10.0,20.0,3.0,8.0,6.0,8.0,0.07181598872375579,0.2857142857142857,0.05109460895822153,0.5917602996254682,1.0,2.0,False,2020
0,10,5,8.0,16.0,5.0,10.0,5.0,8.0,8.0,13.0,4.0,8.0,4.0,6.0,0.1363714835735786,0.4166666666666667,0.08940914353796815,0.5299145299145299,1.0,3.0,False,2020
1,2,1,9.0,27.0,5.0,15.0,10.0,14.0,16.0,27.0,4.0,17.0,8.0,12.0,0.15604994421894144,0.6351351351351351,0.16676396640695032,0.692,3.0,3.0,False,2020
0,1,2,16.0,27.0,4.0,17.0,8.0,12.0,9.0,27.0,5.0,15.0,10.0,14.0,0.16676396640695032,0.692,0.12483995537515316,0.6308724832214765,3.0,3.0,True,2020
0,22,3,14.0,20.0,2.0,5.0,4.0,4.0,12.0,21.0,2.0,6.0,7.0,8.0,0.12077878453093785,0.5726495726495726,0.0909421856534338,0.4,2.0,1.0,True,2020
0,17,9,14.0,26.0,3.0,9.0,4.0,6.0,9.0,18.0,6.0,9.0,10.0,10.0,0.058849700472473544,0.5573770491803278,0.09755515348345109,0.31555555555555553,2.0,1.0,False,2020
1,9,17,9.0,18.0,6.0,9.0,10.0,10.0,14.0,26.0,3.0,9.0,4.0,6.0,0.09755515348345109,0.31555555555555553,0.047079760377978834,0.5551020408163265,1.0,2.0,True,2020
1,3,22,12.0,21.0,2.0,6.0,7.0,8.0,14.0,20.0,2.0,5.0,4.0,4.0,0.0909421856534338,0.4,0.13662302762475026,0.574468085106383,1.0,2.0,False,2020
0,29,16,8.0,18.0,2.0,8.0,4.0,6.0,10.0,24.0,4.0,11.0,3.0,4.0,0.18062671824677104,0.5294117647058824,0.04977937355823482,0.3721973094170404,2.0,1.0,False,2020
1,28,27,11.0,16.0,3.0,5.0,8.0,8.0,10.0,25.0,4.0,8.0,4.0,6.0,0.036144307711443675,0.2825112107623318,0.03613268745611605,0.3080357142857143,2.0,4.0,True,2020
1,16,29,10.0,24.0,4.0,11.0,3.0,4.0,8.0,18.0,2.0,8.0,4.0,6.0,0.04977937355823482,0.3721973094170404,0.14450137459741683,0.527027027027027,1.0,2.0,True,2020
0,6,12,7.0,17.0,5.0,9.0,9.0,10.0,9.0,16.0,4.0,9.0,6.0,9.0,0.06512163180625967,0.42731277533039647,0.10865983177112484,0.5327510917030568,1.0,1.0,False,2020
0,29,8,14.0,21.0,3.0,8.0,3.0,3.0,12.0,23.0,2.0,9.0,11.0,13.0,0.14450137459741683,0.527027027027027,0.1331389062942741,0.4827586206896552,1.0,2.0,True,2020
1,8,29,12.0,23.0,2.0,9.0,11.0,13.0,14.0,21.0,3.0,8.0,3.0,3.0,0.1331389062942741,0.4827586206896552,0.15560109967793348,0.5291479820627802,2.0,1.0,False,2020
1,24,18,10.0,20.0,4.0,8.0,10.0,13.0,14.0,21.0,7.0,9.0,4.0,5.0,0.1352007901552686,0.6724137931034483,0.12408108054486686,0.6178861788617886,2.0,3.0,True,2020
1,20,25,8.0,15.0,6.0,10.0,7.0,9.0,12.0,21.0,3.0,10.0,7.0,7.0,0.11193544252573118,0.620253164556962,0.1103667065303359,0.6964980544747081,2.0,2.0,True,2020
0,4,21,17.0,28.0,2.0,7.0,7.0,9.0,7.0,18.0,3.0,8.0,4.0,4.0,0.18295044504326802,0.6857142857142857,0.11557704288499113,0.4304932735426009,2.0,2.0,True,2020
0,25,20,12.0,21.0,3.0,10.0,7.0,7.0,8.0,15.0,6.0,10.0,7.0,9.0,0.1103667065303359,0.6964980544747081,0.12954835402058493,0.6218487394957983,2.0,2.0,False,2020
1,21,4,7.0,18.0,3.0,8.0,4.0,4.0,17.0,28.0,2.0,7.0,7.0,9.0,0.11557704288499113,0.4304932735426009,0.18636035603461445,0.6869918699186992,2.0,2.0,False,2020
0,18,24,14.0,21.0,7.0,9.0,4.0,5.0,10.0,20.0,4.0,8.0,10.0,13.0,0.12408108054486686,0.6178861788617886,0.14816063212421487,0.6779661016949152,3.0,2.0,False,2020
1,0,14,9.0,19.0,3.0,7.0,8.0,11.0,10.0,24.0,8.0,10.0,7.0,8.0,0.05109460895822153,0.5917602996254682,0.07413682033929667,0.4298245614035088,1.0,2.0,False,2020
0,14,0,10.0,24.0,8.0,10.0,7.0,8.0,9.0,19.0,3.0,7.0,8.0,11.0,0.07413682033929667,0.4298245614035088,0.040875687166577225,0.5895522388059702,2.0,1.0,True,2020
0,19,15,7.0,16.0,5.0,10.0,5.0,7.0,7.0,17.0,3.0,11.0,9.0,10.0,0.05392681316800527,0.4366812227074236,0.13125532363874243,0.4080717488789238,2.0,2.0,False,2020
1,23,13,6.0,18.0,4.0,9.0,2.0,4.0,13.0,25.0,6.0,14.0,6.0,10.0,0.04139602574975493,0.44493392070484583,0.10874585403700057,0.41517857142857145,2.0,2.0,False,2020
0,13,23,13.0,25.0,6.0,14.0,6.0,10.0,6.0,18.0,4.0,9.0,2.0,4.0,0.10874585403700057,0.41517857142857145,0.03311682059980394,0.44298245614035087,2.0,2.0,True,2020
1,15,19,7.0,17.0,3.0,11.0,9.0,10.0,7.0,16.0,5.0,10.0,5.0,7.0,0.13125532363874243,0.4080717488789238,0.04314145053440422,0.43478260869565216,2.0,2.0,True,2020
1,12,4,7.0,16.0,5.0,9.0,4.0,6.0,8.0,18.0,2.0,10.0,3.0,5.0,0.10865983177112484,0.5327510917030568,0.18636035603461445,0.6869918699186992,2.0,1.0,True,2020
0,16,9,6.0,17.0,4.0,7.0,5.0,7.0,5.0,17.0,3.0,8.0,9.0,9.0,0.07982349884658786,0.375,0.11804412278676088,0.3185840707964602,2.0,2.0,True,2020
0,13,27,10.0,21.0,4.0,12.0,6.0,9.0,8.0,20.0,3.0,10.0,3.0,5.0,0.12699668322960045,0.4177777777777778,0.03613268745611605,0.3080357142857143,1.0,2.0,False,2020
1,3,11,11.0,17.0,6.0,11.0,6.0,8.0,10.0,19.0,5.0,10.0,4.0,4.0,0.07275374852274705,0.3983739837398374,0.08665332545245506,0.5899581589958159,2.0,3.0,False,2020
1,9,16,5.0,17.0,3.0,8.0,9.0,9.0,6.0,17.0,4.0,7.0,5.0,7.0,0.11804412278676088,0.3185840707964602,0.10385879907727029,0.37777777777777777,2.0,2.0,False,2020
1,27,13,8.0,20.0,3.0,10.0,3.0,5.0,10.0,21.0,4.0,12.0,6.0,9.0,0.03613268745611605,0.3080357142857143,0.10159734658368036,0.415929203539823,2.0,1.0,True,2020
0,4,12,8.0,18.0,2.0,10.0,3.0,5.0,7.0,16.0,5.0,9.0,4.0,6.0,0.18636035603461445,0.6869918699186992,0.12692786541689988,0.5347826086956522,1.0,2.0,False,2020
0,11,3,10.0,19.0,5.0,10.0,4.0,4.0,11.0,17.0,6.0,11.0,6.0,8.0,0.08665332545245506,0.5899581589958159,0.05820299881819764,0.3967611336032389,3.0,2.0,True,2020
0,22,5,8.0,15.0,4.0,6.0,8.0,8.0,8.0,17.0,6.0,11.0,4.0,4.0,0.13662302762475026,0.574468085106383,0.08940914353796815,0.5299145299145299,2.0,2.0,True,2020
1,10,17,12.0,24.0,4.0,11.0,5.0,5.0,14.0,24.0,6.0,12.0,7.0,7.0,0.10909718685886287,0.4148471615720524,0.047079760377978834,0.5551020408163265,2.0,2.0,False,2020
1,5,22,8.0,17.0,6.0,11.0,4.0,4.0,8.0,15.0,4.0,6.0,8.0,8.0,0.08940914353796815,0.5299145299145299,0.1492984220998002,0.576271186440678,2.0,2.0,False,2020
0,17,10,14.0,24.0,6.0,12.0,7.0,7.0,12.0,24.0,4.0,11.0,5.0,5.0,0.047079760377978834,0.5551020408163265,0.0872777494870903,0.41304347826086957,2.0,2.0,True,2020
1,28,1,10.0,18.0,5.0,8.0,6.0,8.0,9.0,22.0,6.0,13.0,16.0,16.0,0.06891544616915495,0.2857142857142857,0.17341117312556026,0.6932270916334662,2.0,2.0,True,2020
0,1,28,9.0,22.0,6.0,13.0,16.0,16.0,10.0,18.0,5.0,8.0,6.0,8.0,0.17341117312556026,0.6932270916334662,0.09513235693532396,0.28888888888888886,2.0,2.0,False,2020
0,18,29,10.0,18.0,4.0,7.0,7.0,8.0,13.0,19.0,4.0,5.0,7.0,8.0,0.09926486443589348,0.6153846153846154,0.15560109967793348,0.5291479820627802,2.0,2.0,False,2020
1,21,5,8.0,18.0,5.0,9.0,4.0,4.0,9.0,14.0,3.0,6.0,5.0,6.0,0.0924616343079929,0.42857142857142855,0.07152731483037453,0.5276595744680851,2.0,1.0,False,2020
0,0,20,9.0,16.0,5.0,10.0,4.0,8.0,8.0,18.0,1.0,9.0,8.0,9.0,0.040875687166577225,0.5895522388059702,0.12954835402058493,0.6218487394957983,2.0,2.0,True,2020
0,25,7,12.0,20.0,5.0,9.0,8.0,9.0,7.0,16.0,5.0,13.0,10.0,12.0,0.08829336522426871,0.6937984496124031,0.05745279097900463,0.28444444444444444,2.0,3.0,True,2020
0,6,2,17.0,26.0,5.0,10.0,12.0,18.0,7.0,16.0,4.0,14.0,5.0,7.0,0.052097305445007736,0.42543859649122806,0.12483995537515316,0.6308724832214765,3.0,3.0,True,2020
0,23,8,11.0,21.0,4.0,9.0,4.0,4.0,10.0,19.0,7.0,10.0,5.0,9.0,0.03311682059980394,0.44298245614035087,0.10651112503541929,0.48068669527896996,2.0,2.0,True,2020
0,24,26,9.0,20.0,3.0,6.0,6.0,8.0,9.0,19.0,4.0,9.0,5.0,7.0,0.14816063212421487,0.6779661016949152,0.13642862299727332,0.5829787234042553,2.0,4.0,True,2020
1,2,6,7.0,16.0,4.0,14.0,5.0,7.0,17.0,26.0,5.0,10.0,12.0,18.0,0.12483995537515316,0.6308724832214765,0.0816778443560062,0.4279475982532751,3.0,3.0,False,2020
0,14,15,11.0,24.0,6.0,12.0,11.0,15.0,12.0,19.0,4.0,10.0,5.0,6.0,0.09930945627143732,0.43231441048034935,0.14500425891099394,0.4107142857142857,2.0,2.0,False,2020
1,26,24,9.0,19.0,4.0,9.0,5.0,7.0,9.0,20.0,3.0,6.0,6.0,8.0,0.13642862299727332,0.5829787234042553,0.15852850569937188,0.6833333333333333,4.0,2.0,False,2020
1,7,25,7.0,16.0,5.0,13.0,10.0,12.0,12.0,20.0,5.0,9.0,8.0,9.0,0.05745279097900463,0.28444444444444444,0.11063469217941498,0.694980694980695,3.0,2.0,False,2020
1,15,14,12.0,19.0,4.0,10.0,5.0,6.0,11.0,24.0,6.0,12.0,11.0,15.0,0.14500425891099394,0.4107142857142857,0.07944756501714986,0.43043478260869567,2.0,2.0,True,2020
1,20,0,8.0,18.0,1.0,9.0,8.0,9.0,9.0,16.0,5.0,10.0,4.0,8.0,0.12954835402058493,0.6218487394957983,0.07270054973326177,0.5910780669144982,2.0,2.0,False,2020
1,29,18,13.0,19.0,4.0,5.0,7.0,8.0,10.0,18.0,4.0,7.0,7.0,8.0,0.15560109967793348,0.5291479820627802,0.07941189154871478,0.6129032258064516,2.0,2.0,True,2020
1,8,23,10.0,19.0,7.0,10.0,5.0,9.0,11.0,21.0,4.0,9.0,4.0,4.0,0.10651112503541929,0.48068669527896996,0.06649345647984314,0.44541484716157204,2.0,2.0,False,2020
0,5,21,9.0,14.0,3.0,6.0,5.0,6.0,8.0,18.0,5.0,9.0,4.0,4.0,0.07152731483037453,0.5276595744680851,0.07396930744639432,0.4266666666666667,1.0,2.0,True,2020
1,28,11,12.0,21.0,3.0,5.0,6.0,8.0,9.0,21.0,3.0,8.0,6.0,7.0,0.09513235693532396,0.28888888888888886,0.10932266036196406,0.5916666666666667,2.0,2.0,False,2020
0,16,6,6.0,15.0,5.0,9.0,3.0,4.0,6.0,19.0,3.0,8.0,4.0,4.0,0.10385879907727029,0.37777777777777777,0.0816778443560062,0.4279475982532751,2.0,1.0,True,2020
1,19,26,12.0,16.0,5.0,9.0,3.0,5.0,12.0,15.0,3.0,8.0,7.0,7.0,0.04314145053440422,0.43478260869565216,0.10914289839781866,0.5805084745762712,3.0,1.0,False,2020
0,14,17,10.0,29.0,4.0,12.0,5.0,6.0,10.0,18.0,4.0,7.0,7.0,8.0,0.07944756501714986,0.43043478260869567,0.07766380830238306,0.556910569105691,1.0,2.0,False,2020
1,6,16,6.0,19.0,3.0,8.0,4.0,4.0,6.0,15.0,5.0,9.0,3.0,4.0,0.0816778443560062,0.4279475982532751,0.12308703926181623,0.3805309734513274,1.0,2.0,False,2020
0,26,19,12.0,15.0,3.0,8.0,7.0,7.0,12.0,16.0,5.0,9.0,3.0,5.0,0.10914289839781866,0.5805084745762712,0.03451316042752338,0.4329004329004329,1.0,3.0,True,2020
1,13,8,14.0,28.0,6.0,11.0,8.0,13.0,11.0,22.0,7.0,11.0,3.0,5.0,0.10159734658368036,0.415929203539823,0.08520890002833544,0.47863247863247865,2.0,1.0,True,2020
1,3,2,17.0,30.0,5.0,10.0,4.0,6.0,11.0,24.0,5.0,10.0,8.0,8.0,0.05820299881819764,0.3967611336032389,0.09987196430012253,0.6266666666666667,2.0,1.0,False,2020
0,10,12,12.0,18.0,8.0,10.0,3.0,5.0,9.0,15.0,9.0,12.0,4.0,6.0,0.0872777494870903,0.41304347826086957,0.12692786541689988,0.5347826086956522,2.0,2.0,False,2020
1,4,22,10.0,23.0,3.0,8.0,7.0,7.0,8.0,18.0,3.0,6.0,2.0,4.0,0.14908828482769157,0.6842105263157895,0.1492984220998002,0.576271186440678,2.0,2.0,True,2020
0,11,28,9.0,21.0,3.0,8.0,6.0,7.0,12.0,21.0,3.0,5.0,6.0,8.0,0.10932266036196406,0.5916666666666667,0.07610588554825917,0.28761061946902655,2.0,2.0,True,2020
1,12,10,9.0,15.0,9.0,12.0,4.0,6.0,12.0,18.0,8.0,10.0,3.0,5.0,0.12692786541689988,0.5347826086956522,0.06982219958967224,0.41125541125541126,2.0,2.0,True,2020
1,17,14,10.0,18.0,4.0,7.0,7.0,8.0,10.0,29.0,4.0,12.0,5.0,6.0,0.07766380830238306,0.556910569105691,0.06355805201371989,0.42857142857142855,2.0,1.0,True,2020
0,22,4,8.0,18.0,3.0,6.0,2.0,4.0,10.0,23.0,3.0,8.0,7.0,7.0,0.1492984220998002,0.576271186440678,0.15927062786215324,0.6854838709677419,2.0,2.0,False,2020
1,23,27,8.0,14.0,4.0,10.0,4.0,6.0,11.0,22.0,3.0,7.0,4.0,6.0,0.06649345647984314,0.44541484716157204,0.06890614996489283,0.3111111111111111,1.0,2.0,True,2020
0,8,13,11.0,22.0,7.0,11.0,3.0,5.0,14.0,28.0,6.0,11.0,8.0,13.0,0.08520890002833544,0.47863247863247865,0.12127787726694428,0.4185022026431718,1.0,2.0,False,2020
0,2,3,11.0,24.0,5.0,10.0,8.0,8.0,17.0,30.0,5.0,10.0,4.0,6.0,0.09987196430012253,0.6266666666666667,0.04656239905455811,0.3951612903225806,1.0,2.0,True,2020
0,27,23,11.0,22.0,3.0,7.0,4.0,6.0,8.0,14.0,4.0,10.0,4.0,6.0,0.06890614996489283,0.3111111111111111,0.09319476518387451,0.44782608695652176,2.0,1.0,False,2020
1,15,18,9.0,17.0,6.0,10.0,5.0,6.0,11.0,22.0,4.0,6.0,4.0,5.0,0.15600340712879515,0.41333333333333333,0.07941189154871478,0.6129032258064516,2.0,2.0,False,2020
1,0,25,9.0,20.0,5.0,12.0,8.0,8.0,13.0,21.0,4.0,12.0,10.0,10.0,0.07270054973326177,0.5910780669144982,0.11063469217941498,0.694980694980695,2.0,2.0,False,2020
0,20,21,6.0,14.0,2.0,6.0,4.0,4.0,8.0,15.0,5.0,9.0,6.0,8.0,0.10363868321646794,0.6192468619246861,0.07396930744639432,0.4266666666666667,2.0,2.0,True,2020
1,21,20,8.0,15.0,5.0,9.0,6.0,8.0,6.0,14.0,2.0,6.0,4.0,4.0,0.07396930744639432,0.4266666666666667,0.12291094657317436,0.6208333333333333,2.0,2.0,False,2020
0,24,1,8.0,15.0,4.0,8.0,9.0,10.0,11.0,27.0,3.0,8.0,8.0,11.0,0.15852850569937188,0.6833333333333333,0.1387289385004482,0.6904761904761905,2.0,3.0,True,2020
1,1,24,11.0,27.0,3.0,8.0,8.0,11.0,8.0,15.0,4.0,8.0,9.0,10.0,0.1387289385004482,0.6904761904761905,0.16682280455949752,0.6885245901639344,3.0,2.0,False,2020
0,25,0,13.0,21.0,4.0,12.0,10.0,10.0,9.0,20.0,5.0,12.0,8.0,8.0,0.11063469217941498,0.694980694980695,0.05816043978660942,0.5888888888888889,2.0,2.0,True,2020
0,18,15,11.0,22.0,4.0,6.0,4.0,5.0,9.0,17.0,6.0,10.0,5.0,6.0,0.07941189154871478,0.6129032258064516,0.12480272570303612,0.41150442477876104,2.0,2.0,True,2020
0,12,8,8.0,17.0,8.0,14.0,12.0,14.0,7.0,20.0,3.0,8.0,4.0,6.0,0.1415422923335199,0.5367965367965368,0.06816712002266835,0.4765957446808511,2.0,2.0,False,2020
0,10,23,12.0,21.0,2.0,4.0,9.0,11.0,14.0,21.0,2.0,5.0,5.0,6.0,0.06982219958967224,0.41125541125541126,0.09319476518387451,0.44782608695652176,2.0,2.0,True,2020
1,2,11,9.0,23.0,6.0,15.0,5.0,6.0,9.0,16.0,6.0,10.0,3.0,3.0,0.11989757144009802,0.6291390728476821,0.12745812828957123,0.5933609958506224,2.0,2.0,False,2020
0,22,27,10.0,14.0,2.0,5.0,5.0,6.0,10.0,21.0,5.0,10.0,4.0,4.0,0.11943873767984017,0.5738396624472574,0.055124919971914266,0.30973451327433627,2.0,2.0,True,2020
1,8,12,7.0,20.0,3.0,8.0,4.0,6.0,8.0,17.0,8.0,14.0,12.0,14.0,0.06816712002266835,0.4765957446808511,0.11323383386681592,0.5344827586206896,2.0,2.0,True,2020
0,17,7,11.0,20.0,3.0,8.0,9.0,10.0,12.0,23.0,9.0,14.0,4.0,5.0,0.10213104664190645,0.5587044534412956,0.0459622327832037,0.2831858407079646,2.0,3.0,False,2020
1,7,17,12.0,23.0,9.0,14.0,4.0,5.0,11.0,20.0,3.0,8.0,9.0,10.0,0.0459622327832037,0.2831858407079646,0.08170483731352515,0.5564516129032258,3.0,2.0,True,2020
1,23,10,14.0,21.0,2.0,5.0,5.0,6.0,12.0,21.0,2.0,4.0,9.0,11.0,0.09319476518387451,0.44782608695652176,0.09585775967173779,0.41379310344827586,2.0,2.0,False,2020
1,27,22,10.0,21.0,5.0,10.0,4.0,4.0,10.0,14.0,2.0,5.0,5.0,6.0,0.055124919971914266,0.30973451327433627,0.13555099014387212,0.5756302521008403,2.0,2.0,False,2020
1,6,5,9.0,16.0,3.0,7.0,6.0,7.0,10.0,16.0,5.0,7.0,5.0,6.0,0.06534227548480495,0.4260869565217391,0.09722185186429962,0.5296610169491526,2.0,3.0,True,2020
0,9,14,11.0,17.0,5.0,8.0,5.0,5.0,13.0,21.0,7.0,10.0,8.0,10.0,0.0944352982294087,0.31718061674008813,0.06355805201371989,0.42857142857142855,4.0,2.0,False,2020
0,4,29,10.0,21.0,3.0,10.0,11.0,14.0,12.0,24.0,2.0,7.0,12.0,15.0,0.15927062786215324,0.6854838709677419,0.16448087974234676,0.53125,2.0,3.0,False,2020
1,14,9,13.0,21.0,7.0,10.0,8.0,10.0,11.0,17.0,5.0,8.0,5.0,5.0,0.06355805201371989,0.42857142857142855,0.07554823858352697,0.3157894736842105,2.0,4.0,True,2020
1,28,26,7.0,12.0,1.0,4.0,6.0,6.0,8.0,16.0,4.0,6.0,5.0,6.0,0.07610588554825917,0.28761061946902655,0.1273143187182549,0.5822784810126582,2.0,2.0,False,2020
1,13,16,9.0,20.0,4.0,9.0,5.0,8.0,7.0,15.0,2.0,8.0,3.0,4.0,0.12127787726694428,0.4185022026431718,0.12308703926181623,0.3805309734513274,2.0,2.0,True,2020
0,16,13,7.0,15.0,2.0,8.0,3.0,4.0,9.0,20.0,4.0,9.0,5.0,8.0,0.12308703926181623,0.3805309734513274,0.1370223018135554,0.42105263157894735,2.0,2.0,False,2020
1,29,4,12.0,24.0,2.0,7.0,12.0,15.0,10.0,21.0,3.0,10.0,11.0,14.0,0.16448087974234676,0.53125,0.1274165022897226,0.6827309236947792,3.0,2.0,True,2020
0,26,28,8.0,16.0,4.0,6.0,5.0,6.0,7.0,12.0,1.0,4.0,6.0,6.0,0.1273143187182549,0.5822784810126582,0.06088470843860734,0.28634361233480177,2.0,2.0,True,2020
0,11,2,9.0,16.0,6.0,10.0,3.0,3.0,9.0,23.0,6.0,15.0,5.0,6.0,0.12745812828957123,0.5933609958506224,0.09591805715207842,0.625,2.0,2.0,True,2020
0,5,6,10.0,16.0,5.0,7.0,5.0,6.0,9.0,16.0,3.0,7.0,6.0,7.0,0.09722185186429962,0.5296610169491526,0.09227382038784396,0.42857142857142855,3.0,2.0,False,2020
0,1,21,10.0,22.0,7.0,13.0,12.0,14.0,8.0,15.0,6.0,9.0,5.0,5.0,0.11098315080035856,0.6877470355731226,0.059175445957115456,0.4247787610619469,2.0,2.0,False,2020
1,0,18,10.0,17.0,3.0,8.0,7.0,7.0,10.0,23.0,2.0,6.0,5.0,5.0,0.05816043978660942,0.5888888888888889,0.10352951323897183,0.6144578313253012,2.0,2.0,True,2020
1,17,15,8.0,15.0,2.0,10.0,4.0,6.0,10.0,15.0,7.0,11.0,8.0,8.0,0.08170483731352515,0.5564516129032258,0.12480272570303612,0.41150442477876104,1.0,2.0,False,2020
0,11,19,12.0,18.0,3.0,6.0,7.0,10.0,13.0,24.0,3.0,8.0,6.0,7.0,0.141966502631657,0.5950413223140496,0.03451316042752338,0.4329004329004329,1.0,3.0,True,2020
0,15,17,10.0,15.0,7.0,11.0,8.0,8.0,8.0,15.0,2.0,10.0,4.0,6.0,0.12480272570303612,0.41150442477876104,0.06536386985082013,0.5542168674698795,2.0,1.0,True,2020
0,9,16,9.0,16.0,3.0,10.0,7.0,9.0,10.0,15.0,4.0,7.0,7.0,10.0,0.07554823858352697,0.3157894736842105,0.09846963140945299,0.3788546255506608,1.0,1.0,False,2020
0,20,3,9.0,18.0,3.0,9.0,1.0,4.0,11.0,19.0,5.0,11.0,4.0,5.0,0.12291094657317436,0.6208333333333333,0.04656239905455811,0.3951612903225806,2.0,3.0,False,2020
1,19,11,13.0,24.0,3.0,8.0,6.0,7.0,12.0,18.0,3.0,6.0,7.0,10.0,0.03451316042752338,0.4329004329004329,0.1535732021053256,0.5967078189300411,3.0,1.0,False,2020
1,21,1,8.0,15.0,6.0,9.0,5.0,5.0,10.0,22.0,7.0,13.0,12.0,14.0,0.059175445957115456,0.4247787610619469,0.08878652064028685,0.6850393700787402,2.0,2.0,True,2020
1,3,20,11.0,19.0,5.0,11.0,4.0,5.0,9.0,18.0,3.0,9.0,1.0,4.0,0.04656239905455811,0.3951612903225806,0.09832875725853948,0.6182572614107884,3.0,2.0,True,2020
0,18,0,10.0,23.0,2.0,6.0,5.0,5.0,10.0,17.0,3.0,8.0,7.0,7.0,0.10352951323897183,0.6144578313253012,0.08652835182928754,0.5904059040590406,2.0,2.0,False,2020
1,16,9,10.0,15.0,4.0,7.0,7.0,10.0,9.0,16.0,3.0,10.0,7.0,9.0,0.09846963140945299,0.3788546255506608,0.06043859086682157,0.314410480349345,1.0,1.0,True,2020
0,26,2,10.0,21.0,3.0,8.0,10.0,10.0,9.0,22.0,4.0,9.0,4.0,5.0,0.14185145497460394,0.5840336134453782,0.09591805715207842,0.625,2.0,2.0,True,2020
0,22,13,8.0,18.0,4.0,5.0,4.0,5.0,13.0,26.0,6.0,13.0,6.0,10.0,0.13555099014387212,0.5756302521008403,0.1370223018135554,0.42105263157894735,2.0,2.0,True,2020
1,1,10,9.0,19.0,3.0,10.0,8.0,10.0,8.0,17.0,4.0,7.0,6.0,8.0,0.08878652064028685,0.6850393700787402,0.09585775967173779,0.41379310344827586,1.0,2.0,False,2020
1,14,12,8.0,24.0,8.0,15.0,11.0,14.0,9.0,17.0,7.0,11.0,9.0,12.0,0.09084644161097591,0.43103448275862066,0.11323383386681592,0.5344827586206896,2.0,2.0,False,2020
1,13,22,13.0,26.0,6.0,13.0,6.0,10.0,8.0,18.0,4.0,5.0,4.0,5.0,0.1370223018135554,0.42105263157894735,0.1484407921150977,0.5774058577405857,2.0,2.0,False,2020
1,2,26,9.0,22.0,4.0,9.0,4.0,5.0,10.0,21.0,3.0,8.0,10.0,10.0,0.09591805715207842,0.625,0.15348116397968314,0.5857740585774058,2.0,2.0,False,2020
0,4,7,13.0,26.0,3.0,10.0,10.0,11.0,13.0,17.0,4.0,11.0,6.0,7.0,0.1274165022897226,0.6827309236947792,0.07676978622656297,0.28634361233480177,2.0,2.0,False,2020
0,27,6,9.0,21.0,4.0,9.0,3.0,6.0,8.0,14.0,4.0,7.0,14.0,15.0,0.04409993597753141,0.30837004405286345,0.09227382038784396,0.42857142857142855,2.0,2.0,False,2020
0,10,1,8.0,17.0,4.0,7.0,6.0,8.0,9.0,19.0,3.0,10.0,8.0,10.0,0.09585775967173779,0.41379310344827586,0.07102921651222947,0.6823529411764706,2.0,1.0,True,2020
0,12,14,9.0,17.0,7.0,11.0,9.0,12.0,8.0,24.0,8.0,15.0,11.0,14.0,0.11323383386681592,0.5344827586206896,0.07267715328878073,0.4291845493562232,2.0,2.0,True,2020
0,8,23,13.0,20.0,4.0,8.0,8.0,9.0,8.0,20.0,4.0,7.0,7.0,7.0,0.09453369601813467,0.4788135593220339,0.07455581214709961,0.4458874458874459,2.0,2.0,True,2020
1,28,19,7.0,16.0,2.0,5.0,7.0,9.0,8.0,14.0,2.0,7.0,5.0,8.0,0.06088470843860734,0.28634361233480177,0.027610528342018704,0.43103448275862066,2.0,1.0,True,2020
1,7,4,13.0,17.0,4.0,11.0,6.0,7.0,13.0,26.0,3.0,10.0,10.0,11.0,0.07676978622656297,0.28634361233480177,0.10193320183177808,0.68,2.0,2.0,True,2020
0,5,3,8.0,19.0,4.0,9.0,11.0,12.0,11.0,19.0,4.0,8.0,9.0,11.0,0.07777748149143969,0.5274261603375527,0.07724991924364649,0.39759036144578314,2.0,1.0,False,2020
1,23,8,8.0,20.0,4.0,7.0,7.0,7.0,13.0,20.0,4.0,8.0,8.0,9.0,0.07455581214709961,0.4458874458874459,0.11562695681450771,0.4810126582278481,2.0,2.0,False,2020
0,29,24,11.0,19.0,6.0,12.0,12.0,14.0,9.0,18.0,3.0,9.0,10.0,11.0,0.17158470379387744,0.5333333333333333,0.16682280455949752,0.6885245901639344,2.0,3.0,True,2020
1,15,25,8.0,16.0,3.0,8.0,10.0,10.0,11.0,21.0,6.0,12.0,7.0,8.0,0.1398421805624289,0.41409691629955947,0.128507753743532,0.6961538461538461,1.0,3.0,False,2020
0,25,15,11.0,21.0,6.0,12.0,7.0,8.0,8.0,16.0,3.0,8.0,10.0,10.0,0.128507753743532,0.6961538461538461,0.11187374444994311,0.41228070175438597,3.0,1.0,True,2020
0,19,28,8.0,14.0,2.0,7.0,5.0,8.0,7.0,16.0,2.0,5.0,7.0,9.0,0.027610528342018704,0.43103448275862066,0.08870776675088587,0.2894736842105263,1.0,2.0,False,2020
1,3,5,11.0,19.0,4.0,8.0,9.0,11.0,8.0,19.0,4.0,9.0,11.0,12.0,0.07724991924364649,0.39759036144578314,0.06222198519315175,0.5252100840336135,1.0,2.0,True,2020
1,24,29,9.0,18.0,3.0,9.0,10.0,11.0,11.0,19.0,6.0,12.0,12.0,14.0,0.16682280455949752,0.6885245901639344,0.17726776303510197,0.5353982300884956,3.0,2.0,False,2020
1,6,27,8.0,14.0,4.0,7.0,14.0,15.0,9.0,21.0,4.0,9.0,3.0,6.0,0.09227382038784396,0.42857142857142855,0.03527994878202513,0.30701754385964913,2.0,2.0,True,2020
1,9,21,12.0,25.0,6.0,13.0,4.0,8.0,15.0,26.0,8.0,14.0,5.0,5.0,0.06043859086682157,0.314410480349345,0.08734035676569236,0.42731277533039647,2.0,2.0,True,2020
0,21,9,15.0,26.0,8.0,14.0,5.0,5.0,12.0,25.0,6.0,13.0,4.0,8.0,0.08734035676569236,0.42731277533039647,0.08835087269345726,0.3173913043478261,2.0,2.0,False,2020
1,11,25,8.0,16.0,4.0,8.0,4.0,6.0,9.0,18.0,5.0,12.0,7.0,7.0,0.1535732021053256,0.5967078189300411,0.14280620299482558,0.6973180076628352,2.0,1.0,False,2020
1,20,4,9.0,17.0,3.0,9.0,4.0,4.0,8.0,16.0,5.0,11.0,4.0,6.0,0.09832875725853948,0.6182572614107884,0.10193320183177808,0.68,2.0,1.0,True,2020
0,4,20,8.0,16.0,5.0,11.0,4.0,6.0,9.0,17.0,3.0,9.0,4.0,4.0,0.10193320183177808,0.68,0.1186630058068316,0.6198347107438017,1.0,2.0,False,2020
0,25,11,9.0,18.0,5.0,12.0,7.0,7.0,8.0,16.0,4.0,8.0,4.0,6.0,0.14280620299482558,0.6973180076628352,0.12285856168426049,0.5942622950819673,1.0,2.0,True,2020
1,14,28,11.0,25.0,4.0,10.0,13.0,15.0,9.0,15.0,3.0,6.0,6.0,7.0,0.07267715328878073,0.4291845493562232,0.08870776675088587,0.2894736842105263,2.0,2.0,True,2020
0,10,16,9.0,19.0,5.0,11.0,6.0,6.0,9.0,16.0,4.0,7.0,9.0,13.0,0.11668620773739025,0.41630901287553645,0.11877570512756239,0.3815789473684211,2.0,3.0,True,2020
0,3,27,12.0,16.0,2.0,13.0,5.0,9.0,7.0,17.0,3.0,9.0,4.0,5.0,0.10179993539491719,0.4,0.03527994878202513,0.30701754385964913,2.0,2.0,False,2020
1,0,24,8.0,16.0,3.0,8.0,5.0,5.0,9.0,14.0,4.0,7.0,5.0,5.0,0.08652835182928754,0.5904059040590406,0.133458243647598,0.6774193548387096,3.0,2.0,False,2020
1,29,6,12.0,22.0,4.0,9.0,4.0,5.0,8.0,20.0,3.0,8.0,8.0,8.0,0.17726776303510197,0.5353982300884956,0.11381905631027518,0.43103448275862066,2.0,2.0,False,2020
0,6,29,8.0,20.0,3.0,8.0,8.0,8.0,12.0,22.0,4.0,9.0,4.0,5.0,0.11381905631027518,0.43103448275862066,0.14181421042808157,0.5330396475770925,2.0,2.0,True,2020
1,22,2,13.0,23.0,5.0,7.0,4.0,4.0,11.0,22.0,3.0,9.0,5.0,6.0,0.1484407921150977,0.5774058577405857,0.07673444572166274,0.6209150326797386,2.0,2.0,False,2020
1,27,3,7.0,17.0,3.0,9.0,4.0,5.0,12.0,16.0,2.0,13.0,5.0,9.0,0.03527994878202513,0.30701754385964913,0.08143994831593375,0.398406374501992,2.0,2.0,True,2020
0,28,14,9.0,15.0,3.0,6.0,6.0,7.0,11.0,25.0,4.0,10.0,13.0,15.0,0.08870776675088587,0.2894736842105263,0.09814172263102458,0.43162393162393164,2.0,2.0,False,2020
1,16,10,9.0,16.0,4.0,7.0,9.0,13.0,9.0,19.0,5.0,11.0,6.0,6.0,0.11877570512756239,0.3815789473684211,0.13334896618991218,0.4188034188034188,3.0,2.0,False,2020
0,23,1,8.0,15.0,5.0,12.0,7.0,9.0,11.0,19.0,5.0,10.0,10.0,14.0,0.05964464971767969,0.44396551724137934,0.07102921651222947,0.6823529411764706,2.0,2.0,False,2020
0,13,5,13.0,26.0,6.0,13.0,6.0,7.0,10.0,23.0,4.0,7.0,3.0,4.0,0.10961784145084433,0.4192139737991266,0.06222198519315175,0.5252100840336135,2.0,2.0,False,2020
0,24,0,9.0,14.0,4.0,7.0,5.0,5.0,8.0,16.0,3.0,8.0,5.0,5.0,0.133458243647598,0.6774193548387096,0.06922268146343004,0.5882352941176471,2.0,3.0,True,2020
0,2,22,11.0,22.0,3.0,9.0,5.0,6.0,13.0,23.0,5.0,7.0,4.0,4.0,0.07673444572166274,0.6209150326797386,0.11875263369207816,0.575,2.0,2.0,True,2020
1,1,23,11.0,19.0,5.0,10.0,10.0,14.0,8.0,15.0,5.0,12.0,7.0,9.0,0.07102921651222947,0.6823529411764706,0.04771571977414375,0.44206008583690987,2.0,2.0,True,2020
1,5,13,10.0,23.0,4.0,7.0,3.0,4.0,13.0,26.0,6.0,13.0,6.0,7.0,0.06222198519315175,0.5252100840336135,0.08769427316067546,0.41739130434782606,2.0,2.0,True,2020
0,7,17,9.0,25.0,4.0,7.0,11.0,11.0,9.0,20.0,5.0,10.0,4.0,4.0,0.10141582898125037,0.2894736842105263,0.06536386985082013,0.5542168674698795,2.0,3.0,False,2020
1,17,7,9.0,20.0,5.0,10.0,4.0,4.0,9.0,25.0,4.0,7.0,11.0,11.0,0.06536386985082013,0.5542168674698795,0.0811326631850003,0.28820960698689957,3.0,2.0,True,2020
0,19,18,14.0,18.0,3.0,9.0,5.0,5.0,9.0,17.0,4.0,7.0,10.0,12.0,0.022088422673614962,0.4291845493562232,0.08282361059117746,0.612,3.0,4.0,False,2020
1,12,21,10.0,15.0,6.0,13.0,3.0,3.0,11.0,19.0,8.0,11.0,8.0,8.0,0.13058706709345275,0.5364806866952789,0.06987228541255389,0.42543859649122806,3.0,2.0,False,2020
0,21,12,11.0,19.0,8.0,11.0,8.0,8.0,10.0,15.0,6.0,13.0,3.0,3.0,0.06987228541255389,0.42543859649122806,0.1044696536747622,0.5341880341880342,2.0,3.0,True,2020
1,18,19,9.0,17.0,4.0,7.0,10.0,12.0,14.0,18.0,3.0,9.0,5.0,5.0,0.08282361059117746,0.612,0.01767073813889197,0.42735042735042733,4.0,3.0,True,2020
1,13,20,12.0,22.0,4.0,12.0,7.0,11.0,10.0,22.0,4.0,11.0,2.0,2.0,0.08769427316067546,0.41739130434782606,0.1186630058068316,0.6198347107438017,1.0,2.0,True,2020
0,20,13,10.0,22.0,4.0,11.0,2.0,2.0,12.0,22.0,4.0,12.0,7.0,11.0,0.1186630058068316,0.6198347107438017,0.11015541852854036,0.4199134199134199,2.0,1.0,False,2020
1,9,28,12.0,25.0,6.0,12.0,12.0,15.0,13.0,22.0,3.0,6.0,6.0,7.0,0.08835087269345726,0.3173913043478261,0.0709662134007087,0.28820960698689957,2.0,1.0,False,2020
0,28,9,13.0,22.0,3.0,6.0,6.0,7.0,12.0,25.0,6.0,12.0,12.0,15.0,0.0709662134007087,0.28820960698689957,0.07068069815476581,0.31601731601731603,1.0,2.0,True,2020
0,11,8,8.0,17.0,2.0,8.0,6.0,7.0,9.0,20.0,3.0,8.0,7.0,8.0,0.12285856168426049,0.5942622950819673,0.11562695681450771,0.4810126582278481,143.0,144.0,True,2020
1,8,11,9.0,20.0,3.0,8.0,7.0,8.0,8.0,17.0,2.0,8.0,6.0,7.0,0.11562695681450771,0.4810126582278481,0.13828684934740837,0.5959183673469388,144.0,143.0,False,2020
0,24,29,11.0,17.0,6.0,11.0,11.0,13.0,8.0,19.0,4.0,7.0,16.0,17.0,0.14676659491807842,0.6825396825396826,0.14181421042808157,0.5330396475770925,142.0,142.0,False,2020
1,29,24,8.0,19.0,4.0,7.0,16.0,17.0,11.0,17.0,6.0,11.0,11.0,13.0,0.14181421042808157,0.5330396475770925,0.11741327593446274,0.671875,142.0,142.0,True,2020
0,7,14,11.0,21.0,2.0,7.0,9.0,9.0,8.0,18.0,4.0,6.0,5.0,5.0,0.0811326631850003,0.28820960698689957,0.09814172263102458,0.43162393162393164,143.0,143.0,True,2020
0,15,5,17.0,33.0,6.0,11.0,4.0,5.0,10.0,15.0,4.0,9.0,7.0,9.0,0.11187374444994311,0.41228070175438597,0.08977758815452141,0.5271966527196653,145.0,143.0,False,2020
0,10,6,10.0,15.0,3.0,6.0,6.0,8.0,8.0,17.0,5.0,8.0,6.0,6.0,0.13334896618991218,0.4188034188034188,0.13105524504822014,0.4334763948497854,143.0,143.0,True,2020
1,17,16,14.0,22.0,4.0,9.0,8.0,9.0,10.0,22.0,6.0,15.0,7.0,9.0,0.0922910958806561,0.556,0.09502056410204991,0.3799126637554585,143.0,143.0,True,2020
1,14,7,8.0,18.0,4.0,6.0,5.0,5.0,11.0,21.0,2.0,7.0,9.0,9.0,0.09814172263102458,0.43162393162393164,0.10490613054800024,0.29130434782608694,143.0,143.0,False,2020
1,5,15,10.0,15.0,4.0,9.0,7.0,9.0,17.0,33.0,6.0,11.0,4.0,5.0,0.08977758815452141,0.5271966527196653,0.08949899555995448,0.4104803493449782,143.0,145.0,True,2020
0,16,17,10.0,22.0,6.0,15.0,7.0,9.0,14.0,22.0,4.0,9.0,8.0,9.0,0.09502056410204991,0.3799126637554585,0.11383287670452487,0.5577689243027888,143.0,143.0,False,2020
1,4,2,14.0,20.0,2.0,9.0,7.0,12.0,7.0,18.0,3.0,10.0,7.0,9.0,0.08154656146542247,0.6772908366533864,0.10138755657733019,0.6233766233766234,144.0,143.0,True,2020
0,1,13,14.0,30.0,6.0,12.0,18.0,21.0,13.0,27.0,8.0,10.0,10.0,11.0,0.0968233732097836,0.68359375,0.11015541852854036,0.4199134199134199,143.0,142.0,True,2020
1,6,10,8.0,17.0,5.0,8.0,6.0,6.0,10.0,15.0,3.0,6.0,6.0,8.0,0.13105524504822014,0.4334763948497854,0.14667917295192975,0.42127659574468085,143.0,143.0,False,2020
1,13,1,13.0,27.0,8.0,10.0,10.0,11.0,14.0,30.0,6.0,12.0,18.0,21.0,0.11015541852854036,0.4199134199134199,0.11745869856782687,0.6848249027237354,142.0,143.0,False,2020
0,2,4,7.0,18.0,3.0,10.0,7.0,9.0,14.0,20.0,2.0,9.0,7.0,12.0,0.10138755657733019,0.6233766233766234,0.10523724917233797,0.6785714285714286,143.0,144.0,False,2020
1,20,12,7.0,16.0,2.0,8.0,7.0,8.0,8.0,12.0,4.0,7.0,10.0,11.0,0.09493040464546529,0.6172839506172839,0.1044696536747622,0.5341880341880342,143.0,143.0,False,2020
0,18,22,15.0,29.0,3.0,8.0,10.0,12.0,20.0,29.0,9.0,12.0,4.0,5.0,0.10625888847294199,0.6135458167330677,0.11875263369207816,0.575,143.0,144.0,False,2020
0,8,24,6.0,15.0,2.0,6.0,5.0,6.0,8.0,17.0,8.0,11.0,10.0,11.0,0.09250156545160618,0.4789915966386555,0.11741327593446274,0.671875,2.0,2.0,False,2020
1,22,18,20.0,29.0,9.0,12.0,4.0,5.0,15.0,29.0,3.0,8.0,10.0,12.0,0.11875263369207816,0.575,0.08500711077835359,0.6111111111111112,144.0,143.0,True,2020
0,12,20,8.0,12.0,4.0,7.0,10.0,11.0,7.0,16.0,2.0,8.0,7.0,8.0,0.1044696536747622,0.5341880341880342,0.07594432371637223,0.6147540983606558,143.0,143.0,True,2020
0,11,26,5.0,17.0,2.0,7.0,5.0,6.0,7.0,12.0,2.0,6.0,5.0,6.0,0.13828684934740837,0.5959183673469388,0.15348116397968314,0.5857740585774058,2.0,146.0,False,2020
1,25,29,8.0,17.0,5.0,9.0,12.0,15.0,7.0,15.0,3.0,7.0,9.0,9.0,0.15424496239586047,0.6984732824427481,0.15345136834246526,0.5350877192982456,145.0,2.0,True,2020
0,29,25,7.0,15.0,3.0,7.0,9.0,9.0,8.0,17.0,5.0,9.0,12.0,15.0,0.15345136834246526,0.5350877192982456,0.1633959699166884,0.6996197718631179,2.0,145.0,False,2020
1,24,8,8.0,17.0,8.0,11.0,10.0,11.0,6.0,15.0,2.0,6.0,5.0,6.0,0.11741327593446274,0.671875,0.07400125236128494,0.4769874476987448,2.0,2.0,True,2020
1,26,11,7.0,12.0,2.0,6.0,5.0,6.0,5.0,17.0,2.0,7.0,5.0,6.0,0.15348116397968314,0.5857740585774058,0.1106294794779267,0.5934959349593496,146.0,2.0,True,2020
0,17,2,12.0,20.0,7.0,14.0,9.0,9.0,11.0,22.0,6.0,8.0,7.0,9.0,0.11383287670452487,0.5577689243027888,0.08111004526186415,0.6193548387096774,2.0,2.0,False,2020
1,10,15,9.0,14.0,5.0,9.0,8.0,10.0,9.0,13.0,2.0,7.0,5.0,6.0,0.14667917295192975,0.42127659574468085,0.08949899555995448,0.4104803493449782,2.0,2.0,True,2020
0,4,1,14.0,25.0,3.0,8.0,6.0,9.0,10.0,21.0,4.0,12.0,11.0,13.0,0.10523724917233797,0.6785714285714286,0.11745869856782687,0.6848249027237354,2.0,2.0,False,2020
0,5,16,9.0,19.0,3.0,8.0,5.0,8.0,10.0,20.0,2.0,7.0,5.0,6.0,0.11182207052361712,0.5291666666666667,0.07601645128163993,0.3782608695652174,2.0,2.0,True,2020
1,16,5,10.0,20.0,2.0,7.0,5.0,6.0,9.0,19.0,3.0,8.0,5.0,8.0,0.07601645128163993,0.3782608695652174,0.1294576564188937,0.5311203319502075,2.0,2.0,False,2020
1,6,14,11.0,25.0,6.0,7.0,10.0,13.0,12.0,20.0,4.0,6.0,5.0,6.0,0.10484419603857612,0.43162393162393164,0.07851337810481966,0.4297872340425532,2.0,2.0,True,2020
1,7,13,10.0,20.0,4.0,8.0,9.0,10.0,11.0,20.0,3.0,8.0,18.0,19.0,0.10490613054800024,0.29130434782608694,0.08812433482283229,0.41810344827586204,2.0,2.0,True,2020
0,13,7,11.0,20.0,3.0,8.0,18.0,19.0,10.0,20.0,4.0,8.0,9.0,10.0,0.08812433482283229,0.41810344827586204,0.12392490443840018,0.2943722943722944,2.0,2.0,False,2020
0,14,6,12.0,20.0,4.0,6.0,5.0,6.0,11.0,25.0,6.0,7.0,10.0,13.0,0.07851337810481966,0.4297872340425532,0.12387535683086089,0.4340425531914894,2.0,2.0,False,2020
1,1,4,10.0,21.0,4.0,12.0,11.0,13.0,14.0,25.0,3.0,8.0,6.0,9.0,0.11745869856782687,0.6848249027237354,0.08418979933787038,0.6758893280632411,2.0,2.0,True,2020
1,2,17,11.0,22.0,6.0,8.0,7.0,9.0,12.0,20.0,7.0,14.0,9.0,9.0,0.08111004526186415,0.6193548387096774,0.0910663013636199,0.5555555555555556,2.0,2.0,True,2020
0,15,10,9.0,13.0,2.0,7.0,5.0,6.0,9.0,14.0,5.0,9.0,8.0,10.0,0.08949899555995448,0.4104803493449782,0.15734333836154382,0.423728813559322,2.0,2.0,False,2020
1,18,5,10.0,17.0,3.0,8.0,9.0,12.0,11.0,20.0,4.0,6.0,7.0,7.0,0.08500711077835359,0.6111111111111112,0.1294576564188937,0.5311203319502075,2.0,1.0,True,2020
1,12,25,9.0,14.0,4.0,11.0,8.0,8.0,8.0,16.0,7.0,12.0,13.0,13.0,0.12357572293980976,0.5361702127659574,0.1633959699166884,0.6996197718631179,2.0,2.0,False,2020
0,25,12,8.0,16.0,7.0,12.0,13.0,13.0,9.0,14.0,4.0,11.0,8.0,8.0,0.1633959699166884,0.6996197718631179,0.0988605783518478,0.5338983050847458,2.0,2.0,True,2020
0,5,18,11.0,20.0,4.0,6.0,7.0,7.0,10.0,17.0,3.0,8.0,9.0,12.0,0.1294576564188937,0.5311203319502075,0.10800568862268287,0.6126482213438735,1.0,2.0,False,2020
0,22,14,14.0,26.0,2.0,7.0,6.0,6.0,9.0,18.0,2.0,10.0,3.0,4.0,0.13500210695366252,0.5767634854771784,0.06281070248385573,0.4279661016949153,2.0,1.0,True,2020
1,8,16,9.0,21.0,3.0,7.0,6.0,10.0,7.0,21.0,5.0,10.0,6.0,8.0,0.07400125236128494,0.4769874476987448,0.060813161025311945,0.37662337662337664,2.0,1.0,True,2020
0,16,8,7.0,21.0,5.0,10.0,6.0,8.0,9.0,21.0,3.0,7.0,6.0,10.0,0.060813161025311945,0.37662337662337664,0.09920100188902795,0.4791666666666667,1.0,2.0,False,2020
0,29,11,13.0,28.0,4.0,8.0,12.0,15.0,9.0,22.0,4.0,10.0,11.0,12.0,0.1227610946739722,0.5327510917030568,0.1106294794779267,0.5934959349593496,2.0,2.0,True,2020
1,11,29,9.0,22.0,4.0,10.0,11.0,12.0,13.0,28.0,4.0,8.0,12.0,15.0,0.1106294794779267,0.5934959349593496,0.13820887573917778,0.5347826086956522,2.0,2.0,False,2020
1,14,22,9.0,18.0,2.0,10.0,3.0,4.0,14.0,26.0,2.0,7.0,6.0,6.0,0.06281070248385573,0.4279661016949153,0.14800168556293003,0.5785123966942148,1.0,2.0,False,2020
0,20,26,12.0,21.0,4.0,6.0,10.0,11.0,8.0,17.0,4.0,9.0,9.0,11.0,0.07594432371637223,0.6147540983606558,0.1627849311837465,0.5875,2.0,2.0,True,2020
1,26,20,8.0,17.0,4.0,9.0,9.0,11.0,12.0,21.0,4.0,6.0,10.0,11.0,0.1627849311837465,0.5875,0.10075545897309779,0.6163265306122448,2.0,2.0,False,2020
1,12,2,6.0,12.0,5.0,11.0,11.0,18.0,9.0,23.0,4.0,7.0,9.0,9.0,0.0988605783518478,0.5338983050847458,0.10488803620949132,0.6217948717948718,1.0,2.0,True,2020
0,6,4,8.0,15.0,5.0,11.0,5.0,5.0,7.0,11.0,3.0,7.0,5.0,6.0,0.12387535683086089,0.4340425531914894,0.08418979933787038,0.6758893280632411,2.0,2.0,True,2020
1,15,13,12.0,27.0,5.0,14.0,2.0,4.0,12.0,24.0,3.0,9.0,10.0,11.0,0.07159919644796359,0.40869565217391307,0.07049946785826583,0.41630901287553645,2.0,2.0,False,2020
0,2,12,9.0,23.0,4.0,7.0,9.0,9.0,6.0,12.0,5.0,11.0,11.0,18.0,0.10488803620949132,0.6217948717948718,0.11908846268147824,0.5358649789029536,2.0,1.0,False,2020
1,17,1,8.0,19.0,4.0,9.0,6.0,7.0,7.0,17.0,5.0,11.0,6.0,12.0,0.0910663013636199,0.5555555555555556,0.1339669588542615,0.686046511627907,2.0,2.0,True,2020
1,22,10,13.0,17.0,4.0,5.0,4.0,6.0,9.0,16.0,3.0,8.0,9.0,9.0,0.14800168556293003,0.5785123966942148,0.15734333836154382,0.423728813559322,1.0,2.0,True,2020
0,1,17,7.0,17.0,5.0,11.0,6.0,12.0,8.0,19.0,4.0,9.0,6.0,7.0,0.1339669588542615,0.686046511627907,0.11285304109089592,0.5573122529644269,2.0,2.0,False,2020
1,24,7,10.0,21.0,2.0,7.0,10.0,10.0,13.0,25.0,6.0,9.0,5.0,6.0,0.13393062074757017,0.676923076923077,0.12392490443840018,0.2943722943722944,3.0,2.0,False,2020
1,4,6,7.0,11.0,3.0,7.0,5.0,6.0,8.0,15.0,5.0,11.0,5.0,5.0,0.08418979933787038,0.6758893280632411,0.13910028546468872,0.4364406779661017,2.0,2.0,False,2020
0,13,15,12.0,24.0,3.0,9.0,10.0,11.0,12.0,27.0,5.0,14.0,2.0,4.0,0.07049946785826583,0.41630901287553645,0.05727935715837087,0.4069264069264069,2.0,2.0,True,2020
0,7,24,13.0,25.0,6.0,9.0,5.0,6.0,10.0,21.0,2.0,7.0,10.0,10.0,0.12392490443840018,0.2943722943722944,0.10714449659805614,0.6666666666666666,2.0,3.0,True,2020
0,10,22,9.0,16.0,3.0,8.0,9.0,9.0,13.0,17.0,4.0,5.0,4.0,6.0,0.15734333836154382,0.423728813559322,0.158401348450344,0.5802469135802469,2.0,1.0,False,2020
0,6,2,8.0,14.0,2.0,5.0,5.0,5.0,7.0,15.0,5.0,9.0,7.0,8.0,0.13910028546468872,0.4364406779661017,0.08391042896759306,0.6178343949044586,1.0,1.0,False,2020
0,20,5,11.0,19.0,5.0,9.0,4.0,5.0,9.0,18.0,4.0,10.0,8.0,9.0,0.10075545897309779,0.6163265306122448,0.10356612513511496,0.5289256198347108,2.0,2.0,True,2020
1,29,26,7.0,19.0,2.0,7.0,5.0,8.0,8.0,13.0,2.0,5.0,7.0,7.0,0.13820887573917778,0.5347826086956522,0.13022794494699722,0.5850622406639004,2.0,2.0,False,2020
0,26,29,8.0,13.0,2.0,5.0,7.0,7.0,7.0,19.0,2.0,7.0,5.0,8.0,0.13022794494699722,0.5850622406639004,0.11056710059134223,0.5324675324675324,2.0,2.0,True,2020
1,5,20,9.0,18.0,4.0,10.0,8.0,9.0,11.0,19.0,5.0,9.0,4.0,5.0,0.10356612513511496,0.5289256198347108,0.12060436717847822,0.6178861788617886,2.0,2.0,False,2020
1,2,6,7.0,15.0,5.0,9.0,7.0,8.0,8.0,14.0,2.0,5.0,5.0,5.0,0.08391042896759306,0.6178343949044586,0.11128022837175097,0.4345991561181435,1.0,1.0,True,2020
0,18,14,11.0,20.0,3.0,6.0,7.0,8.0,8.0,17.0,2.0,5.0,7.0,9.0,0.10800568862268287,0.6126482213438735,0.050248561987084585,0.42616033755274263,2.0,2.0,True,2020
1,10,25,6.0,14.0,3.0,11.0,6.0,7.0,8.0,13.0,3.0,7.0,3.0,4.0,0.12587467068923505,0.4219409282700422,0.17071677593335072,0.7007575757575758,1.0,2.0,False,2020
1,11,16,7.0,18.0,6.0,11.0,11.0,12.0,8.0,17.0,6.0,8.0,8.0,10.0,0.08850358358234137,0.5910931174089069,0.048650528820249554,0.375,2.0,2.0,True,2020
1,14,18,8.0,17.0,2.0,5.0,7.0,9.0,11.0,20.0,3.0,6.0,7.0,8.0,0.050248561987084585,0.42616033755274263,0.1264045508981463,0.6141732283464567,2.0,2.0,False,2020
0,25,10,8.0,13.0,3.0,7.0,3.0,4.0,6.0,14.0,3.0,11.0,6.0,7.0,0.17071677593335072,0.7007575757575758,0.10069973655138804,0.42016806722689076,2.0,1.0,True,2020
0,16,11,8.0,17.0,6.0,8.0,8.0,10.0,7.0,18.0,6.0,11.0,11.0,12.0,0.048650528820249554,0.375,0.11080286686587308,0.592741935483871,2.0,2.0,False,2020
1,13,24,10.0,21.0,6.0,13.0,9.0,9.0,10.0,23.0,4.0,8.0,5.0,7.0,0.09639957428661265,0.4188034188034188,0.10714449659805614,0.6666666666666666,2.0,2.0,False,2020
1,1,29,11.0,19.0,5.0,10.0,12.0,12.0,8.0,16.0,1.0,4.0,7.0,9.0,0.1071735670834092,0.6833976833976834,0.11056710059134223,0.5324675324675324,2.0,1.0,True,2020
0,17,20,13.0,21.0,11.0,18.0,8.0,10.0,10.0,18.0,4.0,7.0,3.0,4.0,0.11285304109089592,0.5573122529644269,0.12060436717847822,0.6178861788617886,2.0,1.0,True,2020
0,8,15,10.0,14.0,5.0,10.0,5.0,7.0,13.0,21.0,6.0,9.0,5.0,8.0,0.09920100188902795,0.4791666666666667,0.05727935715837087,0.4069264069264069,3.0,2.0,False,2020
1,7,22,11.0,18.0,3.0,9.0,7.0,8.0,9.0,20.0,4.0,7.0,6.0,7.0,0.13913992355072016,0.2974137931034483,0.158401348450344,0.5802469135802469,2.0,2.0,True,2020
0,29,1,8.0,16.0,1.0,4.0,7.0,9.0,11.0,19.0,5.0,10.0,12.0,12.0,0.11056710059134223,0.5324675324675324,0.12573885366672735,0.6846153846153846,1.0,2.0,False,2020
1,20,17,10.0,18.0,4.0,7.0,3.0,4.0,13.0,21.0,11.0,18.0,8.0,10.0,0.12060436717847822,0.6178861788617886,0.13028243287271674,0.5590551181102362,1.0,2.0,False,2020
1,4,12,13.0,17.0,5.0,6.0,10.0,10.0,7.0,17.0,5.0,10.0,8.0,8.0,0.0673518394702963,0.6732283464566929,0.11908846268147824,0.5358649789029536,2.0,2.0,True,2020
0,24,13,10.0,23.0,4.0,8.0,5.0,7.0,10.0,21.0,6.0,13.0,9.0,9.0,0.10714449659805614,0.6666666666666666,0.07711965942929012,0.41702127659574467,2.0,2.0,True,2020
0,22,7,9.0,20.0,4.0,7.0,6.0,7.0,11.0,18.0,3.0,9.0,7.0,8.0,0.158401348450344,0.5802469135802469,0.15131193884057612,0.30042918454935624,2.0,2.0,False,2020
1,15,8,13.0,21.0,6.0,9.0,5.0,8.0,10.0,14.0,5.0,10.0,5.0,7.0,0.05727935715837087,0.4069264069264069,0.07936080151122235,0.47717842323651455,2.0,3.0,True,2020
0,12,4,7.0,17.0,5.0,10.0,8.0,8.0,13.0,17.0,5.0,6.0,10.0,10.0,0.11908846268147824,0.5358649789029536,0.09388147157623704,0.6745098039215687,2.0,2.0,False,2020
0,26,16,6.0,14.0,4.0,8.0,3.0,4.0,10.0,18.0,3.0,8.0,7.0,7.0,0.14418235595759776,0.5867768595041323,0.038920423056199645,0.37339055793991416,2.0,2.0,False,2020
0,10,18,9.0,18.0,2.0,7.0,5.0,6.0,8.0,21.0,3.0,7.0,9.0,13.0,0.10069973655138804,0.42016806722689076,0.1264045508981463,0.6141732283464567,2.0,2.0,False,2020
0,15,6,11.0,19.0,4.0,10.0,5.0,7.0,9.0,21.0,5.0,8.0,7.0,10.0,0.0858234857266967,0.40948275862068967,0.11128022837175097,0.4345991561181435,1.0,2.0,False,2020
1,18,10,8.0,21.0,3.0,7.0,9.0,13.0,9.0,18.0,2.0,7.0,5.0,6.0,0.1264045508981463,0.6141732283464567,0.08055978924111043,0.41841004184100417,2.0,2.0,True,2020
1,5,11,9.0,15.0,4.0,9.0,5.0,6.0,8.0,18.0,4.0,9.0,6.0,8.0,0.08285290010809196,0.5267489711934157,0.11080286686587308,0.592741935483871,2.0,2.0,True,2020
1,16,26,10.0,18.0,3.0,8.0,7.0,7.0,6.0,14.0,4.0,8.0,3.0,4.0,0.038920423056199645,0.37339055793991416,0.11534588476607821,0.5843621399176955,2.0,2.0,True,2020
0,14,8,10.0,18.0,3.0,7.0,5.0,6.0,11.0,16.0,3.0,11.0,7.0,8.0,0.04019884958966767,0.42436974789915966,0.07936080151122235,0.47717842323651455,2.0,1.0,False,2020
1,8,14,11.0,16.0,3.0,11.0,7.0,8.0,10.0,18.0,3.0,7.0,5.0,6.0,0.07936080151122235,0.47717842323651455,0.032159079671734134,0.4225941422594142,1.0,2.0,True,2020
1,6,15,9.0,21.0,5.0,8.0,7.0,10.0,11.0,19.0,4.0,10.0,5.0,7.0,0.11128022837175097,0.4345991561181435,0.06865878858135735,0.40772532188841204,2.0,1.0,True,2020
0,11,5,8.0,18.0,4.0,9.0,6.0,8.0,9.0,15.0,4.0,9.0,5.0,6.0,0.11080286686587308,0.592741935483871,0.10628232008647358,0.5286885245901639,2.0,2.0,False,2020
1,25,2,5.0,15.0,2.0,6.0,5.0,6.0,7.0,14.0,4.0,10.0,2.0,3.0,0.1765734207466806,0.7018867924528301,0.10712834317407445,0.620253164556962,2.0,2.0,False,2020
0,2,25,7.0,14.0,4.0,10.0,2.0,3.0,5.0,15.0,2.0,6.0,5.0,6.0,0.10712834317407445,0.620253164556962,0.14125873659734448,0.6992481203007519,2.0,2.0,True,2020
1,22,29,15.0,22.0,5.0,8.0,4.0,4.0,13.0,24.0,5.0,9.0,4.0,6.0,0.12672107876027522,0.5778688524590164,0.08845368047307378,0.5301724137931034,2.0,2.0,True,2020
0,11,20,12.0,33.0,5.0,16.0,6.0,8.0,11.0,25.0,2.0,8.0,8.0,8.0,0.08864229349269846,0.5903614457831325,0.09648349374278258,0.6153846153846154,1.0,2.0,False,2020
0,7,12,15.0,26.0,6.0,8.0,5.0,5.0,10.0,16.0,4.0,12.0,7.0,7.0,0.15131193884057612,0.30042918454935624,0.09527077014518259,0.5336134453781513,2.0,2.0,True,2020
1,12,7,10.0,16.0,4.0,12.0,7.0,7.0,15.0,26.0,6.0,8.0,5.0,5.0,0.09527077014518259,0.5336134453781513,0.1610495510724609,0.3034188034188034,2.0,2.0,False,2020
0,24,17,8.0,16.0,3.0,8.0,5.0,6.0,11.0,23.0,6.0,13.0,4.0,5.0,0.1257155972784449,0.6716417910447762,0.13028243287271674,0.5590551181102362,2.0,2.0,True,2020
1,13,4,12.0,24.0,6.0,12.0,9.0,10.0,13.0,27.0,6.0,12.0,7.0,14.0,0.07711965942929012,0.41702127659574467,0.09388147157623704,0.6745098039215687,2.0,2.0,True,2020
1,17,24,11.0,23.0,6.0,13.0,4.0,5.0,8.0,16.0,3.0,8.0,5.0,6.0,0.13028243287271674,0.5590551181102362,0.14057247782275592,0.6764705882352942,2.0,2.0,False,2020
1,20,11,11.0,25.0,2.0,8.0,8.0,8.0,12.0,33.0,5.0,16.0,6.0,8.0,0.09648349374278258,0.6153846153846154,0.07091383479415878,0.588,2.0,1.0,True,2020
0,29,22,13.0,24.0,5.0,9.0,4.0,6.0,15.0,22.0,5.0,8.0,4.0,4.0,0.08845368047307378,0.5301724137931034,0.14137686300822017,0.5795918367346938,2.0,2.0,False,2020
0,4,13,13.0,27.0,6.0,12.0,7.0,14.0,12.0,24.0,6.0,12.0,9.0,10.0,0.09388147157623704,0.6745098039215687,0.1016957275434321,0.4194915254237288,2.0,2.0,False,2020
1,25,16,9.0,16.0,4.0,9.0,7.0,7.0,11.0,26.0,4.0,10.0,4.0,4.0,0.14125873659734448,0.6992481203007519,0.07113633844495973,0.37606837606837606,2.0,2.0,True,2020
1,17,18,16.0,28.0,4.0,12.0,15.0,16.0,13.0,20.0,6.0,10.0,4.0,5.0,0.10422594629817339,0.5568627450980392,0.14112364071851705,0.615686274509804,1.0,2.0,True,2020
0,10,2,11.0,27.0,4.0,12.0,4.0,6.0,12.0,24.0,4.0,12.0,5.0,6.0,0.08055978924111043,0.41841004184100417,0.12570267453925957,0.6226415094339622,2.0,2.0,False,2020
0,14,26,7.0,15.0,4.0,9.0,4.0,4.0,8.0,13.0,5.0,8.0,6.0,8.0,0.032159079671734134,0.4225941422594142,0.11534588476607821,0.5843621399176955,2.0,2.0,False,2020
1,26,14,8.0,13.0,5.0,8.0,6.0,8.0,7.0,15.0,4.0,9.0,4.0,4.0,0.11534588476607821,0.5843621399176955,0.025727263737387308,0.42083333333333334,2.0,2.0,True,2020
1,2,10,12.0,24.0,4.0,12.0,5.0,6.0,11.0,27.0,4.0,12.0,4.0,6.0,0.12570267453925957,0.6226415094339622,0.06444783139288834,0.4166666666666667,2.0,2.0,True,2020
0,1,15,14.0,21.0,6.0,14.0,9.0,9.0,9.0,17.0,4.0,9.0,7.0,9.0,0.12573885366672735,0.6846153846153846,0.06865878858135735,0.40772532188841204,3.0,2.0,True,2020
0,16,25,11.0,26.0,4.0,10.0,4.0,4.0,9.0,16.0,4.0,9.0,7.0,7.0,0.07113633844495973,0.37606837606837606,0.15300698927787557,0.700374531835206,2.0,2.0,False,2020
0,5,8,10.0,16.0,3.0,6.0,7.0,7.0,10.0,20.0,8.0,12.0,5.0,6.0,0.10628232008647358,0.5286885245901639,0.1034886412089779,0.4793388429752066,2.0,2.0,True,2020
1,8,5,10.0,20.0,8.0,12.0,5.0,6.0,10.0,16.0,3.0,6.0,7.0,7.0,0.1034886412089779,0.4793388429752066,0.12502585606917888,0.5306122448979592,2.0,2.0,False,2020
1,15,1,9.0,17.0,4.0,9.0,7.0,9.0,14.0,21.0,6.0,14.0,9.0,9.0,0.06865878858135735,0.40772532188841204,0.14059108293338188,0.685823754789272,2.0,3.0,False,2020
1,24,6,14.0,25.0,4.0,7.0,7.0,8.0,10.0,17.0,5.0,11.0,5.0,8.0,0.14057247782275592,0.6764705882352942,0.1290241826974008,0.4369747899159664,1.0,2.0,False,2020
0,6,24,10.0,17.0,5.0,11.0,5.0,8.0,14.0,25.0,4.0,7.0,7.0,8.0,0.1290241826974008,0.4369747899159664,0.11245798225820473,0.6666666666666666,2.0,1.0,True,2020
0,18,17,13.0,20.0,6.0,10.0,4.0,5.0,16.0,28.0,4.0,12.0,15.0,16.0,0.14112364071851705,0.615686274509804,0.12338075703853871,0.55859375,2.0,1.0,False,2020
0,20,29,6.0,11.0,3.0,4.0,6.0,7.0,11.0,21.0,5.0,11.0,9.0,12.0,0.11718679499422606,0.6169354838709677,0.07076294437845902,0.5278969957081545,2.0,2.0,False,2020
1,29,20,11.0,21.0,5.0,11.0,9.0,12.0,6.0,11.0,3.0,4.0,6.0,7.0,0.07076294437845902,0.5278969957081545,0.09374943599538085,0.6144578313253012,2.0,2.0,True,2020
0,26,7,8.0,16.0,3.0,6.0,7.0,7.0,9.0,17.0,5.0,8.0,14.0,14.0,0.13227670781286255,0.5860655737704918,0.1610495510724609,0.3034188034188034,1.0,2.0,False,2020
0,22,12,5.0,14.0,3.0,7.0,4.0,5.0,9.0,16.0,4.0,10.0,9.0,11.0,0.14137686300822017,0.5795918367346938,0.07621661611614608,0.5313807531380753,2.0,2.0,False,2020
1,4,25,6.0,12.0,5.0,8.0,5.0,7.0,9.0,17.0,4.0,8.0,4.0,5.0,0.07510517726098963,0.671875,0.15300698927787557,0.700374531835206,2.0,1.0,False,2020
0,25,4,9.0,17.0,4.0,8.0,4.0,5.0,6.0,12.0,5.0,8.0,5.0,7.0,0.15300698927787557,0.700374531835206,0.0600841418087917,0.669260700389105,1.0,2.0,True,2020
1,7,26,9.0,17.0,5.0,8.0,14.0,14.0,8.0,16.0,3.0,6.0,7.0,7.0,0.1610495510724609,0.3034188034188034,0.10582136625029004,0.5836734693877551,2.0,1.0,True,2020
1,12,22,9.0,16.0,4.0,10.0,9.0,11.0,5.0,14.0,3.0,7.0,4.0,5.0,0.07621661611614608,0.5313807531380753,0.11310149040657613,0.5772357723577236,2.0,2.0,True,2020
0,13,11,11.0,15.0,4.0,6.0,6.0,6.0,6.0,12.0,5.0,7.0,8.0,9.0,0.1016957275434321,0.4194915254237288,0.07091383479415878,0.588,2.0,2.0,True,2020
1,11,13,6.0,12.0,5.0,7.0,8.0,9.0,11.0,15.0,4.0,6.0,6.0,6.0,0.07091383479415878,0.588,0.12135658203474568,0.4219409282700422,2.0,2.0,False,2020
0,2,16,10.0,16.0,4.0,9.0,5.0,5.0,7.0,15.0,2.0,9.0,11.0,15.0,0.14056213963140765,0.625,0.05690907075596778,0.37446808510638296,2.0,2.0,True,2020
1,10,6,7.0,18.0,2.0,5.0,6.0,8.0,8.0,15.0,4.0,12.0,7.0,8.0,0.06444783139288834,0.4166666666666667,0.14321934615792062,0.4393305439330544,2.0,2.0,False,2020
0,7,18,11.0,24.0,3.0,5.0,11.0,12.0,9.0,18.0,3.0,7.0,3.0,4.0,0.1688396408579687,0.30638297872340425,0.11289891257481363,0.61328125,1.0,2.0,True,2020
1,15,8,9.0,19.0,3.0,5.0,6.0,6.0,9.0,11.0,4.0,6.0,3.0,4.0,0.05492703086508588,0.405982905982906,0.08279091296718231,0.4773662551440329,2.0,2.0,True,2020
1,5,1,9.0,13.0,3.0,8.0,5.0,6.0,8.0,17.0,4.0,12.0,4.0,4.0,0.12502585606917888,0.5306122448979592,0.14059108293338188,0.685823754789272,2.0,2.0,True,2020
1,16,2,7.0,15.0,2.0,9.0,11.0,15.0,10.0,16.0,4.0,9.0,5.0,5.0,0.05690907075596778,0.37446808510638296,0.1524497117051261,0.6273291925465838,2.0,2.0,False,2020
0,8,15,9.0,11.0,4.0,6.0,3.0,4.0,9.0,19.0,3.0,5.0,6.0,6.0,0.08279091296718231,0.4773662551440329,0.0839416246920687,0.4085106382978723,2.0,2.0,False,2020
0,17,13,17.0,32.0,9.0,17.0,18.0,18.0,12.0,19.0,7.0,9.0,9.0,9.0,0.12338075703853871,0.55859375,0.12135658203474568,0.4219409282700422,2.0,1.0,True,2020
0,4,14,9.0,16.0,5.0,8.0,10.0,12.0,8.0,18.0,3.0,9.0,5.0,7.0,0.0600841418087917,0.669260700389105,0.025727263737387308,0.42083333333333334,1.0,2.0,True,2020
1,18,7,9.0,18.0,3.0,7.0,3.0,4.0,11.0,24.0,3.0,5.0,11.0,12.0,0.11289891257481363,0.61328125,0.175071712686375,0.3093220338983051,2.0,1.0,False,2020
1,14,4,8.0,18.0,3.0,9.0,5.0,7.0,9.0,16.0,5.0,8.0,10.0,12.0,0.025727263737387308,0.42083333333333334,0.08806731344703336,0.6705426356589147,2.0,1.0,False,2020
0,6,10,8.0,15.0,4.0,12.0,7.0,8.0,7.0,18.0,2.0,5.0,6.0,8.0,0.14321934615792062,0.4393305439330544,0.05155826511431068,0.4149377593360996,2.0,2.0,True,2020
0,1,5,8.0,17.0,4.0,12.0,4.0,4.0,9.0,13.0,3.0,8.0,5.0,6.0,0.14059108293338188,0.685823754789272,0.14002068485534308,0.532520325203252,2.0,2.0,False,2020
1,13,17,12.0,19.0,7.0,9.0,9.0,9.0,17.0,32.0,9.0,17.0,18.0,18.0,0.12135658203474568,0.4219409282700422,0.13870460563083095,0.5603112840466926,1.0,2.0,False,2020
0,22,1,7.0,26.0,4.0,12.0,8.0,10.0,13.0,21.0,7.0,14.0,12.0,14.0,0.11310149040657613,0.5772357723577236,0.1124728663467055,0.683206106870229,2.0,1.0,True,2020
1,18,25,8.0,15.0,5.0,9.0,6.0,8.0,7.0,14.0,4.0,6.0,6.0,9.0,0.0903191300598509,0.6108949416342413,0.16240559142230046,0.7014925373134329,1.0,2.0,False,2020
1,1,22,13.0,21.0,7.0,14.0,12.0,14.0,7.0,26.0,4.0,12.0,8.0,10.0,0.1124728663467055,0.683206106870229,0.1304811923252609,0.5789473684210527,1.0,2.0,False,2020
0,25,18,7.0,14.0,4.0,6.0,6.0,9.0,8.0,15.0,5.0,9.0,6.0,8.0,0.16240559142230046,0.7014925373134329,0.07225530404788072,0.6085271317829457,2.0,1.0,True,2020
1,20,24,9.0,14.0,4.0,7.0,3.0,4.0,9.0,20.0,4.0,9.0,7.0,8.0,0.09374943599538085,0.6144578313253012,0.11245798225820473,0.6666666666666666,2.0,3.0,False,2020
0,24,20,9.0,20.0,4.0,9.0,7.0,8.0,9.0,14.0,4.0,7.0,3.0,4.0,0.11245798225820473,0.6666666666666666,0.07499954879630469,0.612,3.0,2.0,True,2020
0,12,26,9.0,16.0,5.0,7.0,9.0,9.0,8.0,14.0,5.0,8.0,10.0,10.0,0.10097329289291686,0.5333333333333333,0.10582136625029004,0.5836734693877551,2.0,2.0,False,2020
1,26,12,8.0,14.0,5.0,8.0,10.0,10.0,9.0,16.0,5.0,7.0,9.0,9.0,0.10582136625029004,0.5836734693877551,0.08077863431433349,0.5311203319502075,2.0,2.0,True,2020
1,10,8,10.0,12.0,3.0,5.0,7.0,7.0,12.0,24.0,3.0,9.0,6.0,8.0,0.05155826511431068,0.4149377593360996,0.06623273037374586,0.47540983606557374,2.0,2.0,True,2020
0,13,7,9.0,14.0,2.0,5.0,7.0,7.0,11.0,20.0,3.0,5.0,5.0,5.0,0.09708526562779654,0.42016806722689076,0.175071712686375,0.3093220338983051,2.0,2.0,False,2020
0,8,10,12.0,24.0,3.0,9.0,6.0,8.0,10.0,12.0,3.0,5.0,7.0,7.0,0.06623273037374586,0.47540983606557374,0.08124661209144854,0.41735537190082644,2.0,2.0,False,2020
0,4,16,7.0,14.0,3.0,8.0,5.0,5.0,12.0,18.0,4.0,7.0,4.0,5.0,0.08806731344703336,0.6705426356589147,0.045527256604774226,0.3728813559322034,2.0,2.0,False,2020
1,16,4,12.0,18.0,4.0,7.0,4.0,5.0,7.0,14.0,3.0,8.0,5.0,5.0,0.045527256604774226,0.3728813559322034,0.0704538507576267,0.667953667953668,2.0,2.0,True,2020
0,17,6,13.0,22.0,8.0,14.0,8.0,9.0,16.0,29.0,5.0,9.0,4.0,9.0,0.13870460563083095,0.5603112840466926,0.1545754769263365,0.44166666666666665,2.0,2.0,True,2020
1,6,17,16.0,29.0,5.0,9.0,4.0,9.0,13.0,22.0,8.0,14.0,8.0,9.0,0.1545754769263365,0.44166666666666665,0.15096368450466477,0.562015503875969,2.0,2.0,False,2020
0,15,29,11.0,23.0,8.0,14.0,4.0,5.0,8.0,15.0,4.0,6.0,4.0,6.0,0.0839416246920687,0.4085106382978723,0.09661035550276723,0.5299145299145299,2.0,3.0,True,2020
0,5,11,8.0,14.0,3.0,6.0,7.0,8.0,6.0,13.0,3.0,9.0,5.0,5.0,0.14002068485534308,0.532520325203252,0.05673106783532702,0.5856573705179283,2.0,3.0,False,2020
1,11,5,6.0,13.0,3.0,9.0,5.0,5.0,8.0,14.0,3.0,6.0,7.0,8.0,0.05673106783532702,0.5856573705179283,0.11201654788427447,0.5303643724696356,3.0,2.0,True,2020
0,14,2,10.0,16.0,2.0,6.0,5.0,6.0,8.0,17.0,3.0,9.0,4.0,4.0,0.020581810989909848,0.4190871369294606,0.1524497117051261,0.6273291925465838,2.0,2.0,True,2020
1,29,15,8.0,15.0,4.0,6.0,4.0,6.0,11.0,23.0,8.0,14.0,4.0,5.0,0.09661035550276723,0.5299145299145299,0.10715329975365495,0.4110169491525424,3.0,2.0,False,2020
1,2,14,8.0,17.0,3.0,9.0,4.0,4.0,10.0,16.0,2.0,6.0,5.0,6.0,0.1524497117051261,0.6273291925465838,0.05646544879192787,0.4214876033057851,2.0,2.0,False,2020
1,7,13,11.0,20.0,3.0,5.0,5.0,5.0,9.0,14.0,2.0,5.0,7.0,7.0,0.175071712686375,0.3093220338983051,0.07766821250223724,0.41841004184100417,2.0,2.0,True,2020
0,18,1,6.0,12.0,4.0,6.0,5.0,7.0,9.0,16.0,4.0,9.0,5.0,5.0,0.07225530404788072,0.6085271317829457,0.08997829307736441,0.6806083650190115,2.0,2.0,True,2020
1,22,12,8.0,16.0,5.0,11.0,3.0,4.0,8.0,27.0,3.0,9.0,10.0,12.0,0.1304811923252609,0.5789473684210527,0.08077863431433349,0.5311203319502075,2.0,2.0,True,2020
1,24,26,8.0,17.0,4.0,11.0,8.0,13.0,10.0,22.0,4.0,8.0,3.0,5.0,0.12996638580656378,0.6714285714285714,0.12465709300023202,0.5853658536585366,2.0,2.0,True,2020
0,26,24,10.0,22.0,4.0,8.0,3.0,5.0,8.0,17.0,4.0,11.0,8.0,13.0,0.12465709300023202,0.5853658536585366,0.14397310864525104,0.676056338028169,2.0,2.0,False,2020
1,25,20,9.0,16.0,4.0,8.0,2.0,3.0,6.0,14.0,5.0,8.0,6.0,6.0,0.16992447313784037,0.7026022304832714,0.07499954879630469,0.612,2.0,2.0,True,2020
0,20,25,6.0,14.0,5.0,8.0,6.0,6.0,9.0,16.0,4.0,8.0,2.0,3.0,0.07499954879630469,0.612,0.1759395785102723,0.7037037037037037,2.0,2.0,False,2020
1,1,18,9.0,16.0,4.0,9.0,5.0,5.0,6.0,12.0,4.0,6.0,5.0,7.0,0.08997829307736441,0.6806083650190115,0.09780424323830458,0.61003861003861,2.0,2.0,False,2020
0,12,22,8.0,27.0,3.0,9.0,10.0,12.0,8.0,16.0,5.0,11.0,3.0,4.0,0.08077863431433349,0.5311203319502075,0.14438495386020872,0.5806451612903226,2.0,2.0,False,2020
1,17,16,11.0,19.0,5.0,14.0,14.0,14.0,13.0,28.0,4.0,6.0,6.0,8.0,0.15096368450466477,0.562015503875969,0.07642180528381938,0.3755274261603376,2.0,2.0,True,2020
0,16,17,13.0,28.0,4.0,6.0,6.0,8.0,11.0,19.0,5.0,14.0,14.0,14.0,0.07642180528381938,0.3755274261603376,0.16077094760373184,0.5637065637065637,2.0,2.0,False,2020
0,11,20,19.0,33.0,6.0,15.0,13.0,13.0,13.0,21.0,6.0,9.0,7.0,8.0,0.08538485426826162,0.5873015873015873,0.05999963903704375,0.6095617529880478,4.0,3.0,False,2020
1,20,11,13.0,21.0,6.0,9.0,7.0,8.0,19.0,33.0,6.0,15.0,13.0,13.0,0.05999963903704375,0.6095617529880478,0.06830788341460929,0.5849802371541502,3.0,4.0,True,2020
1,25,6,11.0,15.0,8.0,10.0,9.0,9.0,9.0,15.0,6.0,10.0,5.0,6.0,0.1759395785102723,0.7037037037037037,0.1236603815410692,0.43983402489626555,3.0,4.0,True,2020
1,24,13,11.0,22.0,4.0,11.0,6.0,6.0,13.0,21.0,4.0,11.0,14.0,15.0,0.14397310864525104,0.676056338028169,0.07766821250223724,0.41841004184100417,3.0,4.0,True,2020
0,6,25,9.0,15.0,6.0,10.0,5.0,6.0,11.0,15.0,8.0,10.0,9.0,9.0,0.1236603815410692,0.43983402489626555,0.18075166280821783,0.7047970479704797,4.0,3.0,False,2020
0,18,2,8.0,17.0,3.0,9.0,9.0,12.0,10.0,21.0,5.0,8.0,10.0,11.0,0.09780424323830458,0.61003861003861,0.12195976936410088,0.6234567901234568,3.0,4.0,False,2020
1,2,18,10.0,21.0,5.0,8.0,10.0,11.0,8.0,17.0,3.0,9.0,9.0,12.0,0.12195976936410088,0.6234567901234568,0.07824339459064367,0.6076923076923076,4.0,3.0,True,2020
0,13,24,13.0,21.0,4.0,11.0,14.0,15.0,11.0,22.0,4.0,11.0,6.0,6.0,0.07766821250223724,0.41841004184100417,0.15517848691620081,0.6805555555555556,4.0,3.0,False,2020
0,26,1,9.0,17.0,3.0,8.0,9.0,9.0,12.0,22.0,6.0,13.0,7.0,8.0,0.09972567440018562,0.582995951417004,0.07198263446189153,0.678030303030303,4.0,4.0,False,2020
1,1,26,12.0,22.0,6.0,13.0,7.0,8.0,9.0,17.0,3.0,8.0,9.0,9.0,0.07198263446189153,0.678030303030303,0.07978053952014849,0.5806451612903226,4.0,4.0,True,2020
1,29,17,9.0,24.0,2.0,8.0,12.0,17.0,9.0,21.0,6.0,13.0,10.0,10.0,0.07728828440221377,0.5276595744680851,0.16077094760373184,0.5637065637065637,5.0,3.0,False,2020
0,12,22,9.0,19.0,4.0,9.0,10.0,12.0,9.0,18.0,4.0,6.0,9.0,10.0,0.06462290745146679,0.5289256198347108,0.14438495386020872,0.5806451612903226,4.0,4.0,True,2020
1,22,12,9.0,18.0,4.0,6.0,9.0,10.0,9.0,19.0,4.0,9.0,10.0,12.0,0.14438495386020872,0.5806451612903226,0.09169832596117343,0.5308641975308642,4.0,4.0,False,2020
0,10,4,15.0,24.0,5.0,12.0,4.0,4.0,12.0,25.0,3.0,7.0,4.0,9.0,0.08124661209144854,0.41735537190082644,0.0704538507576267,0.667953667953668,5.0,5.0,True,2020
1,4,10,12.0,25.0,3.0,7.0,4.0,9.0,15.0,24.0,5.0,12.0,4.0,4.0,0.0704538507576267,0.667953667953668,0.10499728967315884,0.41975308641975306,5.0,5.0,False,2020
0,17,29,9.0,21.0,6.0,13.0,10.0,10.0,9.0,24.0,2.0,8.0,12.0,17.0,0.16077094760373184,0.5637065637065637,0.06183062752177102,0.5254237288135594,3.0,5.0,True,2020
1,20,11,10.0,21.0,6.0,9.0,7.0,10.0,10.0,18.0,6.0,9.0,5.0,8.0,0.087999711229635,0.6111111111111112,0.06830788341460929,0.5849802371541502,2.0,2.0,False,2020
1,25,6,11.0,22.0,3.0,11.0,5.0,9.0,6.0,22.0,5.0,11.0,6.0,9.0,0.18075166280821783,0.7047970479704797,0.09892830523285537,0.4380165289256198,2.0,2.0,True,2020
0,11,20,10.0,18.0,6.0,9.0,5.0,8.0,10.0,21.0,6.0,9.0,7.0,10.0,0.06830788341460929,0.5849802371541502,0.070399768983708,0.6086956521739131,2.0,2.0,True,2020
0,18,2,11.0,21.0,2.0,5.0,12.0,13.0,12.0,20.0,8.0,12.0,6.0,6.0,0.07824339459064367,0.6076923076923076,0.13756781549128072,0.6257668711656442,2.0,2.0,False,2020
1,2,18,12.0,20.0,8.0,12.0,6.0,6.0,11.0,21.0,2.0,5.0,12.0,13.0,0.13756781549128072,0.6257668711656442,0.06259471567251493,0.6053639846743295,2.0,2.0,True,2020
1,24,13,10.0,21.0,3.0,10.0,13.0,14.0,8.0,17.0,4.0,7.0,8.0,12.0,0.15517848691620081,0.6805555555555556,0.06213457000178979,0.4166666666666667,2.0,2.0,False,2020
0,13,24,8.0,17.0,4.0,7.0,8.0,12.0,10.0,21.0,3.0,10.0,13.0,14.0,0.06213457000178979,0.4166666666666667,0.12414278953296065,0.6712328767123288,2.0,2.0,True,2020
0,6,25,6.0,22.0,5.0,11.0,6.0,9.0,11.0,22.0,3.0,11.0,5.0,9.0,0.09892830523285537,0.4380165289256198,0.18460133024657427,0.7058823529411765,2.0,2.0,False,2020
1,22,12,7.0,15.0,4.0,11.0,8.0,9.0,9.0,18.0,7.0,8.0,6.0,8.0,0.11550796308816698,0.5783132530120482,0.09169832596117343,0.5308641975308642,2.0,2.0,False,2020
0,12,22,9.0,18.0,7.0,8.0,6.0,8.0,7.0,15.0,4.0,11.0,8.0,9.0,0.09169832596117343,0.5308641975308642,0.09240637047053359,0.576,2.0,2.0,True,2020
1,29,17,13.0,21.0,4.0,9.0,2.0,2.0,6.0,16.0,2.0,7.0,5.0,6.0,0.06183062752177102,0.5254237288135594,0.16861675808298546,0.5653846153846154,2.0,2.0,True,2020
0,26,1,9.0,17.0,3.0,8.0,10.0,11.0,6.0,20.0,4.0,11.0,9.0,9.0,0.07978053952014849,0.5806451612903226,0.09758610756951322,0.6792452830188679,2.0,2.0,False,2020
0,17,29,6.0,16.0,2.0,7.0,5.0,6.0,13.0,21.0,4.0,9.0,2.0,2.0,0.16861675808298546,0.5653846153846154,0.08946450201741682,0.5274261603375527,2.0,2.0,False,2020
1,1,26,6.0,20.0,4.0,11.0,9.0,9.0,9.0,17.0,3.0,8.0,10.0,11.0,0.09758610756951322,0.6792452830188679,0.0638244316161188,0.5783132530120482,2.0,2.0,True,2020
1,4,10,10.0,23.0,5.0,8.0,7.0,8.0,13.0,23.0,2.0,8.0,10.0,10.0,0.05636308060610136,0.6653846153846154,0.10499728967315884,0.41975308641975306,2.0,2.0,True,2020
0,10,4,13.0,23.0,2.0,8.0,10.0,10.0,10.0,23.0,5.0,8.0,7.0,8.0,0.10499728967315884,0.41975308641975306,0.08509046448488108,0.6666666666666666,2.0,2.0,False,2020
1,11,20,11.0,15.0,7.0,8.0,8.0,9.0,6.0,16.0,2.0,8.0,4.0,4.0,0.09464630673168743,0.5866141732283464,0.070399768983708,0.6086956521739131,2.0,2.0,True,2020
0,24,13,13.0,24.0,4.0,8.0,9.0,10.0,11.0,19.0,5.0,10.0,7.0,10.0,0.12414278953296065,0.6712328767123288,0.08970765600143184,0.4190871369294606,2.0,2.0,True,2020
1,13,24,11.0,19.0,5.0,10.0,7.0,10.0,13.0,24.0,4.0,8.0,9.0,10.0,0.08970765600143184,0.4190871369294606,0.13931423162636852,0.6756756756756757,2.0,2.0,False,2020
0,25,6,11.0,23.0,6.0,10.0,3.0,4.0,8.0,18.0,5.0,11.0,4.0,4.0,0.18460133024657427,0.7058823529411765,0.07914264418628429,0.43621399176954734,2.0,2.0,True,2020
1,6,25,8.0,18.0,5.0,11.0,4.0,4.0,11.0,23.0,6.0,10.0,3.0,4.0,0.07914264418628429,0.43621399176954734,0.18768106419725944,0.706959706959707,2.0,2.0,False,2020
1,18,2,7.0,20.0,3.0,11.0,14.0,16.0,10.0,20.0,3.0,9.0,8.0,9.0,0.06259471567251493,0.6053639846743295,0.15005425239302456,0.6280487804878049,2.0,2.0,False,2020
0,20,11,6.0,16.0,2.0,8.0,4.0,4.0,11.0,15.0,7.0,8.0,8.0,9.0,0.070399768983708,0.6086956521739131,0.11571704538534995,0.5882352941176471,2.0,2.0,False,2020
0,2,18,10.0,20.0,3.0,9.0,8.0,9.0,7.0,20.0,3.0,11.0,14.0,16.0,0.15005425239302456,0.6280487804878049,0.050075772538011945,0.6030534351145038,2.0,2.0,True,2020
0,29,17,11.0,18.0,4.0,8.0,12.0,17.0,12.0,25.0,5.0,12.0,13.0,14.0,0.08946450201741682,0.5274261603375527,0.13489340646638837,0.5632183908045977,2.0,2.0,True,2020
1,17,29,12.0,25.0,5.0,12.0,13.0,14.0,11.0,18.0,4.0,8.0,12.0,17.0,0.13489340646638837,0.5632183908045977,0.11157160161393347,0.5294117647058824,2.0,2.0,False,2020
1,26,1,11.0,23.0,4.0,11.0,8.0,9.0,12.0,27.0,5.0,13.0,11.0,15.0,0.0638244316161188,0.5783132530120482,0.11806888605561058,0.6804511278195489,2.0,2.0,True,2020
0,1,26,12.0,27.0,5.0,13.0,11.0,15.0,11.0,23.0,4.0,11.0,8.0,9.0,0.11806888605561058,0.6804511278195489,0.09105954529289503,0.58,2.0,2.0,False,2020
1,10,4,8.0,19.0,4.0,8.0,4.0,4.0,12.0,17.0,3.0,7.0,9.0,12.0,0.08399783173852707,0.4180327868852459,0.08509046448488108,0.6666666666666666,2.0,2.0,False,2020
0,22,12,11.0,21.0,4.0,10.0,8.0,8.0,8.0,17.0,5.0,10.0,17.0,20.0,0.09240637047053359,0.576,0.11335866076893875,0.5327868852459017,2.0,2.0,False,2020
0,4,10,12.0,17.0,3.0,7.0,9.0,12.0,8.0,19.0,4.0,8.0,4.0,4.0,0.08509046448488108,0.6666666666666666,0.06719826539082166,0.4163265306122449,2.0,2.0,True,2020
1,12,22,8.0,17.0,5.0,10.0,17.0,20.0,11.0,21.0,4.0,10.0,8.0,8.0,0.11335866076893875,0.5327868852459017,0.07392509637642687,0.5737051792828686,2.0,2.0,True,2020
1,6,25,11.0,23.0,6.0,9.0,8.0,10.0,12.0,22.0,5.0,9.0,6.0,6.0,0.06331411534902744,0.4344262295081967,0.18768106419725944,0.706959706959707,2.0,2.0,False,2020
1,11,20,15.0,27.0,4.0,8.0,17.0,18.0,18.0,31.0,9.0,15.0,5.0,5.0,0.11571704538534995,0.5882352941176471,0.0563198151869664,0.6062992125984252,2.0,2.0,True,2020
0,20,11,18.0,31.0,9.0,15.0,5.0,5.0,15.0,27.0,4.0,8.0,17.0,18.0,0.0563198151869664,0.6062992125984252,0.13257363630827995,0.58984375,2.0,2.0,False,2020
0,2,18,10.0,18.0,4.0,9.0,12.0,13.0,8.0,18.0,2.0,8.0,13.0,18.0,0.16004340191441965,0.6303030303030303,0.050075772538011945,0.6030534351145038,2.0,2.0,True,2020
0,24,13,13.0,22.0,4.0,9.0,9.0,10.0,18.0,31.0,4.0,10.0,3.0,5.0,0.13931423162636852,0.6756756756756757,0.07176612480114547,0.41735537190082644,2.0,2.0,False,2020
1,18,2,8.0,18.0,2.0,8.0,13.0,18.0,10.0,18.0,4.0,9.0,12.0,13.0,0.050075772538011945,0.6030534351145038,0.1680347215315357,0.6325301204819277,2.0,2.0,False,2020
1,13,24,18.0,31.0,4.0,10.0,3.0,5.0,13.0,22.0,4.0,9.0,9.0,10.0,0.07176612480114547,0.41735537190082644,0.11145138530109482,0.6666666666666666,2.0,2.0,True,2020
0,25,6,12.0,22.0,5.0,9.0,6.0,6.0,11.0,23.0,6.0,9.0,8.0,10.0,0.18768106419725944,0.706959706959707,0.05065129227922195,0.4326530612244898,2.0,2.0,True,2020
0,22,12,9.0,19.0,5.0,11.0,2.0,6.0,10.0,21.0,2.0,7.0,2.0,4.0,0.07392509637642687,0.5737051792828686,0.130686928615151,0.5346938775510204,2.0,2.0,False,2020
0,4,10,14.0,21.0,4.0,7.0,4.0,6.0,11.0,20.0,6.0,10.0,6.0,6.0,0.10807237158790488,0.6679389312977099,0.06719826539082166,0.4163265306122449,2.0,2.0,True,2020
1,10,4,11.0,20.0,6.0,10.0,6.0,6.0,14.0,21.0,4.0,7.0,4.0,6.0,0.06719826539082166,0.4163265306122449,0.12645789727032392,0.6692015209125475,2.0,2.0,False,2020
1,12,22,10.0,21.0,2.0,7.0,2.0,4.0,9.0,19.0,5.0,11.0,2.0,6.0,0.130686928615151,0.5346938775510204,0.0591400771011415,0.5714285714285714,2.0,2.0,True,2020
1,26,1,10.0,19.0,4.0,9.0,6.0,7.0,11.0,25.0,6.0,15.0,4.0,5.0,0.09105954529289503,0.58,0.09445510884448846,0.6779026217228464,2.0,2.0,True,2020
1,17,29,7.0,15.0,3.0,6.0,6.0,8.0,10.0,12.0,5.0,9.0,8.0,10.0,0.1079147251731107,0.5610687022900763,0.11157160161393347,0.5294117647058824,2.0,2.0,False,2020
0,29,17,10.0,12.0,5.0,9.0,8.0,10.0,7.0,15.0,3.0,6.0,6.0,8.0,0.11157160161393347,0.5294117647058824,0.08633178013848855,0.55893536121673,2.0,2.0,True,2020
0,1,26,11.0,25.0,6.0,15.0,4.0,5.0,10.0,19.0,4.0,9.0,6.0,7.0,0.09445510884448846,0.6779026217228464,0.11284763623431604,0.5816733067729084,2.0,2.0,False,2020
1,24,13,12.0,19.0,4.0,8.0,7.0,11.0,7.0,17.0,3.0,7.0,9.0,14.0,0.11145138530109482,0.6666666666666666,0.09741289984091636,0.41975308641975306,2.0,2.0,True,2020
0,11,20,11.0,23.0,4.0,8.0,5.0,6.0,17.0,26.0,7.0,11.0,4.0,4.0,0.13257363630827995,0.58984375,0.045055852149573125,0.6039215686274509,2.0,2.0,False,2020
0,13,24,7.0,17.0,3.0,7.0,9.0,14.0,12.0,19.0,4.0,8.0,7.0,11.0,0.09741289984091636,0.41975308641975306,0.12916110824087584,0.6710526315789473,2.0,2.0,False,2020
1,20,11,17.0,26.0,7.0,11.0,4.0,4.0,11.0,23.0,4.0,8.0,5.0,6.0,0.045055852149573125,0.6039215686274509,0.10605890904662396,0.5875486381322957,2.0,2.0,True,2020
0,17,29,13.0,25.0,3.0,7.0,7.0,8.0,14.0,19.0,4.0,9.0,11.0,13.0,0.08633178013848855,0.55893536121673,0.12925728129114678,0.5313807531380753,5.0,5.0,False,2020
1,1,26,11.0,17.0,6.0,11.0,5.0,6.0,6.0,16.0,3.0,9.0,4.0,5.0,0.07556408707559077,0.6753731343283582,0.11284763623431604,0.5816733067729084,5.0,5.0,True,2020
1,4,10,11.0,17.0,4.0,8.0,7.0,8.0,9.0,25.0,3.0,10.0,5.0,7.0,0.12645789727032392,0.6692015209125475,0.05375861231265733,0.4146341463414634,5.0,5.0,True,2020
1,29,17,14.0,19.0,4.0,9.0,11.0,13.0,13.0,25.0,3.0,7.0,7.0,8.0,0.12925728129114678,0.5313807531380753,0.06906542411079084,0.5568181818181818,5.0,5.0,True,2020
0,26,1,6.0,16.0,3.0,9.0,4.0,5.0,11.0,17.0,6.0,11.0,5.0,6.0,0.11284763623431604,0.5816733067729084,0.10045126966047262,0.6765799256505576,5.0,5.0,False,2020
0,10,4,9.0,25.0,3.0,10.0,5.0,7.0,11.0,17.0,4.0,8.0,7.0,8.0,0.05375861231265733,0.4146341463414634,0.14116631781625913,0.6704545454545454,5.0,5.0,False,2020
1,25,2,5.0,16.0,3.0,11.0,6.0,9.0,9.0,18.0,5.0,9.0,7.0,7.0,0.1901448513578075,0.708029197080292,0.1680347215315357,0.6325301204819277,7.0,7.0,False,2020
0,2,25,9.0,18.0,5.0,9.0,7.0,7.0,5.0,16.0,3.0,11.0,6.0,9.0,0.1680347215315357,0.6325301204819277,0.15211588108624602,0.7054545454545454,7.0,7.0,True,2020
0,24,13,14.0,23.0,4.0,7.0,4.0,4.0,15.0,28.0,4.0,11.0,4.0,8.0,0.12916110824087584,0.6710526315789473,0.07793031987273309,0.4180327868852459,5.0,5.0,True,2020
1,13,24,15.0,28.0,4.0,11.0,4.0,8.0,14.0,23.0,4.0,7.0,4.0,4.0,0.07793031987273309,0.4180327868852459,0.14332888659270068,0.6753246753246753,5.0,5.0,False,2020
1,11,20,14.0,25.0,9.0,13.0,7.0,11.0,17.0,24.0,9.0,12.0,7.0,9.0,0.10605890904662396,0.5875486381322957,0.0760446817196585,0.60546875,5.0,5.0,False,2020
0,20,11,17.0,24.0,9.0,12.0,7.0,9.0,14.0,25.0,9.0,13.0,7.0,11.0,0.0760446817196585,0.60546875,0.08484712723729917,0.5852713178294574,5.0,5.0,True,2020
0,1,26,11.0,22.0,4.0,11.0,7.0,8.0,10.0,20.0,4.0,9.0,5.0,6.0,0.10045126966047262,0.6765799256505576,0.09027810898745284,0.5793650793650794,2.0,2.0,False,2020
1,4,12,12.0,24.0,4.0,8.0,4.0,12.0,13.0,20.0,3.0,7.0,12.0,13.0,0.14116631781625913,0.6704545454545454,0.1445495428921208,0.5365853658536586,2.0,7.0,False,2020
1,26,1,10.0,20.0,4.0,9.0,5.0,6.0,11.0,22.0,4.0,11.0,7.0,8.0,0.09027810898745284,0.5793650793650794,0.08036101572837809,0.674074074074074,2.0,2.0,True,2020
0,12,4,13.0,20.0,3.0,7.0,12.0,13.0,12.0,24.0,4.0,8.0,4.0,12.0,0.1445495428921208,0.5365853658536586,0.1129330542530073,0.6679245283018868,7.0,2.0,True,2020
1,20,11,12.0,23.0,2.0,6.0,4.0,5.0,9.0,22.0,2.0,8.0,3.0,4.0,0.10083574537572679,0.6070038910505836,0.08484712723729917,0.5852713178294574,2.0,2.0,True,2020
0,11,20,9.0,22.0,2.0,8.0,3.0,4.0,12.0,23.0,2.0,6.0,4.0,5.0,0.08484712723729917,0.5852713178294574,0.12066859630058144,0.6085271317829457,2.0,2.0,False,2020
0,2,25,8.0,18.0,6.0,11.0,14.0,14.0,8.0,22.0,4.0,12.0,6.0,8.0,0.17442777722522856,0.6347305389221557,0.15211588108624602,0.7054545454545454,2.0,2.0,True,2020
1,25,2,8.0,22.0,4.0,12.0,6.0,8.0,8.0,18.0,6.0,11.0,14.0,14.0,0.15211588108624602,0.7054545454545454,0.17954222178018284,0.6369047619047619,2.0,2.0,False,2020
1,1,26,9.0,20.0,6.0,11.0,8.0,9.0,10.0,21.0,6.0,12.0,6.0,6.0,0.08036101572837809,0.674074074074074,0.11222248718996226,0.5810276679841897,2.0,2.0,True,2020
0,12,4,8.0,18.0,4.0,12.0,7.0,8.0,10.0,18.0,3.0,5.0,11.0,13.0,0.15563963431369662,0.5384615384615384,0.1129330542530073,0.6679245283018868,2.0,2.0,True,2020
1,4,12,10.0,18.0,3.0,5.0,11.0,13.0,8.0,18.0,4.0,12.0,7.0,8.0,0.1129330542530073,0.6679245283018868,0.1645117074509573,0.5403225806451613,2.0,2.0,False,2020
0,26,1,10.0,21.0,6.0,12.0,6.0,6.0,9.0,20.0,6.0,11.0,8.0,9.0,0.11222248718996226,0.5810276679841897,0.10428881258270248,0.6752767527675276,2.0,2.0,False,2020
1,24,20,12.0,16.0,4.0,7.0,5.0,7.0,6.0,15.0,3.0,8.0,6.0,8.0,0.14332888659270068,0.6753246753246753,0.12066859630058144,0.6085271317829457,4.0,2.0,True,2020
1,2,25,9.0,18.0,4.0,9.0,7.0,7.0,13.0,23.0,5.0,13.0,3.0,4.0,0.17954222178018284,0.6369047619047619,0.12169270486899682,0.7028985507246377,2.0,2.0,False,2020
0,20,24,6.0,15.0,3.0,8.0,6.0,8.0,12.0,16.0,4.0,7.0,5.0,7.0,0.12066859630058144,0.6085271317829457,0.15466310927416055,0.6794871794871795,2.0,4.0,False,2020
0,25,2,13.0,23.0,5.0,13.0,3.0,4.0,9.0,18.0,4.0,9.0,7.0,7.0,0.12169270486899682,0.7028985507246377,0.14363377742414626,0.6331360946745562,2.0,2.0,True,2020
1,12,4,7.0,15.0,5.0,11.0,14.0,19.0,8.0,21.0,3.0,9.0,7.0,12.0,0.1645117074509573,0.5403225806451613,0.09034644340240584,0.6654135338345865,2.0,2.0,True,2020
0,4,12,8.0,21.0,3.0,9.0,7.0,12.0,7.0,15.0,5.0,11.0,14.0,19.0,0.09034644340240584,0.6654135338345865,0.17160936596076587,0.5421686746987951,2.0,2.0,False,2020
1,29,1,10.0,16.0,2.0,7.0,4.0,5.0,12.0,24.0,3.0,8.0,9.0,12.0,0.1434058250329174,0.5333333333333333,0.10428881258270248,0.6752767527675276,6.0,2.0,False,2020
0,1,29,12.0,24.0,3.0,8.0,9.0,12.0,10.0,16.0,2.0,7.0,4.0,5.0,0.10428881258270248,0.6752767527675276,0.11472466002633393,0.5311203319502075,2.0,6.0,True,2020
0,25,2,10.0,23.0,5.0,13.0,8.0,8.0,10.0,18.0,2.0,11.0,6.0,7.0,0.13735416389519745,0.703971119133574,0.14363377742414626,0.6331360946745562,2.0,2.0,True,2020
1,2,25,10.0,18.0,2.0,11.0,6.0,7.0,10.0,23.0,5.0,13.0,8.0,8.0,0.14363377742414626,0.6331360946745562,0.14988333111615798,0.7050359712230215,2.0,2.0,False,2020
1,24,20,7.0,19.0,4.0,10.0,5.0,8.0,10.0,21.0,4.0,8.0,4.0,5.0,0.15466310927416055,0.6794871794871795,0.09653487704046515,0.6061776061776062,2.0,2.0,False,2020
0,20,24,10.0,21.0,4.0,8.0,4.0,5.0,7.0,19.0,4.0,10.0,5.0,8.0,0.09653487704046515,0.6061776061776062,0.12373048741932843,0.6708860759493671,2.0,2.0,True,2020
0,1,29,8.0,16.0,6.0,12.0,11.0,13.0,15.0,24.0,4.0,5.0,7.0,10.0,0.12343105006616199,0.6764705882352942,0.11472466002633393,0.5311203319502075,2.0,2.0,False,2020
0,4,12,12.0,28.0,3.0,7.0,9.0,9.0,10.0,17.0,6.0,12.0,6.0,7.0,0.07227715472192467,0.6629213483146067,0.17160936596076587,0.5421686746987951,2.0,2.0,True,2020
1,29,1,15.0,24.0,4.0,5.0,7.0,10.0,8.0,16.0,6.0,12.0,11.0,13.0,0.11472466002633393,0.5311203319502075,0.09874484005292959,0.673992673992674,2.0,2.0,True,2020
1,12,4,10.0,17.0,6.0,12.0,6.0,7.0,12.0,28.0,3.0,7.0,9.0,9.0,0.17160936596076587,0.5421686746987951,0.09782172377753973,0.664179104477612,2.0,2.0,False,2020
0,2,25,10.0,18.0,3.0,7.0,7.0,8.0,6.0,15.0,4.0,11.0,4.0,4.0,0.11490702193931701,0.6294117647058823,0.14988333111615798,0.7050359712230215,2.0,2.0,True,2020
0,24,20,12.0,19.0,5.0,7.0,7.0,10.0,13.0,24.0,3.0,8.0,3.0,4.0,0.12373048741932843,0.6708860759493671,0.11722790163237211,0.6076923076923076,2.0,2.0,True,2020
1,25,2,6.0,15.0,4.0,11.0,4.0,4.0,10.0,18.0,3.0,7.0,7.0,8.0,0.14988333111615798,0.7050359712230215,0.1319256175514536,0.631578947368421,2.0,2.0,False,2020
1,20,24,13.0,24.0,3.0,8.0,3.0,4.0,12.0,19.0,5.0,7.0,7.0,10.0,0.11722790163237211,0.6076923076923076,0.13898438993546275,0.675,2.0,2.0,False,2020
1,1,29,13.0,24.0,4.0,9.0,7.0,7.0,13.0,23.0,4.0,9.0,8.0,11.0,0.09874484005292959,0.673992673992674,0.13177972802106713,0.5330578512396694,2.0,2.0,False,2020
0,29,1,13.0,23.0,4.0,9.0,8.0,11.0,13.0,24.0,4.0,9.0,7.0,7.0,0.13177972802106713,0.5330578512396694,0.07899587204234368,0.6715328467153284,2.0,2.0,True,2020
0,12,4,7.0,15.0,4.0,9.0,8.0,8.0,8.0,25.0,3.0,9.0,5.0,6.0,0.13728749276861268,0.54,0.09782172377753973,0.664179104477612,2.0,2.0,True,2020
1,4,12,8.0,25.0,3.0,9.0,5.0,6.0,7.0,15.0,4.0,9.0,8.0,8.0,0.09782172377753973,0.664179104477612,0.14982999421489016,0.5418326693227091,2.0,2.0,False,2020
1,2,25,11.0,30.0,6.0,13.0,7.0,10.0,12.0,22.0,6.0,13.0,8.0,9.0,0.1319256175514536,0.631578947368421,0.11990666489292638,0.7025089605734767,2.0,2.0,False,2020
0,24,20,10.0,22.0,3.0,6.0,8.0,9.0,11.0,23.0,3.0,7.0,5.0,6.0,0.13898438993546275,0.675,0.09378232130589768,0.6053639846743295,2.0,2.0,True,2020
0,25,2,12.0,22.0,6.0,13.0,8.0,9.0,11.0,30.0,6.0,13.0,7.0,10.0,0.11990666489292638,0.7025089605734767,0.10554049404116288,0.627906976744186,2.0,2.0,True,2020
1,20,24,11.0,23.0,3.0,7.0,5.0,6.0,10.0,22.0,3.0,6.0,8.0,9.0,0.09378232130589768,0.6053639846743295,0.1511875119483702,0.6790123456790124,2.0,2.0,False,2020
1,1,29,8.0,16.0,4.0,8.0,16.0,20.0,10.0,18.0,2.0,5.0,9.0,9.0,0.07899587204234368,0.6715328467153284,0.14542378241685372,0.5349794238683128,2.0,2.0,False,2020
0,29,1,10.0,18.0,2.0,5.0,9.0,9.0,8.0,16.0,4.0,8.0,16.0,20.0,0.14542378241685372,0.5349794238683128,0.06319669763387495,0.6690909090909091,2.0,2.0,True,2020
1,24,20,12.0,24.0,5.0,12.0,7.0,7.0,9.0,25.0,5.0,7.0,6.0,8.0,0.1511875119483702,0.6790123456790124,0.07502585704471815,0.6030534351145038,2.0,2.0,False,2020
1,25,2,8.0,20.0,4.0,9.0,5.0,6.0,10.0,23.0,4.0,10.0,7.0,10.0,0.1359253319143411,0.7035714285714286,0.10554049404116288,0.627906976744186,2.0,2.0,False,2020
0,20,24,9.0,25.0,5.0,7.0,6.0,8.0,12.0,24.0,5.0,12.0,7.0,7.0,0.07502585704471815,0.6030534351145038,0.12095000955869617,0.6707317073170732,2.0,2.0,True,2020
0,2,25,10.0,23.0,4.0,10.0,7.0,10.0,8.0,20.0,4.0,9.0,5.0,6.0,0.10554049404116288,0.627906976744186,0.1087402655314729,0.701067615658363,2.0,2.0,True,2020
0,1,29,12.0,20.0,3.0,9.0,6.0,6.0,9.0,18.0,4.0,8.0,8.0,10.0,0.06319669763387495,0.6690909090909091,0.15633902593348298,0.5368852459016393,2.0,2.0,False,2020
1,29,1,9.0,18.0,4.0,8.0,8.0,10.0,12.0,20.0,3.0,9.0,6.0,6.0,0.15633902593348298,0.5368852459016393,0.05055735810709996,0.6666666666666666,2.0,2.0,True,2020
0,24,20,9.0,21.0,4.0,9.0,11.0,11.0,13.0,22.0,4.0,6.0,4.0,6.0,0.12095000955869617,0.6707317073170732,0.10002068563577453,0.6045627376425855,2.0,2.0,False,2020
1,20,24,13.0,22.0,4.0,6.0,4.0,6.0,9.0,21.0,4.0,9.0,11.0,11.0,0.10002068563577453,0.6045627376425855,0.09676000764695694,0.6626506024096386,2.0,2.0,True,2020
1,24,20,7.0,22.0,2.0,11.0,6.0,9.0,15.0,26.0,6.0,13.0,6.0,6.0,0.09676000764695694,0.6626506024096386,0.12001654850861962,0.6060606060606061,2.0,2.0,False,2020
0,20,24,15.0,26.0,6.0,13.0,6.0,6.0,7.0,22.0,2.0,11.0,6.0,9.0,0.12001654850861962,0.6060606060606061,0.07740800611756556,0.6547619047619048,2.0,2.0,True,2020
0,12,2,11.0,19.0,5.0,9.0,8.0,11.0,10.0,24.0,6.0,13.0,6.0,7.0,0.14982999421489016,0.5418326693227091,0.1244323952329303,0.630057803468208,7.0,4.0,True,2020
1,2,12,10.0,24.0,6.0,13.0,6.0,7.0,11.0,19.0,5.0,9.0,8.0,11.0,0.1244323952329303,0.630057803468208,0.15986399537191215,0.5436507936507936,4.0,7.0,False,2020
1,2,12,9.0,19.0,4.0,11.0,9.0,11.0,10.0,19.0,6.0,12.0,6.0,6.0,0.09954591618634424,0.6264367816091954,0.15986399537191215,0.5436507936507936,2.0,2.0,False,2020
0,12,2,10.0,19.0,6.0,12.0,6.0,6.0,9.0,19.0,4.0,11.0,9.0,11.0,0.15986399537191215,0.5436507936507936,0.07963673294907539,0.6228571428571429,2.0,2.0,True,2020
0,20,29,8.0,14.0,3.0,6.0,7.0,8.0,12.0,21.0,3.0,5.0,12.0,15.0,0.1360132388068957,0.6075471698113207,0.16507122074678637,0.5387755102040817,3.0,6.0,False,2020
1,29,20,12.0,21.0,3.0,5.0,12.0,15.0,8.0,14.0,3.0,6.0,7.0,8.0,0.16507122074678637,0.5387755102040817,0.10881059104551656,0.6052631578947368,6.0,3.0,True,2020
0,2,12,11.0,20.0,4.0,8.0,10.0,10.0,10.0,18.0,4.0,12.0,7.0,9.0,0.07963673294907539,0.6228571428571429,0.16789119629752972,0.5454545454545454,2.0,2.0,True,2020
1,12,2,10.0,18.0,4.0,12.0,7.0,9.0,11.0,20.0,4.0,8.0,10.0,10.0,0.16789119629752972,0.5454545454545454,0.1037093863592603,0.625,2.0,2.0,False,2020
0,20,29,9.0,20.0,2.0,9.0,11.0,12.0,11.0,23.0,3.0,10.0,7.0,7.0,0.10881059104551656,0.6052631578947368,0.17205697659742908,0.540650406504065,2.0,2.0,False,2020
1,29,20,11.0,23.0,3.0,10.0,7.0,7.0,9.0,20.0,2.0,9.0,11.0,12.0,0.17205697659742908,0.540650406504065,0.08704847283641325,0.602996254681648,2.0,2.0,True,2020
0,29,20,14.0,23.0,2.0,5.0,9.0,10.0,10.0,17.0,4.0,8.0,10.0,12.0,0.17764558127794328,0.5425101214574899,0.08704847283641325,0.602996254681648,2.0,2.0,False,2020
1,20,29,10.0,17.0,4.0,8.0,10.0,12.0,14.0,23.0,2.0,5.0,9.0,10.0,0.08704847283641325,0.602996254681648,0.14211646502235462,0.5403225806451613,2.0,2.0,True,2020
0,2,12,10.0,22.0,4.0,11.0,5.0,6.0,14.0,21.0,5.0,10.0,8.0,9.0,0.1037093863592603,0.625,0.13431295703802376,0.5433070866141733,4.0,4.0,False,2020
1,12,2,14.0,21.0,5.0,10.0,8.0,9.0,10.0,22.0,4.0,11.0,5.0,6.0,0.13431295703802376,0.5433070866141733,0.08296750908740824,0.6214689265536724,4.0,4.0,True,2020
0,29,20,10.0,18.0,3.0,9.0,13.0,14.0,12.0,20.0,3.0,6.0,8.0,8.0,0.14211646502235462,0.5403225806451613,0.1096387782691306,0.6044776119402985,2.0,2.0,True,2020
1,20,29,12.0,20.0,3.0,6.0,8.0,8.0,10.0,18.0,3.0,9.0,13.0,14.0,0.1096387782691306,0.6044776119402985,0.1536931720178837,0.5421686746987951,2.0,2.0,False,2020
0,12,2,8.0,17.0,3.0,11.0,7.0,8.0,12.0,23.0,4.0,10.0,12.0,14.0,0.14745036563041902,0.5450980392156862,0.08296750908740824,0.6214689265536724,2.0,2.0,False,2020
1,2,12,12.0,23.0,4.0,10.0,12.0,14.0,8.0,17.0,3.0,11.0,7.0,8.0,0.08296750908740824,0.6214689265536724,0.11796029250433522,0.54296875,2.0,2.0,True,2020
1,29,20,15.0,25.0,2.0,4.0,9.0,9.0,9.0,18.0,2.0,8.0,10.0,11.0,0.1536931720178837,0.5421686746987951,0.08771102261530447,0.6022304832713755,2.0,2.0,True,2020
0,20,29,9.0,18.0,2.0,8.0,10.0,11.0,15.0,25.0,2.0,4.0,9.0,9.0,0.08771102261530447,0.6022304832713755,0.16295453761430695,0.544,2.0,2.0,False,2020
0,2,12,10.0,26.0,4.0,13.0,3.0,4.0,11.0,19.0,5.0,7.0,10.0,11.0,0.10637400726992659,0.6235955056179775,0.11796029250433522,0.54296875,2.0,2.0,False,2020
1,12,2,11.0,19.0,5.0,7.0,10.0,11.0,10.0,26.0,4.0,13.0,3.0,4.0,0.11796029250433522,0.54296875,0.08509920581594127,0.6201117318435754,2.0,2.0,True,2020
0,12,29,8.0,18.0,4.0,8.0,5.0,6.0,11.0,21.0,3.0,8.0,10.0,10.0,0.13436823400346817,0.5447470817120622,0.16295453761430695,0.544,3.0,4.0,False,2020
1,29,12,11.0,21.0,3.0,8.0,10.0,10.0,8.0,18.0,4.0,8.0,5.0,6.0,0.16295453761430695,0.544,0.10749458720277454,0.5426356589147286,4.0,3.0,True,2020
0,12,29,9.0,17.0,3.0,7.0,11.0,12.0,15.0,25.0,3.0,11.0,3.0,5.0,0.10749458720277454,0.5426356589147286,0.1703636300914456,0.545816733067729,2.0,2.0,False,2020
1,29,12,15.0,25.0,3.0,11.0,3.0,5.0,9.0,17.0,3.0,7.0,11.0,12.0,0.1703636300914456,0.545816733067729,0.08599566976221963,0.5405405405405406,2.0,2.0,True,2020
1,12,29,14.0,20.0,3.0,10.0,12.0,14.0,9.0,16.0,5.0,11.0,6.0,9.0,0.08599566976221963,0.5405405405405406,0.17629090407315648,0.5476190476190477,2.0,2.0,True,2020
0,29,12,9.0,16.0,5.0,11.0,6.0,9.0,14.0,20.0,3.0,10.0,12.0,14.0,0.17629090407315648,0.5476190476190477,0.1087965358097757,0.5423076923076923,2.0,2.0,False,2020
1,12,29,8.0,18.0,3.0,7.0,6.0,7.0,8.0,16.0,3.0,8.0,10.0,12.0,0.1087965358097757,0.5423076923076923,0.14103272325852517,0.5454545454545454,2.0,2.0,False,2020
0,29,12,8.0,16.0,3.0,8.0,10.0,12.0,8.0,18.0,3.0,7.0,6.0,7.0,0.14103272325852517,0.5454545454545454,0.08703722864782057,0.5402298850574713,2.0,2.0,True,2020
0,12,29,11.0,19.0,7.0,13.0,12.0,12.0,15.0,21.0,6.0,9.0,8.0,8.0,0.08703722864782057,0.5402298850574713,0.15282617860682016,0.547244094488189,3.0,3.0,True,2020
1,29,12,15.0,21.0,6.0,9.0,8.0,8.0,11.0,19.0,7.0,13.0,12.0,12.0,0.15282617860682016,0.547244094488189,0.10962978291825647,0.5419847328244275,3.0,3.0,False,2020
1,12,29,10.0,15.0,3.0,7.0,5.0,9.0,13.0,20.0,3.0,7.0,5.0,7.0,0.10962978291825647,0.5419847328244275,0.12226094288545612,0.5450980392156862,2.0,2.0,False,2020
0,29,12,13.0,20.0,3.0,7.0,5.0,7.0,10.0,15.0,3.0,7.0,5.0,9.0,0.12226094288545612,0.5450980392156862,0.08770382633460518,0.5399239543726235,2.0,2.0,True,2020
0,0,6,7.0,21.0,2.0,10.0,4.0,8.0,10.0,17.0,4.0,7.0,7.0,7.0,0.06922268146343004,0.5882352941176471,0.05065129227922195,0.4326530612244898,287.0,121.0,False,2021
1,6,0,10.0,17.0,4.0,7.0,7.0,7.0,7.0,21.0,2.0,10.0,4.0,8.0,0.05065129227922195,0.4326530612244898,0.5,0.5,121.0,287.0,True,2021
0,24,29,13.0,26.0,5.0,8.0,5.0,5.0,8.0,17.0,3.0,8.0,5.0,7.0,0.07740800611756556,0.6547619047619048,0.1378087543083649,0.546875,98.0,72.0,True,2021
1,29,24,8.0,17.0,3.0,8.0,5.0,7.0,13.0,26.0,5.0,8.0,5.0,5.0,0.1378087543083649,0.546875,0.10192640489405244,0.6588235294117647,72.0,98.0,False,2021
0,19,23,8.0,14.0,3.0,8.0,3.0,5.0,10.0,18.0,4.0,11.0,8.0,8.0,0.01767073813889197,0.42735042735042733,0.04771571977414375,0.44206008583690987,287.0,288.0,False,2021
0,12,10,11.0,16.0,3.0,6.0,5.0,5.0,9.0,15.0,3.0,6.0,4.0,8.0,0.08770382633460518,0.5399239543726235,0.043006889850125865,0.41295546558704455,73.0,116.0,False,2021
1,10,12,9.0,15.0,3.0,6.0,4.0,8.0,11.0,16.0,3.0,6.0,5.0,5.0,0.043006889850125865,0.41295546558704455,0.07016306106768413,0.5378787878787878,116.0,73.0,True,2021
0,14,18,11.0,22.0,4.0,8.0,6.0,7.0,10.0,17.0,3.0,6.0,8.0,9.0,0.05646544879192787,0.4214876033057851,0.040060618030409556,0.6007604562737643,132.0,122.0,False,2021
1,18,14,10.0,17.0,3.0,6.0,8.0,9.0,11.0,22.0,4.0,8.0,6.0,7.0,0.040060618030409556,0.6007604562737643,0.045172359033542296,0.41975308641975306,122.0,132.0,True,2021
0,11,17,8.0,16.0,4.0,11.0,4.0,6.0,7.0,19.0,3.0,8.0,6.0,6.0,0.06787770178983935,0.583011583011583,0.06906542411079084,0.5568181818181818,113.0,116.0,True,2021
1,23,19,10.0,18.0,4.0,11.0,8.0,8.0,8.0,14.0,3.0,8.0,3.0,5.0,0.04771571977414375,0.44206008583690987,0.014136590511113576,0.425531914893617,288.0,287.0,True,2021
1,17,11,7.0,19.0,3.0,8.0,6.0,6.0,8.0,16.0,4.0,11.0,4.0,6.0,0.06906542411079084,0.5568181818181818,0.09430216143187146,0.5846153846153846,116.0,113.0,False,2021
0,8,25,10.0,19.0,6.0,11.0,4.0,6.0,8.0,17.0,4.0,9.0,7.0,8.0,0.05298618429899669,0.47346938775510206,0.1087402655314729,0.701067615658363,132.0,103.0,True,2021
1,25,8,8.0,17.0,4.0,9.0,7.0,8.0,10.0,19.0,6.0,11.0,4.0,6.0,0.1087402655314729,0.701067615658363,0.08238894743919735,0.47560975609756095,103.0,132.0,False,2021
0,13,7,11.0,26.0,3.0,8.0,10.0,12.0,8.0,15.0,4.0,7.0,4.0,6.0,0.06234425589818647,0.4163265306122449,0.1800573701491,0.31223628691983124,115.0,132.0,False,2021
1,16,5,18.0,27.0,2.0,6.0,7.0,8.0,9.0,17.0,3.0,5.0,14.0,15.0,0.061137444227055505,0.3739495798319328,0.11201654788427447,0.5303643724696356,130.0,132.0,False,2021
0,4,2,13.0,26.0,3.0,8.0,6.0,8.0,13.0,28.0,6.0,13.0,4.0,4.0,0.07825737902203178,0.6617100371747212,0.08509920581594127,0.6201117318435754,106.0,87.0,False,2021
0,5,16,9.0,17.0,3.0,5.0,14.0,15.0,18.0,27.0,2.0,6.0,7.0,8.0,0.11201654788427447,0.5303643724696356,0.0489099553816444,0.3723849372384937,132.0,130.0,True,2021
1,2,4,13.0,28.0,6.0,13.0,4.0,4.0,13.0,26.0,3.0,8.0,6.0,8.0,0.08509920581594127,0.6201117318435754,0.06260590321762542,0.6592592592592592,87.0,106.0,True,2021
0,9,27,10.0,12.0,5.0,8.0,12.0,14.0,9.0,19.0,4.0,8.0,5.0,6.0,0.07068069815476581,0.31601731601731603,0.0682239590256201,0.31004366812227074,287.0,288.0,True,2021
0,21,3,15.0,23.0,10.0,16.0,2.0,5.0,9.0,18.0,4.0,8.0,6.0,9.0,0.0958978283300431,0.4279475982532751,0.08143994831593375,0.398406374501992,287.0,288.0,False,2021
1,27,9,9.0,19.0,4.0,8.0,5.0,6.0,10.0,12.0,5.0,8.0,12.0,14.0,0.0682239590256201,0.31004366812227074,0.09654455852381265,0.31896551724137934,288.0,287.0,False,2021
1,20,15,11.0,18.0,3.0,7.0,7.0,9.0,8.0,20.0,5.0,11.0,5.0,7.0,0.07016881809224358,0.6,0.10715329975365495,0.4110169491525424,88.0,132.0,False,2021
0,28,22,11.0,15.0,3.0,8.0,8.0,9.0,11.0,18.0,2.0,6.0,8.0,12.0,0.09677297072056697,0.29130434782608694,0.0591400771011415,0.5714285714285714,287.0,121.0,False,2021
1,22,28,11.0,18.0,2.0,6.0,8.0,12.0,11.0,15.0,3.0,8.0,8.0,9.0,0.0591400771011415,0.5714285714285714,0.07741837657645358,0.29004329004329005,121.0,287.0,True,2021
1,3,21,9.0,18.0,4.0,8.0,6.0,9.0,15.0,23.0,10.0,16.0,2.0,5.0,0.08143994831593375,0.398406374501992,0.07671826266403448,0.4260869565217391,288.0,287.0,True,2021
0,15,20,8.0,20.0,5.0,11.0,5.0,7.0,11.0,18.0,3.0,7.0,7.0,9.0,0.10715329975365495,0.4110169491525424,0.05613505447379487,0.5977859778597786,132.0,88.0,True,2021
1,7,13,8.0,15.0,4.0,7.0,4.0,6.0,11.0,26.0,3.0,8.0,10.0,12.0,0.1800573701491,0.31223628691983124,0.04987540471854918,0.4146341463414634,132.0,115.0,True,2021
1,12,8,8.0,14.0,7.0,13.0,7.0,8.0,11.0,20.0,4.0,8.0,10.0,15.0,0.07016306106768413,0.5378787878787878,0.08238894743919735,0.47560975609756095,2.0,2.0,True,2021
0,8,12,11.0,20.0,4.0,8.0,10.0,15.0,8.0,14.0,7.0,13.0,7.0,8.0,0.08238894743919735,0.47560975609756095,0.0961304488541473,0.539622641509434,2.0,2.0,False,2021
1,29,13,10.0,18.0,3.0,8.0,5.0,7.0,9.0,19.0,4.0,7.0,7.0,8.0,0.11024700344669192,0.5447470817120622,0.04987540471854918,0.4146341463414634,3.0,2.0,True,2021
0,0,4,6.0,18.0,3.0,10.0,5.0,6.0,10.0,15.0,6.0,8.0,7.0,15.0,0.5,0.5,0.06260590321762542,0.6592592592592592,3.0,2.0,False,2021
1,4,0,10.0,15.0,6.0,8.0,7.0,15.0,6.0,18.0,3.0,10.0,5.0,6.0,0.06260590321762542,0.6592592592592592,0.5,0.0,2.0,3.0,True,2021
0,6,2,13.0,21.0,7.0,10.0,8.0,9.0,11.0,25.0,3.0,7.0,5.0,9.0,0.08052103382337755,0.4349593495934959,0.108079364652753,0.6222222222222222,3.0,2.0,True,2021
0,24,20,8.0,14.0,5.0,9.0,8.0,11.0,9.0,20.0,4.0,11.0,9.0,11.0,0.10192640489405244,0.6588235294117647,0.05613505447379487,0.5977859778597786,3.0,2.0,True,2021
1,2,6,11.0,25.0,3.0,7.0,5.0,9.0,13.0,21.0,7.0,10.0,8.0,9.0,0.108079364652753,0.6222222222222222,0.10441682705870203,0.43724696356275305,2.0,3.0,False,2021
1,20,24,9.0,20.0,4.0,11.0,9.0,11.0,8.0,14.0,5.0,9.0,8.0,11.0,0.05613505447379487,0.5977859778597786,0.12154112391524197,0.6627906976744186,2.0,3.0,False,2021
0,13,29,9.0,19.0,4.0,7.0,7.0,8.0,10.0,18.0,3.0,8.0,5.0,7.0,0.04987540471854918,0.4146341463414634,0.12819760275735353,0.5465116279069767,2.0,3.0,False,2021
1,14,10,14.0,24.0,3.0,10.0,9.0,13.0,9.0,20.0,3.0,7.0,7.0,8.0,0.045172359033542296,0.41975308641975306,0.0744055118801007,0.4153225806451613,3.0,3.0,False,2021
0,1,17,14.0,22.0,6.0,13.0,14.0,16.0,17.0,30.0,9.0,16.0,5.0,6.0,0.05055735810709996,0.6666666666666666,0.05525233928863267,0.5547169811320755,105.0,3.0,False,2021
1,11,23,8.0,23.0,2.0,9.0,7.0,9.0,9.0,21.0,3.0,6.0,4.0,8.0,0.09430216143187146,0.5846153846153846,0.078172575819315,0.4444444444444444,3.0,3.0,False,2021
0,23,11,9.0,21.0,3.0,6.0,4.0,8.0,8.0,23.0,2.0,9.0,7.0,9.0,0.078172575819315,0.4444444444444444,0.07544172914549717,0.5823754789272031,3.0,3.0,True,2021
1,5,25,10.0,17.0,5.0,8.0,4.0,5.0,10.0,20.0,5.0,12.0,4.0,4.0,0.12961323830741958,0.532258064516129,0.08699221242517832,0.6985815602836879,3.0,3.0,True,2021
0,25,5,10.0,20.0,5.0,12.0,4.0,4.0,10.0,17.0,5.0,8.0,4.0,5.0,0.08699221242517832,0.6985815602836879,0.14369059064593565,0.5341365461847389,3.0,3.0,False,2021
1,15,7,7.0,14.0,3.0,7.0,7.0,8.0,10.0,21.0,3.0,8.0,4.0,5.0,0.12572263980292395,0.41350210970464135,0.18404589611928,0.31512605042016806,3.0,3.0,True,2021
1,17,1,17.0,30.0,9.0,16.0,5.0,6.0,14.0,22.0,6.0,13.0,14.0,16.0,0.05525233928863267,0.5547169811320755,0.04044588648567997,0.6642599277978339,3.0,105.0,True,2021
1,21,26,7.0,16.0,4.0,7.0,7.0,9.0,8.0,20.0,4.0,6.0,7.0,10.0,0.07671826266403448,0.4260869565217391,0.08977798975196981,0.5787401574803149,3.0,115.0,False,2021
0,7,15,10.0,21.0,3.0,8.0,4.0,5.0,7.0,14.0,3.0,7.0,7.0,8.0,0.18404589611928,0.31512605042016806,0.14057811184233918,0.41596638655462187,3.0,3.0,False,2021
0,18,28,10.0,20.0,3.0,6.0,5.0,8.0,11.0,15.0,4.0,6.0,6.0,8.0,0.07204849442432765,0.6022727272727273,0.07741837657645358,0.29004329004329005,3.0,3.0,True,2021
1,28,18,11.0,15.0,4.0,6.0,6.0,8.0,10.0,20.0,3.0,6.0,5.0,8.0,0.07741837657645358,0.29004329004329005,0.09763879553946211,0.6037735849056604,3.0,3.0,False,2021
1,19,3,9.0,21.0,8.0,16.0,7.0,9.0,15.0,23.0,4.0,8.0,9.0,14.0,0.014136590511113576,0.425531914893617,0.105151958652747,0.4007936507936508,3.0,3.0,False,2021
0,9,16,10.0,24.0,4.0,9.0,15.0,17.0,10.0,23.0,3.0,11.0,8.0,10.0,0.09654455852381265,0.31896551724137934,0.0489099553816444,0.3723849372384937,3.0,3.0,True,2021
0,3,19,15.0,23.0,4.0,8.0,9.0,14.0,9.0,21.0,8.0,16.0,7.0,9.0,0.105151958652747,0.4007936507936508,0.01130927240889086,0.423728813559322,3.0,3.0,True,2021
1,16,9,10.0,23.0,3.0,11.0,8.0,10.0,10.0,24.0,4.0,9.0,15.0,17.0,0.0489099553816444,0.3723849372384937,0.11723564681905012,0.3218884120171674,3.0,3.0,False,2021
0,26,21,8.0,20.0,4.0,6.0,7.0,10.0,7.0,16.0,4.0,7.0,7.0,9.0,0.08977798975196981,0.5787401574803149,0.06137461013122758,0.42424242424242425,115.0,3.0,True,2021
1,27,22,6.0,14.0,4.0,8.0,5.0,6.0,10.0,16.0,5.0,5.0,6.0,11.0,0.054579167220496085,0.30869565217391304,0.08731206168091318,0.5731225296442688,3.0,3.0,False,2021
0,22,27,10.0,16.0,5.0,5.0,6.0,11.0,6.0,14.0,4.0,8.0,5.0,6.0,0.08731206168091318,0.5731225296442688,0.04366333377639687,0.30735930735930733,3.0,3.0,True,2021
0,10,14,9.0,20.0,3.0,7.0,7.0,8.0,14.0,24.0,3.0,10.0,9.0,13.0,0.0744055118801007,0.4153225806451613,0.03613788722683384,0.4180327868852459,3.0,3.0,True,2021
1,29,23,8.0,13.0,4.0,6.0,5.0,7.0,6.0,21.0,2.0,9.0,2.0,4.0,0.12819760275735353,0.5465116279069767,0.10253806065545201,0.44680851063829785,2.0,1.0,True,2021
1,28,4,12.0,17.0,4.0,5.0,10.0,11.0,9.0,18.0,2.0,6.0,8.0,13.0,0.061934701261162864,0.28879310344827586,0.09008472257410034,0.6605166051660517,1.0,2.0,True,2021
0,0,27,11.0,25.0,5.0,15.0,9.0,9.0,11.0,23.0,4.0,12.0,7.0,9.0,0.5,0.0,0.04366333377639687,0.30735930735930733,2.0,1.0,True,2021
0,5,8,9.0,20.0,4.0,8.0,2.0,2.0,9.0,23.0,2.0,6.0,8.0,10.0,0.14369059064593565,0.5341365461847389,0.06591115795135788,0.47368421052631576,1.0,2.0,False,2021
1,8,5,9.0,23.0,2.0,6.0,8.0,10.0,9.0,20.0,4.0,8.0,2.0,2.0,0.06591115795135788,0.47368421052631576,0.11495247251674852,0.532,2.0,1.0,True,2021
0,4,28,9.0,18.0,2.0,6.0,8.0,13.0,12.0,17.0,4.0,5.0,10.0,11.0,0.09008472257410034,0.6605166051660517,0.08954776100893028,0.2918454935622318,2.0,1.0,False,2021
0,10,14,11.0,21.0,4.0,7.0,9.0,10.0,10.0,29.0,2.0,8.0,9.0,9.0,0.09952440950408056,0.41767068273092367,0.03613788722683384,0.4180327868852459,1.0,1.0,True,2021
0,7,15,9.0,19.0,4.0,8.0,4.0,4.0,6.0,16.0,3.0,9.0,4.0,6.0,0.147236716895424,0.3138075313807531,0.14057811184233918,0.41596638655462187,1.0,1.0,True,2021
1,24,13,6.0,13.0,2.0,6.0,7.0,8.0,8.0,18.0,4.0,8.0,8.0,9.0,0.12154112391524197,0.6627906976744186,0.03990032377483934,0.41295546558704455,2.0,2.0,False,2021
1,14,10,10.0,29.0,2.0,8.0,9.0,9.0,11.0,21.0,4.0,7.0,9.0,10.0,0.03613788722683384,0.4180327868852459,0.11961952760326444,0.42,1.0,1.0,False,2021
0,18,3,5.0,10.0,4.0,7.0,5.0,7.0,11.0,18.0,3.0,4.0,5.0,6.0,0.09763879553946211,0.6037735849056604,0.1241215669221976,0.4031620553359684,1.0,1.0,False,2021
0,23,29,6.0,21.0,2.0,9.0,2.0,4.0,8.0,13.0,4.0,6.0,5.0,7.0,0.10253806065545201,0.44680851063829785,0.1425580822058828,0.5482625482625483,1.0,2.0,False,2021
1,27,0,11.0,23.0,4.0,12.0,7.0,9.0,11.0,25.0,5.0,15.0,9.0,9.0,0.04366333377639687,0.30735930735930733,0.5,0.5,1.0,2.0,False,2021
1,22,2,11.0,20.0,3.0,7.0,4.0,4.0,9.0,21.0,3.0,9.0,9.0,10.0,0.10984964934473056,0.5748031496062992,0.0864634917222024,0.6187845303867403,1.0,2.0,True,2021
1,21,6,12.0,20.0,3.0,9.0,4.0,6.0,10.0,17.0,5.0,8.0,6.0,9.0,0.06137461013122758,0.42424242424242425,0.10441682705870203,0.43724696356275305,1.0,2.0,True,2021
0,6,21,10.0,17.0,5.0,8.0,6.0,9.0,12.0,20.0,3.0,9.0,4.0,6.0,0.10441682705870203,0.43724696356275305,0.08909968810498206,0.4267241379310345,2.0,1.0,False,2021
1,3,18,11.0,18.0,3.0,4.0,5.0,6.0,5.0,10.0,4.0,7.0,5.0,7.0,0.1241215669221976,0.4031620553359684,0.07811103643156969,0.6015037593984962,1.0,1.0,True,2021
0,2,22,9.0,21.0,3.0,9.0,9.0,10.0,11.0,20.0,3.0,7.0,4.0,4.0,0.0864634917222024,0.6187845303867403,0.12787971947578444,0.5764705882352941,2.0,1.0,False,2021
0,13,24,8.0,18.0,4.0,8.0,8.0,9.0,6.0,13.0,2.0,6.0,7.0,8.0,0.03990032377483934,0.41295546558704455,0.09723289913219357,0.6551724137931034,2.0,2.0,True,2021
1,15,7,6.0,16.0,3.0,9.0,4.0,6.0,9.0,19.0,4.0,8.0,4.0,4.0,0.14057811184233918,0.41596638655462187,0.1577893735163392,0.31666666666666665,1.0,1.0,False,2021
0,17,29,10.0,22.0,7.0,11.0,6.0,6.0,11.0,20.0,4.0,8.0,7.0,7.0,0.08420187143090614,0.556390977443609,0.1425580822058828,0.5482625482625483,2.0,1.0,True,2021
1,20,1,8.0,14.0,4.0,6.0,4.0,7.0,10.0,20.0,5.0,9.0,9.0,9.0,0.0449080435790359,0.5955882352941176,0.04044588648567997,0.6642599277978339,3.0,2.0,True,2021
0,11,26,8.0,23.0,5.0,10.0,4.0,4.0,9.0,21.0,5.0,7.0,4.0,5.0,0.07544172914549717,0.5823754789272031,0.11182239180157585,0.5803921568627451,2.0,2.0,True,2021
1,29,17,11.0,20.0,4.0,8.0,7.0,7.0,10.0,22.0,7.0,11.0,6.0,6.0,0.1425580822058828,0.5482625482625483,0.10736149714472491,0.5580524344569289,1.0,2.0,False,2021
1,26,11,9.0,21.0,5.0,7.0,4.0,5.0,8.0,23.0,5.0,10.0,4.0,4.0,0.11182239180157585,0.5803921568627451,0.10035338331639773,0.583969465648855,2.0,2.0,False,2021
0,19,9,11.0,20.0,3.0,8.0,7.0,8.0,6.0,13.0,5.0,8.0,15.0,15.0,0.01130927240889086,0.423728813559322,0.11723564681905012,0.3218884120171674,2.0,2.0,False,2021
1,6,16,12.0,29.0,3.0,10.0,4.0,4.0,9.0,19.0,4.0,8.0,6.0,8.0,0.08353346164696163,0.43548387096774194,0.039127964305315524,0.37083333333333335,1.0,2.0,False,2021
0,1,20,10.0,20.0,5.0,9.0,9.0,9.0,8.0,14.0,4.0,6.0,4.0,7.0,0.04044588648567997,0.6642599277978339,0.07592643486322873,0.5970695970695971,2.0,3.0,False,2021
0,16,6,9.0,19.0,4.0,8.0,6.0,8.0,12.0,29.0,3.0,10.0,4.0,4.0,0.039127964305315524,0.37083333333333335,0.0668267693175693,0.43373493975903615,2.0,1.0,True,2021
1,9,19,6.0,13.0,5.0,8.0,15.0,15.0,11.0,20.0,3.0,8.0,7.0,8.0,0.11723564681905012,0.3218884120171674,0.009047417927112689,0.4219409282700422,2.0,2.0,True,2021
0,10,26,12.0,18.0,3.0,6.0,4.0,4.0,9.0,14.0,3.0,8.0,4.0,5.0,0.11961952760326444,0.42,0.08945791344126068,0.578125,2.0,1.0,True,2021
1,14,27,9.0,20.0,3.0,9.0,10.0,10.0,6.0,15.0,3.0,7.0,8.0,9.0,0.02891030978146707,0.4163265306122449,0.034930667021117495,0.30603448275862066,2.0,2.0,False,2021
0,27,14,6.0,15.0,3.0,7.0,8.0,9.0,9.0,20.0,3.0,9.0,10.0,10.0,0.034930667021117495,0.30603448275862066,0.023128247825173656,0.4146341463414634,2.0,2.0,True,2021
0,20,15,12.0,18.0,4.0,7.0,7.0,7.0,10.0,16.0,3.0,7.0,6.0,7.0,0.07592643486322873,0.5970695970695971,0.11246248947387134,0.41422594142259417,1.0,2.0,False,2021
1,7,8,6.0,13.0,5.0,10.0,4.0,4.0,9.0,13.0,1.0,7.0,3.0,6.0,0.1577893735163392,0.31666666666666665,0.09272892636108629,0.47580645161290325,2.0,2.0,True,2021
0,8,7,9.0,13.0,1.0,7.0,3.0,6.0,6.0,13.0,5.0,10.0,4.0,4.0,0.09272892636108629,0.47580645161290325,0.16623149881307137,0.31950207468879666,2.0,2.0,False,2021
1,18,25,11.0,20.0,3.0,6.0,14.0,16.0,8.0,23.0,4.0,9.0,9.0,9.0,0.07811103643156969,0.6015037593984962,0.06959376994014266,0.696113074204947,2.0,3.0,True,2021
0,25,18,8.0,23.0,4.0,9.0,9.0,9.0,11.0,20.0,3.0,6.0,14.0,16.0,0.06959376994014266,0.696113074204947,0.10248882914525574,0.602996254681648,3.0,2.0,False,2021
1,26,10,9.0,14.0,3.0,8.0,4.0,5.0,12.0,18.0,3.0,6.0,4.0,4.0,0.08945791344126068,0.578125,0.13569562208261154,0.42231075697211157,1.0,2.0,False,2021
0,0,19,9.0,19.0,5.0,9.0,8.0,8.0,9.0,21.0,3.0,9.0,6.0,8.0,0.5,0.5,0.009047417927112689,0.4219409282700422,2.0,1.0,True,2021
0,4,12,10.0,15.0,6.0,10.0,3.0,5.0,9.0,17.0,4.0,8.0,2.0,4.0,0.07206777805928027,0.6580882352941176,0.0961304488541473,0.539622641509434,2.0,4.0,True,2021
1,24,23,7.0,12.0,4.0,6.0,5.0,6.0,9.0,19.0,4.0,11.0,7.0,8.0,0.09723289913219357,0.6551724137931034,0.08203044852436162,0.4449152542372881,2.0,2.0,True,2021
0,23,24,9.0,19.0,4.0,11.0,7.0,8.0,7.0,12.0,4.0,6.0,5.0,6.0,0.08203044852436162,0.4449152542372881,0.11778631930575485,0.6590909090909091,2.0,2.0,False,2021
1,22,2,10.0,18.0,3.0,9.0,3.0,4.0,9.0,17.0,3.0,6.0,8.0,10.0,0.12787971947578444,0.5764705882352941,0.06917079337776191,0.6153846153846154,2.0,2.0,False,2021
0,2,22,9.0,17.0,3.0,6.0,8.0,10.0,10.0,18.0,3.0,9.0,3.0,4.0,0.06917079337776191,0.6153846153846154,0.10230377558062756,0.57421875,2.0,2.0,True,2021
1,19,0,9.0,21.0,3.0,9.0,6.0,8.0,9.0,19.0,5.0,9.0,8.0,8.0,0.009047417927112689,0.4219409282700422,0.5,0.6666666666666666,1.0,2.0,False,2021
1,3,28,7.0,18.0,3.0,8.0,7.0,10.0,9.0,16.0,5.0,9.0,6.0,10.0,0.13929725353775807,0.40551181102362205,0.08954776100893028,0.2918454935622318,2.0,2.0,False,2021
0,28,3,9.0,16.0,5.0,9.0,6.0,10.0,7.0,18.0,3.0,8.0,7.0,10.0,0.08954776100893028,0.2918454935622318,0.11143780283020646,0.403921568627451,2.0,2.0,True,2021
1,12,4,9.0,17.0,4.0,8.0,2.0,4.0,10.0,15.0,6.0,10.0,3.0,5.0,0.0961304488541473,0.539622641509434,0.09765422244742421,0.6593406593406593,4.0,2.0,False,2021
1,15,20,10.0,16.0,3.0,7.0,6.0,7.0,12.0,18.0,4.0,7.0,7.0,7.0,0.11246248947387134,0.41422594142259417,0.06074114789058298,0.5948905109489051,2.0,1.0,True,2021
0,17,24,8.0,17.0,7.0,11.0,14.0,15.0,9.0,17.0,4.0,9.0,7.0,8.0,0.10736149714472491,0.5580524344569289,0.11778631930575485,0.6590909090909091,2.0,1.0,False,2021
1,5,29,12.0,19.0,2.0,7.0,8.0,10.0,11.0,23.0,6.0,6.0,6.0,8.0,0.11495247251674852,0.532,0.11404646576470626,0.5461538461538461,3.0,2.0,False,2021
0,29,5,11.0,23.0,6.0,6.0,6.0,8.0,12.0,19.0,2.0,7.0,8.0,10.0,0.11404646576470626,0.5461538461538461,0.09196197801339881,0.5298804780876494,2.0,3.0,True,2021
1,12,4,9.0,17.0,4.0,7.0,8.0,10.0,10.0,18.0,4.0,7.0,4.0,4.0,0.07690435908331784,0.5375939849624061,0.09765422244742421,0.6593406593406593,1.0,1.0,True,2021
1,24,17,9.0,17.0,4.0,9.0,7.0,8.0,8.0,17.0,7.0,11.0,14.0,15.0,0.11778631930575485,0.6590909090909091,0.08588919771577994,0.5559701492537313,1.0,2.0,True,2021
0,4,12,10.0,18.0,4.0,7.0,4.0,4.0,9.0,17.0,4.0,7.0,8.0,10.0,0.09765422244742421,0.6593406593406593,0.10152348726665425,0.5393258426966292,1.0,1.0,False,2021
1,6,9,11.0,27.0,6.0,11.0,9.0,9.0,12.0,20.0,6.0,11.0,14.0,16.0,0.0668267693175693,0.43373493975903615,0.1337885174552401,0.3247863247863248,2.0,2.0,True,2021
0,9,6,12.0,20.0,6.0,11.0,14.0,16.0,11.0,27.0,6.0,11.0,9.0,9.0,0.1337885174552401,0.3247863247863248,0.09346141545405544,0.436,2.0,2.0,False,2021
1,2,16,15.0,21.0,7.0,10.0,5.0,6.0,7.0,18.0,3.0,9.0,5.0,7.0,0.09533663470220954,0.6174863387978142,0.07130237144425242,0.37344398340248963,1.0,2.0,True,2021
0,16,2,7.0,18.0,3.0,9.0,5.0,7.0,15.0,21.0,7.0,10.0,5.0,6.0,0.07130237144425242,0.37344398340248963,0.11626930776176762,0.6195652173913043,2.0,1.0,False,2021
1,13,21,7.0,13.0,4.0,6.0,5.0,7.0,8.0,17.0,4.0,7.0,4.0,5.0,0.07192025901987147,0.4153225806451613,0.08909968810498206,0.4267241379310345,3.0,3.0,False,2021
0,21,13,8.0,17.0,4.0,7.0,4.0,5.0,7.0,13.0,4.0,6.0,5.0,7.0,0.08909968810498206,0.4267241379310345,0.057536207215897174,0.41365461847389556,3.0,3.0,True,2021
1,10,18,8.0,18.0,3.0,6.0,5.0,5.0,8.0,15.0,5.0,7.0,6.0,8.0,0.13569562208261154,0.42231075697211157,0.10248882914525574,0.602996254681648,2.0,2.0,False,2021
0,27,14,10.0,17.0,5.0,9.0,9.0,10.0,10.0,19.0,3.0,6.0,12.0,13.0,0.06794453361689398,0.3090128755364807,0.023128247825173656,0.4146341463414634,2.0,2.0,True,2021
1,14,27,10.0,19.0,3.0,6.0,12.0,13.0,10.0,17.0,5.0,9.0,9.0,10.0,0.023128247825173656,0.4146341463414634,0.09435562689351519,0.31196581196581197,2.0,2.0,False,2021
1,11,7,9.0,23.0,4.0,8.0,4.0,8.0,10.0,17.0,4.0,9.0,4.0,7.0,0.10035338331639773,0.583969465648855,0.16623149881307137,0.31950207468879666,3.0,2.0,False,2021
0,7,11,10.0,17.0,4.0,9.0,4.0,7.0,9.0,23.0,4.0,8.0,4.0,8.0,0.16623149881307137,0.31950207468879666,0.08028270665311818,0.5817490494296578,2.0,3.0,True,2021
0,28,25,7.0,19.0,2.0,9.0,6.0,7.0,9.0,19.0,4.0,9.0,4.0,6.0,0.11163820880714422,0.2948717948717949,0.055675015952114125,0.6936619718309859,2.0,2.0,False,2021
1,25,28,9.0,19.0,4.0,9.0,4.0,6.0,7.0,19.0,2.0,9.0,6.0,7.0,0.055675015952114125,0.6936619718309859,0.08931056704571537,0.2936170212765957,2.0,2.0,True,2021
0,8,26,8.0,16.0,3.0,7.0,4.0,6.0,7.0,10.0,3.0,7.0,3.0,4.0,0.07418314108886903,0.4738955823293173,0.07156633075300854,0.5758754863813229,2.0,2.0,True,2021
1,22,3,10.0,14.0,4.0,8.0,5.0,6.0,12.0,19.0,5.0,7.0,3.0,6.0,0.10230377558062756,0.57421875,0.11143780283020646,0.403921568627451,2.0,2.0,True,2021
0,3,22,12.0,19.0,5.0,7.0,3.0,6.0,10.0,14.0,4.0,8.0,5.0,6.0,0.11143780283020646,0.403921568627451,0.12184302046450204,0.5758754863813229,2.0,2.0,False,2021
0,18,10,8.0,15.0,5.0,7.0,6.0,8.0,8.0,18.0,3.0,6.0,5.0,5.0,0.10248882914525574,0.602996254681648,0.10855649766608924,0.42063492063492064,2.0,2.0,True,2021
1,26,8,7.0,10.0,3.0,7.0,3.0,4.0,8.0,16.0,3.0,7.0,4.0,6.0,0.07156633075300854,0.5758754863813229,0.09934651287109522,0.476,2.0,2.0,False,2021
0,15,1,10.0,23.0,5.0,15.0,6.0,6.0,10.0,24.0,4.0,11.0,9.0,11.0,0.12996999157909708,0.4166666666666667,0.032356709188543976,0.6618705035971223,2.0,3.0,False,2021
1,1,15,10.0,24.0,4.0,11.0,9.0,11.0,10.0,23.0,5.0,15.0,6.0,6.0,0.032356709188543976,0.6618705035971223,0.10397599326327767,0.4149377593360996,3.0,2.0,True,2021
0,27,4,7.0,16.0,2.0,5.0,3.0,4.0,9.0,19.0,4.0,6.0,10.0,18.0,0.09435562689351519,0.31196581196581197,0.07812337795793936,0.656934306569343,1.0,2.0,False,2021
1,4,27,9.0,19.0,4.0,6.0,10.0,18.0,7.0,16.0,2.0,5.0,3.0,4.0,0.07812337795793936,0.656934306569343,0.07548450151481215,0.31063829787234043,2.0,1.0,True,2021
0,14,23,12.0,20.0,3.0,7.0,5.0,6.0,8.0,16.0,3.0,8.0,7.0,9.0,0.018502598260138926,0.41295546558704455,0.06562435881948929,0.4430379746835443,1.0,3.0,True,2021
1,23,14,8.0,16.0,3.0,8.0,7.0,9.0,12.0,20.0,3.0,7.0,5.0,6.0,0.06562435881948929,0.4430379746835443,0.054802078608111135,0.4153225806451613,3.0,1.0,False,2021
0,24,11,8.0,22.0,5.0,13.0,8.0,8.0,11.0,20.0,7.0,14.0,4.0,4.0,0.1342290554446039,0.6629213483146067,0.08028270665311818,0.5817490494296578,2.0,1.0,False,2021
1,5,29,8.0,16.0,5.0,9.0,7.0,8.0,13.0,26.0,4.0,7.0,7.0,7.0,0.09196197801339881,0.5298804780876494,0.13123717261176499,0.5478927203065134,2.0,2.0,False,2021
1,11,24,11.0,20.0,7.0,14.0,4.0,4.0,8.0,22.0,5.0,13.0,8.0,8.0,0.08028270665311818,0.5817490494296578,0.10738324435568311,0.6555555555555556,1.0,2.0,True,2021
0,17,0,11.0,21.0,6.0,11.0,6.0,6.0,9.0,20.0,4.0,12.0,5.0,7.0,0.08588919771577994,0.5559701492537313,0.5,0.6666666666666666,2.0,3.0,True,2021
0,29,5,13.0,26.0,4.0,7.0,7.0,7.0,8.0,16.0,5.0,9.0,7.0,8.0,0.13123717261176499,0.5478927203065134,0.07356958241071905,0.5277777777777778,2.0,2.0,True,2021
1,0,17,9.0,20.0,4.0,12.0,5.0,7.0,11.0,21.0,6.0,11.0,6.0,6.0,0.5,0.6666666666666666,0.10871135817262396,0.5576208178438662,3.0,2.0,False,2021
1,20,7,12.0,22.0,4.0,8.0,4.0,5.0,10.0,17.0,4.0,8.0,8.0,8.0,0.06074114789058298,0.5948905109489051,0.1729851990504571,0.32231404958677684,3.0,1.0,False,2021
0,7,20,10.0,17.0,4.0,8.0,8.0,8.0,12.0,22.0,4.0,8.0,4.0,5.0,0.1729851990504571,0.32231404958677684,0.048592918312466385,0.5927272727272728,1.0,3.0,True,2021
1,13,12,9.0,22.0,3.0,10.0,6.0,9.0,8.0,12.0,2.0,8.0,4.0,6.0,0.057536207215897174,0.41365461847389556,0.10152348726665425,0.5393258426966292,2.0,2.0,True,2021
0,12,13,8.0,12.0,2.0,8.0,4.0,6.0,9.0,22.0,3.0,10.0,6.0,9.0,0.10152348726665425,0.5393258426966292,0.08602896577271775,0.416,2.0,2.0,False,2021
1,21,16,7.0,14.0,2.0,7.0,3.0,4.0,8.0,17.0,5.0,10.0,2.0,4.0,0.11127975048398564,0.4291845493562232,0.057041897155401936,0.371900826446281,2.0,2.0,False,2021
0,16,21,8.0,17.0,5.0,10.0,2.0,4.0,7.0,14.0,2.0,7.0,3.0,4.0,0.057041897155401936,0.371900826446281,0.08902380038718852,0.42735042735042733,2.0,2.0,True,2021
1,6,9,10.0,21.0,2.0,11.0,6.0,6.0,9.0,21.0,3.0,8.0,4.0,4.0,0.09346141545405544,0.436,0.10703081396419208,0.32340425531914896,2.0,2.0,False,2021
0,9,6,9.0,21.0,3.0,8.0,4.0,4.0,10.0,21.0,2.0,11.0,6.0,6.0,0.10703081396419208,0.32340425531914896,0.07476913236324435,0.4342629482071713,2.0,2.0,True,2021
0,2,19,12.0,24.0,3.0,11.0,3.0,5.0,9.0,24.0,5.0,9.0,4.0,5.0,0.11626930776176762,0.6195652173913043,0.0072379343416901516,0.42016806722689076,2.0,3.0,False,2021
1,19,2,9.0,24.0,5.0,9.0,4.0,5.0,12.0,24.0,3.0,11.0,3.0,5.0,0.0072379343416901516,0.42016806722689076,0.0930154462094141,0.6162162162162163,3.0,2.0,True,2021
0,26,10,7.0,17.0,3.0,9.0,4.0,5.0,13.0,21.0,4.0,9.0,4.0,5.0,0.05725306460240683,0.5736434108527132,0.10855649766608924,0.42063492063492064,2.0,2.0,True,2021
0,25,8,9.0,23.0,4.0,13.0,9.0,9.0,8.0,17.0,4.0,8.0,11.0,14.0,0.08454001276169129,0.6947368421052632,0.09934651287109522,0.476,2.0,2.0,False,2021
0,21,18,12.0,18.0,7.0,11.0,4.0,6.0,9.0,14.0,4.0,8.0,4.0,6.0,0.08902380038718852,0.42735042735042733,0.1219910633162046,0.6044776119402985,1.0,2.0,False,2021
1,10,26,13.0,21.0,4.0,9.0,4.0,5.0,7.0,17.0,3.0,9.0,4.0,5.0,0.10855649766608924,0.42063492063492064,0.08580245168192548,0.5752895752895753,2.0,2.0,False,2021
1,18,21,9.0,14.0,4.0,8.0,4.0,6.0,12.0,18.0,7.0,11.0,4.0,6.0,0.1219910633162046,0.6044776119402985,0.07121904030975082,0.425531914893617,2.0,1.0,True,2021
1,8,25,8.0,17.0,4.0,8.0,11.0,14.0,9.0,23.0,4.0,13.0,9.0,9.0,0.09934651287109522,0.476,0.06763201020935303,0.6923076923076923,2.0,2.0,True,2021
1,1,15,11.0,22.0,3.0,12.0,4.0,7.0,8.0,19.0,5.0,12.0,7.0,10.0,0.06588536735083518,0.6630824372759857,0.10397599326327767,0.4149377593360996,2.0,2.0,True,2021
0,15,1,8.0,19.0,5.0,12.0,7.0,10.0,11.0,22.0,3.0,12.0,4.0,7.0,0.10397599326327767,0.4149377593360996,0.09270829388066815,0.6642857142857143,2.0,2.0,False,2021
1,22,28,12.0,18.0,7.0,10.0,8.0,11.0,8.0,17.0,4.0,6.0,5.0,6.0,0.12184302046450204,0.5758754863813229,0.08931056704571537,0.2936170212765957,2.0,2.0,False,2021
0,3,9,10.0,18.0,3.0,9.0,5.0,5.0,8.0,16.0,3.0,9.0,5.0,6.0,0.08915024226416517,0.40234375,0.12562465117135366,0.326271186440678,2.0,1.0,True,2021
1,9,3,8.0,16.0,3.0,9.0,5.0,6.0,10.0,18.0,3.0,9.0,5.0,5.0,0.12562465117135366,0.326271186440678,0.11132019381133214,0.4046692607003891,1.0,2.0,False,2021
0,28,22,8.0,17.0,4.0,6.0,5.0,6.0,12.0,18.0,7.0,10.0,8.0,11.0,0.08931056704571537,0.2936170212765957,0.09747441637160163,0.5736434108527132,2.0,2.0,True,2021
1,5,11,10.0,17.0,2.0,5.0,3.0,4.0,10.0,17.0,6.0,9.0,3.0,6.0,0.07356958241071905,0.5277777777777778,0.10422616532249455,0.5833333333333334,2.0,2.0,False,2021
1,16,29,7.0,19.0,3.0,8.0,3.0,3.0,9.0,16.0,4.0,7.0,5.0,6.0,0.08563351772432155,0.37448559670781895,0.144989738089412,0.549618320610687,2.0,2.0,False,2021
1,7,24,9.0,13.0,2.0,8.0,10.0,12.0,15.0,24.0,7.0,10.0,7.0,10.0,0.17838815924036566,0.32510288065843623,0.10738324435568311,0.6555555555555556,2.0,2.0,False,2021
0,24,7,15.0,24.0,7.0,10.0,7.0,10.0,9.0,13.0,2.0,8.0,10.0,12.0,0.10738324435568311,0.6555555555555556,0.14271052739229254,0.3237704918032787,2.0,2.0,True,2021
1,23,20,10.0,16.0,4.0,7.0,3.0,6.0,13.0,20.0,5.0,8.0,7.0,9.0,0.05249948705559143,0.4411764705882353,0.048592918312466385,0.5927272727272728,2.0,2.0,False,2021
0,20,23,13.0,20.0,5.0,8.0,7.0,9.0,10.0,16.0,4.0,7.0,3.0,6.0,0.048592918312466385,0.5927272727272728,0.041999589644473145,0.4393305439330544,2.0,2.0,True,2021
0,29,16,9.0,16.0,4.0,7.0,5.0,6.0,7.0,19.0,3.0,8.0,3.0,3.0,0.144989738089412,0.549618320610687,0.06850681417945724,0.3729508196721312,2.0,2.0,True,2021
0,11,5,10.0,17.0,6.0,9.0,3.0,6.0,10.0,17.0,2.0,5.0,3.0,4.0,0.10422616532249455,0.5833333333333334,0.05885566592857524,0.525691699604743,2.0,2.0,True,2021
1,19,2,8.0,16.0,3.0,10.0,7.0,8.0,13.0,22.0,5.0,8.0,6.0,6.0,0.04579034747335212,0.4225941422594142,0.0930154462094141,0.6162162162162163,2.0,2.0,False,2021
0,2,19,13.0,22.0,5.0,8.0,6.0,6.0,8.0,16.0,3.0,10.0,7.0,8.0,0.0930154462094141,0.6162162162162163,0.036632277978681696,0.42083333333333334,2.0,2.0,True,2021
1,27,13,14.0,25.0,4.0,9.0,8.0,9.0,11.0,17.0,3.0,12.0,6.0,6.0,0.07548450151481215,0.31063829787234043,0.08602896577271775,0.416,2.0,2.0,True,2021
0,13,27,11.0,17.0,3.0,12.0,6.0,6.0,14.0,25.0,4.0,9.0,8.0,9.0,0.08602896577271775,0.416,0.10038760121184971,0.3135593220338983,2.0,2.0,False,2021
1,6,14,10.0,20.0,4.0,8.0,10.0,12.0,9.0,25.0,4.0,10.0,9.0,12.0,0.07476913236324435,0.4342629482071713,0.054802078608111135,0.4153225806451613,2.0,2.0,False,2021
0,14,6,9.0,25.0,4.0,10.0,9.0,12.0,10.0,20.0,4.0,8.0,10.0,12.0,0.054802078608111135,0.4153225806451613,0.059815305890595485,0.43253968253968256,2.0,2.0,True,2021
0,17,0,10.0,24.0,6.0,15.0,8.0,10.0,18.0,31.0,8.0,16.0,18.0,19.0,0.10871135817262396,0.5576208178438662,0.5,0.5,2.0,2.0,False,2021
1,0,17,18.0,31.0,8.0,16.0,18.0,19.0,10.0,24.0,6.0,15.0,8.0,10.0,0.5,0.5,0.08696908653809918,0.5555555555555556,2.0,2.0,True,2021
1,4,19,17.0,24.0,3.0,6.0,7.0,9.0,10.0,25.0,4.0,10.0,4.0,4.0,0.1024987023663515,0.6581818181818182,0.036632277978681696,0.42083333333333334,3.0,1.0,True,2021
0,22,8,9.0,18.0,5.0,11.0,4.0,6.0,12.0,31.0,4.0,6.0,6.0,8.0,0.09747441637160163,0.5736434108527132,0.11947721029687616,0.47808764940239046,2.0,2.0,True,2021
1,25,2,13.0,20.0,6.0,9.0,7.0,8.0,11.0,19.0,5.0,8.0,13.0,13.0,0.06763201020935303,0.6923076923076923,0.1144123569675313,0.6182795698924731,2.0,1.0,False,2021
1,18,21,10.0,16.0,3.0,8.0,6.0,8.0,7.0,16.0,5.0,11.0,4.0,5.0,0.13759285065296367,0.6059479553903345,0.07121904030975082,0.425531914893617,2.0,2.0,True,2021
0,21,18,7.0,16.0,5.0,11.0,4.0,5.0,10.0,16.0,3.0,8.0,6.0,8.0,0.07121904030975082,0.425531914893617,0.15007428052237093,0.6074074074074074,2.0,2.0,False,2021
1,10,3,9.0,17.0,6.0,9.0,4.0,5.0,10.0,19.0,4.0,8.0,2.0,2.0,0.08684519813287139,0.4189723320158103,0.11132019381133214,0.4046692607003891,2.0,2.0,True,2021
0,3,10,10.0,19.0,4.0,8.0,2.0,2.0,9.0,17.0,6.0,9.0,4.0,5.0,0.11132019381133214,0.4046692607003891,0.1094761585062971,0.421259842519685,2.0,2.0,False,2021
1,8,22,12.0,31.0,4.0,6.0,6.0,8.0,9.0,18.0,5.0,11.0,4.0,6.0,0.11947721029687616,0.47808764940239046,0.1179795330972813,0.5752895752895753,2.0,2.0,False,2021
0,15,0,7.0,17.0,3.0,11.0,7.0,8.0,9.0,18.0,5.0,12.0,7.0,7.0,0.08318079461062214,0.4132231404958678,0.04,0.6,2.0,1.0,False,2021
1,12,26,9.0,12.0,5.0,10.0,6.0,6.0,7.0,15.0,3.0,7.0,3.0,8.0,0.0812187898133234,0.5373134328358209,0.08580245168192548,0.5752895752895753,3.0,2.0,True,2021
0,26,12,7.0,15.0,3.0,7.0,3.0,8.0,9.0,12.0,5.0,10.0,6.0,6.0,0.08580245168192548,0.5752895752895753,0.10497503185065873,0.5390334572490706,2.0,3.0,False,2021
1,1,13,8.0,17.0,4.0,11.0,8.0,10.0,12.0,25.0,8.0,10.0,6.0,6.0,0.09270829388066815,0.6642857142857143,0.0688231726181742,0.41434262948207173,2.0,1.0,False,2021
0,13,1,12.0,25.0,8.0,10.0,6.0,6.0,8.0,17.0,4.0,11.0,8.0,10.0,0.0688231726181742,0.41434262948207173,0.07416663510453451,0.6619217081850534,1.0,2.0,True,2021
1,0,15,9.0,18.0,5.0,12.0,7.0,7.0,7.0,17.0,3.0,11.0,7.0,8.0,0.04,0.6,0.06654463568849771,0.411522633744856,1.0,2.0,True,2021
1,9,28,9.0,22.0,3.0,6.0,12.0,15.0,11.0,19.0,2.0,5.0,6.0,8.0,0.10049972093708293,0.32489451476793246,0.1114484536365723,0.2966101694915254,2.0,2.0,False,2021
0,28,9,11.0,19.0,2.0,5.0,6.0,8.0,9.0,22.0,3.0,6.0,12.0,15.0,0.1114484536365723,0.2966101694915254,0.08039977674966634,0.3235294117647059,2.0,2.0,True,2021
0,19,4,10.0,25.0,4.0,10.0,4.0,4.0,17.0,24.0,3.0,6.0,7.0,9.0,0.036632277978681696,0.42083333333333334,0.1219989618930812,0.6594202898550725,1.0,3.0,False,2021
0,2,25,11.0,19.0,5.0,8.0,13.0,13.0,13.0,20.0,6.0,9.0,7.0,8.0,0.1144123569675313,0.6182795698924731,0.05410560816748242,0.6898954703832753,1.0,2.0,True,2021
0,27,17,8.0,19.0,4.0,10.0,5.0,6.0,10.0,21.0,6.0,14.0,9.0,11.0,0.10038760121184971,0.3135593220338983,0.08696908653809918,0.5555555555555556,2.0,2.0,True,2021
0,29,16,11.0,20.0,4.0,10.0,3.0,4.0,6.0,13.0,3.0,5.0,5.0,5.0,0.1559917904715296,0.5513307984790875,0.06850681417945724,0.3729508196721312,2.0,2.0,True,2021
1,17,27,10.0,21.0,6.0,14.0,9.0,11.0,8.0,19.0,4.0,10.0,5.0,6.0,0.08696908653809918,0.5555555555555556,0.12031008096947977,0.31645569620253167,2.0,2.0,False,2021
1,16,29,6.0,13.0,3.0,5.0,5.0,5.0,11.0,20.0,4.0,10.0,3.0,4.0,0.06850681417945724,0.3729508196721312,0.1647934323772237,0.553030303030303,2.0,2.0,False,2021
1,20,23,12.0,20.0,3.0,7.0,10.0,12.0,10.0,21.0,5.0,9.0,9.0,10.0,0.07887433464997311,0.5942028985507246,0.041999589644473145,0.4393305439330544,2.0,2.0,True,2021
0,23,20,10.0,21.0,5.0,9.0,9.0,10.0,12.0,20.0,3.0,7.0,10.0,12.0,0.041999589644473145,0.4393305439330544,0.1030994677199785,0.5956678700361011,2.0,2.0,False,2021
1,6,11,12.0,19.0,5.0,7.0,4.0,7.0,10.0,22.0,3.0,8.0,8.0,10.0,0.059815305890595485,0.43253968253968256,0.12338093225799565,0.5849056603773585,2.0,2.0,True,2021
0,11,6,10.0,22.0,3.0,8.0,8.0,10.0,12.0,19.0,5.0,7.0,4.0,7.0,0.12338093225799565,0.5849056603773585,0.08785224471247638,0.43478260869565216,2.0,2.0,False,2021
0,5,24,9.0,18.0,8.0,12.0,3.0,4.0,13.0,22.0,6.0,9.0,3.0,3.0,0.05885566592857524,0.525691699604743,0.1259065954845465,0.6593406593406593,2.0,2.0,True,2021
1,24,5,13.0,22.0,6.0,9.0,3.0,3.0,9.0,18.0,8.0,12.0,3.0,4.0,0.1259065954845465,0.6593406593406593,0.08708453274286018,0.5275590551181102,2.0,2.0,False,2021
1,0,24,8.0,17.0,2.0,6.0,5.0,5.0,7.0,15.0,3.0,6.0,9.0,9.0,0.072,0.6666666666666666,0.1007252763876372,0.6521739130434783,2.0,1.0,False,2021
0,11,28,8.0,23.0,4.0,10.0,3.0,4.0,10.0,26.0,5.0,7.0,10.0,12.0,0.09870474580639652,0.5827067669172933,0.12915876290925782,0.29957805907172996,1.0,2.0,False,2021
0,27,15,15.0,24.0,4.0,11.0,3.0,5.0,10.0,15.0,3.0,9.0,5.0,6.0,0.12031008096947977,0.31645569620253167,0.06654463568849771,0.411522633744856,1.0,2.0,False,2021
0,25,7,11.0,21.0,3.0,8.0,9.0,14.0,7.0,14.0,6.0,9.0,9.0,10.0,0.05410560816748242,0.6898954703832753,0.14271052739229254,0.3237704918032787,2.0,3.0,False,2021
1,15,27,10.0,15.0,3.0,9.0,5.0,6.0,15.0,24.0,4.0,11.0,3.0,5.0,0.06654463568849771,0.411522633744856,0.09624806477558381,0.31512605042016806,2.0,1.0,True,2021
1,18,14,11.0,20.0,6.0,8.0,13.0,13.0,20.0,35.0,7.0,12.0,13.0,15.0,0.15007428052237093,0.6074074074074074,0.08384166288648892,0.41767068273092367,2.0,3.0,True,2021
0,14,18,20.0,35.0,7.0,12.0,13.0,15.0,11.0,20.0,6.0,8.0,13.0,13.0,0.08384166288648892,0.41767068273092367,0.16005942441789672,0.6088560885608856,3.0,2.0,False,2021
1,10,3,8.0,18.0,5.0,6.0,3.0,7.0,9.0,20.0,3.0,7.0,2.0,6.0,0.1094761585062971,0.421259842519685,0.08905615504906571,0.40310077519379844,2.0,2.0,True,2021
0,3,10,9.0,20.0,3.0,7.0,2.0,6.0,8.0,18.0,5.0,6.0,3.0,7.0,0.08905615504906571,0.40310077519379844,0.1275809268050377,0.4235294117647059,2.0,2.0,False,2021
1,28,11,10.0,26.0,5.0,7.0,10.0,12.0,8.0,23.0,4.0,10.0,3.0,4.0,0.12915876290925782,0.29957805907172996,0.07896379664511721,0.5805243445692884,2.0,1.0,True,2021
1,7,25,7.0,14.0,6.0,9.0,9.0,10.0,11.0,21.0,3.0,8.0,9.0,14.0,0.14271052739229254,0.3237704918032787,0.043284486533985936,0.6875,3.0,2.0,True,2021
1,12,2,9.0,19.0,5.0,11.0,8.0,9.0,10.0,23.0,5.0,9.0,3.0,4.0,0.10497503185065873,0.5390334572490706,0.13152988557402503,0.6203208556149733,2.0,2.0,False,2021
1,8,26,12.0,18.0,2.0,9.0,6.0,6.0,8.0,20.0,5.0,11.0,5.0,6.0,0.09558176823750093,0.47619047619047616,0.06864196134554038,0.573076923076923,2.0,2.0,False,2021
0,2,12,10.0,23.0,5.0,9.0,3.0,4.0,9.0,19.0,5.0,11.0,8.0,9.0,0.13152988557402503,0.6203208556149733,0.08398002548052699,0.5370370370370371,2.0,2.0,True,2021
1,22,1,13.0,25.0,4.0,7.0,5.0,8.0,12.0,20.0,2.0,10.0,4.0,6.0,0.1179795330972813,0.5752895752895753,0.07416663510453451,0.6619217081850534,2.0,2.0,True,2021
0,1,22,12.0,20.0,2.0,10.0,4.0,6.0,13.0,25.0,4.0,7.0,5.0,8.0,0.07416663510453451,0.6619217081850534,0.13438362647782504,0.5769230769230769,2.0,2.0,False,2021
0,24,0,7.0,15.0,3.0,6.0,9.0,9.0,8.0,17.0,2.0,6.0,5.0,5.0,0.1007252763876372,0.6521739130434783,0.0576,0.5714285714285714,1.0,2.0,True,2021
1,9,21,9.0,16.0,5.0,12.0,5.0,7.0,15.0,25.0,4.0,10.0,10.0,12.0,0.08039977674966634,0.3235294117647059,0.056975232247800656,0.423728813559322,2.0,2.0,False,2021
0,21,9,15.0,25.0,4.0,10.0,10.0,12.0,9.0,16.0,5.0,12.0,5.0,7.0,0.056975232247800656,0.423728813559322,0.06431982139973307,0.32217573221757323,2.0,2.0,True,2021
1,4,19,9.0,15.0,5.0,7.0,8.0,14.0,9.0,20.0,6.0,10.0,11.0,11.0,0.1219989618930812,0.6594202898550725,0.029305822382945358,0.4190871369294606,2.0,2.0,True,2021
0,26,8,8.0,20.0,5.0,11.0,5.0,6.0,12.0,18.0,2.0,9.0,6.0,6.0,0.06864196134554038,0.573076923076923,0.07646541459000075,0.4743083003952569,2.0,2.0,True,2021
0,19,4,9.0,20.0,6.0,10.0,11.0,11.0,9.0,15.0,5.0,7.0,8.0,14.0,0.029305822382945358,0.4190871369294606,0.13759916951446496,0.6606498194945848,2.0,2.0,False,2021
0,23,17,9.0,21.0,3.0,10.0,5.0,7.0,13.0,21.0,7.0,12.0,6.0,7.0,0.03359967171557852,0.4375,0.06957526923047934,0.5535055350553506,2.0,2.0,False,2021
1,16,3,7.0,13.0,2.0,7.0,4.0,4.0,9.0,20.0,4.0,11.0,4.0,6.0,0.05480545134356579,0.37142857142857144,0.07124492403925256,0.4015444015444015,2.0,1.0,False,2021
1,29,5,11.0,17.0,4.0,7.0,7.0,11.0,11.0,18.0,3.0,7.0,7.0,8.0,0.1647934323772237,0.553030303030303,0.08708453274286018,0.5275590551181102,2.0,2.0,False,2021
1,17,23,13.0,21.0,7.0,12.0,6.0,7.0,9.0,21.0,3.0,10.0,5.0,7.0,0.06957526923047934,0.5535055350553506,0.026879737372462815,0.43568464730290457,2.0,2.0,True,2021
0,3,16,9.0,20.0,4.0,11.0,4.0,6.0,7.0,13.0,2.0,7.0,4.0,4.0,0.07124492403925256,0.4015444015444015,0.043844361074852636,0.3699186991869919,1.0,2.0,True,2021
1,20,13,14.0,31.0,4.0,10.0,6.0,10.0,13.0,22.0,4.0,8.0,10.0,15.0,0.1030994677199785,0.5956678700361011,0.09505853809453935,0.4166666666666667,2.0,3.0,False,2021
0,13,20,13.0,22.0,4.0,8.0,10.0,15.0,14.0,31.0,4.0,10.0,6.0,10.0,0.09505853809453935,0.4166666666666667,0.0824795741759828,0.5935251798561151,3.0,2.0,True,2021
1,6,18,11.0,25.0,6.0,9.0,5.0,10.0,8.0,16.0,3.0,5.0,7.0,7.0,0.08785224471247638,0.43478260869565216,0.16005942441789672,0.6088560885608856,2.0,1.0,True,2021
0,18,6,8.0,16.0,3.0,5.0,7.0,7.0,11.0,25.0,6.0,9.0,5.0,10.0,0.16005942441789672,0.6088560885608856,0.1102817957699811,0.43700787401574803,1.0,2.0,False,2021
0,5,29,11.0,18.0,3.0,7.0,7.0,8.0,11.0,17.0,4.0,7.0,7.0,11.0,0.08708453274286018,0.5275590551181102,0.13183474590177896,0.5509433962264151,2.0,2.0,True,2021
1,8,21,12.0,22.0,4.0,10.0,8.0,9.0,9.0,18.0,4.0,10.0,5.0,5.0,0.07646541459000075,0.4743083003952569,0.08558018579824053,0.42616033755274263,2.0,2.0,False,2021
0,11,4,12.0,24.0,6.0,12.0,4.0,6.0,14.0,25.0,4.0,12.0,6.0,7.0,0.07896379664511721,0.5805243445692884,0.13759916951446496,0.6606498194945848,2.0,2.0,True,2021
1,4,11,14.0,25.0,4.0,12.0,6.0,7.0,12.0,24.0,6.0,12.0,4.0,6.0,0.13759916951446496,0.6606498194945848,0.10317103731609376,0.582089552238806,2.0,2.0,False,2021
0,21,8,9.0,18.0,4.0,10.0,5.0,5.0,12.0,22.0,4.0,10.0,8.0,9.0,0.08558018579824053,0.42616033755274263,0.061172331672000604,0.47244094488188976,2.0,2.0,True,2021
1,16,6,10.0,22.0,3.0,7.0,4.0,4.0,15.0,23.0,7.0,9.0,7.0,7.0,0.043844361074852636,0.3699186991869919,0.1102817957699811,0.43700787401574803,1.0,1.0,True,2021
0,26,28,9.0,15.0,3.0,7.0,6.0,8.0,8.0,21.0,3.0,7.0,7.0,8.0,0.0949135690764323,0.5747126436781609,0.14332701032740627,0.3025210084033613,2.0,2.0,True,2021
1,28,26,8.0,21.0,3.0,7.0,7.0,8.0,9.0,15.0,3.0,7.0,6.0,8.0,0.14332701032740627,0.3025210084033613,0.11593085526114584,0.5763358778625954,2.0,2.0,False,2021
0,25,15,13.0,22.0,5.0,9.0,6.0,6.0,9.0,14.0,5.0,9.0,7.0,10.0,0.043284486533985936,0.6875,0.09323570855079817,0.4139344262295082,2.0,2.0,True,2021
1,15,25,9.0,14.0,5.0,9.0,7.0,10.0,13.0,22.0,5.0,9.0,6.0,6.0,0.09323570855079817,0.4139344262295082,0.07462758922718875,0.6885813148788927,2.0,2.0,False,2021
0,6,16,15.0,23.0,7.0,9.0,7.0,7.0,10.0,22.0,3.0,7.0,4.0,4.0,0.1102817957699811,0.43700787401574803,0.0750754888598821,0.3724696356275304,1.0,1.0,False,2021
1,29,27,11.0,21.0,4.0,8.0,6.0,8.0,14.0,22.0,4.0,7.0,6.0,6.0,0.13183474590177896,0.5509433962264151,0.09624806477558381,0.31512605042016806,1.0,2.0,True,2021
1,1,10,9.0,17.0,5.0,9.0,4.0,5.0,8.0,19.0,3.0,7.0,3.0,4.0,0.05933330808362761,0.6595744680851063,0.1275809268050377,0.4235294117647059,2.0,2.0,True,2021
0,27,29,14.0,22.0,4.0,7.0,6.0,6.0,11.0,21.0,4.0,8.0,6.0,8.0,0.09624806477558381,0.31512605042016806,0.14546779672142315,0.5526315789473685,2.0,1.0,False,2021
0,24,0,9.0,17.0,5.0,8.0,7.0,8.0,13.0,24.0,9.0,14.0,4.0,4.0,0.12058022111010976,0.6559139784946236,0.0576,0.5714285714285714,2.0,2.0,False,2021
0,10,1,8.0,19.0,3.0,7.0,3.0,4.0,9.0,17.0,5.0,9.0,4.0,5.0,0.1275809268050377,0.4235294117647059,0.0874666464669021,0.6607773851590106,2.0,2.0,False,2021
0,14,2,16.0,29.0,4.0,9.0,5.0,5.0,14.0,27.0,3.0,9.0,9.0,11.0,0.06707333030919113,0.416,0.14522390845922,0.6223404255319149,2.0,2.0,False,2021
1,2,14,14.0,27.0,3.0,9.0,9.0,11.0,16.0,29.0,4.0,9.0,5.0,5.0,0.14522390845922,0.6223404255319149,0.053658664247352904,0.41434262948207173,2.0,2.0,True,2021
1,19,7,10.0,15.0,3.0,8.0,8.0,11.0,8.0,18.0,5.0,12.0,2.0,4.0,0.023444657906356286,0.41735537190082644,0.154168421913834,0.32653061224489793,2.0,2.0,True,2021
0,7,19,8.0,18.0,5.0,12.0,2.0,4.0,10.0,15.0,3.0,8.0,8.0,11.0,0.154168421913834,0.32653061224489793,0.05875572632508502,0.41975308641975306,2.0,2.0,False,2021
1,0,24,13.0,24.0,9.0,14.0,4.0,4.0,9.0,17.0,5.0,8.0,7.0,8.0,0.0576,0.5714285714285714,0.09646417688808781,0.648936170212766,2.0,2.0,True,2021
0,5,23,13.0,23.0,5.0,8.0,12.0,13.0,11.0,22.0,7.0,11.0,5.0,6.0,0.10966762619428816,0.5294117647058824,0.026879737372462815,0.43568464730290457,2.0,2.0,True,2021
0,17,15,13.0,22.0,6.0,11.0,6.0,6.0,5.0,14.0,2.0,8.0,5.0,9.0,0.09566021538438348,0.5551470588235294,0.07458856684063854,0.4122448979591837,2.0,1.0,True,2021
1,23,5,11.0,22.0,7.0,11.0,5.0,6.0,13.0,23.0,5.0,8.0,12.0,13.0,0.026879737372462815,0.43568464730290457,0.12773410095543053,0.53125,2.0,2.0,False,2021
0,12,14,12.0,20.0,7.0,11.0,6.0,8.0,8.0,18.0,5.0,9.0,6.0,7.0,0.08398002548052699,0.5370370370370371,0.053658664247352904,0.41434262948207173,3.0,1.0,True,2021
1,15,17,5.0,14.0,2.0,8.0,5.0,9.0,13.0,22.0,6.0,11.0,6.0,6.0,0.07458856684063854,0.4122448979591837,0.11652817230750678,0.5567765567765568,1.0,2.0,False,2021
1,14,12,8.0,18.0,5.0,9.0,6.0,7.0,12.0,20.0,7.0,11.0,6.0,8.0,0.053658664247352904,0.41434262948207173,0.10718402038442158,0.5387453874538746,1.0,3.0,False,2021
1,18,20,18.0,33.0,3.0,11.0,2.0,3.0,7.0,11.0,5.0,8.0,3.0,4.0,0.12804753953431738,0.6066176470588235,0.0824795741759828,0.5935251798561151,2.0,2.0,False,2021
0,20,18,7.0,11.0,5.0,8.0,3.0,4.0,18.0,33.0,3.0,11.0,2.0,3.0,0.0824795741759828,0.5935251798561151,0.10243803162745391,0.6043956043956044,2.0,2.0,True,2021
1,13,10,12.0,20.0,8.0,13.0,4.0,6.0,14.0,24.0,2.0,7.0,5.0,6.0,0.11604683047563147,0.4189723320158103,0.10206474144403015,0.421875,2.0,1.0,True,2021
0,7,22,12.0,19.0,6.0,10.0,6.0,6.0,12.0,24.0,3.0,7.0,5.0,8.0,0.1233347375310672,0.3252032520325203,0.13438362647782504,0.5769230769230769,1.0,3.0,True,2021
0,10,13,14.0,24.0,2.0,7.0,5.0,6.0,12.0,20.0,8.0,13.0,4.0,6.0,0.10206474144403015,0.421875,0.13283746438050517,0.421259842519685,1.0,2.0,False,2021
1,21,9,9.0,15.0,4.0,9.0,6.0,8.0,6.0,19.0,4.0,13.0,7.0,7.0,0.10846414863859241,0.42857142857142855,0.06431982139973307,0.32217573221757323,1.0,3.0,True,2021
0,9,21,6.0,19.0,4.0,13.0,7.0,7.0,9.0,15.0,4.0,9.0,6.0,8.0,0.06431982139973307,0.32217573221757323,0.12677131891087395,0.4309623430962343,3.0,1.0,False,2021
1,4,3,10.0,16.0,3.0,8.0,5.0,7.0,11.0,23.0,3.0,8.0,4.0,5.0,0.11007933561157197,0.658273381294964,0.09699593923140207,0.40384615384615385,1.0,2.0,True,2021
1,22,7,12.0,24.0,3.0,7.0,5.0,8.0,12.0,19.0,6.0,10.0,6.0,6.0,0.13438362647782504,0.5769230769230769,0.13866779002485377,0.32793522267206476,3.0,1.0,False,2021
0,3,4,11.0,23.0,3.0,8.0,4.0,5.0,10.0,16.0,3.0,8.0,5.0,7.0,0.09699593923140207,0.40384615384615385,0.1280634684892576,0.6594982078853047,2.0,1.0,False,2021
0,20,28,9.0,15.0,3.0,6.0,3.0,3.0,11.0,16.0,2.0,5.0,5.0,6.0,0.10598365934078624,0.5949820788530465,0.11466160826192502,0.301255230125523,1.0,2.0,True,2021
1,28,20,11.0,16.0,2.0,5.0,5.0,6.0,9.0,15.0,3.0,6.0,3.0,3.0,0.11466160826192502,0.301255230125523,0.12478692747262898,0.5964285714285714,2.0,1.0,False,2021
1,23,5,9.0,21.0,4.0,7.0,5.0,6.0,9.0,21.0,3.0,13.0,4.0,6.0,0.021503789897970253,0.43388429752066116,0.12773410095543053,0.53125,1.0,1.0,True,2021
0,5,23,9.0,21.0,3.0,13.0,4.0,6.0,9.0,21.0,4.0,7.0,5.0,6.0,0.12773410095543053,0.53125,0.0572030319183762,0.43621399176954734,1.0,1.0,False,2021
0,27,24,15.0,26.0,10.0,16.0,5.0,5.0,14.0,22.0,7.0,9.0,8.0,9.0,0.07699845182046705,0.3138075313807531,0.09646417688808781,0.648936170212766,2.0,2.0,False,2021
1,1,29,10.0,20.0,2.0,8.0,4.0,5.0,9.0,15.0,3.0,8.0,9.0,10.0,0.0874666464669021,0.6607773851590106,0.14546779672142315,0.5526315789473685,2.0,2.0,False,2021
1,24,27,14.0,22.0,7.0,9.0,8.0,9.0,15.0,26.0,10.0,16.0,5.0,5.0,0.09646417688808781,0.648936170212766,0.06159876145637364,0.3125,2.0,2.0,True,2021
1,0,25,7.0,17.0,3.0,10.0,6.0,6.0,9.0,20.0,3.0,10.0,5.0,9.0,0.08608,0.625,0.07462758922718875,0.6885813148788927,2.0,2.0,True,2021
1,19,11,9.0,19.0,3.0,8.0,7.0,8.0,9.0,18.0,4.0,8.0,6.0,7.0,0.05875572632508502,0.41975308641975306,0.10317103731609376,0.582089552238806,2.0,2.0,False,2021
0,11,19,9.0,18.0,4.0,8.0,6.0,7.0,9.0,19.0,3.0,8.0,7.0,8.0,0.10317103731609376,0.582089552238806,0.04700458106006802,0.4180327868852459,2.0,2.0,True,2021
1,6,26,11.0,21.0,3.0,7.0,12.0,15.0,11.0,17.0,3.0,7.0,7.0,8.0,0.08822543661598488,0.43529411764705883,0.11593085526114584,0.5763358778625954,2.0,2.0,False,2021
0,26,6,11.0,17.0,3.0,7.0,7.0,8.0,11.0,21.0,3.0,7.0,12.0,15.0,0.11593085526114584,0.5763358778625954,0.0705803492927879,0.43359375,2.0,2.0,True,2021
0,25,0,9.0,20.0,3.0,10.0,5.0,9.0,7.0,17.0,3.0,10.0,6.0,6.0,0.07462758922718875,0.6885813148788927,0.108864,0.6666666666666666,2.0,2.0,False,2021
0,29,1,9.0,15.0,3.0,8.0,9.0,10.0,10.0,20.0,2.0,8.0,4.0,5.0,0.14546779672142315,0.5526315789473685,0.06997331717352168,0.6584507042253521,2.0,2.0,True,2021
1,17,25,10.0,19.0,5.0,11.0,5.0,6.0,9.0,17.0,5.0,12.0,5.0,5.0,0.11652817230750678,0.5567765567765568,0.059702071381751,0.6862068965517242,2.0,1.0,True,2021
1,14,7,12.0,22.0,6.0,9.0,8.0,9.0,11.0,21.0,1.0,6.0,10.0,10.0,0.042926931397882326,0.4126984126984127,0.13866779002485377,0.32793522267206476,2.0,2.0,True,2021
0,7,14,11.0,21.0,1.0,6.0,10.0,10.0,12.0,22.0,6.0,9.0,8.0,9.0,0.13866779002485377,0.32793522267206476,0.07434154511830586,0.4150197628458498,2.0,2.0,False,2021
1,15,22,10.0,19.0,6.0,11.0,8.0,8.0,12.0,21.0,4.0,11.0,4.0,4.0,0.05967085347251083,0.4105691056910569,0.10750690118226003,0.5747126436781609,2.0,2.0,True,2021
1,10,4,11.0,24.0,4.0,9.0,3.0,3.0,9.0,17.0,3.0,6.0,5.0,7.0,0.08165179315522411,0.42023346303501946,0.1280634684892576,0.6594982078853047,2.0,2.0,False,2021
0,25,17,9.0,17.0,5.0,12.0,5.0,5.0,10.0,19.0,5.0,11.0,5.0,6.0,0.059702071381751,0.6862068965517242,0.1332225378460054,0.5583941605839416,1.0,2.0,False,2021
0,22,15,12.0,21.0,4.0,11.0,4.0,4.0,10.0,19.0,6.0,11.0,8.0,8.0,0.10750690118226003,0.5747126436781609,0.08773668277800865,0.41295546558704455,2.0,2.0,False,2021
0,16,3,7.0,15.0,2.0,8.0,7.0,8.0,8.0,16.0,3.0,7.0,3.0,9.0,0.0750754888598821,0.3724696356275304,0.07759675138512165,0.40229885057471265,3.0,2.0,True,2021
1,3,16,8.0,16.0,3.0,7.0,3.0,9.0,7.0,15.0,2.0,8.0,7.0,8.0,0.07759675138512165,0.40229885057471265,0.1000603910879057,0.375,2.0,3.0,False,2021
0,4,10,9.0,17.0,3.0,6.0,5.0,7.0,11.0,24.0,4.0,9.0,3.0,3.0,0.1280634684892576,0.6594982078853047,0.0653214345241793,0.4186046511627907,2.0,2.0,True,2021
0,18,9,8.0,17.0,4.0,8.0,7.0,8.0,9.0,19.0,4.0,7.0,6.0,7.0,0.10243803162745391,0.6043956043956044,0.05145585711978645,0.32083333333333336,2.0,2.0,False,2021
1,9,18,9.0,19.0,4.0,7.0,6.0,7.0,8.0,17.0,4.0,8.0,7.0,8.0,0.05145585711978645,0.32083333333333336,0.08195042530196313,0.6021897810218978,2.0,2.0,True,2021
0,28,21,7.0,18.0,5.0,12.0,7.0,8.0,11.0,17.0,2.0,8.0,10.0,10.0,0.09172928660954002,0.3,0.12677131891087395,0.4309623430962343,1.0,2.0,False,2021
1,21,28,11.0,17.0,2.0,8.0,10.0,10.0,7.0,18.0,5.0,12.0,7.0,8.0,0.12677131891087395,0.4309623430962343,0.07338342928763202,0.2987551867219917,2.0,1.0,True,2021
0,29,1,10.0,20.0,4.0,9.0,6.0,8.0,8.0,18.0,3.0,8.0,5.0,5.0,0.15637423737713854,0.5543071161048689,0.06997331717352168,0.6584507042253521,2.0,2.0,True,2021
1,1,29,8.0,18.0,3.0,8.0,5.0,5.0,10.0,20.0,4.0,9.0,6.0,8.0,0.06997331717352168,0.6584507042253521,0.16509938990171083,0.5559701492537313,2.0,2.0,False,2021
1,18,12,16.0,25.0,9.0,21.0,13.0,13.0,12.0,26.0,6.0,14.0,7.0,8.0,0.08195042530196313,0.6021897810218978,0.10718402038442158,0.5387453874538746,1.0,3.0,True,2021
0,12,18,12.0,26.0,6.0,14.0,7.0,8.0,16.0,25.0,9.0,21.0,13.0,13.0,0.10718402038442158,0.5387453874538746,0.1055603402415705,0.6036363636363636,3.0,1.0,False,2021
1,0,22,7.0,17.0,4.0,9.0,4.0,7.0,7.0,18.0,3.0,6.0,5.0,8.0,0.108864,0.6666666666666666,0.08600552094580802,0.5725190839694656,2.0,1.0,False,2021
0,5,26,7.0,16.0,3.0,10.0,7.0,7.0,7.0,14.0,3.0,7.0,6.0,9.0,0.10218728076434443,0.5291828793774319,0.13274468420891666,0.5779467680608364,2.0,2.0,True,2021
1,3,11,7.0,15.0,2.0,6.0,3.0,3.0,9.0,15.0,5.0,9.0,4.0,4.0,0.06207740110809732,0.40076335877862596,0.12253682985287502,0.5836431226765799,1.0,2.0,False,2021
0,11,3,9.0,15.0,5.0,9.0,4.0,4.0,7.0,15.0,2.0,6.0,3.0,3.0,0.12253682985287502,0.5836431226765799,0.049661920886477855,0.39923954372623577,2.0,1.0,True,2021
1,6,20,12.0,18.0,4.0,7.0,6.0,7.0,9.0,20.0,6.0,8.0,6.0,6.0,0.0705803492927879,0.43359375,0.12478692747262898,0.5964285714285714,2.0,2.0,True,2021
0,20,6,9.0,20.0,6.0,8.0,6.0,6.0,12.0,18.0,4.0,7.0,6.0,7.0,0.12478692747262898,0.5964285714285714,0.09646427943423032,0.4357976653696498,2.0,2.0,False,2021
0,22,0,7.0,18.0,3.0,6.0,5.0,8.0,7.0,17.0,4.0,9.0,4.0,7.0,0.08600552094580802,0.5725190839694656,0.08709120000000001,0.6,1.0,2.0,True,2021
1,26,5,7.0,14.0,3.0,7.0,6.0,9.0,7.0,16.0,3.0,10.0,7.0,7.0,0.13274468420891666,0.5779467680608364,0.12174982461147554,0.5310077519379846,2.0,2.0,False,2021
1,23,16,11.0,23.0,4.0,11.0,8.0,8.0,11.0,19.0,3.0,5.0,5.0,5.0,0.0572030319183762,0.43621399176954734,0.1000603910879057,0.375,3.0,2.0,False,2021
1,15,17,9.0,21.0,8.0,18.0,6.0,8.0,11.0,23.0,6.0,16.0,12.0,12.0,0.08773668277800865,0.41295546558704455,0.1332225378460054,0.5583941605839416,2.0,2.0,False,2021
0,29,26,9.0,20.0,5.0,8.0,5.0,8.0,5.0,12.0,3.0,6.0,6.0,7.0,0.16509938990171083,0.5559701492537313,0.10619574736713333,0.5757575757575758,1.0,1.0,True,2021
1,28,6,13.0,25.0,3.0,7.0,5.0,6.0,10.0,18.0,3.0,8.0,4.0,5.0,0.07338342928763202,0.2987551867219917,0.09646427943423032,0.4357976653696498,2.0,1.0,False,2021
0,6,28,10.0,18.0,3.0,8.0,4.0,5.0,13.0,25.0,3.0,7.0,5.0,6.0,0.09646427943423032,0.4357976653696498,0.05870674343010561,0.2975206611570248,1.0,2.0,True,2021
1,24,8,8.0,18.0,5.0,9.0,10.0,11.0,15.0,23.0,5.0,8.0,6.0,6.0,0.11717134151047023,0.6526315789473685,0.061172331672000604,0.47244094488188976,3.0,5.0,True,2021
0,17,15,11.0,23.0,6.0,16.0,12.0,12.0,9.0,21.0,8.0,18.0,6.0,8.0,0.1332225378460054,0.5583941605839416,0.07018934622240693,0.4112903225806452,2.0,2.0,True,2021
1,19,4,7.0,19.0,3.0,6.0,5.0,6.0,8.0,15.0,3.0,7.0,6.0,10.0,0.04700458106006802,0.4180327868852459,0.14245077479140605,0.6607142857142857,3.0,2.0,False,2021
0,8,24,15.0,23.0,5.0,8.0,6.0,6.0,8.0,18.0,5.0,9.0,10.0,11.0,0.061172331672000604,0.47244094488188976,0.1337370732083762,0.65625,5.0,3.0,False,2021
0,16,23,11.0,19.0,3.0,5.0,5.0,5.0,11.0,23.0,4.0,11.0,8.0,8.0,0.1000603910879057,0.375,0.04576242553470096,0.4344262295081967,2.0,3.0,True,2021
1,26,29,5.0,12.0,3.0,6.0,6.0,7.0,9.0,20.0,5.0,8.0,5.0,8.0,0.10619574736713333,0.5757575757575758,0.17207951192136867,0.5576208178438662,1.0,1.0,False,2021
1,21,13,8.0,18.0,3.0,7.0,3.0,4.0,14.0,25.0,5.0,10.0,2.0,4.0,0.14141705512869915,0.43333333333333335,0.13283746438050517,0.421259842519685,2.0,4.0,False,2021
0,13,21,14.0,25.0,5.0,10.0,2.0,4.0,8.0,18.0,3.0,7.0,3.0,4.0,0.13283746438050517,0.421259842519685,0.11313364410295931,0.4315352697095436,4.0,2.0,True,2021
0,4,19,8.0,15.0,3.0,7.0,6.0,10.0,7.0,19.0,3.0,6.0,5.0,6.0,0.14245077479140605,0.6607142857142857,0.03760366484805441,0.4163265306122449,2.0,3.0,True,2021
0,21,25,10.0,16.0,5.0,12.0,5.0,6.0,8.0,20.0,5.0,15.0,7.0,8.0,0.11313364410295931,0.4315352697095436,0.0477616571054008,0.6838487972508591,1.0,3.0,False,2021
1,17,22,8.0,18.0,4.0,10.0,6.0,6.0,10.0,18.0,3.0,6.0,3.0,4.0,0.14657803027680433,0.56,0.10880441675664643,0.5741444866920152,1.0,2.0,False,2021
1,5,1,12.0,16.0,4.0,7.0,3.0,5.0,10.0,18.0,5.0,8.0,3.0,6.0,0.12174982461147554,0.5310077519379846,0.055978653738817344,0.656140350877193,2.0,2.0,False,2021
1,25,21,8.0,20.0,5.0,15.0,7.0,8.0,10.0,16.0,5.0,12.0,5.0,6.0,0.0477616571054008,0.6838487972508591,0.09050691528236746,0.4297520661157025,3.0,1.0,True,2021
0,1,5,10.0,18.0,5.0,8.0,3.0,6.0,12.0,16.0,4.0,7.0,3.0,5.0,0.055978653738817344,0.656140350877193,0.09739985968918044,0.528957528957529,2.0,2.0,True,2021
1,20,0,8.0,18.0,3.0,8.0,7.0,7.0,14.0,23.0,5.0,11.0,5.0,6.0,0.09982954197810319,0.594306049822064,0.08709120000000001,0.6,2.0,2.0,True,2021
0,0,20,14.0,23.0,5.0,11.0,5.0,6.0,8.0,18.0,3.0,8.0,7.0,7.0,0.08709120000000001,0.6,0.11986363358248256,0.5957446808510638,2.0,2.0,False,2021
1,18,12,11.0,15.0,4.0,8.0,6.0,6.0,9.0,17.0,4.0,11.0,5.0,6.0,0.1055603402415705,0.6036363636363636,0.08574721630753726,0.5367647058823529,2.0,2.0,True,2021
0,12,18,9.0,17.0,4.0,11.0,5.0,6.0,11.0,15.0,4.0,8.0,6.0,6.0,0.08574721630753726,0.5367647058823529,0.12444827219325641,0.605072463768116,2.0,2.0,False,2021
0,22,17,10.0,18.0,3.0,6.0,3.0,4.0,8.0,18.0,4.0,10.0,6.0,6.0,0.10880441675664643,0.5741444866920152,0.11726242422144346,0.5579710144927537,2.0,1.0,True,2021
0,24,15,10.0,15.0,4.0,8.0,6.0,6.0,8.0,12.0,2.0,9.0,5.0,5.0,0.1337370732083762,0.65625,0.07018934622240693,0.4112903225806452,2.0,2.0,True,2021
0,27,26,11.0,20.0,8.0,14.0,5.0,9.0,13.0,19.0,4.0,11.0,4.0,4.0,0.06159876145637364,0.3125,0.08495659789370666,0.5735849056603773,5.0,2.0,False,2021
1,11,9,10.0,20.0,6.0,12.0,3.0,6.0,8.0,13.0,4.0,5.0,4.0,6.0,0.13802946388230003,0.5851851851851851,0.08116468569582917,0.3236514522821577,3.0,4.0,True,2021
0,9,11,8.0,13.0,4.0,5.0,4.0,6.0,10.0,20.0,6.0,12.0,3.0,6.0,0.08116468569582917,0.3236514522821577,0.15042357110584,0.5867158671586716,4.0,3.0,False,2021
1,15,24,8.0,12.0,2.0,9.0,5.0,5.0,10.0,15.0,4.0,8.0,6.0,6.0,0.07018934622240693,0.4112903225806452,0.14698965856670096,0.6597938144329897,2.0,2.0,False,2021
1,2,10,6.0,13.0,4.0,10.0,7.0,7.0,7.0,18.0,3.0,6.0,5.0,8.0,0.15617912676737603,0.6243386243386243,0.0653214345241793,0.4186046511627907,7.0,4.0,True,2021
1,26,27,13.0,19.0,4.0,11.0,4.0,4.0,11.0,20.0,8.0,14.0,5.0,9.0,0.08495659789370666,0.5735849056603773,0.04927900916509891,0.3112033195020747,2.0,5.0,True,2021
0,13,4,12.0,24.0,4.0,9.0,3.0,7.0,14.0,21.0,4.0,9.0,5.0,10.0,0.14626997150440413,0.4235294117647059,0.15396061983312487,0.6619217081850534,2.0,2.0,False,2021
1,29,8,8.0,16.0,4.0,7.0,7.0,10.0,9.0,19.0,3.0,10.0,3.0,6.0,0.17207951192136867,0.5576208178438662,0.048937865337600486,0.47058823529411764,2.0,2.0,True,2021
0,8,29,9.0,19.0,3.0,10.0,3.0,6.0,8.0,16.0,4.0,7.0,7.0,10.0,0.048937865337600486,0.47058823529411764,0.17766360953709495,0.5592592592592592,2.0,2.0,False,2021
1,3,28,10.0,20.0,5.0,9.0,13.0,19.0,11.0,20.0,3.0,7.0,4.0,5.0,0.049661920886477855,0.39923954372623577,0.05870674343010561,0.2975206611570248,3.0,2.0,True,2021
0,28,3,11.0,20.0,3.0,7.0,4.0,5.0,10.0,20.0,5.0,9.0,13.0,19.0,0.05870674343010561,0.2975206611570248,0.07972953670918229,0.4015151515151515,2.0,3.0,False,2021
1,4,13,14.0,21.0,4.0,9.0,5.0,10.0,12.0,24.0,4.0,9.0,3.0,7.0,0.15396061983312487,0.6619217081850534,0.1170159772035233,0.421875,2.0,2.0,True,2021
0,10,2,7.0,18.0,3.0,6.0,5.0,8.0,6.0,13.0,4.0,10.0,7.0,7.0,0.0653214345241793,0.4186046511627907,0.1649433014139008,0.6263157894736842,4.0,7.0,False,2021
0,1,5,9.0,20.0,6.0,8.0,5.0,8.0,9.0,25.0,2.0,6.0,6.0,6.0,0.08478292299105387,0.6573426573426573,0.09739985968918044,0.528957528957529,2.0,2.0,False,2021
1,5,1,9.0,25.0,2.0,6.0,6.0,6.0,9.0,20.0,6.0,8.0,5.0,8.0,0.09739985968918044,0.528957528957529,0.0678263383928431,0.6550522648083623,2.0,2.0,True,2021
1,25,21,7.0,16.0,6.0,10.0,8.0,10.0,9.0,19.0,6.0,12.0,10.0,10.0,0.07820932568432064,0.684931506849315,0.09050691528236746,0.4297520661157025,2.0,2.0,True,2021
0,21,25,9.0,19.0,6.0,12.0,10.0,10.0,7.0,16.0,6.0,10.0,8.0,10.0,0.09050691528236746,0.4297520661157025,0.10256746054745651,0.6860068259385665,2.0,2.0,False,2021
0,9,17,11.0,23.0,1.0,9.0,11.0,12.0,10.0,23.0,4.0,12.0,12.0,12.0,0.06493174855666334,0.32231404958677684,0.11726242422144346,0.5579710144927537,1.0,2.0,False,2021
1,17,9,10.0,23.0,4.0,12.0,12.0,12.0,11.0,23.0,1.0,9.0,11.0,12.0,0.11726242422144346,0.5579710144927537,0.05194539884533067,0.32098765432098764,2.0,1.0,True,2021
1,16,18,7.0,15.0,3.0,5.0,3.0,6.0,10.0,18.0,2.0,5.0,7.0,8.0,0.12004831287032455,0.37751004016064255,0.12444827219325641,0.605072463768116,3.0,2.0,True,2021
0,18,16,10.0,18.0,2.0,5.0,7.0,8.0,7.0,15.0,3.0,5.0,3.0,6.0,0.12444827219325641,0.605072463768116,0.13603865029625967,0.38,2.0,3.0,False,2021
1,6,10,16.0,26.0,5.0,10.0,13.0,15.0,14.0,22.0,6.0,12.0,3.0,4.0,0.11717142354738423,0.437984496124031,0.052257147619343434,0.416988416988417,3.0,1.0,True,2021
0,10,6,14.0,22.0,6.0,12.0,3.0,4.0,16.0,26.0,5.0,10.0,13.0,15.0,0.052257147619343434,0.416988416988417,0.1337371388379074,0.44015444015444016,1.0,3.0,False,2021
1,12,19,8.0,11.0,5.0,8.0,12.0,12.0,10.0,19.0,3.0,9.0,4.0,5.0,0.0685977730460298,0.5347985347985348,0.03760366484805441,0.4163265306122449,2.0,3.0,False,2021
0,19,12,10.0,19.0,3.0,9.0,4.0,5.0,8.0,11.0,5.0,8.0,12.0,12.0,0.03760366484805441,0.4163265306122449,0.05487821843682385,0.5328467153284672,3.0,2.0,True,2021
1,15,8,17.0,27.0,5.0,11.0,6.0,8.0,13.0,19.0,3.0,7.0,6.0,8.0,0.05615147697792554,0.40963855421686746,0.03915029227008039,0.46875,2.0,2.0,False,2021
0,8,15,13.0,19.0,3.0,7.0,6.0,8.0,17.0,27.0,5.0,11.0,6.0,8.0,0.03915029227008039,0.46875,0.04492118158234043,0.408,2.0,2.0,True,2021
1,24,22,8.0,13.0,5.0,8.0,4.0,4.0,9.0,21.0,5.0,9.0,5.0,8.0,0.14698965856670096,0.6597938144329897,0.12704353340531713,0.5757575757575758,2.0,3.0,True,2021
0,22,24,9.0,21.0,5.0,9.0,5.0,8.0,8.0,13.0,5.0,8.0,4.0,4.0,0.12704353340531713,0.5757575757575758,0.1575917268533608,0.6632653061224489,3.0,2.0,False,2021
1,20,11,14.0,27.0,4.0,11.0,4.0,5.0,9.0,20.0,5.0,9.0,7.0,13.0,0.11986363358248256,0.5957446808510638,0.15042357110584,0.5867158671586716,3.0,2.0,False,2021
1,2,28,9.0,20.0,3.0,9.0,4.0,6.0,7.0,14.0,3.0,8.0,7.0,8.0,0.1649433014139008,0.6263157894736842,0.04696539474408449,0.2962962962962963,2.0,2.0,False,2021
0,28,2,7.0,14.0,3.0,8.0,7.0,8.0,9.0,20.0,3.0,9.0,4.0,6.0,0.04696539474408449,0.2962962962962963,0.13195464113112063,0.6230366492146597,2.0,2.0,True,2021
0,27,13,10.0,19.0,2.0,7.0,8.0,8.0,13.0,30.0,6.0,11.0,4.0,6.0,0.04927900916509891,0.3112033195020747,0.1170159772035233,0.421875,2.0,2.0,True,2021
0,11,20,9.0,20.0,5.0,9.0,7.0,13.0,14.0,27.0,4.0,11.0,4.0,5.0,0.15042357110584,0.5867158671586716,0.09589090686598604,0.5936395759717314,2.0,3.0,True,2021
1,13,27,13.0,30.0,6.0,11.0,4.0,6.0,10.0,19.0,2.0,7.0,8.0,8.0,0.1170159772035233,0.421875,0.07942320733207912,0.3140495867768595,2.0,2.0,False,2021
0,10,28,10.0,18.0,4.0,8.0,5.0,6.0,9.0,19.0,2.0,8.0,9.0,13.0,0.041805718095474745,0.4153846153846154,0.07757231579526759,0.29918032786885246,2.0,1.0,False,2021
1,16,7,8.0,13.0,2.0,5.0,6.0,8.0,7.0,21.0,2.0,6.0,4.0,7.0,0.13603865029625967,0.38,0.11093423201988302,0.32661290322580644,2.0,7.0,True,2021
1,25,13,9.0,19.0,3.0,6.0,5.0,5.0,8.0,14.0,3.0,6.0,7.0,8.0,0.10256746054745651,0.6860068259385665,0.09361278176281865,0.42023346303501946,2.0,1.0,True,2021
0,13,25,8.0,14.0,3.0,6.0,7.0,8.0,9.0,19.0,3.0,6.0,5.0,5.0,0.09361278176281865,0.42023346303501946,0.1220539684379652,0.6870748299319728,1.0,2.0,False,2021
1,17,5,10.0,23.0,3.0,10.0,12.0,12.0,10.0,17.0,5.0,8.0,8.0,8.0,0.13380993937715477,0.5595667870036101,0.11791988775134435,0.5307692307692308,2.0,2.0,False,2021
0,5,17,10.0,17.0,5.0,8.0,8.0,8.0,10.0,23.0,3.0,10.0,12.0,12.0,0.11791988775134435,0.5307692307692308,0.10704795150172382,0.5575539568345323,2.0,2.0,True,2021
1,28,10,9.0,19.0,2.0,8.0,9.0,13.0,10.0,18.0,4.0,8.0,5.0,6.0,0.07757231579526759,0.29918032786885246,0.033444574476379794,0.41379310344827586,1.0,2.0,True,2021
1,27,1,11.0,16.0,4.0,11.0,7.0,8.0,13.0,23.0,4.0,9.0,5.0,6.0,0.07942320733207912,0.3140495867768595,0.0678263383928431,0.6550522648083623,1.0,2.0,True,2021
1,12,19,9.0,15.0,6.0,9.0,10.0,11.0,10.0,19.0,7.0,11.0,8.0,9.0,0.05487821843682385,0.5328467153284672,0.07008293187844353,0.4186991869918699,2.0,2.0,True,2021
1,29,0,8.0,16.0,3.0,7.0,8.0,9.0,9.0,22.0,3.0,12.0,7.0,7.0,0.17766360953709495,0.5592592592592592,0.06967296,0.5454545454545454,3.0,4.0,False,2021
0,7,16,7.0,21.0,2.0,6.0,4.0,7.0,8.0,13.0,2.0,5.0,6.0,8.0,0.11093423201988302,0.32661290322580644,0.14883092023700772,0.38247011952191234,7.0,2.0,False,2021
0,0,29,9.0,22.0,3.0,12.0,7.0,7.0,8.0,16.0,3.0,7.0,8.0,9.0,0.06967296,0.5454545454545454,0.14213088762967596,0.5571955719557196,4.0,3.0,True,2021
0,1,27,13.0,23.0,4.0,9.0,5.0,6.0,11.0,16.0,4.0,11.0,7.0,8.0,0.0678263383928431,0.6550522648083623,0.1035385658656633,0.3168724279835391,2.0,1.0,False,2021
1,6,4,13.0,25.0,5.0,10.0,8.0,9.0,13.0,26.0,3.0,8.0,6.0,8.0,0.1337371388379074,0.44015444015444016,0.16316849586649987,0.6631205673758865,2.0,3.0,True,2021
0,4,6,13.0,26.0,3.0,8.0,6.0,8.0,13.0,25.0,5.0,10.0,8.0,9.0,0.16316849586649987,0.6631205673758865,0.1469897110703259,0.4423076923076923,3.0,2.0,False,2021
1,9,23,10.0,16.0,3.0,8.0,12.0,13.0,11.0,22.0,6.0,13.0,3.0,5.0,0.05194539884533067,0.32098765432098764,0.04576242553470096,0.4344262295081967,2.0,5.0,True,2021
0,23,9,11.0,22.0,6.0,13.0,3.0,5.0,10.0,16.0,3.0,8.0,12.0,13.0,0.04576242553470096,0.4344262295081967,0.08155631907626454,0.3237704918032787,5.0,2.0,False,2021
0,19,12,10.0,19.0,7.0,11.0,8.0,9.0,9.0,15.0,6.0,9.0,10.0,11.0,0.07008293187844353,0.4186991869918699,0.08390257474945909,0.5345454545454545,2.0,2.0,False,2021
1,11,8,9.0,15.0,5.0,9.0,6.0,6.0,14.0,19.0,2.0,6.0,4.0,6.0,0.16033885688467203,0.5882352941176471,0.07132023381606431,0.4708171206225681,2.0,2.0,True,2021
0,8,11,14.0,19.0,2.0,6.0,4.0,6.0,9.0,15.0,5.0,9.0,6.0,6.0,0.07132023381606431,0.4708171206225681,0.16827108550773762,0.5897435897435898,2.0,2.0,False,2021
1,20,26,12.0,21.0,3.0,6.0,3.0,3.0,8.0,11.0,3.0,7.0,3.0,6.0,0.09589090686598604,0.5936395759717314,0.10796527831496534,0.575187969924812,2.0,4.0,True,2021
0,26,20,8.0,11.0,3.0,7.0,3.0,6.0,12.0,21.0,3.0,6.0,3.0,3.0,0.10796527831496534,0.575187969924812,0.11671272549278884,0.5950704225352113,4.0,2.0,False,2021
1,25,12,7.0,18.0,4.0,10.0,7.0,8.0,9.0,16.0,4.0,8.0,6.0,6.0,0.1220539684379652,0.6870748299319728,0.08390257474945909,0.5345454545454545,2.0,2.0,False,2021
0,12,25,9.0,16.0,4.0,8.0,6.0,6.0,7.0,18.0,4.0,10.0,7.0,8.0,0.08390257474945909,0.5345454545454545,0.09764317475037217,0.6847457627118644,2.0,2.0,True,2021
1,18,2,12.0,19.0,4.0,8.0,17.0,21.0,10.0,24.0,5.0,10.0,4.0,7.0,0.09955861775460513,0.6028880866425993,0.13195464113112063,0.6230366492146597,4.0,3.0,True,2021
0,2,18,10.0,24.0,5.0,10.0,4.0,7.0,12.0,19.0,4.0,8.0,17.0,21.0,0.13195464113112063,0.6230366492146597,0.1196468942036841,0.60431654676259,3.0,4.0,False,2021
1,23,10,7.0,17.0,4.0,10.0,2.0,4.0,11.0,27.0,3.0,9.0,6.0,8.0,0.036609940427760765,0.4326530612244898,0.033444574476379794,0.41379310344827586,2.0,2.0,False,2021
0,10,23,11.0,27.0,3.0,9.0,6.0,8.0,7.0,17.0,4.0,10.0,2.0,4.0,0.033444574476379794,0.41379310344827586,0.02928795234220861,0.43089430894308944,2.0,2.0,True,2021
1,24,15,13.0,22.0,3.0,5.0,6.0,6.0,10.0,18.0,3.0,8.0,3.0,8.0,0.1575917268533608,0.6632653061224489,0.04492118158234043,0.408,3.0,3.0,True,2021
1,22,13,9.0,20.0,3.0,9.0,5.0,9.0,12.0,16.0,4.0,8.0,4.0,4.0,0.1016348267242537,0.5735849056603773,0.07489022541025492,0.4186046511627907,3.0,2.0,False,2021
1,1,7,9.0,22.0,3.0,7.0,7.0,7.0,11.0,18.0,2.0,10.0,4.0,4.0,0.05426107071427448,0.6527777777777778,0.08874738561590642,0.3253012048192771,2.0,2.0,False,2021
1,0,5,10.0,17.0,4.0,8.0,6.0,8.0,9.0,16.0,1.0,7.0,9.0,11.0,0.095738368,0.5833333333333334,0.13433591020107546,0.5325670498084292,2.0,2.0,True,2021
0,5,0,9.0,16.0,1.0,7.0,9.0,11.0,10.0,17.0,4.0,8.0,6.0,8.0,0.13433591020107546,0.5325670498084292,0.1165906944,0.6153846153846154,2.0,2.0,False,2021
1,3,6,16.0,29.0,5.0,11.0,5.0,9.0,15.0,28.0,4.0,9.0,11.0,13.0,0.07972953670918229,0.4015151515151515,0.1469897110703259,0.4423076923076923,5.0,2.0,True,2021
0,6,3,15.0,28.0,4.0,9.0,11.0,13.0,16.0,29.0,5.0,11.0,5.0,9.0,0.1469897110703259,0.4423076923076923,0.10378362936734582,0.4037735849056604,2.0,5.0,False,2021
1,9,19,13.0,26.0,3.0,7.0,13.0,19.0,12.0,22.0,4.0,9.0,6.0,7.0,0.08155631907626454,0.3237704918032787,0.05606634550275482,0.41700404858299595,2.0,2.0,True,2021
0,19,9,12.0,22.0,4.0,9.0,6.0,7.0,13.0,26.0,3.0,7.0,13.0,19.0,0.05606634550275482,0.41700404858299595,0.10524505526101162,0.32653061224489793,2.0,2.0,False,2021
0,7,1,11.0,18.0,2.0,10.0,4.0,4.0,9.0,22.0,3.0,7.0,7.0,7.0,0.08874738561590642,0.3253012048192771,0.04340885657141959,0.6505190311418685,2.0,2.0,True,2021
0,13,22,12.0,16.0,4.0,8.0,4.0,4.0,9.0,20.0,3.0,9.0,5.0,9.0,0.07489022541025492,0.4186046511627907,0.08130786137940296,0.5714285714285714,2.0,3.0,True,2021
0,15,24,10.0,18.0,3.0,8.0,3.0,8.0,13.0,22.0,3.0,5.0,6.0,6.0,0.04492118158234043,0.408,0.16607338148268863,0.6666666666666666,3.0,3.0,False,2021
0,8,11,9.0,15.0,4.0,6.0,8.0,10.0,11.0,19.0,6.0,10.0,8.0,8.0,0.05705618705285145,0.4689922480620155,0.16827108550773762,0.5897435897435898,2.0,2.0,False,2021
1,11,8,11.0,19.0,6.0,10.0,8.0,8.0,9.0,15.0,4.0,6.0,8.0,10.0,0.16827108550773762,0.5897435897435898,0.045644949642281156,0.4671814671814672,2.0,2.0,True,2021
1,0,28,9.0,19.0,5.0,14.0,7.0,8.0,10.0,17.0,4.0,5.0,7.0,8.0,0.1165906944,0.6153846153846154,0.10205785263621407,0.3020408163265306,1.0,3.0,False,2021
0,29,4,13.0,25.0,7.0,10.0,4.0,5.0,11.0,18.0,3.0,7.0,5.0,6.0,0.14213088762967596,0.5571955719557196,0.1305347966931999,0.6607773851590106,3.0,3.0,True,2021
0,28,0,10.0,17.0,4.0,5.0,7.0,8.0,9.0,19.0,5.0,14.0,7.0,8.0,0.10205785263621407,0.3020408163265306,0.09327255552,0.5714285714285714,3.0,1.0,True,2021
1,4,29,11.0,18.0,3.0,7.0,5.0,6.0,13.0,25.0,7.0,10.0,4.0,5.0,0.1305347966931999,0.6607773851590106,0.15370471010374076,0.5588235294117647,3.0,3.0,False,2021
0,2,18,16.0,28.0,5.0,8.0,5.0,7.0,11.0,15.0,3.0,7.0,14.0,15.0,0.1055637129048965,0.6197916666666666,0.1196468942036841,0.60431654676259,2.0,2.0,False,2021
1,5,13,11.0,20.0,4.0,7.0,13.0,16.0,13.0,28.0,4.0,12.0,6.0,6.0,0.10746872816086037,0.5305343511450382,0.09991218032820394,0.42084942084942084,2.0,2.0,False,2021
1,25,12,10.0,18.0,5.0,10.0,4.0,5.0,8.0,16.0,3.0,8.0,4.0,6.0,0.09764317475037217,0.6847457627118644,0.10712205979956727,0.5362318840579711,2.0,2.0,True,2021
0,12,25,8.0,16.0,3.0,8.0,4.0,6.0,10.0,18.0,5.0,10.0,4.0,5.0,0.10712205979956727,0.5362318840579711,0.11811453980029774,0.6858108108108109,2.0,2.0,False,2021
1,19,1,8.0,15.0,6.0,10.0,10.0,13.0,6.0,16.0,4.0,6.0,7.0,9.0,0.04485307640220386,0.4153225806451613,0.04340885657141959,0.6505190311418685,2.0,2.0,False,2021
0,28,15,8.0,17.0,2.0,5.0,10.0,11.0,7.0,20.0,3.0,7.0,9.0,9.0,0.12164628210897126,0.3048780487804878,0.03593694526587234,0.4063745019920319,1.0,2.0,False,2021
1,7,20,11.0,21.0,6.0,9.0,6.0,6.0,15.0,27.0,1.0,5.0,6.0,6.0,0.11099790849272513,0.328,0.11671272549278884,0.5950704225352113,2.0,3.0,False,2021
0,13,5,13.0,28.0,4.0,12.0,6.0,6.0,11.0,20.0,4.0,7.0,13.0,16.0,0.09991218032820394,0.42084942084942084,0.08597498252868829,0.5285171102661597,2.0,2.0,True,2021
1,18,2,11.0,15.0,3.0,7.0,14.0,15.0,16.0,28.0,5.0,8.0,5.0,7.0,0.1196468942036841,0.60431654676259,0.0844509703239172,0.616580310880829,2.0,2.0,True,2021
1,15,28,7.0,20.0,3.0,7.0,9.0,9.0,8.0,17.0,2.0,5.0,10.0,11.0,0.03593694526587234,0.4063745019920319,0.09731702568717701,0.30364372469635625,2.0,1.0,True,2021
0,20,7,15.0,27.0,1.0,5.0,6.0,6.0,11.0,21.0,6.0,9.0,6.0,6.0,0.11671272549278884,0.5950704225352113,0.08879832679418011,0.32669322709163345,3.0,2.0,True,2021
1,3,6,8.0,19.0,2.0,5.0,8.0,9.0,14.0,24.0,4.0,9.0,6.0,6.0,0.10378362936734582,0.4037735849056604,0.11759176885626073,0.44061302681992337,2.0,2.0,True,2021
1,23,9,7.0,13.0,2.0,5.0,4.0,4.0,14.0,22.0,8.0,12.0,8.0,10.0,0.02928795234220861,0.43089430894308944,0.10524505526101162,0.32653061224489793,2.0,2.0,False,2021
1,24,26,10.0,21.0,4.0,7.0,10.0,10.0,11.0,20.0,3.0,9.0,6.0,6.0,0.16607338148268863,0.6666666666666666,0.08637222265197228,0.5730337078651685,2.0,3.0,True,2021
0,9,23,14.0,22.0,8.0,12.0,8.0,10.0,7.0,13.0,2.0,5.0,4.0,4.0,0.10524505526101162,0.32653061224489793,0.02343036187376689,0.4291497975708502,2.0,2.0,True,2021
0,10,22,10.0,29.0,4.0,9.0,6.0,12.0,9.0,18.0,3.0,7.0,7.0,8.0,0.06675565958110383,0.41603053435114506,0.08130786137940296,0.5714285714285714,2.0,2.0,False,2021
0,27,21,10.0,17.0,3.0,9.0,6.0,6.0,12.0,20.0,4.0,10.0,8.0,10.0,0.1035385658656633,0.3168724279835391,0.07240553222589396,0.4279835390946502,4.0,6.0,True,2021
1,21,27,12.0,20.0,4.0,10.0,8.0,10.0,10.0,17.0,3.0,9.0,6.0,6.0,0.07240553222589396,0.4279835390946502,0.12283085269253065,0.319672131147541,6.0,4.0,False,2021
0,26,24,11.0,20.0,3.0,9.0,6.0,6.0,10.0,21.0,4.0,7.0,10.0,10.0,0.08637222265197228,0.5730337078651685,0.17285870518615093,0.67,3.0,2.0,False,2021
0,6,3,14.0,24.0,4.0,9.0,6.0,6.0,8.0,19.0,2.0,5.0,8.0,9.0,0.11759176885626073,0.44061302681992337,0.12302690349387665,0.40601503759398494,2.0,2.0,False,2021
0,1,19,6.0,16.0,4.0,6.0,7.0,9.0,8.0,15.0,6.0,10.0,10.0,13.0,0.04340885657141959,0.6505190311418685,0.03588246112176309,0.41365461847389556,2.0,2.0,True,2021
1,22,10,9.0,18.0,3.0,7.0,7.0,8.0,10.0,29.0,4.0,9.0,6.0,12.0,0.08130786137940296,0.5714285714285714,0.05340452766488306,0.4144486692015209,2.0,2.0,True,2021
0,20,7,10.0,22.0,3.0,7.0,11.0,14.0,9.0,20.0,6.0,13.0,3.0,3.0,0.13337018039423107,0.5964912280701754,0.08879832679418011,0.32669322709163345,1.0,1.0,True,2021
1,23,8,8.0,18.0,2.0,8.0,8.0,10.0,11.0,23.0,3.0,9.0,7.0,9.0,0.02343036187376689,0.4291497975708502,0.045644949642281156,0.4671814671814672,1.0,2.0,True,2021
0,8,23,11.0,23.0,3.0,9.0,7.0,9.0,8.0,18.0,2.0,8.0,8.0,10.0,0.045644949642281156,0.4671814671814672,0.058744289499013516,0.4314516129032258,2.0,1.0,False,2021
1,11,0,9.0,18.0,5.0,9.0,5.0,6.0,9.0,18.0,5.0,10.0,3.0,3.0,0.1746168684061901,0.5912408759124088,0.09327255552,0.5714285714285714,2.0,2.0,True,2021
0,0,11,9.0,18.0,5.0,10.0,3.0,3.0,9.0,18.0,5.0,9.0,5.0,6.0,0.09327255552,0.5714285714285714,0.17969349472495205,0.5927272727272728,2.0,2.0,False,2021
1,7,20,9.0,20.0,6.0,13.0,3.0,3.0,10.0,22.0,3.0,7.0,11.0,14.0,0.08879832679418011,0.32669322709163345,0.14669614431538486,0.5979020979020979,1.0,1.0,False,2021
1,27,29,9.0,23.0,2.0,6.0,3.0,4.0,14.0,21.0,2.0,3.0,7.0,9.0,0.12283085269253065,0.319672131147541,0.15370471010374076,0.5588235294117647,1.0,2.0,False,2021
1,13,1,9.0,18.0,1.0,6.0,7.0,12.0,10.0,17.0,6.0,9.0,7.0,9.0,0.11992974426256313,0.4230769230769231,0.07472708525713567,0.6517241379310345,1.0,1.0,False,2021
0,29,27,14.0,21.0,2.0,3.0,7.0,9.0,9.0,23.0,2.0,6.0,3.0,4.0,0.15370471010374076,0.5588235294117647,0.09826468215402452,0.3183673469387755,2.0,1.0,True,2021
1,6,12,11.0,19.0,7.0,12.0,8.0,9.0,14.0,20.0,4.0,11.0,12.0,14.0,0.09407341508500858,0.4389312977099237,0.0856976478396538,0.5342960288808665,1.0,1.0,True,2021
0,12,6,14.0,20.0,4.0,11.0,12.0,14.0,11.0,19.0,7.0,12.0,8.0,9.0,0.0856976478396538,0.5342960288808665,0.11525873206800685,0.44106463878326996,1.0,1.0,False,2021
0,1,13,10.0,17.0,6.0,9.0,7.0,9.0,9.0,18.0,1.0,6.0,7.0,12.0,0.07472708525713567,0.6517241379310345,0.0959437954100505,0.421455938697318,1.0,1.0,True,2021
0,18,19,10.0,20.0,3.0,5.0,12.0,17.0,6.0,19.0,4.0,9.0,4.0,6.0,0.1357175153629473,0.6057347670250897,0.03588246112176309,0.41365461847389556,1.0,1.0,True,2021
1,19,18,6.0,19.0,4.0,9.0,4.0,6.0,10.0,20.0,3.0,5.0,12.0,17.0,0.03588246112176309,0.41365461847389556,0.14857401229035783,0.6071428571428571,1.0,1.0,False,2021
1,4,9,9.0,16.0,3.0,6.0,9.0,15.0,13.0,21.0,6.0,9.0,6.0,6.0,0.10442783735455992,0.6584507042253521,0.1241960442088093,0.32926829268292684,3.0,2.0,True,2021
1,17,28,11.0,17.0,6.0,10.0,11.0,11.0,9.0,18.0,5.0,8.0,10.0,11.0,0.10704795150172382,0.5575539568345323,0.09731702568717701,0.30364372469635625,6.0,2.0,True,2021
0,21,10,15.0,25.0,5.0,8.0,4.0,8.0,9.0,22.0,4.0,8.0,4.0,7.0,0.057924425780715175,0.4262295081967213,0.05340452766488306,0.4144486692015209,2.0,2.0,True,2021
0,14,5,13.0,29.0,3.0,10.0,2.0,4.0,8.0,14.0,4.0,8.0,3.0,4.0,0.07434154511830586,0.4150197628458498,0.08597498252868829,0.5285171102661597,13.0,2.0,False,2021
1,5,14,8.0,14.0,4.0,8.0,3.0,4.0,13.0,29.0,3.0,10.0,2.0,4.0,0.08597498252868829,0.5285171102661597,0.05947323609464469,0.41338582677165353,2.0,13.0,True,2021
0,28,17,9.0,18.0,5.0,8.0,10.0,11.0,11.0,17.0,6.0,10.0,11.0,11.0,0.09731702568717701,0.30364372469635625,0.12563836120137906,0.5591397849462365,2.0,6.0,False,2021
1,10,21,9.0,22.0,4.0,8.0,4.0,7.0,15.0,25.0,5.0,8.0,4.0,8.0,0.05340452766488306,0.4144486692015209,0.08633954062457214,0.42857142857142855,2.0,2.0,False,2021
1,22,25,8.0,22.0,4.0,10.0,8.0,8.0,9.0,18.0,4.0,9.0,8.0,10.0,0.10504628910352236,0.5730337078651685,0.11811453980029774,0.6858108108108109,2.0,2.0,False,2021
0,26,24,9.0,16.0,3.0,9.0,6.0,7.0,14.0,24.0,4.0,9.0,4.0,6.0,0.06909777812157783,0.5708955223880597,0.17285870518615093,0.67,2.0,2.0,False,2021
0,25,22,9.0,18.0,4.0,9.0,8.0,10.0,8.0,22.0,4.0,10.0,8.0,8.0,0.11811453980029774,0.6858108108108109,0.08403703128281789,0.5708955223880597,2.0,2.0,True,2021
1,2,3,13.0,20.0,3.0,6.0,8.0,8.0,5.0,10.0,4.0,7.0,7.0,7.0,0.0844509703239172,0.616580310880829,0.12302690349387665,0.40601503759398494,2.0,2.0,True,2021
0,3,2,5.0,10.0,4.0,7.0,7.0,7.0,13.0,20.0,3.0,6.0,8.0,8.0,0.12302690349387665,0.40601503759398494,0.10756077625913377,0.6185567010309279,2.0,2.0,False,2021
0,9,4,13.0,21.0,6.0,9.0,6.0,6.0,9.0,16.0,3.0,6.0,9.0,15.0,0.1241960442088093,0.32926829268292684,0.12354226988364794,0.6596491228070176,2.0,3.0,False,2021
1,24,26,14.0,24.0,4.0,9.0,4.0,6.0,9.0,16.0,3.0,9.0,6.0,7.0,0.17285870518615093,0.67,0.05527822249726226,0.5687732342007435,2.0,2.0,True,2021
1,22,25,10.0,17.0,3.0,6.0,13.0,16.0,11.0,21.0,3.0,7.0,7.0,7.0,0.08403703128281789,0.5708955223880597,0.13449163184023818,0.6868686868686869,1.0,1.0,True,2021
1,0,23,11.0,21.0,7.0,12.0,7.0,8.0,10.0,18.0,4.0,9.0,6.0,7.0,0.07461804441599999,0.5333333333333333,0.058744289499013516,0.4314516129032258,2.0,2.0,True,2021
0,25,22,11.0,21.0,3.0,7.0,7.0,7.0,10.0,17.0,3.0,6.0,13.0,16.0,0.13449163184023818,0.6868686868686869,0.10722962502625433,0.5724907063197026,1.0,1.0,False,2021
1,19,18,8.0,13.0,6.0,9.0,10.0,10.0,10.0,19.0,3.0,6.0,4.0,4.0,0.02870596889741047,0.412,0.14857401229035783,0.6071428571428571,2.0,2.0,True,2021
1,10,21,11.0,23.0,5.0,8.0,4.0,10.0,10.0,18.0,4.0,12.0,7.0,8.0,0.04272362213190645,0.4128787878787879,0.08633954062457214,0.42857142857142855,1.0,1.0,True,2021
0,26,17,8.0,12.0,6.0,10.0,7.0,10.0,10.0,22.0,6.0,12.0,7.0,8.0,0.05527822249726226,0.5687732342007435,0.12563836120137906,0.5591397849462365,1.0,1.0,True,2021
1,17,26,10.0,22.0,6.0,12.0,7.0,8.0,8.0,12.0,6.0,10.0,7.0,10.0,0.12563836120137906,0.5591397849462365,0.08422257799780981,0.5703703703703704,1.0,1.0,False,2021
0,23,0,10.0,18.0,4.0,9.0,6.0,7.0,11.0,21.0,7.0,12.0,7.0,8.0,0.058744289499013516,0.4314516129032258,0.0996944355328,0.5625,2.0,2.0,False,2021
0,20,13,10.0,18.0,6.0,10.0,4.0,6.0,11.0,23.0,3.0,8.0,10.0,10.0,0.14669614431538486,0.5979020979020979,0.0959437954100505,0.421455938697318,2.0,2.0,True,2021
0,12,6,10.0,19.0,6.0,10.0,5.0,6.0,7.0,21.0,3.0,12.0,6.0,6.0,0.06855811827172305,0.5323741007194245,0.11525873206800685,0.44106463878326996,2.0,2.0,False,2021
1,27,2,11.0,19.0,6.0,10.0,2.0,2.0,10.0,21.0,3.0,6.0,4.0,6.0,0.09826468215402452,0.3183673469387755,0.10756077625913377,0.6185567010309279,2.0,1.0,False,2021
1,6,12,7.0,21.0,3.0,12.0,6.0,6.0,10.0,19.0,6.0,10.0,5.0,6.0,0.11525873206800685,0.44106463878326996,0.054846494617378436,0.5304659498207885,2.0,2.0,True,2021
0,2,27,10.0,21.0,3.0,6.0,4.0,6.0,11.0,19.0,6.0,10.0,2.0,2.0,0.10756077625913377,0.6185567010309279,0.07861174572321962,0.3170731707317073,1.0,2.0,True,2021
1,13,20,11.0,23.0,3.0,8.0,10.0,10.0,10.0,18.0,6.0,10.0,4.0,6.0,0.0959437954100505,0.421455938697318,0.1573569154523079,0.5993031358885017,2.0,2.0,False,2021
0,29,3,19.0,26.0,7.0,11.0,7.0,9.0,11.0,21.0,5.0,8.0,3.0,4.0,0.1629637680829926,0.5604395604395604,0.09842152279510133,0.4044943820224719,2.0,1.0,True,2021
0,18,19,10.0,19.0,3.0,6.0,4.0,4.0,8.0,13.0,6.0,9.0,10.0,10.0,0.14857401229035783,0.6071428571428571,0.06296477511792838,0.41434262948207173,2.0,2.0,False,2021
1,3,29,11.0,21.0,5.0,8.0,3.0,4.0,19.0,26.0,7.0,11.0,7.0,9.0,0.09842152279510133,0.4044943820224719,0.17037101446639408,0.5620437956204379,1.0,2.0,False,2021
0,21,10,10.0,18.0,4.0,12.0,7.0,8.0,11.0,23.0,5.0,8.0,4.0,10.0,0.08633954062457214,0.42857142857142855,0.07417889770552516,0.41509433962264153,1.0,1.0,False,2021
0,14,1,12.0,28.0,2.0,6.0,8.0,8.0,9.0,21.0,4.0,10.0,6.0,7.0,0.05947323609464469,0.41338582677165353,0.09978166820570854,0.6529209621993127,2.0,3.0,False,2021
1,9,24,12.0,23.0,3.0,7.0,11.0,11.0,8.0,16.0,2.0,6.0,7.0,8.0,0.09935683536704744,0.32793522267206476,0.1782869641489207,0.6732673267326733,2.0,2.0,True,2021
0,24,9,8.0,16.0,2.0,6.0,7.0,8.0,12.0,23.0,3.0,7.0,11.0,11.0,0.1782869641489207,0.6732673267326733,0.11948546829363796,0.33064516129032256,2.0,2.0,False,2021
1,1,14,9.0,21.0,4.0,10.0,6.0,7.0,12.0,28.0,2.0,6.0,8.0,8.0,0.09978166820570854,0.6529209621993127,0.04757858887571575,0.4117647058823529,3.0,2.0,True,2021
1,11,28,8.0,16.0,3.0,10.0,6.0,6.0,10.0,16.0,5.0,7.0,4.0,4.0,0.17969349472495205,0.5927272727272728,0.07785362054974161,0.3024193548387097,3.0,2.0,True,2021
0,28,11,10.0,16.0,5.0,7.0,4.0,4.0,8.0,16.0,3.0,10.0,6.0,6.0,0.07785362054974161,0.3024193548387097,0.18375479577996168,0.5942028985507246,2.0,3.0,False,2021
0,14,8,17.0,37.0,6.0,14.0,7.0,7.0,12.0,19.0,7.0,12.0,8.0,11.0,0.04757858887571575,0.4117647058823529,0.03651595971382492,0.4653846153846154,1.0,4.0,False,2021
1,10,15,11.0,18.0,3.0,8.0,8.0,8.0,10.0,17.0,7.0,12.0,7.0,8.0,0.07417889770552516,0.41509433962264153,0.06874955621269788,0.4087301587301587,2.0,5.0,False,2021
0,29,18,12.0,22.0,2.0,5.0,8.0,11.0,10.0,18.0,4.0,9.0,11.0,13.0,0.17037101446639408,0.5620437956204379,0.11885920983228626,0.604982206405694,2.0,2.0,False,2021
1,11,13,11.0,21.0,7.0,11.0,7.0,11.0,13.0,24.0,4.0,7.0,3.0,3.0,0.18375479577996168,0.5942028985507246,0.0767550363280404,0.4198473282442748,1.0,2.0,True,2021
0,13,11,13.0,24.0,4.0,7.0,3.0,3.0,11.0,21.0,7.0,11.0,7.0,11.0,0.0767550363280404,0.4198473282442748,0.18700383662396933,0.5956678700361011,2.0,1.0,False,2021
1,25,4,8.0,17.0,6.0,11.0,5.0,6.0,8.0,17.0,5.0,8.0,8.0,14.0,0.10759330547219055,0.6845637583892618,0.12354226988364794,0.6596491228070176,2.0,3.0,False,2021
0,4,25,8.0,17.0,5.0,8.0,8.0,14.0,8.0,17.0,6.0,11.0,5.0,6.0,0.12354226988364794,0.6596491228070176,0.08607464437775245,0.6822742474916388,3.0,2.0,True,2021
1,5,2,9.0,14.0,3.0,6.0,5.0,6.0,11.0,25.0,3.0,7.0,5.0,6.0,0.10877998602295062,0.5303030303030303,0.12604862100730702,0.6205128205128205,3.0,2.0,True,2021
0,2,5,11.0,25.0,3.0,7.0,5.0,6.0,9.0,14.0,3.0,6.0,5.0,6.0,0.12604862100730702,0.6205128205128205,0.1270239888183605,0.5320754716981132,2.0,3.0,False,2021
1,7,26,12.0,21.0,4.0,11.0,5.0,5.0,8.0,18.0,5.0,8.0,7.0,9.0,0.07103866143534408,0.3253968253968254,0.08422257799780981,0.5703703703703704,4.0,2.0,False,2021
0,26,7,8.0,18.0,5.0,8.0,7.0,9.0,12.0,21.0,4.0,11.0,5.0,5.0,0.08422257799780981,0.5703703703703704,0.05683092914827527,0.3241106719367589,2.0,4.0,True,2021
1,18,29,10.0,18.0,4.0,9.0,11.0,13.0,12.0,22.0,2.0,5.0,8.0,11.0,0.11885920983228626,0.604982206405694,0.13629681157311527,0.56,2.0,2.0,True,2021
1,3,19,10.0,24.0,3.0,6.0,8.0,10.0,7.0,13.0,4.0,8.0,10.0,10.0,0.07873721823608107,0.40298507462686567,0.06296477511792838,0.41434262948207173,2.0,2.0,True,2021
1,8,14,12.0,19.0,7.0,12.0,8.0,11.0,17.0,37.0,6.0,14.0,7.0,7.0,0.03651595971382492,0.4653846153846154,0.0380628711005726,0.41015625,4.0,1.0,True,2021
0,19,3,7.0,13.0,4.0,8.0,10.0,10.0,10.0,24.0,3.0,6.0,8.0,10.0,0.06296477511792838,0.41434262948207173,0.10298977458886485,0.4052044609665427,2.0,2.0,False,2021
0,22,21,12.0,22.0,5.0,10.0,3.0,4.0,8.0,18.0,4.0,9.0,5.0,5.0,0.10722962502625433,0.5724907063197026,0.06907163249965771,0.4268292682926829,2.0,2.0,True,2021
1,21,22,8.0,18.0,4.0,9.0,5.0,5.0,12.0,22.0,5.0,10.0,3.0,4.0,0.06907163249965771,0.4268292682926829,0.12578370002100345,0.5740740740740741,2.0,2.0,False,2021
0,6,9,13.0,26.0,5.0,9.0,8.0,8.0,9.0,22.0,3.0,8.0,11.0,12.0,0.13220698565440547,0.4431818181818182,0.11948546829363796,0.33064516129032256,2.0,1.0,True,2021
0,23,0,9.0,19.0,5.0,9.0,7.0,9.0,9.0,17.0,4.0,11.0,4.0,6.0,0.04699543159921081,0.42971887550200805,0.0996944355328,0.5625,2.0,2.0,False,2021
1,0,23,9.0,17.0,4.0,11.0,4.0,6.0,9.0,19.0,5.0,9.0,7.0,9.0,0.0996944355328,0.5625,0.03759634527936865,0.428,2.0,2.0,True,2021
0,20,12,9.0,14.0,3.0,7.0,4.0,4.0,7.0,16.0,3.0,10.0,3.0,4.0,0.1573569154523079,0.5993031358885017,0.054846494617378436,0.5304659498207885,2.0,2.0,True,2021
1,12,20,7.0,16.0,3.0,10.0,3.0,4.0,9.0,14.0,3.0,7.0,4.0,4.0,0.054846494617378436,0.5304659498207885,0.1658855323618463,0.6006944444444444,2.0,2.0,False,2021
0,15,10,10.0,17.0,7.0,12.0,7.0,8.0,11.0,18.0,3.0,8.0,8.0,8.0,0.06874955621269788,0.4087301587301587,0.05934311816442013,0.41353383458646614,5.0,2.0,True,2021
1,9,6,9.0,22.0,3.0,8.0,11.0,12.0,13.0,26.0,5.0,9.0,8.0,8.0,0.11948546829363796,0.33064516129032256,0.14576558852352436,0.44528301886792454,1.0,2.0,False,2021
1,7,0,6.0,15.0,3.0,8.0,7.0,8.0,10.0,20.0,5.0,10.0,2.0,2.0,0.05683092914827527,0.3241106719367589,0.11975554842623999,0.5882352941176471,1.0,1.0,True,2021
0,24,12,6.0,15.0,6.0,9.0,8.0,9.0,8.0,21.0,4.0,6.0,4.0,5.0,0.14262957131913656,0.6666666666666666,0.04387719569390275,0.5285714285714286,2.0,1.0,True,2021
0,0,7,10.0,20.0,5.0,10.0,2.0,2.0,6.0,15.0,3.0,8.0,7.0,8.0,0.11975554842623999,0.5882352941176471,0.08546474331862022,0.32677165354330706,1.0,1.0,False,2021
1,12,24,8.0,21.0,4.0,6.0,4.0,5.0,6.0,15.0,6.0,9.0,8.0,9.0,0.04387719569390275,0.5285714285714286,0.15410365705530923,0.6699029126213593,1.0,2.0,False,2021
0,17,1,11.0,23.0,7.0,13.0,3.0,4.0,11.0,23.0,3.0,10.0,5.0,6.0,0.10051068896110324,0.5571428571428572,0.11982533456456683,0.6541095890410958,3.0,2.0,False,2021
0,29,19,9.0,19.0,4.0,8.0,5.0,7.0,8.0,16.0,6.0,10.0,4.0,4.0,0.13629681157311527,0.56,0.0503718200943427,0.4126984126984127,1.0,1.0,False,2021
1,1,17,11.0,23.0,3.0,10.0,5.0,6.0,11.0,23.0,7.0,13.0,3.0,4.0,0.11982533456456683,0.6541095890410958,0.0804085511688826,0.5551601423487544,2.0,3.0,True,2021
1,19,29,8.0,16.0,6.0,10.0,4.0,4.0,9.0,19.0,4.0,8.0,5.0,7.0,0.0503718200943427,0.4126984126984127,0.10903744925849221,0.5579710144927537,1.0,1.0,True,2021
1,5,20,11.0,19.0,4.0,8.0,7.0,7.0,14.0,24.0,5.0,11.0,6.0,8.0,0.1270239888183605,0.5320754716981132,0.1658855323618463,0.6006944444444444,2.0,2.0,True,2021
0,15,25,8.0,14.0,5.0,8.0,6.0,7.0,11.0,20.0,3.0,8.0,10.0,14.0,0.0949996449701583,0.41106719367588934,0.08607464437775245,0.6822742474916388,2.0,2.0,True,2021
1,25,15,11.0,20.0,3.0,8.0,10.0,14.0,8.0,14.0,5.0,8.0,6.0,7.0,0.08607464437775245,0.6822742474916388,0.11599971597612664,0.41338582677165353,2.0,2.0,False,2021
0,13,11,8.0,17.0,3.0,8.0,7.0,10.0,10.0,17.0,7.0,12.0,7.0,8.0,0.06140402906243232,0.41825095057034223,0.18700383662396933,0.5956678700361011,2.0,2.0,False,2021
1,11,13,10.0,17.0,7.0,12.0,7.0,8.0,8.0,17.0,3.0,8.0,7.0,10.0,0.18700383662396933,0.5956678700361011,0.049123223249945856,0.4166666666666667,2.0,2.0,True,2021
0,9,14,10.0,18.0,5.0,9.0,16.0,17.0,10.0,26.0,3.0,8.0,7.0,8.0,0.09558837463491036,0.3293172690763052,0.0380628711005726,0.41015625,2.0,2.0,True,2021
1,10,24,8.0,13.0,2.0,7.0,7.0,7.0,10.0,19.0,3.0,9.0,6.0,6.0,0.05934311816442013,0.41353383458646614,0.15410365705530923,0.6699029126213593,2.0,1.0,False,2021
0,24,10,10.0,19.0,3.0,9.0,6.0,6.0,8.0,13.0,2.0,7.0,7.0,7.0,0.15410365705530923,0.6699029126213593,0.047474494531536106,0.41198501872659177,1.0,2.0,True,2021
1,26,6,8.0,15.0,6.0,9.0,10.0,13.0,10.0,16.0,5.0,9.0,4.0,4.0,0.10737806239824785,0.5719557195571956,0.14576558852352436,0.44528301886792454,2.0,2.0,False,2021
0,20,5,14.0,24.0,5.0,11.0,6.0,8.0,11.0,19.0,4.0,8.0,7.0,7.0,0.1658855323618463,0.6006944444444444,0.1416191910546884,0.5338345864661654,2.0,2.0,False,2021
0,6,26,10.0,16.0,5.0,9.0,4.0,4.0,8.0,15.0,6.0,9.0,10.0,13.0,0.14576558852352436,0.44528301886792454,0.08590244991859827,0.5698529411764706,2.0,2.0,True,2021
1,14,9,10.0,26.0,3.0,8.0,7.0,8.0,10.0,18.0,5.0,9.0,16.0,17.0,0.0380628711005726,0.41015625,0.1164706997079283,0.332,2.0,2.0,False,2021
1,28,3,9.0,19.0,5.0,8.0,6.0,7.0,9.0,18.0,4.0,6.0,5.0,6.0,0.06228289643979329,0.30120481927710846,0.10298977458886485,0.4052044609665427,3.0,2.0,True,2021
0,3,28,9.0,18.0,4.0,6.0,5.0,6.0,9.0,19.0,5.0,8.0,6.0,7.0,0.10298977458886485,0.4052044609665427,0.08982631715183462,0.304,2.0,3.0,False,2021
1,8,4,10.0,21.0,7.0,14.0,11.0,13.0,15.0,27.0,3.0,9.0,6.0,7.0,0.06921276777105995,0.4674329501915709,0.13883381590691835,0.6608391608391608,2.0,2.0,True,2021
0,4,8,15.0,27.0,3.0,9.0,6.0,7.0,10.0,21.0,7.0,14.0,11.0,13.0,0.13883381590691835,0.6608391608391608,0.09537021421684795,0.46946564885496184,2.0,2.0,False,2021
1,23,18,9.0,19.0,3.0,9.0,7.0,7.0,10.0,19.0,2.0,4.0,16.0,18.0,0.03759634527936865,0.428,0.135087367865829,0.6063829787234043,2.0,2.0,False,2021
0,18,23,10.0,19.0,2.0,4.0,16.0,18.0,9.0,19.0,3.0,9.0,7.0,7.0,0.135087367865829,0.6063829787234043,0.030077076223494918,0.4262948207171315,2.0,2.0,True,2021
1,21,22,7.0,14.0,5.0,9.0,2.0,4.0,9.0,20.0,3.0,10.0,6.0,9.0,0.05525730599972617,0.4251012145748988,0.12578370002100345,0.5740740740740741,2.0,2.0,True,2021
0,22,21,9.0,20.0,3.0,10.0,6.0,9.0,7.0,14.0,5.0,9.0,2.0,4.0,0.12578370002100345,0.5740740740740741,0.08420584479978092,0.4274193548387097,2.0,2.0,False,2021
0,15,12,12.0,26.0,6.0,13.0,3.0,8.0,8.0,19.0,4.0,8.0,14.0,16.0,0.11599971597612664,0.41338582677165353,0.035101756555122196,0.5266903914590747,1.0,2.0,False,2021
1,0,19,11.0,17.0,6.0,8.0,5.0,5.0,5.0,11.0,2.0,6.0,7.0,8.0,0.095804438740992,0.5555555555555556,0.08029745607547414,0.4150197628458498,2.0,2.0,True,2021
1,5,16,6.0,12.0,3.0,6.0,6.0,9.0,8.0,14.0,4.0,7.0,5.0,7.0,0.1416191910546884,0.5338345864661654,0.14883092023700772,0.38247011952191234,1.0,12.0,False,2021
0,16,5,8.0,14.0,4.0,7.0,5.0,7.0,6.0,12.0,3.0,6.0,6.0,9.0,0.14883092023700772,0.38247011952191234,0.11329535284375072,0.5318352059925093,12.0,1.0,True,2021
0,1,8,11.0,14.0,4.0,8.0,4.0,5.0,11.0,19.0,2.0,8.0,4.0,6.0,0.13586026765165346,0.6552901023890785,0.09537021421684795,0.46946564885496184,2.0,1.0,True,2021
1,12,15,8.0,19.0,4.0,8.0,14.0,16.0,12.0,26.0,6.0,13.0,3.0,8.0,0.035101756555122196,0.5266903914590747,0.09279977278090132,0.4117647058823529,2.0,1.0,True,2021
1,8,1,11.0,19.0,2.0,8.0,4.0,6.0,11.0,14.0,4.0,8.0,4.0,5.0,0.09537021421684795,0.46946564885496184,0.14868821412132277,0.6564625850340136,1.0,2.0,False,2021
0,19,0,5.0,11.0,2.0,6.0,7.0,8.0,11.0,17.0,6.0,8.0,5.0,5.0,0.08029745607547414,0.4150197628458498,0.11664355099279358,0.5789473684210527,2.0,2.0,False,2021
0,7,13,8.0,18.0,4.0,9.0,12.0,13.0,12.0,22.0,3.0,10.0,4.0,7.0,0.08546474331862022,0.32677165354330706,0.049123223249945856,0.4166666666666667,2.0,1.0,True,2021
1,21,4,10.0,22.0,5.0,11.0,9.0,9.0,12.0,19.0,5.0,10.0,10.0,18.0,0.08420584479978092,0.4274193548387097,0.11106705272553467,0.6585365853658537,1.0,1.0,True,2021
0,4,21,12.0,19.0,5.0,10.0,10.0,18.0,10.0,22.0,5.0,11.0,9.0,9.0,0.11106705272553467,0.6585365853658537,0.10736467583982474,0.42971887550200805,1.0,1.0,False,2021
1,27,17,12.0,18.0,6.0,11.0,5.0,5.0,15.0,26.0,8.0,17.0,6.0,7.0,0.07861174572321962,0.3170731707317073,0.0804085511688826,0.5551601423487544,5.0,2.0,False,2021
0,17,27,15.0,26.0,8.0,17.0,6.0,7.0,12.0,18.0,6.0,11.0,5.0,5.0,0.0804085511688826,0.5551601423487544,0.0628893965785757,0.3157894736842105,2.0,5.0,True,2021
1,2,29,13.0,19.0,2.0,5.0,4.0,6.0,11.0,25.0,4.0,11.0,5.0,7.0,0.10083889680584561,0.6173469387755102,0.10903744925849221,0.5579710144927537,3.0,2.0,False,2021
1,13,7,12.0,22.0,3.0,10.0,4.0,7.0,8.0,18.0,4.0,9.0,12.0,13.0,0.049123223249945856,0.4166666666666667,0.10837179465489617,0.32941176470588235,1.0,2.0,False,2021
0,29,2,11.0,25.0,4.0,11.0,5.0,7.0,13.0,19.0,2.0,5.0,4.0,6.0,0.10903744925849221,0.5579710144927537,0.08067111744467649,0.6142131979695431,2.0,3.0,True,2021
1,14,6,16.0,28.0,4.0,12.0,9.0,9.0,11.0,20.0,8.0,13.0,13.0,13.0,0.030450296880458076,0.4085603112840467,0.15661247081881952,0.4473684210526316,2.0,2.0,True,2021
0,6,14,11.0,20.0,8.0,13.0,13.0,13.0,16.0,28.0,4.0,12.0,9.0,9.0,0.15661247081881952,0.4473684210526316,0.06436023750436647,0.4108527131782946,2.0,2.0,False,2021
1,25,10,12.0,23.0,3.0,9.0,6.0,6.0,5.0,18.0,2.0,6.0,6.0,6.0,0.06885971550220196,0.68,0.047474494531536106,0.41198501872659177,2.0,2.0,True,2021
0,10,25,5.0,18.0,2.0,6.0,6.0,6.0,12.0,23.0,3.0,9.0,6.0,6.0,0.047474494531536106,0.41198501872659177,0.09508777240176156,0.6810631229235881,2.0,2.0,False,2021
1,28,24,9.0,18.0,4.0,8.0,5.0,6.0,8.0,16.0,3.0,8.0,11.0,11.0,0.08982631715183462,0.304,0.1632829256442474,0.6730769230769231,2.0,2.0,False,2021
0,24,28,8.0,16.0,3.0,8.0,11.0,11.0,9.0,18.0,4.0,8.0,5.0,6.0,0.1632829256442474,0.6730769230769231,0.0718610537214677,0.30278884462151395,2.0,2.0,True,2021
0,3,23,9.0,18.0,1.0,4.0,7.0,10.0,9.0,18.0,5.0,11.0,5.0,6.0,0.08239181967109188,0.40370370370370373,0.030077076223494918,0.4262948207171315,2.0,2.0,False,2021
1,22,18,10.0,21.0,4.0,10.0,6.0,6.0,10.0,19.0,3.0,5.0,5.0,12.0,0.10062696001680276,0.5719557195571956,0.1480698942926632,0.607773851590106,2.0,2.0,False,2021
0,18,22,10.0,19.0,3.0,5.0,5.0,12.0,10.0,21.0,4.0,10.0,6.0,6.0,0.1480698942926632,0.607773851590106,0.0805015680134422,0.5698529411764706,2.0,2.0,True,2021
1,20,11,17.0,26.0,5.0,6.0,9.0,10.0,8.0,13.0,5.0,11.0,8.0,10.0,0.13270842588947704,0.5986159169550173,0.18960306929917548,0.5971223021582733,2.0,2.0,True,2021
0,11,20,8.0,13.0,5.0,11.0,8.0,10.0,17.0,26.0,5.0,6.0,9.0,10.0,0.18960306929917548,0.5971223021582733,0.14616674071158164,0.6,2.0,2.0,False,2021
1,23,3,9.0,18.0,5.0,11.0,5.0,6.0,9.0,18.0,1.0,4.0,7.0,10.0,0.030077076223494918,0.4262948207171315,0.0659134557368735,0.4022140221402214,2.0,2.0,True,2021
0,17,4,11.0,18.0,5.0,8.0,5.0,5.0,10.0,14.0,4.0,6.0,3.0,4.0,0.10432684093510607,0.5567375886524822,0.08885364218042774,0.65625,2.0,2.0,False,2021
1,5,16,7.0,16.0,3.0,8.0,8.0,8.0,8.0,14.0,5.0,9.0,5.0,6.0,0.11329535284375072,0.5318352059925093,0.15906473618960618,0.38492063492063494,2.0,2.0,False,2021
0,16,5,8.0,14.0,5.0,9.0,5.0,6.0,7.0,16.0,3.0,8.0,8.0,8.0,0.15906473618960618,0.38492063492063494,0.09063628227500058,0.5298507462686567,2.0,2.0,True,2021
1,26,1,8.0,15.0,2.0,5.0,4.0,4.0,8.0,16.0,5.0,9.0,4.0,4.0,0.08590244991859827,0.5698529411764706,0.14868821412132277,0.6564625850340136,3.0,2.0,False,2021
0,1,26,8.0,16.0,5.0,9.0,4.0,4.0,8.0,15.0,2.0,5.0,4.0,4.0,0.14868821412132277,0.6564625850340136,0.06872195993487862,0.5677655677655677,2.0,3.0,True,2021
1,8,15,6.0,20.0,2.0,7.0,7.0,8.0,14.0,24.0,5.0,15.0,7.0,7.0,0.07629617137347836,0.467680608365019,0.09279977278090132,0.4117647058823529,2.0,2.0,False,2021
0,15,8,14.0,24.0,5.0,15.0,7.0,7.0,6.0,20.0,2.0,7.0,7.0,8.0,0.09279977278090132,0.4117647058823529,0.06103693709878268,0.4659090909090909,2.0,2.0,True,2021
1,4,17,10.0,14.0,4.0,6.0,3.0,4.0,11.0,18.0,5.0,8.0,5.0,5.0,0.08885364218042774,0.65625,0.08346147274808485,0.5547703180212014,2.0,2.0,True,2021
0,29,9,10.0,14.0,3.0,6.0,9.0,11.0,10.0,17.0,3.0,5.0,10.0,11.0,0.12722995940679377,0.5595667870036101,0.1164706997079283,0.332,2.0,3.0,True,2021
1,13,7,9.0,19.0,3.0,7.0,10.0,11.0,14.0,20.0,4.0,8.0,2.0,3.0,0.03929857859995668,0.41509433962264153,0.10837179465489617,0.32941176470588235,2.0,2.0,False,2021
0,7,13,14.0,20.0,4.0,8.0,2.0,3.0,9.0,19.0,3.0,7.0,10.0,11.0,0.10837179465489617,0.32941176470588235,0.03143886287996535,0.41353383458646614,2.0,2.0,True,2021
1,3,23,9.0,18.0,2.0,7.0,10.0,14.0,7.0,19.0,3.0,9.0,2.0,4.0,0.0659134557368735,0.4022140221402214,0.06406166097879593,0.42857142857142855,1.0,1.0,True,2021
0,23,3,7.0,19.0,3.0,9.0,2.0,4.0,9.0,18.0,2.0,7.0,10.0,14.0,0.06406166097879593,0.42857142857142855,0.0927307645894988,0.40441176470588236,1.0,1.0,False,2021
1,27,28,11.0,18.0,6.0,12.0,4.0,6.0,7.0,17.0,3.0,7.0,8.0,9.0,0.0628893965785757,0.3157894736842105,0.0718610537214677,0.30278884462151395,2.0,1.0,True,2021
0,28,27,7.0,17.0,3.0,7.0,8.0,9.0,11.0,18.0,6.0,12.0,4.0,6.0,0.0718610537214677,0.30278884462151395,0.09031151726286055,0.3185483870967742,1.0,2.0,False,2021
1,9,29,10.0,17.0,3.0,5.0,10.0,11.0,10.0,14.0,3.0,6.0,9.0,11.0,0.1164706997079283,0.332,0.14178396752543504,0.5611510791366906,3.0,2.0,False,2021
0,21,12,11.0,18.0,9.0,13.0,6.0,6.0,10.0,17.0,5.0,9.0,7.0,10.0,0.10736467583982474,0.42971887550200805,0.06808140524409775,0.5283687943262412,2.0,2.0,True,2021
1,12,21,10.0,17.0,5.0,9.0,7.0,10.0,11.0,18.0,9.0,13.0,6.0,6.0,0.06808140524409775,0.5283687943262412,0.1258917406718598,0.432,2.0,2.0,False,2021
0,16,22,10.0,18.0,3.0,6.0,6.0,6.0,13.0,16.0,5.0,7.0,4.0,6.0,0.16725178895168494,0.38735177865612647,0.0805015680134422,0.5698529411764706,1.0,2.0,False,2021
1,14,17,14.0,24.0,6.0,12.0,5.0,5.0,9.0,23.0,7.0,14.0,10.0,10.0,0.06436023750436647,0.4108527131782946,0.08346147274808485,0.5547703180212014,2.0,1.0,False,2021
0,17,14,9.0,23.0,7.0,14.0,10.0,10.0,14.0,24.0,6.0,12.0,5.0,5.0,0.08346147274808485,0.5547703180212014,0.051488190003493174,0.4092664092664093,1.0,2.0,True,2021
1,11,19,10.0,17.0,4.0,8.0,8.0,11.0,9.0,18.0,3.0,7.0,7.0,8.0,0.1516824554393404,0.5949820788530465,0.06423796486037932,0.41338582677165353,2.0,3.0,True,2021
0,19,11,9.0,18.0,3.0,7.0,7.0,8.0,10.0,17.0,4.0,8.0,8.0,11.0,0.06423796486037932,0.41338582677165353,0.1613459643514723,0.5964285714285714,3.0,2.0,False,2021
1,10,25,9.0,19.0,4.0,7.0,6.0,8.0,17.0,23.0,11.0,14.0,9.0,9.0,0.03797959562522889,0.41044776119402987,0.09508777240176156,0.6810631229235881,2.0,2.0,False,2021
1,6,24,15.0,23.0,6.0,8.0,8.0,8.0,12.0,24.0,5.0,8.0,8.0,9.0,0.12528997665505562,0.44569288389513106,0.1706263405153979,0.6761904761904762,2.0,2.0,True,2021
1,0,2,12.0,21.0,7.0,14.0,7.0,7.0,9.0,20.0,4.0,10.0,5.0,6.0,0.11664355099279358,0.5789473684210527,0.08067111744467649,0.6142131979695431,3.0,3.0,False,2021
0,2,0,9.0,20.0,4.0,10.0,5.0,6.0,12.0,21.0,7.0,14.0,7.0,7.0,0.08067111744467649,0.6142131979695431,0.09331484079423487,0.55,3.0,3.0,True,2021
0,24,6,12.0,24.0,5.0,8.0,8.0,9.0,15.0,23.0,6.0,8.0,8.0,8.0,0.1706263405153979,0.6761904761904762,0.1402319813240445,0.44776119402985076,2.0,2.0,False,2021
1,22,16,13.0,16.0,5.0,7.0,4.0,6.0,10.0,18.0,3.0,6.0,6.0,6.0,0.0805015680134422,0.5698529411764706,0.13380143116134796,0.3858267716535433,2.0,1.0,True,2021
0,25,10,17.0,23.0,11.0,14.0,9.0,9.0,9.0,19.0,4.0,7.0,6.0,8.0,0.09508777240176156,0.6810631229235881,0.03038367650018311,0.40892193308550184,2.0,2.0,True,2021
0,1,26,8.0,24.0,3.0,9.0,3.0,4.0,7.0,13.0,3.0,6.0,6.0,6.0,0.15895057129705822,0.6576271186440678,0.06872195993487862,0.5677655677655677,2.0,2.0,False,2021
1,8,7,12.0,17.0,4.0,7.0,7.0,7.0,9.0,20.0,2.0,7.0,7.0,8.0,0.06103693709878268,0.4659090909090909,0.12669743572391695,0.33203125,2.0,2.0,True,2021
1,26,1,7.0,13.0,3.0,6.0,6.0,6.0,8.0,24.0,3.0,9.0,3.0,4.0,0.06872195993487862,0.5677655677655677,0.12716045703764658,0.6554054054054054,2.0,2.0,True,2021
0,7,8,9.0,20.0,2.0,7.0,7.0,8.0,12.0,17.0,4.0,7.0,7.0,7.0,0.12669743572391695,0.33203125,0.08882954967902615,0.4679245283018868,2.0,2.0,False,2021
1,15,2,9.0,17.0,5.0,10.0,9.0,10.0,11.0,26.0,2.0,10.0,5.0,6.0,0.11423981822472104,0.4140625,0.1045368939557412,0.6161616161616161,2.0,1.0,True,2021
1,5,23,10.0,19.0,3.0,6.0,10.0,11.0,12.0,20.0,4.0,8.0,3.0,4.0,0.09063628227500058,0.5298507462686567,0.05124932878303674,0.4268774703557312,2.0,2.0,True,2021
0,22,4,14.0,25.0,3.0,7.0,4.0,4.0,8.0,15.0,4.0,8.0,7.0,8.0,0.10440125441075376,0.5714285714285714,0.1110829137443422,0.657439446366782,1.0,2.0,False,2021
0,2,15,11.0,26.0,2.0,10.0,5.0,6.0,9.0,17.0,5.0,10.0,9.0,10.0,0.1045368939557412,0.6161616161616161,0.13139185457977684,0.4163424124513619,1.0,2.0,False,2021
0,23,5,12.0,20.0,4.0,8.0,3.0,4.0,10.0,19.0,3.0,6.0,10.0,11.0,0.05124932878303674,0.4268774703557312,0.11250902582000047,0.5315985130111525,2.0,2.0,False,2021
1,4,22,8.0,15.0,4.0,8.0,7.0,8.0,14.0,25.0,3.0,7.0,4.0,4.0,0.1110829137443422,0.657439446366782,0.083521003528603,0.5693430656934306,2.0,1.0,True,2021
0,14,12,11.0,23.0,4.0,11.0,6.0,9.0,8.0,15.0,4.0,9.0,9.0,11.0,0.051488190003493174,0.4092664092664093,0.0544651241952782,0.5265017667844523,1.0,2.0,True,2021
1,3,24,11.0,21.0,1.0,3.0,5.0,7.0,13.0,20.0,8.0,9.0,4.0,4.0,0.0927307645894988,0.40441176470588236,0.13650107241231832,0.6698113207547169,2.0,1.0,False,2021
0,24,3,13.0,20.0,8.0,9.0,4.0,4.0,11.0,21.0,1.0,3.0,5.0,7.0,0.13650107241231832,0.6698113207547169,0.07418461167159904,0.40293040293040294,1.0,2.0,True,2021
1,21,18,9.0,19.0,3.0,11.0,8.0,10.0,11.0,17.0,4.0,7.0,9.0,10.0,0.1258917406718598,0.432,0.15845591543413057,0.6091549295774648,2.0,3.0,False,2021
0,18,21,11.0,17.0,4.0,7.0,9.0,10.0,9.0,19.0,3.0,11.0,8.0,10.0,0.15845591543413057,0.6091549295774648,0.10071339253748783,0.4302788844621514,3.0,2.0,True,2021
1,27,28,10.0,21.0,3.0,8.0,4.0,4.0,11.0,20.0,5.0,7.0,2.0,3.0,0.09031151726286055,0.3185483870967742,0.05748884297717416,0.30158730158730157,2.0,2.0,False,2021
1,12,14,8.0,15.0,4.0,9.0,9.0,11.0,11.0,23.0,4.0,11.0,6.0,9.0,0.0544651241952782,0.5265017667844523,0.08119055200279454,0.4115384615384615,2.0,1.0,False,2021
0,28,27,11.0,20.0,5.0,7.0,2.0,3.0,10.0,21.0,3.0,8.0,4.0,4.0,0.05748884297717416,0.30158730158730157,0.07224921381028844,0.3172690763052209,2.0,2.0,True,2021
0,13,9,10.0,20.0,5.0,10.0,10.0,10.0,16.0,21.0,4.0,8.0,9.0,9.0,0.03143886287996535,0.41353383458646614,0.09317655976634263,0.33067729083665337,2.0,2.0,True,2021
1,9,13,16.0,21.0,4.0,8.0,9.0,9.0,10.0,20.0,5.0,10.0,10.0,10.0,0.09317655976634263,0.33067729083665337,0.06515109030397229,0.4157303370786517,2.0,2.0,False,2021
1,29,20,12.0,19.0,2.0,5.0,5.0,6.0,7.0,17.0,2.0,6.0,4.0,4.0,0.14178396752543504,0.5611510791366906,0.14616674071158164,0.6,3.0,4.0,True,2021
0,1,16,7.0,18.0,4.0,9.0,6.0,6.0,6.0,15.0,3.0,7.0,4.0,5.0,0.12716045703764658,0.6554054054054054,0.13380143116134796,0.3858267716535433,1.0,2.0,True,2021
1,18,17,14.0,21.0,2.0,7.0,9.0,9.0,8.0,23.0,4.0,9.0,4.0,6.0,0.16676473234730443,0.6105263157894737,0.1067691781984679,0.5563380281690141,1.0,2.0,False,2021
1,16,1,6.0,15.0,3.0,7.0,4.0,5.0,7.0,18.0,4.0,9.0,6.0,6.0,0.13380143116134796,0.3858267716535433,0.14172836563011726,0.6565656565656566,2.0,1.0,False,2021
0,20,29,7.0,17.0,2.0,6.0,4.0,4.0,12.0,19.0,2.0,5.0,5.0,6.0,0.14616674071158164,0.6,0.15342717402034803,0.5627240143369175,4.0,3.0,False,2021
0,17,18,8.0,23.0,4.0,9.0,4.0,6.0,14.0,21.0,2.0,7.0,9.0,9.0,0.1067691781984679,0.5563380281690141,0.13341178587784355,0.6083916083916084,2.0,1.0,True,2021
0,0,13,14.0,21.0,7.0,10.0,6.0,6.0,9.0,20.0,5.0,11.0,8.0,9.0,0.09331484079423487,0.55,0.06515109030397229,0.4157303370786517,2.0,1.0,True,2021
1,9,11,7.0,16.0,4.0,6.0,4.0,4.0,9.0,18.0,5.0,8.0,5.0,6.0,0.07454124781307411,0.32936507936507936,0.1613459643514723,0.5964285714285714,1.0,2.0,False,2021
1,13,0,9.0,20.0,5.0,11.0,8.0,9.0,14.0,21.0,7.0,10.0,6.0,6.0,0.06515109030397229,0.4157303370786517,0.1146518726353879,0.5714285714285714,1.0,2.0,False,2021
0,11,9,9.0,18.0,5.0,8.0,5.0,6.0,7.0,16.0,4.0,6.0,4.0,4.0,0.1613459643514723,0.5964285714285714,0.05963299825045929,0.32806324110671936,2.0,1.0,True,2021
1,24,2,8.0,19.0,4.0,7.0,12.0,14.0,12.0,27.0,5.0,10.0,5.0,6.0,0.14920085792985466,0.6728971962616822,0.08362951516459297,0.6130653266331658,2.0,2.0,False,2021
1,7,19,8.0,14.0,3.0,7.0,4.0,6.0,7.0,16.0,2.0,8.0,5.0,7.0,0.10135794857913356,0.33073929961089493,0.051390371888303456,0.4117647058823529,2.0,3.0,True,2021
0,19,7,7.0,16.0,2.0,8.0,5.0,7.0,8.0,14.0,3.0,7.0,4.0,6.0,0.051390371888303456,0.4117647058823529,0.12108635886330685,0.3333333333333333,3.0,2.0,False,2021
1,10,27,17.0,29.0,4.0,10.0,8.0,8.0,9.0,21.0,4.0,9.0,7.0,7.0,0.03038367650018311,0.40892193308550184,0.07224921381028844,0.3172690763052209,3.0,2.0,True,2021
0,27,10,9.0,21.0,4.0,9.0,7.0,7.0,17.0,29.0,4.0,10.0,8.0,8.0,0.07224921381028844,0.3172690763052209,0.06430694120014649,0.4111111111111111,2.0,3.0,False,2021
1,26,23,10.0,19.0,3.0,6.0,4.0,8.0,9.0,19.0,6.0,12.0,2.0,2.0,0.0949775679479029,0.5693430656934306,0.04099946302642939,0.4251968503937008,2.0,2.0,False,2021
0,23,26,9.0,19.0,6.0,12.0,2.0,2.0,10.0,19.0,3.0,6.0,4.0,8.0,0.04099946302642939,0.4251968503937008,0.07598205435832231,0.5672727272727273,2.0,2.0,True,2021
0,14,12,7.0,14.0,2.0,7.0,5.0,7.0,11.0,17.0,5.0,9.0,11.0,11.0,0.08119055200279454,0.4115384615384615,0.04357209935622256,0.5246478873239436,2.0,2.0,False,2021
1,3,4,9.0,19.0,4.0,8.0,6.0,6.0,13.0,25.0,2.0,4.0,6.0,8.0,0.07418461167159904,0.40293040293040294,0.12886633099547376,0.6586206896551724,2.0,2.0,False,2021
1,21,11,14.0,27.0,4.0,9.0,6.0,6.0,10.0,18.0,7.0,10.0,5.0,6.0,0.10071339253748783,0.4302788844621514,0.16907677148117783,0.597864768683274,2.0,1.0,False,2021
1,22,8,7.0,15.0,7.0,13.0,4.0,4.0,12.0,21.0,5.0,9.0,6.0,9.0,0.083521003528603,0.5693430656934306,0.08882954967902615,0.4679245283018868,2.0,2.0,False,2021
0,8,22,12.0,21.0,5.0,9.0,6.0,9.0,7.0,15.0,7.0,13.0,4.0,4.0,0.08882954967902615,0.4679245283018868,0.06681680282288241,0.5672727272727273,2.0,2.0,True,2021
0,4,3,13.0,25.0,2.0,4.0,6.0,8.0,9.0,19.0,4.0,8.0,6.0,6.0,0.12886633099547376,0.6586206896551724,0.05934768933727923,0.40145985401459855,2.0,2.0,True,2021
0,11,21,10.0,18.0,7.0,10.0,5.0,6.0,14.0,27.0,4.0,9.0,6.0,6.0,0.16907677148117783,0.597864768683274,0.08057071402999026,0.42857142857142855,1.0,2.0,True,2021
1,6,25,6.0,12.0,5.0,9.0,7.0,9.0,12.0,23.0,6.0,9.0,9.0,10.0,0.1402319813240445,0.44776119402985076,0.11607021792140926,0.6821192052980133,3.0,3.0,False,2021
0,25,6,12.0,23.0,6.0,9.0,9.0,10.0,6.0,12.0,5.0,9.0,7.0,9.0,0.11607021792140926,0.6821192052980133,0.11218558505923559,0.44609665427509293,3.0,3.0,True,2021
0,2,24,12.0,27.0,5.0,10.0,5.0,6.0,8.0,19.0,4.0,7.0,12.0,14.0,0.08362951516459297,0.6130653266331658,0.11936068634388372,0.6666666666666666,2.0,2.0,True,2021
1,12,14,11.0,17.0,5.0,9.0,11.0,11.0,7.0,14.0,2.0,7.0,5.0,7.0,0.04357209935622256,0.5246478873239436,0.06495244160223564,0.4099616858237548,2.0,2.0,True,2021
0,17,28,10.0,20.0,6.0,12.0,3.0,5.0,10.0,19.0,4.0,9.0,6.0,8.0,0.12541534255877432,0.5578947368421052,0.08599107438173934,0.30434782608695654,2.0,3.0,False,2021
0,20,15,20.0,33.0,3.0,7.0,7.0,7.0,10.0,20.0,5.0,9.0,3.0,5.0,0.11693339256926531,0.5979381443298969,0.13139185457977684,0.4163424124513619,2.0,3.0,False,2021
1,18,6,10.0,21.0,3.0,7.0,12.0,14.0,10.0,20.0,5.0,13.0,4.0,4.0,0.13341178587784355,0.6083916083916084,0.11218558505923559,0.44609665427509293,2.0,1.0,True,2021
1,15,20,10.0,20.0,5.0,9.0,3.0,5.0,20.0,33.0,3.0,7.0,7.0,7.0,0.13139185457977684,0.4163424124513619,0.09354671405541225,0.5958904109589042,3.0,2.0,True,2021
1,28,17,10.0,19.0,4.0,9.0,6.0,8.0,10.0,20.0,6.0,12.0,3.0,5.0,0.08599107438173934,0.30434782608695654,0.10033227404701946,0.5559440559440559,3.0,2.0,True,2021
0,27,10,16.0,25.0,5.0,10.0,3.0,5.0,7.0,17.0,2.0,5.0,4.0,4.0,0.057799371048230755,0.316,0.06430694120014649,0.4111111111111111,1.0,1.0,True,2021
0,23,26,12.0,21.0,3.0,11.0,4.0,6.0,12.0,22.0,2.0,6.0,6.0,6.0,0.07279957042114352,0.42745098039215684,0.07598205435832231,0.5672727272727273,1.0,1.0,False,2021
1,8,16,11.0,20.0,5.0,9.0,9.0,11.0,9.0,17.0,3.0,7.0,5.0,6.0,0.11106363974322091,0.4699248120300752,0.10704114492907837,0.3843137254901961,1.0,2.0,True,2021
0,6,18,10.0,20.0,5.0,13.0,4.0,4.0,10.0,21.0,3.0,7.0,12.0,14.0,0.11218558505923559,0.44609665427509293,0.14672942870227484,0.6097560975609756,1.0,2.0,False,2021
1,10,27,7.0,17.0,2.0,5.0,4.0,4.0,16.0,25.0,5.0,10.0,3.0,5.0,0.06430694120014649,0.4111111111111111,0.08623949683858459,0.3187250996015936,1.0,1.0,False,2021
0,25,9,10.0,18.0,3.0,7.0,10.0,13.0,10.0,15.0,5.0,8.0,14.0,14.0,0.1328561743371274,0.6831683168316832,0.05963299825045929,0.32806324110671936,1.0,2.0,False,2021
0,19,29,11.0,27.0,5.0,11.0,7.0,7.0,13.0,26.0,3.0,7.0,8.0,8.0,0.04111229751064276,0.41015625,0.15342717402034803,0.5627240143369175,1.0,2.0,False,2021
1,13,0,12.0,23.0,7.0,12.0,11.0,14.0,19.0,31.0,11.0,19.0,8.0,8.0,0.05212087224317783,0.4141791044776119,0.1146518726353879,0.5714285714285714,2.0,2.0,True,2021
1,29,19,13.0,26.0,3.0,7.0,8.0,8.0,11.0,27.0,5.0,11.0,7.0,7.0,0.15342717402034803,0.5627240143369175,0.03288983800851421,0.4085603112840467,2.0,1.0,True,2021
1,9,25,10.0,15.0,5.0,8.0,14.0,14.0,10.0,18.0,3.0,7.0,10.0,13.0,0.05963299825045929,0.32806324110671936,0.10628493946970193,0.680921052631579,2.0,1.0,True,2021
1,3,4,12.0,18.0,2.0,6.0,4.0,6.0,8.0,15.0,6.0,6.0,7.0,11.0,0.05934768933727923,0.40145985401459855,0.143093064796379,0.6597938144329897,1.0,1.0,False,2021
0,0,13,19.0,31.0,11.0,19.0,8.0,8.0,12.0,23.0,7.0,12.0,11.0,14.0,0.1146518726353879,0.5714285714285714,0.08169669779454226,0.4163568773234201,2.0,2.0,False,2021
0,4,3,8.0,15.0,6.0,6.0,7.0,11.0,12.0,18.0,2.0,6.0,4.0,6.0,0.143093064796379,0.6597938144329897,0.047478151469823385,0.4,1.0,1.0,True,2021
0,16,8,9.0,17.0,3.0,7.0,5.0,6.0,11.0,20.0,5.0,9.0,9.0,11.0,0.10704114492907837,0.3843137254901961,0.12885091179457672,0.47191011235955055,2.0,1.0,False,2021
0,5,1,9.0,16.0,3.0,7.0,11.0,12.0,10.0,19.0,4.0,8.0,6.0,9.0,0.11250902582000047,0.5315985130111525,0.14172836563011726,0.6565656565656566,3.0,2.0,True,2021
1,1,5,10.0,19.0,4.0,8.0,6.0,9.0,9.0,16.0,3.0,7.0,11.0,12.0,0.14172836563011726,0.6565656565656566,0.13000722065600037,0.5333333333333333,2.0,3.0,False,2021
1,26,23,12.0,22.0,2.0,6.0,6.0,6.0,12.0,21.0,3.0,11.0,4.0,6.0,0.07598205435832231,0.5672727272727273,0.058239656336914816,0.42578125,1.0,1.0,True,2021
1,24,15,9.0,21.0,3.0,5.0,10.0,10.0,15.0,25.0,3.0,9.0,5.0,8.0,0.11936068634388372,0.6666666666666666,0.14511348366382149,0.4186046511627907,2.0,1.0,False,2021
1,7,2,8.0,16.0,4.0,8.0,3.0,3.0,8.0,22.0,4.0,11.0,4.0,4.0,0.12108635886330685,0.3333333333333333,0.10690361213167436,0.615,2.0,2.0,True,2021
0,2,7,8.0,22.0,4.0,11.0,4.0,4.0,8.0,16.0,4.0,8.0,3.0,3.0,0.10690361213167436,0.615,0.1368690870906455,0.3359073359073359,2.0,2.0,False,2021
0,12,28,10.0,17.0,4.0,10.0,11.0,12.0,10.0,18.0,7.0,14.0,3.0,4.0,0.07485767948497804,0.5263157894736842,0.10879285950539146,0.30708661417322836,2.0,1.0,True,2021
1,28,12,10.0,18.0,7.0,14.0,3.0,4.0,10.0,17.0,4.0,10.0,11.0,12.0,0.10879285950539146,0.30708661417322836,0.09988614358798245,0.527972027972028,1.0,2.0,False,2021
0,11,22,9.0,24.0,4.0,10.0,5.0,9.0,8.0,20.0,2.0,5.0,4.0,6.0,0.17526141718494226,0.599290780141844,0.06681680282288241,0.5672727272727273,2.0,2.0,True,2021
1,21,14,9.0,17.0,5.0,9.0,7.0,10.0,11.0,22.0,3.0,9.0,6.0,8.0,0.08057071402999026,0.42857142857142855,0.06495244160223564,0.4099616858237548,2.0,2.0,True,2021
0,14,21,11.0,22.0,3.0,9.0,6.0,8.0,9.0,17.0,5.0,9.0,7.0,10.0,0.06495244160223564,0.4099616858237548,0.10445657122399221,0.4308300395256917,2.0,2.0,False,2021
0,15,24,15.0,25.0,3.0,9.0,5.0,8.0,9.0,21.0,3.0,5.0,10.0,10.0,0.14511348366382149,0.4186046511627907,0.09548854907510698,0.6605504587155964,1.0,2.0,True,2021
1,22,11,8.0,20.0,2.0,5.0,4.0,6.0,9.0,24.0,4.0,10.0,5.0,9.0,0.06681680282288241,0.5672727272727273,0.1802091337479538,0.6007067137809188,2.0,2.0,False,2021
0,25,16,11.0,18.0,6.0,9.0,12.0,12.0,8.0,20.0,4.0,10.0,11.0,12.0,0.10628493946970193,0.680921052631579,0.0856329159432627,0.3828125,2.0,2.0,True,2021
1,29,26,11.0,22.0,4.0,10.0,6.0,10.0,10.0,25.0,4.0,8.0,5.0,5.0,0.1627417392162784,0.5642857142857143,0.10078564348665786,0.5688405797101449,2.0,2.0,True,2021
1,5,0,10.0,19.0,3.0,9.0,8.0,8.0,10.0,17.0,6.0,11.0,6.0,6.0,0.13000722065600037,0.5333333333333333,0.09172149810831032,0.5454545454545454,2.0,2.0,True,2021
0,0,5,10.0,17.0,6.0,11.0,6.0,6.0,10.0,19.0,3.0,9.0,8.0,8.0,0.09172149810831032,0.5454545454545454,0.1440057765248003,0.5350553505535055,2.0,2.0,False,2021
1,7,3,14.0,27.0,5.0,9.0,5.0,7.0,10.0,18.0,2.0,5.0,4.0,5.0,0.1368690870906455,0.3359073359073359,0.047478151469823385,0.4,1.0,2.0,True,2021
0,3,7,10.0,18.0,2.0,5.0,4.0,5.0,14.0,27.0,5.0,9.0,5.0,7.0,0.047478151469823385,0.4,0.1494952696725164,0.3384615384615385,2.0,1.0,False,2021
1,16,25,8.0,20.0,4.0,10.0,11.0,12.0,11.0,18.0,6.0,9.0,12.0,12.0,0.0856329159432627,0.3828125,0.12502795157576155,0.6819672131147541,2.0,2.0,False,2021
1,20,4,13.0,26.0,3.0,7.0,6.0,6.0,11.0,23.0,3.0,6.0,11.0,11.0,0.09354671405541225,0.5958904109589042,0.1544744518371032,0.660958904109589,2.0,2.0,False,2021
0,4,20,11.0,23.0,3.0,6.0,11.0,11.0,13.0,26.0,3.0,7.0,6.0,6.0,0.1544744518371032,0.660958904109589,0.07483737124432979,0.5938566552901023,2.0,2.0,True,2021
1,13,23,10.0,22.0,4.0,9.0,7.0,9.0,10.0,21.0,6.0,12.0,5.0,6.0,0.08169669779454226,0.4163568773234201,0.058239656336914816,0.42578125,2.0,2.0,True,2021
0,23,13,10.0,21.0,6.0,12.0,5.0,6.0,10.0,22.0,4.0,9.0,7.0,9.0,0.058239656336914816,0.42578125,0.10535735823563382,0.4185185185185185,2.0,2.0,False,2021
1,21,1,8.0,18.0,7.0,12.0,8.0,8.0,7.0,18.0,4.0,10.0,4.0,4.0,0.10445657122399221,0.4308300395256917,0.1133826925040938,0.6543624161073825,1.0,2.0,True,2021
0,1,21,7.0,18.0,4.0,10.0,4.0,4.0,8.0,18.0,7.0,12.0,8.0,8.0,0.1133826925040938,0.6543624161073825,0.12356525697919377,0.4330708661417323,2.0,1.0,False,2021
1,27,14,12.0,26.0,3.0,8.0,8.0,11.0,10.0,24.0,4.0,11.0,14.0,15.0,0.08623949683858459,0.3187250996015936,0.05196195328178851,0.4083969465648855,2.0,1.0,False,2021
0,14,27,10.0,24.0,4.0,11.0,14.0,15.0,12.0,26.0,3.0,8.0,8.0,11.0,0.05196195328178851,0.4083969465648855,0.06899159747086767,0.31746031746031744,1.0,2.0,True,2021
0,26,29,10.0,25.0,4.0,8.0,5.0,5.0,11.0,22.0,4.0,10.0,6.0,10.0,0.10078564348665786,0.5688405797101449,0.17019339137302275,0.5658362989323843,2.0,2.0,False,2021
1,15,18,13.0,30.0,6.0,16.0,5.0,8.0,8.0,15.0,4.0,6.0,13.0,14.0,0.15609078693105718,0.42084942084942084,0.14672942870227484,0.6097560975609756,2.0,3.0,False,2021
0,18,15,8.0,15.0,4.0,6.0,13.0,14.0,13.0,30.0,6.0,16.0,5.0,8.0,0.14672942870227484,0.6097560975609756,0.12487262954484575,0.41923076923076924,3.0,2.0,True,2021
1,11,2,12.0,23.0,6.0,13.0,9.0,10.0,12.0,20.0,5.0,6.0,8.0,8.0,0.1802091337479538,0.6007067137809188,0.08552288970533949,0.6119402985074627,2.0,2.0,True,2021
0,2,11,12.0,20.0,5.0,6.0,8.0,8.0,12.0,23.0,6.0,13.0,9.0,10.0,0.08552288970533949,0.6119402985074627,0.18416730699836303,0.602112676056338,2.0,2.0,False,2021
1,5,0,5.0,16.0,3.0,6.0,4.0,4.0,11.0,20.0,4.0,10.0,6.0,8.0,0.1440057765248003,0.5350553505535055,0.07337719848664825,0.5217391304347826,1.0,1.0,False,2021
0,0,5,11.0,20.0,4.0,10.0,6.0,8.0,5.0,16.0,3.0,6.0,4.0,4.0,0.07337719848664825,0.5217391304347826,0.11520462121984024,0.5330882352941176,1.0,1.0,True,2021
0,6,19,12.0,28.0,2.0,9.0,7.0,7.0,11.0,19.0,4.0,8.0,8.0,12.0,0.08974846804738848,0.4444444444444444,0.03288983800851421,0.4085603112840467,3.0,3.0,False,2021
1,8,1,9.0,16.0,3.0,9.0,8.0,10.0,11.0,23.0,4.0,10.0,4.0,6.0,0.12885091179457672,0.47191011235955055,0.09070615400327504,0.6521739130434783,3.0,1.0,True,2021
0,10,17,10.0,21.0,3.0,7.0,5.0,9.0,9.0,22.0,5.0,10.0,13.0,13.0,0.05144555296011719,0.4095940959409594,0.10033227404701946,0.5559440559440559,3.0,3.0,False,2021
0,1,8,11.0,23.0,4.0,10.0,4.0,6.0,9.0,16.0,3.0,9.0,8.0,10.0,0.09070615400327504,0.6521739130434783,0.14308072943566139,0.47388059701492535,1.0,3.0,False,2021
1,12,28,7.0,15.0,6.0,8.0,13.0,16.0,8.0,18.0,3.0,7.0,3.0,4.0,0.09988614358798245,0.527972027972028,0.08703428760431317,0.3058823529411765,2.0,2.0,True,2021
0,28,12,8.0,18.0,3.0,7.0,3.0,4.0,7.0,15.0,6.0,8.0,13.0,16.0,0.08703428760431317,0.3058823529411765,0.11990891487038595,0.5296167247386759,2.0,2.0,False,2021
1,19,6,11.0,19.0,4.0,8.0,8.0,12.0,12.0,28.0,2.0,9.0,7.0,7.0,0.03288983800851421,0.4085603112840467,0.07179877443791079,0.44280442804428044,3.0,3.0,True,2021
1,17,10,9.0,22.0,5.0,10.0,13.0,13.0,10.0,21.0,3.0,7.0,5.0,9.0,0.10033227404701946,0.5559440559440559,0.04115644236809375,0.40808823529411764,3.0,3.0,True,2021
1,29,26,9.0,20.0,3.0,9.0,8.0,8.0,11.0,18.0,2.0,5.0,5.0,7.0,0.17019339137302275,0.5658362989323843,0.08062851478932628,0.5667870036101083,2.0,2.0,True,2021
0,25,14,10.0,18.0,5.0,8.0,6.0,7.0,9.0,20.0,3.0,9.0,7.0,7.0,0.12502795157576155,0.6819672131147541,0.0815695626254308,0.41064638783269963,2.0,2.0,True,2021
1,14,25,9.0,20.0,3.0,9.0,7.0,7.0,10.0,18.0,5.0,8.0,6.0,7.0,0.0815695626254308,0.41064638783269963,0.14002236126060924,0.6830065359477124,2.0,2.0,False,2021
1,7,4,11.0,21.0,4.0,7.0,7.0,9.0,15.0,23.0,5.0,8.0,17.0,21.0,0.1494952696725164,0.3384615384615385,0.16357956146968256,0.6621160409556314,2.0,2.0,True,2021
0,4,7,15.0,23.0,5.0,8.0,17.0,21.0,11.0,21.0,4.0,7.0,7.0,9.0,0.16357956146968256,0.6621160409556314,0.1595962157380131,0.34099616858237547,2.0,2.0,False,2021
1,23,24,9.0,15.0,4.0,11.0,7.0,7.0,13.0,25.0,5.0,7.0,6.0,7.0,0.04659172506953185,0.42412451361867703,0.09548854907510698,0.6605504587155964,2.0,3.0,False,2021
1,16,21,10.0,14.0,6.0,12.0,3.0,4.0,12.0,17.0,6.0,9.0,4.0,4.0,0.06850633275461016,0.38132295719844356,0.12356525697919377,0.4330708661417323,2.0,2.0,True,2021
0,21,16,12.0,17.0,6.0,9.0,4.0,4.0,10.0,14.0,6.0,12.0,3.0,4.0,0.12356525697919377,0.4330708661417323,0.09480506620368813,0.38372093023255816,2.0,2.0,False,2021
0,26,29,11.0,18.0,2.0,5.0,5.0,7.0,9.0,20.0,3.0,9.0,8.0,8.0,0.08062851478932628,0.5667870036101083,0.17615471309841818,0.5673758865248227,2.0,2.0,False,2021
0,3,20,7.0,12.0,3.0,5.0,4.0,5.0,7.0,10.0,4.0,7.0,6.0,7.0,0.03798252117585871,0.39855072463768115,0.07483737124432979,0.5938566552901023,2.0,2.0,False,2021
1,20,3,7.0,10.0,4.0,7.0,6.0,7.0,7.0,12.0,3.0,5.0,4.0,5.0,0.07483737124432979,0.5938566552901023,0.030386016940686968,0.3971119133574007,2.0,2.0,True,2021
0,22,6,7.0,20.0,4.0,8.0,2.0,4.0,8.0,17.0,3.0,7.0,17.0,17.0,0.05345344225830593,0.5652173913043478,0.07179877443791079,0.44280442804428044,3.0,1.0,False,2021
1,6,22,8.0,17.0,3.0,7.0,17.0,17.0,7.0,20.0,4.0,8.0,2.0,4.0,0.07179877443791079,0.44280442804428044,0.042762753806644745,0.5631768953068592,1.0,3.0,True,2021
0,8,27,12.0,19.0,4.0,10.0,7.0,8.0,17.0,25.0,9.0,17.0,3.0,4.0,0.14308072943566139,0.47388059701492535,0.06899159747086767,0.31746031746031744,1.0,2.0,False,2021
0,24,23,13.0,25.0,5.0,7.0,6.0,7.0,9.0,15.0,4.0,11.0,7.0,7.0,0.09548854907510698,0.6605504587155964,0.037273380055625485,0.42248062015503873,3.0,2.0,True,2021
0,9,13,13.0,22.0,4.0,11.0,6.0,6.0,9.0,18.0,3.0,7.0,8.0,10.0,0.08770639860036743,0.33070866141732286,0.10535735823563382,0.4185185185185185,4.0,2.0,False,2021
1,13,9,9.0,18.0,3.0,7.0,8.0,10.0,13.0,22.0,4.0,11.0,6.0,6.0,0.10535735823563382,0.4185185185185185,0.07016511888029395,0.32941176470588235,2.0,4.0,True,2021
1,27,8,17.0,25.0,9.0,17.0,3.0,4.0,12.0,19.0,4.0,10.0,7.0,8.0,0.06899159747086767,0.31746031746031744,0.1144645835485291,0.4721189591078067,2.0,1.0,True,2021
1,1,12,7.0,13.0,4.0,10.0,4.0,6.0,8.0,18.0,5.0,11.0,10.0,11.0,0.07256492320262004,0.65,0.11990891487038595,0.5296167247386759,2.0,2.0,False,2021
1,0,10,14.0,26.0,10.0,19.0,3.0,5.0,8.0,27.0,4.0,8.0,6.0,6.0,0.09870175878931861,0.5416666666666666,0.04115644236809375,0.40808823529411764,2.0,2.0,True,2021
1,17,18,9.0,21.0,5.0,11.0,14.0,15.0,13.0,25.0,3.0,7.0,9.0,11.0,0.12026581923761556,0.5574912891986062,0.15738354296181986,0.6111111111111112,2.0,2.0,True,2021
0,18,17,13.0,25.0,3.0,7.0,9.0,11.0,9.0,21.0,5.0,11.0,14.0,15.0,0.15738354296181986,0.6111111111111112,0.13621265539009247,0.5590277777777778,2.0,2.0,False,2021
0,22,19,9.0,19.0,3.0,6.0,6.0,7.0,8.0,17.0,2.0,6.0,6.0,8.0,0.042762753806644745,0.5631768953068592,0.06631187040681137,0.4108527131782946,1.0,2.0,True,2021
1,2,25,8.0,14.0,6.0,8.0,6.0,6.0,10.0,15.0,2.0,4.0,5.0,7.0,0.06841831176427159,0.6089108910891089,0.14002236126060924,0.6830065359477124,2.0,1.0,True,2021
0,25,2,10.0,15.0,2.0,4.0,5.0,7.0,8.0,14.0,6.0,8.0,6.0,6.0,0.14002236126060924,0.6830065359477124,0.09473464941141728,0.6108374384236454,1.0,2.0,False,2021
1,19,22,8.0,17.0,2.0,6.0,6.0,8.0,9.0,19.0,3.0,6.0,6.0,7.0,0.06631187040681137,0.4108527131782946,0.0742102030453158,0.564748201438849,2.0,1.0,False,2021
0,10,0,8.0,27.0,4.0,8.0,6.0,6.0,14.0,26.0,10.0,19.0,3.0,5.0,0.04115644236809375,0.40808823529411764,0.11896140703145489,0.56,2.0,2.0,False,2021
0,12,1,8.0,18.0,5.0,11.0,10.0,11.0,7.0,13.0,4.0,10.0,4.0,6.0,0.11990891487038595,0.5296167247386759,0.05805193856209603,0.6478405315614618,2.0,2.0,True,2021
0,4,11,12.0,20.0,3.0,9.0,7.0,9.0,10.0,20.0,7.0,11.0,13.0,14.0,0.13086364917574606,0.6598639455782312,0.18416730699836303,0.602112676056338,2.0,3.0,False,2021
0,3,17,8.0,16.0,3.0,7.0,8.0,15.0,9.0,16.0,4.0,9.0,6.0,8.0,0.030386016940686968,0.3971119133574007,0.13621265539009247,0.5590277777777778,2.0,1.0,False,2021
1,17,3,9.0,16.0,4.0,9.0,6.0,8.0,8.0,16.0,3.0,7.0,8.0,15.0,0.13621265539009247,0.5590277777777778,0.024308813552549574,0.39568345323741005,1.0,2.0,True,2021
1,15,10,7.0,15.0,5.0,12.0,4.0,5.0,17.0,22.0,6.0,10.0,6.0,8.0,0.12487262954484575,0.41923076923076924,0.032925153894475,0.4065934065934066,3.0,1.0,False,2021
1,2,19,11.0,22.0,3.0,7.0,12.0,13.0,10.0,16.0,7.0,7.0,7.0,9.0,0.09473464941141728,0.6108374384236454,0.0530494963254491,0.4092664092664093,1.0,1.0,False,2021
1,11,4,10.0,20.0,7.0,11.0,13.0,14.0,12.0,20.0,3.0,9.0,7.0,9.0,0.18416730699836303,0.602112676056338,0.10469091934059685,0.6576271186440678,3.0,2.0,True,2021
0,28,14,8.0,15.0,2.0,7.0,6.0,7.0,10.0,22.0,4.0,10.0,3.0,6.0,0.06962743008345054,0.3046875,0.06525565010034465,0.4090909090909091,3.0,2.0,True,2021
1,14,28,10.0,22.0,4.0,10.0,3.0,6.0,8.0,15.0,2.0,7.0,6.0,7.0,0.06525565010034465,0.4090909090909091,0.09570194406676043,0.30739299610894943,2.0,3.0,False,2021
1,29,16,16.0,27.0,2.0,8.0,9.0,14.0,9.0,18.0,6.0,10.0,7.0,8.0,0.17615471309841818,0.5673758865248227,0.09480506620368813,0.38372093023255816,2.0,2.0,True,2021
0,16,29,9.0,18.0,6.0,10.0,7.0,8.0,16.0,27.0,2.0,8.0,9.0,14.0,0.09480506620368813,0.38372093023255816,0.18092377047873456,0.568904593639576,2.0,2.0,False,2021
0,10,15,17.0,22.0,6.0,10.0,6.0,8.0,7.0,15.0,5.0,12.0,4.0,5.0,0.032925153894475,0.4065934065934066,0.0998981036358766,0.41762452107279696,1.0,3.0,True,2021
0,26,20,7.0,15.0,3.0,8.0,3.0,4.0,9.0,19.0,3.0,11.0,3.0,4.0,0.06450281183146103,0.564748201438849,0.09986989699546385,0.5952380952380952,2.0,2.0,False,2021
1,13,8,17.0,30.0,8.0,13.0,7.0,9.0,14.0,23.0,4.0,10.0,8.0,11.0,0.12428588658850706,0.42066420664206644,0.1144645835485291,0.4721189591078067,2.0,2.0,True,2021
0,8,13,14.0,23.0,4.0,10.0,8.0,11.0,17.0,30.0,8.0,13.0,7.0,9.0,0.1144645835485291,0.4721189591078067,0.13942870927080564,0.4227941176470588,2.0,2.0,False,2021
1,21,23,13.0,21.0,6.0,10.0,9.0,9.0,12.0,21.0,7.0,13.0,2.0,2.0,0.09885220558335502,0.43137254901960786,0.037273380055625485,0.42248062015503873,2.0,2.0,True,2021
0,23,21,12.0,21.0,7.0,13.0,2.0,2.0,13.0,21.0,6.0,10.0,9.0,9.0,0.037273380055625485,0.42248062015503873,0.11908176446668402,0.43359375,2.0,2.0,False,2021
0,24,27,14.0,21.0,6.0,8.0,4.0,5.0,11.0,21.0,4.0,8.0,7.0,7.0,0.11639083926008557,0.6636363636363637,0.09519327797669414,0.3201581027667984,2.0,2.0,True,2021
0,19,2,10.0,16.0,7.0,7.0,7.0,9.0,11.0,22.0,3.0,7.0,12.0,13.0,0.0530494963254491,0.4092664092664093,0.07578771952913382,0.6078431372549019,1.0,1.0,True,2021
1,9,5,8.0,15.0,4.0,6.0,7.0,8.0,8.0,13.0,3.0,6.0,9.0,10.0,0.07016511888029395,0.32941176470588235,0.11520462121984024,0.5330882352941176,2.0,3.0,False,2021
0,5,9,8.0,13.0,3.0,6.0,9.0,10.0,8.0,15.0,4.0,6.0,7.0,8.0,0.11520462121984024,0.5330882352941176,0.056132095104235155,0.328125,3.0,2.0,True,2021
1,20,26,9.0,19.0,3.0,11.0,3.0,4.0,7.0,15.0,3.0,8.0,3.0,4.0,0.09986989699546385,0.5952380952380952,0.05160224946516882,0.5627240143369175,2.0,2.0,True,2021
1,27,24,11.0,21.0,4.0,8.0,7.0,7.0,14.0,21.0,6.0,8.0,4.0,5.0,0.09519327797669414,0.3201581027667984,0.13311267140806846,0.6666666666666666,2.0,2.0,False,2021
0,18,7,12.0,23.0,2.0,5.0,9.0,10.0,14.0,23.0,3.0,5.0,5.0,6.0,0.12590683436945588,0.6089965397923875,0.1595962157380131,0.34099616858237547,2.0,3.0,False,2021
1,11,12,9.0,21.0,4.0,12.0,5.0,7.0,8.0,17.0,4.0,9.0,8.0,12.0,0.18733384559869043,0.6035087719298246,0.13592713189630876,0.53125,1.0,2.0,True,2021
0,12,11,8.0,17.0,4.0,9.0,8.0,12.0,9.0,21.0,4.0,12.0,5.0,7.0,0.13592713189630876,0.53125,0.18986707647895237,0.6048951048951049,2.0,1.0,False,2021
1,7,18,14.0,23.0,3.0,5.0,5.0,6.0,12.0,23.0,2.0,5.0,9.0,10.0,0.1595962157380131,0.34099616858237547,0.1007254674955647,0.6068965517241379,3.0,2.0,True,2021
0,22,9,9.0,16.0,3.0,7.0,6.0,7.0,12.0,17.0,4.0,8.0,9.0,11.0,0.0742102030453158,0.564748201438849,0.056132095104235155,0.328125,2.0,1.0,True,2021
1,9,22,12.0,17.0,4.0,8.0,9.0,11.0,9.0,16.0,3.0,7.0,6.0,7.0,0.056132095104235155,0.328125,0.09936816243625263,0.5663082437275986,1.0,2.0,False,2021
1,0,6,10.0,17.0,2.0,9.0,5.0,5.0,10.0,19.0,5.0,8.0,3.0,4.0,0.11896140703145489,0.56,0.09743901955032863,0.44485294117647056,2.0,3.0,False,2021
0,6,0,10.0,19.0,5.0,8.0,3.0,4.0,10.0,17.0,2.0,9.0,5.0,5.0,0.09743901955032863,0.44485294117647056,0.09516912562516391,0.5384615384615384,3.0,2.0,True,2021
0,1,28,9.0,20.0,3.0,7.0,7.0,8.0,7.0,15.0,4.0,6.0,7.0,8.0,0.05805193856209603,0.6478405315614618,0.09570194406676043,0.30739299610894943,2.0,1.0,False,2021
1,28,1,7.0,15.0,4.0,6.0,7.0,8.0,9.0,20.0,3.0,7.0,7.0,8.0,0.09570194406676043,0.30739299610894943,0.04644155084967682,0.6456953642384106,1.0,2.0,True,2021
0,4,26,10.0,22.0,5.0,8.0,3.0,3.0,9.0,16.0,4.0,8.0,4.0,9.0,0.10469091934059685,0.6576271186440678,0.05160224946516882,0.5627240143369175,2.0,2.0,False,2021
1,7,10,10.0,16.0,4.0,13.0,6.0,7.0,9.0,23.0,3.0,10.0,7.0,7.0,0.1676769725904105,0.3435114503816794,0.06634012311557999,0.40875912408759124,1.0,2.0,True,2021
1,26,4,9.0,16.0,4.0,8.0,4.0,9.0,10.0,22.0,5.0,8.0,3.0,3.0,0.05160224946516882,0.5627240143369175,0.08375273547247748,0.6554054054054054,2.0,2.0,True,2021
0,10,7,9.0,23.0,3.0,10.0,7.0,7.0,10.0,16.0,4.0,13.0,6.0,7.0,0.06634012311557999,0.40875912408759124,0.17414157807232838,0.34600760456273766,2.0,1.0,False,2021
1,25,23,8.0,21.0,4.0,12.0,10.0,12.0,8.0,15.0,6.0,10.0,4.0,4.0,0.11201788900848739,0.6807817589576547,0.029818704044500387,0.42084942084942084,3.0,2.0,False,2021
0,2,14,11.0,21.0,4.0,7.0,3.0,5.0,10.0,19.0,4.0,9.0,11.0,11.0,0.07578771952913382,0.6078431372549019,0.05220452008027572,0.4075471698113208,2.0,2.0,False,2021
1,14,2,10.0,19.0,4.0,9.0,11.0,11.0,11.0,21.0,4.0,7.0,3.0,5.0,0.05220452008027572,0.4075471698113208,0.06063017562330706,0.6048780487804878,2.0,2.0,True,2021
0,23,25,8.0,15.0,6.0,10.0,4.0,4.0,8.0,21.0,4.0,12.0,10.0,12.0,0.029818704044500387,0.42084942084942084,0.0896143112067899,0.6785714285714286,2.0,3.0,True,2021
0,16,15,11.0,20.0,3.0,4.0,5.0,5.0,9.0,15.0,3.0,8.0,8.0,11.0,0.0758440529629505,0.38223938223938225,0.0998981036358766,0.41762452107279696,2.0,2.0,True,2021
1,15,16,9.0,15.0,3.0,8.0,8.0,11.0,11.0,20.0,3.0,4.0,5.0,5.0,0.0998981036358766,0.41762452107279696,0.10067524237036038,0.38461538461538464,2.0,2.0,False,2021
0,17,13,12.0,26.0,5.0,11.0,5.0,7.0,14.0,20.0,5.0,8.0,11.0,12.0,0.14897012431207396,0.5605536332179931,0.13942870927080564,0.4227941176470588,2.0,2.0,True,2021
1,13,17,14.0,20.0,5.0,8.0,11.0,12.0,12.0,26.0,5.0,11.0,5.0,7.0,0.13942870927080564,0.4227941176470588,0.1591760994496592,0.5620689655172414,2.0,2.0,False,2021
0,29,20,9.0,18.0,2.0,5.0,5.0,7.0,8.0,17.0,4.0,10.0,7.0,7.0,0.18092377047873456,0.568904593639576,0.11989591759637108,0.5966101694915255,2.0,2.0,False,2021
1,21,5,14.0,29.0,5.0,9.0,4.0,5.0,10.0,22.0,4.0,8.0,6.0,6.0,0.11908176446668402,0.43359375,0.13216369697587219,0.5347985347985348,2.0,2.0,False,2021
0,8,19,10.0,20.0,3.0,10.0,9.0,10.0,8.0,15.0,4.0,8.0,4.0,5.0,0.09157166683882328,0.4703703703703704,0.08243959706035928,0.4115384615384615,2.0,2.0,False,2021
1,19,8,8.0,15.0,4.0,8.0,4.0,5.0,10.0,20.0,3.0,10.0,9.0,10.0,0.08243959706035928,0.4115384615384615,0.07325733347105863,0.46863468634686345,2.0,2.0,True,2021
1,20,29,8.0,17.0,4.0,10.0,7.0,7.0,9.0,18.0,2.0,5.0,5.0,7.0,0.11989591759637108,0.5966101694915255,0.14473901638298764,0.5669014084507042,2.0,2.0,True,2021
0,5,21,10.0,22.0,4.0,8.0,6.0,6.0,14.0,29.0,5.0,9.0,4.0,5.0,0.13216369697587219,0.5347985347985348,0.09526541157334721,0.43190661478599224,2.0,2.0,True,2021
1,24,3,10.0,22.0,4.0,6.0,8.0,8.0,9.0,16.0,3.0,7.0,6.0,9.0,0.13311267140806846,0.6666666666666666,0.024308813552549574,0.39568345323741005,2.0,2.0,True,2021
0,3,24,9.0,16.0,3.0,7.0,6.0,9.0,10.0,22.0,4.0,6.0,8.0,8.0,0.024308813552549574,0.39568345323741005,0.14649013712645478,0.6696428571428571,2.0,2.0,False,2021
1,15,6,12.0,17.0,6.0,9.0,4.0,5.0,15.0,22.0,9.0,11.0,3.0,4.0,0.07991848290870128,0.41603053435114506,0.1179512156402629,0.4468864468864469,1.0,2.0,False,2021
0,6,15,15.0,22.0,9.0,11.0,3.0,4.0,12.0,17.0,6.0,9.0,4.0,5.0,0.1179512156402629,0.4468864468864469,0.06393478632696102,0.4144486692015209,2.0,1.0,True,2021
1,14,1,14.0,24.0,5.0,8.0,6.0,8.0,10.0,26.0,2.0,7.0,8.0,10.0,0.08176361606422058,0.40977443609022557,0.04644155084967682,0.6456953642384106,1.0,2.0,True,2021
1,11,18,13.0,24.0,8.0,13.0,6.0,8.0,15.0,26.0,3.0,5.0,12.0,13.0,0.18986707647895237,0.6048951048951049,0.1007254674955647,0.6068965517241379,2.0,2.0,True,2021
0,18,11,15.0,26.0,3.0,5.0,12.0,13.0,13.0,24.0,8.0,13.0,6.0,8.0,0.1007254674955647,0.6068965517241379,0.19189366118316192,0.6062717770034843,2.0,2.0,False,2021
0,1,14,10.0,26.0,2.0,7.0,8.0,10.0,14.0,24.0,5.0,8.0,6.0,8.0,0.04644155084967682,0.6456953642384106,0.10541089285137646,0.41198501872659177,2.0,1.0,False,2021
0,9,28,8.0,19.0,3.0,9.0,10.0,12.0,14.0,22.0,7.0,13.0,9.0,12.0,0.04490567608338812,0.32684824902723736,0.11656155525340835,0.31007751937984496,2.0,2.0,False,2021
0,12,24,12.0,20.0,4.0,11.0,10.0,10.0,11.0,20.0,6.0,8.0,4.0,6.0,0.10874170551704701,0.5294117647058824,0.14649013712645478,0.6696428571428571,2.0,1.0,False,2021
1,24,12,11.0,20.0,6.0,8.0,4.0,6.0,12.0,20.0,4.0,11.0,10.0,10.0,0.14649013712645478,0.6696428571428571,0.08699336441363761,0.5275862068965518,1.0,2.0,True,2021
1,22,27,10.0,25.0,4.0,12.0,11.0,14.0,11.0,25.0,4.0,9.0,4.0,6.0,0.09936816243625263,0.5663082437275986,0.07615462238135531,0.3188976377952756,2.0,3.0,False,2021
0,27,22,11.0,25.0,4.0,9.0,4.0,6.0,10.0,25.0,4.0,12.0,11.0,14.0,0.07615462238135531,0.3188976377952756,0.07949452994900211,0.5642857142857143,3.0,2.0,True,2021
1,0,3,13.0,19.0,7.0,11.0,4.0,4.0,9.0,20.0,3.0,9.0,4.0,5.0,0.09516912562516391,0.5384615384615384,0.01944705084203966,0.3942652329749104,2.0,1.0,True,2021
0,3,0,9.0,20.0,3.0,9.0,4.0,5.0,13.0,19.0,7.0,11.0,4.0,4.0,0.01944705084203966,0.3942652329749104,0.11613530050013113,0.5555555555555556,1.0,2.0,False,2021
1,28,9,14.0,22.0,7.0,13.0,9.0,12.0,8.0,19.0,3.0,9.0,10.0,12.0,0.11656155525340835,0.31007751937984496,0.0359245408667105,0.32558139534883723,2.0,2.0,True,2021
1,23,29,10.0,21.0,5.0,10.0,3.0,4.0,13.0,20.0,3.0,5.0,7.0,8.0,0.06385496323560032,0.4230769230769231,0.14473901638298764,0.5669014084507042,2.0,2.0,False,2021
1,7,6,12.0,20.0,4.0,9.0,4.0,4.0,14.0,22.0,5.0,11.0,5.0,5.0,0.17414157807232838,0.34600760456273766,0.1343609725122103,0.4489051094890511,2.0,1.0,False,2021
0,6,7,14.0,22.0,5.0,11.0,5.0,5.0,12.0,20.0,4.0,9.0,4.0,4.0,0.1343609725122103,0.4489051094890511,0.1393132624578627,0.3446969696969697,1.0,2.0,True,2021
0,17,26,12.0,25.0,5.0,14.0,4.0,6.0,8.0,18.0,3.0,9.0,5.0,6.0,0.1591760994496592,0.5620689655172414,0.08128179957213506,0.5642857142857143,2.0,2.0,True,2021
1,26,17,8.0,18.0,3.0,9.0,5.0,6.0,12.0,25.0,5.0,14.0,4.0,6.0,0.08128179957213506,0.5642857142857143,0.16734087955972732,0.563573883161512,2.0,2.0,False,2021
0,29,23,13.0,20.0,3.0,5.0,7.0,8.0,10.0,21.0,5.0,10.0,3.0,4.0,0.14473901638298764,0.5669014084507042,0.05108397058848026,0.421455938697318,2.0,2.0,True,2021
0,20,2,16.0,23.0,4.0,8.0,8.0,8.0,11.0,20.0,5.0,10.0,8.0,8.0,0.13591673407709687,0.597972972972973,0.06063017562330706,0.6048780487804878,2.0,2.0,False,2021
1,4,25,11.0,20.0,4.0,10.0,10.0,14.0,12.0,23.0,5.0,12.0,5.0,6.0,0.08375273547247748,0.6554054054054054,0.0896143112067899,0.6785714285714286,2.0,2.0,False,2021
1,16,8,12.0,16.0,4.0,6.0,5.0,6.0,13.0,16.0,6.0,11.0,4.0,4.0,0.10067524237036038,0.38461538461538464,0.07325733347105863,0.46863468634686345,2.0,2.0,False,2021
1,2,20,11.0,20.0,5.0,10.0,8.0,8.0,16.0,23.0,4.0,8.0,8.0,8.0,0.06063017562330706,0.6048780487804878,0.1087333872616775,0.5959595959595959,2.0,2.0,True,2021
0,8,16,13.0,16.0,6.0,11.0,4.0,4.0,12.0,16.0,4.0,6.0,5.0,6.0,0.07325733347105863,0.46863468634686345,0.0805401938962883,0.3831417624521073,2.0,2.0,True,2021
0,25,4,12.0,23.0,5.0,12.0,5.0,6.0,11.0,20.0,4.0,10.0,10.0,14.0,0.0896143112067899,0.6785714285714286,0.06700218837798198,0.6531986531986532,2.0,2.0,True,2021
1,23,22,13.0,25.0,5.0,13.0,12.0,12.0,13.0,22.0,6.0,7.0,9.0,11.0,0.05108397058848026,0.421455938697318,0.07949452994900211,0.5642857142857143,1.0,2.0,False,2021
1,14,20,9.0,20.0,9.0,11.0,8.0,8.0,13.0,25.0,5.0,10.0,6.0,6.0,0.10541089285137646,0.41198501872659177,0.1087333872616775,0.5959595959595959,2.0,1.0,True,2021
0,22,23,13.0,22.0,6.0,7.0,9.0,11.0,13.0,25.0,5.0,13.0,12.0,12.0,0.07949452994900211,0.5642857142857143,0.04086717647078421,0.4198473282442748,2.0,1.0,True,2021
0,20,14,13.0,25.0,5.0,10.0,6.0,6.0,9.0,20.0,9.0,11.0,8.0,8.0,0.1087333872616775,0.5959595959595959,0.12432871428110118,0.4141791044776119,1.0,2.0,False,2021
1,18,1,10.0,21.0,4.0,6.0,10.0,12.0,11.0,24.0,4.0,9.0,4.0,6.0,0.08058037399645177,0.6048109965635738,0.037153240679741455,0.6435643564356436,2.0,2.0,True,2021
0,1,18,11.0,24.0,4.0,9.0,4.0,6.0,10.0,21.0,4.0,6.0,10.0,12.0,0.037153240679741455,0.6435643564356436,0.10446429919716142,0.6061643835616438,2.0,2.0,False,2021
1,10,28,10.0,24.0,5.0,7.0,5.0,5.0,11.0,19.0,3.0,7.0,7.0,7.0,0.05307209849246399,0.4072727272727273,0.13324924420272669,0.3127413127413127,3.0,2.0,True,2021
0,28,10,11.0,19.0,3.0,7.0,7.0,7.0,10.0,24.0,5.0,7.0,5.0,5.0,0.13324924420272669,0.3127413127413127,0.08245767879397119,0.40942028985507245,2.0,3.0,False,2021
0,17,8,14.0,28.0,7.0,16.0,8.0,8.0,12.0,18.0,5.0,10.0,11.0,15.0,0.16734087955972732,0.563573883161512,0.0986058667768469,0.47058823529411764,1.0,1.0,True,2021
1,0,12,10.0,25.0,5.0,20.0,4.0,6.0,10.0,16.0,5.0,10.0,4.0,5.0,0.11613530050013113,0.5555555555555556,0.08699336441363761,0.5275862068965518,2.0,2.0,True,2021
0,9,2,14.0,20.0,4.0,9.0,8.0,8.0,11.0,21.0,3.0,9.0,10.0,11.0,0.0359245408667105,0.32558139534883723,0.08850414049864565,0.6067961165048543,2.0,1.0,True,2021
0,26,16,7.0,14.0,5.0,9.0,8.0,8.0,9.0,14.0,6.0,10.0,7.0,8.0,0.06502543965770805,0.5622775800711743,0.0805401938962883,0.3831417624521073,1.0,1.0,False,2021
1,24,11,6.0,18.0,2.0,5.0,4.0,5.0,9.0,23.0,4.0,12.0,7.0,8.0,0.15719210970116382,0.672566371681416,0.19189366118316192,0.6062717770034843,2.0,2.0,False,2021
0,11,24,9.0,23.0,4.0,12.0,7.0,8.0,6.0,18.0,2.0,5.0,4.0,5.0,0.19189366118316192,0.6062717770034843,0.12575368776093104,0.6666666666666666,2.0,2.0,True,2021
0,12,0,10.0,16.0,5.0,10.0,4.0,5.0,10.0,25.0,5.0,20.0,4.0,6.0,0.08699336441363761,0.5275862068965518,0.1329082404001049,0.5714285714285714,2.0,2.0,False,2021
1,27,19,14.0,22.0,4.0,8.0,5.0,7.0,15.0,25.0,4.0,9.0,9.0,9.0,0.10092369790508424,0.3215686274509804,0.10595167764828742,0.41379310344827586,2.0,3.0,True,2021
0,19,27,15.0,25.0,4.0,9.0,9.0,9.0,14.0,22.0,4.0,8.0,5.0,7.0,0.10595167764828742,0.41379310344827586,0.1207389583240674,0.32421875,3.0,2.0,False,2021
1,2,9,11.0,21.0,3.0,9.0,10.0,11.0,14.0,20.0,4.0,9.0,8.0,8.0,0.08850414049864565,0.6067961165048543,0.0687396326933684,0.3281853281853282,1.0,2.0,False,2021
1,16,26,9.0,14.0,6.0,10.0,7.0,8.0,7.0,14.0,5.0,9.0,8.0,8.0,0.0805401938962883,0.3831417624521073,0.05202035172616644,0.5602836879432624,1.0,1.0,True,2021
1,8,17,12.0,18.0,5.0,10.0,11.0,15.0,14.0,28.0,7.0,16.0,8.0,8.0,0.0986058667768469,0.47058823529411764,0.17387270364778185,0.565068493150685,1.0,1.0,False,2021
1,4,25,8.0,20.0,3.0,7.0,7.0,13.0,9.0,18.0,4.0,8.0,7.0,8.0,0.06700218837798198,0.6531986531986532,0.11169144896543193,0.6796116504854369,2.0,2.0,False,2021
1,15,12,11.0,21.0,5.0,9.0,3.0,6.0,12.0,17.0,5.0,11.0,4.0,4.0,0.06393478632696102,0.4144486692015209,0.0695946915309101,0.5257731958762887,3.0,1.0,False,2021
0,12,15,12.0,17.0,5.0,11.0,4.0,4.0,11.0,21.0,5.0,9.0,3.0,6.0,0.0695946915309101,0.5257731958762887,0.05114782906156882,0.4128787878787879,1.0,3.0,True,2021
1,29,6,14.0,23.0,2.0,6.0,3.0,6.0,7.0,17.0,6.0,8.0,6.0,7.0,0.15579121310639013,0.5684210526315789,0.14748877800976826,0.4509090909090909,2.0,2.0,False,2021
0,6,29,7.0,17.0,6.0,8.0,6.0,7.0,14.0,23.0,2.0,6.0,3.0,6.0,0.14748877800976826,0.4509090909090909,0.1246329704851121,0.5664335664335665,2.0,2.0,True,2021
0,25,4,9.0,18.0,4.0,8.0,7.0,8.0,8.0,20.0,3.0,7.0,7.0,13.0,0.11169144896543193,0.6796116504854369,0.053601750702385584,0.6510067114093959,2.0,2.0,True,2021
0,25,23,10.0,20.0,6.0,10.0,5.0,5.0,8.0,16.0,3.0,9.0,2.0,3.0,0.12935315917234552,0.6806451612903226,0.04086717647078421,0.4198473282442748,1.0,2.0,True,2021
1,10,0,13.0,23.0,5.0,9.0,2.0,3.0,11.0,29.0,6.0,16.0,3.0,7.0,0.08245767879397119,0.40942028985507245,0.1329082404001049,0.5714285714285714,2.0,2.0,True,2021
0,0,10,11.0,29.0,6.0,16.0,3.0,7.0,13.0,23.0,5.0,9.0,2.0,3.0,0.1329082404001049,0.5714285714285714,0.10596614303517696,0.41155234657039713,2.0,2.0,False,2021
1,8,7,10.0,20.0,6.0,12.0,7.0,10.0,9.0,18.0,6.0,8.0,3.0,3.0,0.07888469342147753,0.46886446886446886,0.1393132624578627,0.3446969696969697,2.0,3.0,False,2021
0,7,8,9.0,18.0,6.0,8.0,3.0,3.0,10.0,20.0,6.0,12.0,7.0,10.0,0.1393132624578627,0.3446969696969697,0.06310775473718203,0.46715328467153283,3.0,2.0,True,2021
1,23,25,8.0,16.0,3.0,9.0,2.0,3.0,10.0,20.0,6.0,10.0,5.0,5.0,0.04086717647078421,0.4198473282442748,0.14348252733787642,0.6816720257234726,2.0,1.0,False,2021
1,4,26,10.0,20.0,3.0,7.0,8.0,10.0,6.0,16.0,3.0,9.0,6.0,9.0,0.053601750702385584,0.6510067114093959,0.05202035172616644,0.5602836879432624,1.0,2.0,True,2021
0,27,18,9.0,28.0,2.0,10.0,10.0,10.0,17.0,26.0,4.0,8.0,15.0,17.0,0.1207389583240674,0.32421875,0.10446429919716142,0.6061643835616438,2.0,2.0,False,2021
1,18,27,17.0,26.0,4.0,8.0,15.0,17.0,9.0,28.0,2.0,10.0,10.0,10.0,0.10446429919716142,0.6061643835616438,0.09659116665925392,0.3229571984435798,2.0,2.0,True,2021
1,24,11,10.0,24.0,3.0,5.0,9.0,10.0,12.0,27.0,4.0,11.0,7.0,9.0,0.12575368776093104,0.6666666666666666,0.19351492894652952,0.6076388888888888,2.0,2.0,True,2021
0,11,24,12.0,27.0,4.0,11.0,7.0,9.0,10.0,24.0,3.0,5.0,9.0,10.0,0.19351492894652952,0.6076388888888888,0.14060295020874486,0.6695652173913044,2.0,2.0,False,2021
1,3,20,8.0,17.0,3.0,7.0,4.0,8.0,21.0,25.0,8.0,10.0,5.0,5.0,0.015557640673631728,0.39285714285714285,0.086986709809342,0.5939597315436241,4.0,2.0,False,2021
0,20,3,21.0,25.0,8.0,10.0,5.0,5.0,8.0,17.0,3.0,7.0,4.0,8.0,0.086986709809342,0.5939597315436241,0.012446112538905383,0.3914590747330961,2.0,4.0,True,2021
1,2,9,10.0,21.0,5.0,8.0,3.0,3.0,11.0,16.0,3.0,7.0,8.0,9.0,0.07080331239891652,0.6038647342995169,0.0687396326933684,0.3281853281853282,2.0,2.0,True,2021
0,9,2,11.0,16.0,3.0,7.0,8.0,9.0,10.0,21.0,5.0,8.0,3.0,3.0,0.0687396326933684,0.3281853281853282,0.09664264991913321,0.6057692307692307,2.0,2.0,False,2021
0,19,16,6.0,20.0,4.0,10.0,4.0,5.0,10.0,23.0,2.0,5.0,9.0,10.0,0.08476134211862993,0.4122137404580153,0.10443215511703063,0.38549618320610685,2.0,2.0,False,2021
0,26,4,6.0,16.0,3.0,9.0,6.0,9.0,10.0,20.0,3.0,7.0,8.0,10.0,0.05202035172616644,0.5602836879432624,0.08288140056190849,0.6521739130434783,2.0,1.0,False,2021
1,16,19,10.0,23.0,2.0,5.0,9.0,10.0,6.0,20.0,4.0,10.0,4.0,5.0,0.10443215511703063,0.38549618320610685,0.06780907369490394,0.41064638783269963,2.0,2.0,True,2021
1,29,12,8.0,21.0,4.0,11.0,4.0,5.0,10.0,20.0,5.0,8.0,8.0,10.0,0.1246329704851121,0.5664335664335665,0.09567575322472807,0.5273972602739726,2.0,2.0,False,2021
1,17,14,10.0,30.0,7.0,17.0,8.0,8.0,16.0,27.0,2.0,8.0,7.0,8.0,0.17387270364778185,0.565068493150685,0.12432871428110118,0.4141791044776119,3.0,3.0,False,2021
0,14,17,16.0,27.0,2.0,8.0,7.0,8.0,10.0,30.0,7.0,17.0,8.0,8.0,0.12432871428110118,0.4141791044776119,0.13909816291822547,0.5631399317406144,3.0,3.0,True,2021
1,16,7,5.0,14.0,1.0,6.0,8.0,8.0,7.0,13.0,5.0,7.0,4.0,4.0,0.12354572409362449,0.38783269961977185,0.15145060996629017,0.3471698113207547,1.0,1.0,False,2021
0,7,16,7.0,13.0,5.0,7.0,4.0,4.0,5.0,14.0,1.0,6.0,8.0,8.0,0.15145060996629017,0.3471698113207547,0.0988365792748996,0.38636363636363635,1.0,1.0,True,2021
0,12,29,10.0,20.0,5.0,8.0,8.0,10.0,8.0,21.0,4.0,11.0,4.0,5.0,0.09567575322472807,0.5273972602739726,0.09970637638808968,0.5644599303135889,2.0,2.0,True,2021
1,21,0,12.0,19.0,8.0,11.0,4.0,4.0,9.0,19.0,4.0,9.0,6.0,6.0,0.09526541157334721,0.43190661478599224,0.10632659232008393,0.5517241379310345,6.0,1.0,True,2021
0,0,21,9.0,19.0,4.0,9.0,6.0,6.0,12.0,19.0,8.0,11.0,4.0,4.0,0.10632659232008393,0.5517241379310345,0.11621232925867778,0.43410852713178294,1.0,6.0,False,2021
1,27,15,15.0,20.0,5.0,8.0,5.0,5.0,10.0,21.0,3.0,11.0,5.0,9.0,0.09659116665925392,0.3229571984435798,0.05114782906156882,0.4128787878787879,1.0,2.0,True,2021
0,15,27,10.0,21.0,3.0,11.0,5.0,9.0,15.0,20.0,5.0,8.0,5.0,5.0,0.05114782906156882,0.4128787878787879,0.11727293332740314,0.32558139534883723,2.0,1.0,False,2021
1,25,18,8.0,18.0,5.0,10.0,6.0,6.0,9.0,20.0,3.0,9.0,12.0,14.0,0.14348252733787642,0.6816720257234726,0.12357143935772914,0.6075085324232082,2.0,2.0,True,2021
1,8,2,11.0,22.0,5.0,12.0,6.0,10.0,10.0,24.0,3.0,12.0,9.0,13.0,0.06310775473718203,0.46715328467153283,0.09664264991913321,0.6057692307692307,2.0,2.0,True,2021
0,18,25,9.0,20.0,3.0,9.0,12.0,14.0,8.0,18.0,5.0,10.0,6.0,6.0,0.12357143935772914,0.6075085324232082,0.15478602187030116,0.6826923076923077,2.0,2.0,False,2021
1,10,19,14.0,27.0,3.0,10.0,12.0,13.0,8.0,23.0,3.0,10.0,6.0,7.0,0.10596614303517696,0.41155234657039713,0.06780907369490394,0.41064638783269963,2.0,2.0,True,2021
0,19,10,8.0,23.0,3.0,10.0,6.0,7.0,14.0,27.0,3.0,10.0,12.0,13.0,0.06780907369490394,0.41064638783269963,0.12477291442814156,0.4136690647482014,2.0,2.0,False,2021
1,28,23,10.0,20.0,2.0,6.0,7.0,8.0,9.0,18.0,3.0,7.0,6.0,6.0,0.10659939536218135,0.31153846153846154,0.032693741176627364,0.41825095057034223,4.0,2.0,True,2021
0,23,28,9.0,18.0,3.0,7.0,6.0,6.0,10.0,20.0,2.0,6.0,7.0,8.0,0.032693741176627364,0.41825095057034223,0.12527951628974507,0.31417624521072796,2.0,4.0,False,2021
0,6,24,13.0,26.0,4.0,11.0,7.0,11.0,12.0,19.0,5.0,9.0,6.0,8.0,0.1579910224078146,0.4528985507246377,0.14060295020874486,0.6695652173913044,3.0,2.0,True,2021
0,20,9,11.0,20.0,4.0,8.0,5.0,6.0,10.0,19.0,4.0,7.0,11.0,13.0,0.1095893678474736,0.5953177257525084,0.05499170615469472,0.3269230769230769,2.0,2.0,False,2021
0,15,4,10.0,17.0,3.0,10.0,6.0,7.0,13.0,22.0,3.0,5.0,19.0,24.0,0.04091826324925506,0.41132075471698115,0.08288140056190849,0.6521739130434783,1.0,2.0,False,2021
1,24,6,12.0,19.0,5.0,9.0,6.0,8.0,13.0,26.0,4.0,11.0,7.0,11.0,0.14060295020874486,0.6695652173913044,0.16639281792625168,0.4548736462093863,2.0,3.0,False,2021
1,4,15,13.0,22.0,3.0,5.0,19.0,24.0,10.0,17.0,3.0,10.0,6.0,7.0,0.08288140056190849,0.6521739130434783,0.032734610599404045,0.40977443609022557,2.0,1.0,True,2021
1,3,26,11.0,22.0,4.0,11.0,5.0,7.0,9.0,15.0,3.0,9.0,10.0,12.0,0.012446112538905383,0.3914590747330961,0.04161628138093315,0.558303886925795,2.0,2.0,False,2021
0,26,3,9.0,15.0,3.0,9.0,10.0,12.0,11.0,22.0,4.0,11.0,5.0,7.0,0.04161628138093315,0.558303886925795,0.009956890031124306,0.3900709219858156,2.0,2.0,True,2021
1,9,20,10.0,19.0,4.0,7.0,11.0,13.0,11.0,20.0,4.0,8.0,5.0,6.0,0.05499170615469472,0.3269230769230769,0.08767149427797888,0.5933333333333334,2.0,2.0,True,2021
0,2,8,10.0,24.0,3.0,12.0,9.0,13.0,11.0,22.0,5.0,12.0,6.0,10.0,0.09664264991913321,0.6057692307692307,0.09048620378974562,0.4690909090909091,2.0,2.0,False,2021
0,12,26,8.0,18.0,6.0,13.0,9.0,9.0,10.0,15.0,3.0,8.0,5.0,6.0,0.11654060257978247,0.5290102389078498,0.07329302510474653,0.5598591549295775,2.0,1.0,True,2021
1,26,12,10.0,15.0,3.0,8.0,5.0,6.0,8.0,18.0,6.0,13.0,9.0,9.0,0.07329302510474653,0.5598591549295775,0.13323248206382599,0.5306122448979592,1.0,2.0,False,2021
0,21,11,9.0,20.0,4.0,8.0,4.0,4.0,8.0,17.0,7.0,10.0,4.0,4.0,0.11621232925867778,0.43410852713178294,0.15481194315722363,0.6055363321799307,2.0,3.0,False,2021
1,7,17,12.0,17.0,3.0,5.0,8.0,8.0,9.0,18.0,3.0,12.0,7.0,8.0,0.16116048797303215,0.34962406015037595,0.13909816291822547,0.5631399317406144,2.0,2.0,True,2021
1,11,21,8.0,17.0,7.0,10.0,4.0,4.0,9.0,20.0,4.0,8.0,4.0,4.0,0.15481194315722363,0.6055363321799307,0.09296986340694222,0.43243243243243246,3.0,2.0,True,2021
0,17,7,9.0,18.0,3.0,12.0,7.0,8.0,12.0,17.0,3.0,5.0,8.0,8.0,0.13909816291822547,0.5631399317406144,0.16892839037842572,0.352059925093633,2.0,2.0,False,2021
1,29,14,14.0,29.0,4.0,11.0,6.0,7.0,13.0,25.0,2.0,7.0,7.0,12.0,0.09970637638808968,0.5644599303135889,0.13946297142488093,0.4163568773234201,2.0,2.0,False,2021
1,1,27,9.0,18.0,4.0,10.0,6.0,7.0,10.0,16.0,4.0,7.0,3.0,3.0,0.029722592543793162,0.6414473684210527,0.11727293332740314,0.32558139534883723,5.0,2.0,False,2021
0,27,1,10.0,16.0,4.0,7.0,3.0,3.0,9.0,18.0,4.0,10.0,6.0,7.0,0.11727293332740314,0.32558139534883723,0.02377807403503453,0.639344262295082,2.0,5.0,True,2021
1,13,16,9.0,18.0,7.0,11.0,4.0,9.0,10.0,21.0,2.0,6.0,4.0,6.0,0.11154296741664452,0.42124542124542125,0.0988365792748996,0.38636363636363635,8.0,2.0,True,2021
0,16,13,10.0,21.0,2.0,6.0,4.0,6.0,9.0,18.0,7.0,11.0,4.0,9.0,0.0988365792748996,0.38636363636363635,0.1292343739333156,0.4233576642335766,2.0,8.0,False,2021
0,14,29,13.0,25.0,2.0,7.0,7.0,12.0,14.0,29.0,4.0,11.0,6.0,7.0,0.13946297142488093,0.4163568773234201,0.07976510111047175,0.5625,2.0,2.0,True,2021
1,24,14,13.0,20.0,6.0,7.0,3.0,6.0,12.0,24.0,2.0,5.0,4.0,5.0,0.11248236016699589,0.6637931034482759,0.15157037713990476,0.4185185185185185,2.0,1.0,True,2021
0,18,25,8.0,13.0,5.0,11.0,11.0,12.0,9.0,19.0,2.0,9.0,4.0,4.0,0.09885715148618332,0.6054421768707483,0.15478602187030116,0.6826923076923077,2.0,2.0,True,2021
1,10,19,9.0,22.0,3.0,9.0,3.0,6.0,8.0,17.0,3.0,7.0,4.0,5.0,0.12477291442814156,0.4136690647482014,0.05424725895592315,0.4090909090909091,2.0,2.0,False,2021
0,19,10,8.0,17.0,3.0,7.0,4.0,5.0,9.0,22.0,3.0,9.0,3.0,6.0,0.05424725895592315,0.4090909090909091,0.09981833154251325,0.4121863799283154,2.0,2.0,True,2021
1,28,0,8.0,21.0,3.0,6.0,6.0,6.0,9.0,22.0,7.0,14.0,12.0,12.0,0.12527951628974507,0.31417624521072796,0.08506127385606714,0.5333333333333333,2.0,3.0,False,2021
0,0,28,9.0,22.0,7.0,14.0,12.0,12.0,8.0,21.0,3.0,6.0,6.0,6.0,0.08506127385606714,0.5333333333333333,0.10022361303179605,0.31297709923664124,3.0,2.0,True,2021
1,4,23,13.0,19.0,5.0,9.0,10.0,13.0,10.0,19.0,6.0,9.0,5.0,5.0,0.10630512044952678,0.6533333333333333,0.026154992941301893,0.4166666666666667,2.0,2.0,True,2021
0,14,24,12.0,24.0,2.0,5.0,4.0,5.0,13.0,20.0,6.0,7.0,3.0,6.0,0.15157037713990476,0.4185185185185185,0.1299858881335967,0.6666666666666666,1.0,2.0,False,2021
0,23,4,10.0,19.0,6.0,9.0,5.0,5.0,13.0,19.0,5.0,9.0,10.0,13.0,0.026154992941301893,0.4166666666666667,0.1250440963596214,0.654485049833887,2.0,2.0,False,2021
1,20,17,17.0,32.0,4.0,8.0,6.0,6.0,9.0,21.0,4.0,11.0,3.0,3.0,0.08767149427797888,0.5933333333333334,0.11127853033458038,0.5612244897959183,2.0,1.0,True,2021
1,25,18,9.0,19.0,2.0,9.0,4.0,4.0,8.0,13.0,5.0,11.0,11.0,12.0,0.15478602187030116,0.6826923076923077,0.11908572118894664,0.6067796610169491,2.0,2.0,False,2021
1,6,15,11.0,22.0,5.0,10.0,6.0,9.0,9.0,20.0,5.0,9.0,4.0,7.0,0.16639281792625168,0.4548736462093863,0.032734610599404045,0.40977443609022557,2.0,2.0,True,2021
0,9,3,9.0,27.0,4.0,8.0,9.0,13.0,9.0,19.0,5.0,7.0,8.0,10.0,0.08399336492375578,0.32950191570881227,0.009956890031124306,0.3900709219858156,2.0,2.0,False,2021
1,3,9,9.0,19.0,5.0,7.0,8.0,10.0,9.0,27.0,4.0,8.0,9.0,13.0,0.009956890031124306,0.3900709219858156,0.06719469193900462,0.3282442748091603,2.0,2.0,True,2021
0,15,6,9.0,20.0,5.0,9.0,4.0,7.0,11.0,22.0,5.0,10.0,6.0,9.0,0.032734610599404045,0.40977443609022557,0.17311425434100136,0.4568345323741007,2.0,2.0,False,2021
1,13,2,11.0,23.0,6.0,8.0,5.0,5.0,12.0,23.0,4.0,11.0,5.0,6.0,0.1292343739333156,0.4233576642335766,0.07731411993530657,0.6028708133971292,1.0,2.0,True,2021
0,17,20,9.0,21.0,4.0,11.0,3.0,3.0,17.0,32.0,4.0,8.0,6.0,6.0,0.11127853033458038,0.5612244897959183,0.1101371954223831,0.5946843853820598,1.0,2.0,False,2021
0,2,13,12.0,23.0,4.0,11.0,5.0,6.0,11.0,23.0,6.0,8.0,5.0,5.0,0.07731411993530657,0.6028708133971292,0.14338749914665247,0.4254545454545455,2.0,1.0,False,2021
0,19,8,10.0,18.0,4.0,9.0,3.0,5.0,13.0,18.0,3.0,6.0,6.0,9.0,0.08339780716473852,0.41132075471698115,0.09048620378974562,0.4690909090909091,1.0,3.0,False,2021
1,8,19,13.0,18.0,3.0,6.0,6.0,9.0,10.0,18.0,4.0,9.0,3.0,5.0,0.09048620378974562,0.4690909090909091,0.06671824573179082,0.40977443609022557,3.0,1.0,True,2021
0,5,26,12.0,20.0,3.0,8.0,3.0,4.0,13.0,20.0,6.0,11.0,10.0,11.0,0.14573095758069773,0.5364963503649635,0.058634420083797226,0.5578947368421052,10.0,2.0,False,2021
1,26,5,13.0,20.0,6.0,11.0,10.0,11.0,12.0,20.0,3.0,8.0,3.0,4.0,0.058634420083797226,0.5578947368421052,0.11658476606455818,0.5345454545454545,2.0,10.0,True,2021
0,21,7,10.0,21.0,5.0,10.0,6.0,7.0,13.0,24.0,4.0,10.0,6.0,8.0,0.09296986340694222,0.43243243243243246,0.16892839037842572,0.352059925093633,2.0,2.0,True,2021
1,11,29,8.0,16.0,5.0,10.0,3.0,4.0,7.0,13.0,2.0,5.0,4.0,5.0,0.16384955452577893,0.6068965517241379,0.07976510111047175,0.5625,2.0,2.0,True,2021
1,7,21,13.0,24.0,4.0,10.0,6.0,8.0,10.0,21.0,5.0,10.0,6.0,7.0,0.16892839037842572,0.352059925093633,0.11437589072555379,0.4346153846153846,2.0,2.0,False,2021
0,29,11,7.0,13.0,2.0,5.0,4.0,5.0,8.0,16.0,5.0,10.0,3.0,4.0,0.07976510111047175,0.5625,0.1710796436206231,0.6082474226804123,2.0,2.0,False,2021
0,23,27,10.0,20.0,5.0,13.0,6.0,7.0,14.0,21.0,5.0,8.0,4.0,4.0,0.020923994353041514,0.41509433962264153,0.13381834666192252,0.3281853281853282,1.0,2.0,False,2021
0,2,9,6.0,20.0,3.0,8.0,6.0,6.0,13.0,23.0,10.0,12.0,4.0,5.0,0.061851295948245254,0.6,0.06719469193900462,0.3282442748091603,1.0,1.0,False,2021
1,27,23,14.0,21.0,5.0,8.0,4.0,4.0,10.0,20.0,5.0,13.0,6.0,7.0,0.13381834666192252,0.3281853281853282,0.01673919548243321,0.41353383458646614,2.0,1.0,True,2021
0,25,12,9.0,13.0,5.0,11.0,7.0,8.0,8.0,17.0,4.0,9.0,8.0,8.0,0.12382881749624093,0.6805111821086262,0.13323248206382599,0.5306122448979592,1.0,2.0,False,2021
0,0,22,7.0,21.0,1.0,11.0,9.0,10.0,10.0,20.0,2.0,7.0,8.0,12.0,0.10804901908485372,0.5483870967741935,0.10359562395920167,0.5658362989323843,1.0,7.0,True,2021
1,9,2,13.0,23.0,10.0,12.0,4.0,5.0,6.0,20.0,3.0,8.0,6.0,6.0,0.06719469193900462,0.3282442748091603,0.049481036758596206,0.5971563981042654,1.0,1.0,True,2021
0,1,3,8.0,20.0,3.0,8.0,5.0,7.0,10.0,19.0,4.0,10.0,5.0,8.0,0.02377807403503453,0.639344262295082,0.047965512024899445,0.392226148409894,2.0,1.0,False,2021
1,3,1,10.0,19.0,4.0,10.0,5.0,8.0,8.0,20.0,3.0,8.0,5.0,7.0,0.047965512024899445,0.392226148409894,0.019022459228027623,0.6372549019607843,1.0,2.0,True,2021
1,22,0,10.0,20.0,2.0,7.0,8.0,12.0,7.0,21.0,1.0,11.0,9.0,10.0,0.10359562395920167,0.5658362989323843,0.126439215267883,0.5625,7.0,1.0,False,2021
1,12,25,8.0,17.0,4.0,9.0,8.0,8.0,9.0,13.0,5.0,11.0,7.0,8.0,0.13323248206382599,0.5306122448979592,0.09906305399699275,0.678343949044586,2.0,1.0,True,2021
1,18,13,6.0,20.0,3.0,5.0,11.0,12.0,6.0,13.0,3.0,6.0,6.0,6.0,0.11908572118894664,0.6067796610169491,0.14338749914665247,0.4254545454545455,2.0,2.0,True,2021
1,28,15,9.0,18.0,5.0,8.0,12.0,12.0,9.0,18.0,3.0,8.0,8.0,10.0,0.10022361303179605,0.31297709923664124,0.026187688479523234,0.40823970037453183,2.0,2.0,True,2021
0,15,28,9.0,18.0,3.0,8.0,8.0,10.0,9.0,18.0,5.0,8.0,12.0,12.0,0.026187688479523234,0.40823970037453183,0.12017889042543684,0.3155893536121673,2.0,2.0,False,2021
0,13,18,6.0,13.0,3.0,6.0,6.0,6.0,6.0,20.0,3.0,5.0,11.0,12.0,0.14338749914665247,0.4254545454545455,0.13526857695115732,0.6081081081081081,2.0,2.0,False,2021
0,24,16,6.0,14.0,3.0,5.0,6.0,6.0,9.0,14.0,3.0,5.0,4.0,5.0,0.1299858881335967,0.6666666666666666,0.07906926341991968,0.3849056603773585,2.0,3.0,False,2021
0,10,6,12.0,23.0,3.0,7.0,3.0,3.0,11.0,18.0,5.0,10.0,4.0,5.0,0.09981833154251325,0.4121863799283154,0.17311425434100136,0.4568345323741007,2.0,2.0,False,2021
0,14,20,10.0,19.0,2.0,5.0,11.0,11.0,12.0,23.0,6.0,11.0,7.0,8.0,0.12125630171192381,0.41697416974169743,0.1101371954223831,0.5946843853820598,2.0,2.0,True,2021
1,6,10,11.0,18.0,5.0,10.0,4.0,5.0,12.0,23.0,3.0,7.0,3.0,3.0,0.17311425434100136,0.4568345323741007,0.07985466523401061,0.4107142857142857,2.0,2.0,True,2021
1,16,24,9.0,14.0,3.0,5.0,4.0,5.0,6.0,14.0,3.0,5.0,6.0,6.0,0.07906926341991968,0.3849056603773585,0.10398871050687737,0.6610169491525424,3.0,2.0,True,2021
1,4,8,14.0,27.0,4.0,7.0,8.0,10.0,15.0,26.0,6.0,10.0,4.0,5.0,0.1250440963596214,0.654485049833887,0.11238896303179649,0.47101449275362317,2.0,1.0,True,2021
1,20,14,12.0,23.0,6.0,11.0,7.0,8.0,10.0,19.0,2.0,5.0,11.0,11.0,0.1101371954223831,0.5946843853820598,0.13700504136953903,0.41911764705882354,2.0,2.0,False,2021
0,8,4,15.0,26.0,6.0,10.0,4.0,5.0,14.0,27.0,4.0,7.0,8.0,10.0,0.11238896303179649,0.47101449275362317,0.14003527708769714,0.6556291390728477,1.0,2.0,False,2021
0,11,12,11.0,26.0,3.0,12.0,7.0,8.0,12.0,22.0,4.0,7.0,9.0,11.0,0.1710796436206231,0.6082474226804123,0.1465859856510608,0.5322033898305085,2.0,2.0,False,2021
1,16,24,9.0,20.0,2.0,6.0,4.0,5.0,8.0,13.0,3.0,7.0,11.0,11.0,0.10325541073593573,0.38721804511278196,0.10398871050687737,0.6610169491525424,1.0,1.0,False,2021
1,12,11,12.0,22.0,4.0,7.0,9.0,11.0,11.0,26.0,3.0,12.0,7.0,8.0,0.1465859856510608,0.5322033898305085,0.13686371489649848,0.6061643835616438,2.0,2.0,True,2021
0,24,16,8.0,13.0,3.0,7.0,11.0,11.0,9.0,20.0,2.0,6.0,4.0,5.0,0.10398871050687737,0.6610169491525424,0.08260432858874858,0.3857677902621723,1.0,1.0,True,2021
1,26,9,9.0,16.0,4.0,9.0,3.0,4.0,11.0,21.0,3.0,9.0,4.0,5.0,0.08690753606703779,0.5594405594405595,0.0937557535512037,0.33079847908745247,2.0,2.0,True,2021
1,25,1,10.0,23.0,5.0,11.0,8.0,8.0,9.0,21.0,4.0,10.0,5.0,5.0,0.09906305399699275,0.678343949044586,0.019022459228027623,0.6372549019607843,2.0,2.0,True,2021
1,29,17,11.0,21.0,2.0,5.0,9.0,9.0,11.0,24.0,5.0,13.0,8.0,8.0,0.06381208088837739,0.5605536332179931,0.08902282426766431,0.559322033898305,2.0,3.0,True,2021
0,9,26,11.0,21.0,3.0,9.0,4.0,5.0,9.0,16.0,4.0,9.0,3.0,4.0,0.0937557535512037,0.33079847908745247,0.10952602885363023,0.5609756097560976,2.0,2.0,False,2021
1,2,22,10.0,19.0,4.0,10.0,8.0,8.0,7.0,17.0,5.0,9.0,9.0,10.0,0.049481036758596206,0.5971563981042654,0.08287649916736134,0.5638297872340425,2.0,2.0,True,2021
0,22,2,7.0,17.0,5.0,9.0,9.0,10.0,10.0,19.0,4.0,10.0,8.0,8.0,0.08287649916736134,0.5638297872340425,0.07958482940687697,0.5990566037735849,2.0,2.0,False,2021
0,21,0,9.0,16.0,5.0,11.0,7.0,8.0,11.0,17.0,3.0,8.0,10.0,10.0,0.11437589072555379,0.4346153846153846,0.126439215267883,0.5625,2.0,2.0,False,2021
1,19,15,7.0,17.0,5.0,9.0,14.0,15.0,9.0,21.0,3.0,9.0,9.0,14.0,0.06671824573179082,0.40977443609022557,0.020950150783618587,0.40671641791044777,2.0,1.0,False,2021
0,15,19,9.0,21.0,3.0,9.0,9.0,14.0,7.0,17.0,5.0,9.0,14.0,15.0,0.020950150783618587,0.40671641791044777,0.05337459658543266,0.40823970037453183,1.0,2.0,True,2021
1,27,7,9.0,16.0,4.0,8.0,4.0,4.0,10.0,24.0,2.0,4.0,4.0,7.0,0.147054677329538,0.33076923076923076,0.13514271230274058,0.35074626865671643,2.0,2.0,False,2021
0,7,27,10.0,24.0,2.0,4.0,4.0,7.0,9.0,16.0,4.0,8.0,4.0,4.0,0.13514271230274058,0.35074626865671643,0.1176437418636304,0.32950191570881227,2.0,2.0,True,2021
0,17,29,11.0,24.0,5.0,13.0,8.0,8.0,11.0,21.0,2.0,5.0,9.0,9.0,0.08902282426766431,0.559322033898305,0.09104966471070192,0.5620689655172414,3.0,2.0,False,2021
0,1,25,9.0,21.0,4.0,10.0,5.0,5.0,10.0,23.0,5.0,11.0,8.0,8.0,0.019022459228027623,0.6372549019607843,0.11925044319759419,0.6793650793650794,2.0,2.0,False,2021
1,0,21,11.0,17.0,3.0,8.0,10.0,10.0,9.0,16.0,5.0,11.0,7.0,8.0,0.126439215267883,0.5625,0.09150071258044304,0.4329501915708812,2.0,2.0,True,2021
1,10,11,14.0,26.0,5.0,7.0,2.0,2.0,10.0,19.0,5.0,9.0,6.0,8.0,0.07985466523401061,0.4107142857142857,0.13686371489649848,0.6061643835616438,2.0,1.0,False,2021
1,14,23,12.0,23.0,5.0,11.0,8.0,10.0,9.0,22.0,3.0,11.0,7.0,9.0,0.13700504136953903,0.41911764705882354,0.01673919548243321,0.41353383458646614,2.0,3.0,True,2021
0,23,14,9.0,22.0,3.0,11.0,7.0,9.0,12.0,23.0,5.0,11.0,8.0,10.0,0.01673919548243321,0.41353383458646614,0.14960403309563125,0.42124542124542125,3.0,2.0,False,2021
1,5,8,11.0,18.0,4.0,10.0,10.0,12.0,11.0,23.0,3.0,12.0,7.0,11.0,0.11658476606455818,0.5345454545454545,0.0899111704254372,0.4693140794223827,3.0,2.0,True,2021
0,8,5,11.0,23.0,3.0,12.0,7.0,11.0,11.0,18.0,4.0,10.0,10.0,12.0,0.0899111704254372,0.4693140794223827,0.13326781285164654,0.5362318840579711,2.0,3.0,False,2021
1,18,3,13.0,22.0,3.0,8.0,14.0,16.0,11.0,27.0,2.0,5.0,5.0,7.0,0.13526857695115732,0.6081081081081081,0.07837240961991956,0.39436619718309857,2.0,3.0,False,2021
0,3,18,11.0,27.0,2.0,5.0,5.0,7.0,13.0,22.0,3.0,8.0,14.0,16.0,0.07837240961991956,0.39436619718309857,0.10821486156092586,0.6060606060606061,3.0,2.0,True,2021
0,11,10,10.0,19.0,5.0,9.0,6.0,8.0,14.0,26.0,5.0,7.0,2.0,2.0,0.13686371489649848,0.6061643835616438,0.06388373218720848,0.4092526690391459,1.0,2.0,True,2021
0,20,26,9.0,15.0,5.0,8.0,4.0,4.0,8.0,16.0,3.0,8.0,4.0,5.0,0.08810975633790648,0.5927152317880795,0.10952602885363023,0.5609756097560976,2.0,1.0,True,2021
1,28,22,12.0,22.0,4.0,6.0,4.0,7.0,8.0,14.0,2.0,8.0,6.0,6.0,0.12017889042543684,0.3155893536121673,0.06630119933388907,0.5618374558303887,2.0,1.0,True,2021
0,22,28,8.0,14.0,2.0,8.0,6.0,6.0,12.0,22.0,4.0,6.0,4.0,7.0,0.06630119933388907,0.5618374558303887,0.13614311234034945,0.3181818181818182,1.0,2.0,False,2021
1,6,13,9.0,21.0,4.0,11.0,7.0,8.0,11.0,21.0,3.0,10.0,4.0,6.0,0.17849140347280107,0.45878136200716846,0.11470999931732198,0.42391304347826086,2.0,2.0,False,2021
0,13,6,11.0,21.0,3.0,10.0,4.0,6.0,9.0,21.0,4.0,11.0,7.0,8.0,0.11470999931732198,0.42391304347826086,0.14279312277824086,0.45714285714285713,2.0,2.0,True,2021
1,26,20,8.0,16.0,3.0,8.0,4.0,5.0,9.0,15.0,5.0,8.0,4.0,4.0,0.10952602885363023,0.5609756097560976,0.11048780507032518,0.594059405940594,1.0,2.0,False,2021
1,12,9,8.0,15.0,4.0,8.0,6.0,7.0,13.0,21.0,2.0,9.0,7.0,7.0,0.15726878852084863,0.5337837837837838,0.07500460284096297,0.32954545454545453,2.0,2.0,True,2021
1,15,21,11.0,22.0,8.0,15.0,4.0,5.0,15.0,22.0,5.0,8.0,9.0,10.0,0.056760120626894874,0.40892193308550184,0.09150071258044304,0.4329501915708812,2.0,2.0,False,2021
0,21,15,15.0,22.0,5.0,8.0,9.0,10.0,11.0,22.0,8.0,15.0,4.0,5.0,0.09150071258044304,0.4329501915708812,0.0454080965015159,0.4074074074074074,2.0,2.0,True,2021
1,23,7,8.0,22.0,2.0,8.0,6.0,6.0,15.0,26.0,3.0,6.0,12.0,13.0,0.013391356385946568,0.41198501872659177,0.14811416984219244,0.35315985130111527,1.0,2.0,False,2021
0,7,23,15.0,26.0,3.0,6.0,12.0,13.0,8.0,22.0,2.0,8.0,6.0,6.0,0.14811416984219244,0.35315985130111527,0.010713085108757254,0.41044776119402987,2.0,1.0,True,2021
1,4,24,15.0,27.0,2.0,7.0,5.0,6.0,10.0,21.0,3.0,10.0,3.0,4.0,0.14003527708769714,0.6556291390728477,0.1231909684055019,0.6638655462184874,3.0,2.0,True,2021
1,2,14,12.0,22.0,3.0,10.0,4.0,6.0,16.0,29.0,5.0,9.0,11.0,12.0,0.07958482940687697,0.5990566037735849,0.14960403309563125,0.42124542124542125,2.0,1.0,True,2021
0,24,4,10.0,21.0,3.0,10.0,3.0,4.0,15.0,27.0,2.0,7.0,5.0,6.0,0.1231909684055019,0.6638655462184874,0.1520282216701577,0.6567656765676567,2.0,3.0,False,2021
1,1,16,4.0,16.0,2.0,8.0,9.0,10.0,8.0,14.0,3.0,7.0,5.0,6.0,0.015217967382422098,0.6351791530944625,0.08260432858874858,0.3857677902621723,2.0,2.0,False,2021
0,16,1,8.0,14.0,3.0,7.0,5.0,6.0,4.0,16.0,2.0,8.0,9.0,10.0,0.08260432858874858,0.3857677902621723,0.012174373905937678,0.6331168831168831,2.0,2.0,True,2021
1,19,28,7.0,19.0,4.0,9.0,10.0,12.0,10.0,18.0,3.0,6.0,3.0,3.0,0.05337459658543266,0.40823970037453183,0.13614311234034945,0.3181818181818182,2.0,1.0,False,2021
0,28,19,10.0,18.0,3.0,6.0,3.0,3.0,7.0,19.0,4.0,9.0,10.0,12.0,0.13614311234034945,0.3181818181818182,0.04269967726834613,0.40671641791044777,1.0,2.0,True,2021
0,14,2,16.0,29.0,5.0,9.0,11.0,12.0,12.0,22.0,3.0,10.0,4.0,6.0,0.14960403309563125,0.42124542124542125,0.10366786352550157,0.6009389671361502,1.0,2.0,False,2021
1,29,0,7.0,12.0,3.0,5.0,6.0,8.0,8.0,14.0,3.0,7.0,4.0,5.0,0.09104966471070192,0.5620689655172414,0.14115137221430638,0.5757575757575758,2.0,2.0,True,2021
0,9,12,13.0,21.0,2.0,9.0,7.0,7.0,8.0,15.0,4.0,8.0,6.0,7.0,0.07500460284096297,0.32954545454545453,0.1658150308166789,0.5353535353535354,2.0,2.0,False,2021
0,0,29,8.0,14.0,3.0,7.0,4.0,5.0,7.0,12.0,3.0,5.0,6.0,8.0,0.14115137221430638,0.5757575757575758,0.11283973176856155,0.563573883161512,2.0,2.0,False,2021
1,17,21,10.0,21.0,6.0,15.0,3.0,3.0,10.0,18.0,5.0,9.0,5.0,6.0,0.07121825941413144,0.5574324324324325,0.11320057006435442,0.4351145038167939,3.0,1.0,True,2021
1,5,6,9.0,21.0,5.0,10.0,4.0,5.0,12.0,24.0,6.0,10.0,3.0,4.0,0.13326781285164654,0.5362318840579711,0.14279312277824086,0.45714285714285713,2.0,2.0,False,2021
0,6,5,12.0,24.0,6.0,10.0,3.0,4.0,9.0,21.0,5.0,10.0,4.0,5.0,0.14279312277824086,0.45714285714285713,0.10661425028131724,0.5342960288808665,2.0,2.0,True,2021
0,21,17,10.0,18.0,5.0,9.0,5.0,6.0,10.0,21.0,6.0,15.0,3.0,3.0,0.11320057006435442,0.4351145038167939,0.09697460753130516,0.5589225589225589,1.0,3.0,False,2021
1,18,22,10.0,17.0,6.0,13.0,5.0,5.0,9.0,17.0,4.0,8.0,4.0,5.0,0.10821486156092586,0.6060606060606061,0.05304095946711126,0.5598591549295775,2.0,2.0,True,2021
0,20,27,17.0,28.0,4.0,8.0,5.0,6.0,9.0,20.0,3.0,8.0,4.0,6.0,0.11048780507032518,0.594059405940594,0.1176437418636304,0.32950191570881227,2.0,3.0,True,2021
0,22,18,9.0,17.0,4.0,8.0,4.0,5.0,10.0,17.0,6.0,13.0,5.0,5.0,0.05304095946711126,0.5598591549295775,0.1265718892487407,0.6073825503355704,2.0,2.0,False,2021
0,13,10,12.0,22.0,5.0,10.0,4.0,6.0,12.0,24.0,5.0,10.0,5.0,7.0,0.1317679994538576,0.4259927797833935,0.06388373218720848,0.4092526690391459,2.0,2.0,True,2021
1,8,11,11.0,20.0,3.0,5.0,6.0,9.0,11.0,21.0,7.0,11.0,6.0,6.0,0.07192893634034976,0.4676258992805755,0.1494909719171988,0.6075085324232082,2.0,2.0,True,2021
0,11,8,11.0,21.0,7.0,11.0,6.0,6.0,11.0,20.0,3.0,5.0,6.0,9.0,0.1494909719171988,0.6075085324232082,0.09754314907227982,0.46953405017921146,2.0,2.0,False,2021
1,1,3,11.0,24.0,2.0,7.0,9.0,12.0,12.0,20.0,4.0,8.0,11.0,15.0,0.012174373905937678,0.6331168831168831,0.10269792769593564,0.39649122807017545,1.0,2.0,False,2021
0,3,1,12.0,20.0,4.0,8.0,11.0,15.0,11.0,24.0,2.0,7.0,9.0,12.0,0.10269792769593564,0.39649122807017545,0.009739499124750143,0.6310679611650486,2.0,1.0,True,2021
1,27,20,9.0,20.0,3.0,8.0,4.0,6.0,17.0,28.0,4.0,8.0,5.0,6.0,0.1176437418636304,0.32950191570881227,0.12839024405626015,0.5953947368421053,3.0,2.0,False,2021
1,10,13,12.0,24.0,5.0,10.0,5.0,7.0,12.0,22.0,5.0,10.0,4.0,6.0,0.06388373218720848,0.4092526690391459,0.14541439956308605,0.42805755395683454,2.0,2.0,False,2021
1,4,20,10.0,15.0,3.0,7.0,7.0,10.0,15.0,23.0,3.0,6.0,5.0,5.0,0.1520282216701577,0.6567656765676567,0.12839024405626015,0.5953947368421053,2.0,1.0,False,2021
1,14,16,8.0,18.0,3.0,7.0,6.0,9.0,11.0,19.0,6.0,10.0,11.0,14.0,0.119683226476505,0.4197080291970803,0.10608346287099887,0.3880597014925373,2.0,2.0,False,2021
0,16,14,11.0,19.0,6.0,10.0,11.0,14.0,8.0,18.0,3.0,7.0,6.0,9.0,0.10608346287099887,0.3880597014925373,0.09574658118120401,0.41818181818181815,2.0,2.0,True,2021
1,5,28,7.0,16.0,4.0,10.0,6.0,6.0,8.0,21.0,6.0,13.0,4.0,6.0,0.10661425028131724,0.5342960288808665,0.14891448987227957,0.32075471698113206,1.0,2.0,True,2021
0,24,2,12.0,26.0,5.0,15.0,3.0,4.0,8.0,19.0,6.0,12.0,5.0,8.0,0.09855277472440152,0.6583333333333333,0.10366786352550157,0.6009389671361502,2.0,2.0,False,2021
0,28,5,8.0,21.0,6.0,13.0,4.0,6.0,7.0,16.0,4.0,10.0,6.0,6.0,0.14891448987227957,0.32075471698113206,0.12529140022505378,0.5359712230215827,2.0,1.0,False,2021
0,9,12,6.0,13.0,4.0,9.0,4.0,5.0,5.0,12.0,4.0,9.0,5.0,6.0,0.06000368227277038,0.3283018867924528,0.1658150308166789,0.5353535353535354,2.0,2.0,True,2021
1,29,7,16.0,24.0,3.0,8.0,3.0,5.0,7.0,17.0,4.0,6.0,5.0,6.0,0.11283973176856155,0.563573883161512,0.15849133587375397,0.35555555555555557,2.0,2.0,False,2021
0,7,29,7.0,17.0,4.0,6.0,5.0,6.0,16.0,24.0,3.0,8.0,3.0,5.0,0.15849133587375397,0.35555555555555557,0.09027178541484923,0.5616438356164384,2.0,2.0,True,2021
1,2,24,8.0,19.0,6.0,12.0,5.0,8.0,12.0,26.0,5.0,15.0,3.0,4.0,0.10366786352550157,0.6009389671361502,0.07884221977952122,0.6528925619834711,2.0,2.0,True,2021
1,12,9,5.0,12.0,4.0,9.0,5.0,6.0,6.0,13.0,4.0,9.0,4.0,5.0,0.1658150308166789,0.5353535353535354,0.0880029458182163,0.3308270676691729,2.0,2.0,False,2021
0,20,4,15.0,23.0,3.0,6.0,5.0,5.0,10.0,15.0,3.0,7.0,7.0,10.0,0.12839024405626015,0.5953947368421053,0.12162257733612616,0.6546052631578947,1.0,2.0,True,2021
0,29,15,13.0,22.0,4.0,10.0,4.0,5.0,11.0,18.0,7.0,11.0,8.0,9.0,0.09027178541484923,0.5616438356164384,0.0454080965015159,0.4074074074074074,1.0,3.0,False,2021
1,10,9,10.0,21.0,4.0,9.0,7.0,7.0,9.0,19.0,5.0,10.0,10.0,11.0,0.051106985749766784,0.4078014184397163,0.0880029458182163,0.3308270676691729,2.0,1.0,False,2021
1,25,19,14.0,20.0,5.0,8.0,8.0,9.0,8.0,14.0,8.0,11.0,4.0,5.0,0.11925044319759419,0.6793650793650794,0.04269967726834613,0.40671641791044777,5.0,3.0,False,2021
0,19,25,8.0,14.0,8.0,11.0,4.0,5.0,14.0,20.0,5.0,8.0,8.0,9.0,0.04269967726834613,0.40671641791044777,0.09540035455807536,0.6772151898734177,3.0,5.0,True,2021
1,15,29,11.0,18.0,7.0,11.0,8.0,9.0,13.0,22.0,4.0,10.0,4.0,5.0,0.0454080965015159,0.4074074074074074,0.07221742833187939,0.5597269624573379,3.0,1.0,True,2021
0,0,17,13.0,28.0,5.0,14.0,4.0,5.0,8.0,17.0,3.0,10.0,7.0,8.0,0.1129210977714451,0.5588235294117647,0.09697460753130516,0.5589225589225589,3.0,2.0,False,2021
1,17,0,8.0,17.0,3.0,10.0,7.0,8.0,13.0,28.0,5.0,14.0,4.0,5.0,0.09697460753130516,0.5589225589225589,0.09033687821715608,0.5428571428571428,2.0,3.0,True,2021
1,18,11,14.0,27.0,2.0,5.0,10.0,13.0,12.0,34.0,5.0,12.0,4.0,6.0,0.1265718892487407,0.6073825503355704,0.11959277753375903,0.6054421768707483,2.0,2.0,True,2021
0,11,18,12.0,34.0,5.0,12.0,4.0,6.0,14.0,27.0,2.0,5.0,10.0,13.0,0.11959277753375903,0.6054421768707483,0.14125751139899254,0.6086956521739131,2.0,2.0,False,2021
0,9,10,9.0,19.0,5.0,10.0,10.0,11.0,10.0,21.0,4.0,9.0,7.0,7.0,0.0880029458182163,0.3308270676691729,0.04088558859981343,0.40636042402826855,1.0,2.0,True,2021
0,21,23,12.0,21.0,6.0,12.0,5.0,6.0,8.0,23.0,4.0,10.0,3.0,4.0,0.09056045605148354,0.43346007604562736,0.010713085108757254,0.41044776119402987,2.0,3.0,True,2021
1,3,22,12.0,25.0,5.0,8.0,6.0,6.0,12.0,15.0,3.0,10.0,4.0,7.0,0.12215834215674852,0.3986013986013986,0.04243276757368901,0.5578947368421052,2.0,2.0,False,2021
0,27,8,12.0,19.0,4.0,8.0,8.0,8.0,10.0,17.0,2.0,6.0,8.0,16.0,0.09411499349090433,0.3282442748091603,0.09754314907227982,0.46953405017921146,2.0,2.0,True,2021
0,6,1,10.0,21.0,4.0,9.0,5.0,7.0,12.0,30.0,5.0,12.0,10.0,13.0,0.15423449822259266,0.45907473309608543,0.009739499124750143,0.6310679611650486,2.0,2.0,True,2021
1,23,21,8.0,23.0,4.0,10.0,3.0,4.0,12.0,21.0,6.0,12.0,5.0,6.0,0.010713085108757254,0.41044776119402987,0.11244836484118684,0.4356060606060606,3.0,2.0,False,2021
0,26,13,5.0,15.0,3.0,8.0,4.0,6.0,7.0,15.0,3.0,8.0,5.0,6.0,0.08762082308290418,0.5590277777777778,0.14541439956308605,0.42805755395683454,4.0,2.0,False,2021
0,22,3,12.0,15.0,3.0,10.0,4.0,7.0,12.0,25.0,5.0,8.0,6.0,6.0,0.04243276757368901,0.5578947368421052,0.09772667372539881,0.397212543554007,2.0,2.0,True,2021
1,13,26,7.0,15.0,3.0,8.0,5.0,6.0,5.0,15.0,3.0,8.0,4.0,6.0,0.14541439956308605,0.42805755395683454,0.07009665846632335,0.5570934256055363,2.0,4.0,True,2021
1,8,27,10.0,17.0,2.0,6.0,8.0,16.0,12.0,19.0,4.0,8.0,8.0,8.0,0.09754314907227982,0.46953405017921146,0.11529199479272348,0.33079847908745247,2.0,2.0,False,2021
1,1,6,12.0,30.0,5.0,12.0,10.0,13.0,10.0,21.0,4.0,9.0,5.0,7.0,0.009739499124750143,0.6310679611650486,0.16338759857807414,0.46099290780141844,2.0,2.0,False,2021
1,16,4,11.0,25.0,3.0,13.0,10.0,11.0,10.0,19.0,3.0,7.0,9.0,9.0,0.12486677029679911,0.3903345724907063,0.12162257733612616,0.6546052631578947,2.0,2.0,False,2021
0,0,7,10.0,16.0,5.0,10.0,3.0,4.0,7.0,20.0,4.0,7.0,3.0,4.0,0.09033687821715608,0.5428571428571428,0.16679306869900318,0.35793357933579334,1.0,2.0,False,2021
1,14,24,9.0,23.0,2.0,5.0,14.0,15.0,7.0,14.0,4.0,8.0,8.0,8.0,0.09574658118120401,0.41818181818181815,0.07884221977952122,0.6528925619834711,2.0,2.0,True,2021
0,24,14,7.0,14.0,4.0,8.0,8.0,8.0,9.0,23.0,2.0,5.0,14.0,15.0,0.07884221977952122,0.6528925619834711,0.11659726494496321,0.42028985507246375,2.0,2.0,False,2021
1,5,26,8.0,21.0,3.0,10.0,4.0,4.0,11.0,19.0,4.0,9.0,9.0,10.0,0.12529140022505378,0.5359712230215827,0.07009665846632335,0.5570934256055363,2.0,1.0,False,2021
0,26,5,11.0,19.0,4.0,9.0,9.0,10.0,8.0,21.0,3.0,10.0,4.0,4.0,0.07009665846632335,0.5570934256055363,0.10023312018004302,0.5340501792114696,1.0,2.0,True,2021
1,17,15,13.0,26.0,8.0,15.0,10.0,10.0,12.0,26.0,5.0,12.0,6.0,10.0,0.11757968602504412,0.5604026845637584,0.07632647720121272,0.4095940959409594,1.0,1.0,True,2021
0,15,17,12.0,26.0,5.0,12.0,6.0,10.0,13.0,26.0,8.0,15.0,10.0,10.0,0.07632647720121272,0.4095940959409594,0.1340637488200353,0.5618729096989966,1.0,1.0,False,2021
0,12,8,10.0,14.0,4.0,7.0,8.0,9.0,6.0,16.0,3.0,11.0,5.0,7.0,0.1326520246533431,0.5335570469798657,0.07803451925782386,0.46785714285714286,2.0,1.0,True,2021
0,20,22,9.0,18.0,5.0,9.0,6.0,6.0,9.0,15.0,4.0,8.0,2.0,5.0,0.1427121952450081,0.5967213114754099,0.07394621405895122,0.5594405594405595,2.0,1.0,True,2021
0,4,16,10.0,19.0,3.0,7.0,9.0,9.0,11.0,25.0,3.0,13.0,10.0,11.0,0.12162257733612616,0.6546052631578947,0.09989341623743929,0.3888888888888889,2.0,2.0,True,2021
1,22,20,9.0,15.0,4.0,8.0,2.0,5.0,9.0,18.0,5.0,9.0,6.0,6.0,0.07394621405895122,0.5594405594405595,0.15416975619600648,0.5980392156862745,1.0,2.0,False,2021
1,28,19,11.0,19.0,3.0,9.0,5.0,6.0,6.0,14.0,4.0,10.0,4.0,6.0,0.11913159189782366,0.31954887218045114,0.07415974181467691,0.40892193308550184,2.0,1.0,True,2021
1,2,25,9.0,15.0,3.0,6.0,11.0,16.0,11.0,18.0,5.0,11.0,7.0,8.0,0.12293429082040126,0.602803738317757,0.09540035455807536,0.6772151898734177,2.0,1.0,True,2021
0,25,2,11.0,18.0,5.0,11.0,7.0,8.0,9.0,15.0,3.0,6.0,11.0,16.0,0.09540035455807536,0.6772151898734177,0.13834743265632102,0.6046511627906976,1.0,2.0,False,2021
0,19,28,6.0,14.0,4.0,10.0,4.0,6.0,11.0,19.0,3.0,9.0,5.0,6.0,0.07415974181467691,0.40892193308550184,0.1353052735182589,0.32209737827715357,1.0,2.0,False,2021
1,8,12,6.0,16.0,3.0,11.0,5.0,7.0,10.0,14.0,4.0,7.0,8.0,9.0,0.07803451925782386,0.46785714285714286,0.1461216197226745,0.5351170568561873,1.0,2.0,False,2021
1,7,0,7.0,20.0,4.0,7.0,3.0,4.0,10.0,16.0,5.0,10.0,3.0,4.0,0.16679306869900318,0.35793357933579334,0.07226950257372486,0.5277777777777778,2.0,1.0,True,2021
1,16,14,12.0,21.0,5.0,8.0,7.0,12.0,10.0,22.0,3.0,8.0,8.0,8.0,0.09989341623743929,0.3888888888888889,0.11659726494496321,0.42028985507246375,6.0,6.0,True,2021
0,5,13,12.0,19.0,3.0,7.0,5.0,8.0,11.0,20.0,3.0,10.0,4.0,5.0,0.10023312018004302,0.5340501792114696,0.15633151965046885,0.43010752688172044,6.0,7.0,False,2021
1,13,5,11.0,20.0,3.0,10.0,4.0,5.0,12.0,19.0,3.0,7.0,5.0,8.0,0.15633151965046885,0.43010752688172044,0.08018649614403442,0.5321428571428571,7.0,6.0,True,2021
0,14,16,10.0,22.0,3.0,8.0,8.0,8.0,12.0,21.0,5.0,8.0,7.0,12.0,0.11659726494496321,0.42028985507246375,0.11991473298995144,0.39114391143911437,6.0,6.0,False,2021
1,17,7,10.0,23.0,5.0,12.0,5.0,5.0,12.0,21.0,3.0,5.0,8.0,8.0,0.1340637488200353,0.5618729096989966,0.17343445495920254,0.3602941176470588,7.0,7.0,False,2021
0,13,26,10.0,18.0,4.0,8.0,6.0,10.0,11.0,22.0,4.0,7.0,9.0,9.0,0.16506521572037508,0.43214285714285716,0.09607732677305869,0.5586206896551724,1.0,7.0,False,2021
1,25,9,11.0,20.0,6.0,10.0,7.0,8.0,11.0,24.0,4.0,9.0,13.0,16.0,0.07632028364646029,0.6750788643533123,0.11040235665457306,0.3333333333333333,7.0,8.0,False,2021
1,26,13,11.0,22.0,4.0,7.0,9.0,9.0,10.0,18.0,4.0,8.0,6.0,10.0,0.09607732677305869,0.5586206896551724,0.13205217257630006,0.4306049822064057,7.0,1.0,True,2021
0,9,25,11.0,24.0,4.0,9.0,13.0,16.0,11.0,20.0,6.0,10.0,7.0,8.0,0.11040235665457306,0.3333333333333333,0.061056226917168235,0.6729559748427673,8.0,7.0,True,2021
0,1,15,8.0,21.0,3.0,9.0,8.0,9.0,11.0,19.0,5.0,13.0,7.0,7.0,0.007791599299800114,0.6290322580645161,0.061061181760970175,0.40808823529411764,8.0,7.0,False,2021
1,15,1,11.0,19.0,5.0,13.0,7.0,7.0,8.0,21.0,3.0,9.0,8.0,9.0,0.061061181760970175,0.40808823529411764,0.006233279439840091,0.6270096463022508,7.0,8.0,True,2021
1,4,28,8.0,12.0,7.0,7.0,7.0,7.0,9.0,15.0,3.0,8.0,6.0,9.0,0.13729806186890092,0.6557377049180327,0.1353052735182589,0.32209737827715357,7.0,7.0,True,2021
1,8,23,9.0,14.0,3.0,9.0,6.0,11.0,11.0,22.0,6.0,10.0,5.0,6.0,0.06242761540625909,0.46619217081850534,0.008570468087005803,0.40892193308550184,7.0,8.0,False,2021
0,7,17,12.0,21.0,3.0,5.0,8.0,8.0,10.0,23.0,5.0,12.0,5.0,5.0,0.17343445495920254,0.3602941176470588,0.10725099905602824,0.56,7.0,7.0,True,2021
0,23,8,11.0,22.0,6.0,10.0,5.0,6.0,9.0,14.0,3.0,9.0,6.0,11.0,0.008570468087005803,0.40892193308550184,0.04994209232500727,0.4645390070921986,8.0,7.0,True,2021
0,28,4,9.0,15.0,3.0,8.0,6.0,9.0,8.0,12.0,7.0,7.0,7.0,7.0,0.1353052735182589,0.32209737827715357,0.14983844949512073,0.6568627450980392,7.0,7.0,False,2021
0,19,21,11.0,24.0,4.0,10.0,8.0,9.0,6.0,15.0,3.0,9.0,8.0,8.0,0.05932779345174153,0.4074074074074074,0.11244836484118684,0.4356060606060606,7.0,8.0,False,2021
0,0,24,7.0,16.0,2.0,8.0,4.0,4.0,10.0,17.0,5.0,7.0,5.0,6.0,0.07226950257372486,0.5277777777777778,0.06307377582361698,0.6475409836065574,7.0,7.0,False,2021
0,10,12,10.0,20.0,3.0,7.0,6.0,6.0,9.0,17.0,4.0,12.0,8.0,13.0,0.04088558859981343,0.40636042402826855,0.1461216197226745,0.5351170568561873,8.0,7.0,False,2021
1,24,0,10.0,17.0,5.0,7.0,5.0,6.0,7.0,16.0,2.0,8.0,4.0,4.0,0.06307377582361698,0.6475409836065574,0.057815602058979884,0.5135135135135135,7.0,7.0,True,2021
1,12,10,9.0,17.0,4.0,12.0,8.0,13.0,10.0,20.0,3.0,7.0,6.0,6.0,0.1461216197226745,0.5351170568561873,0.032708470879850744,0.40492957746478875,7.0,8.0,True,2021
0,2,6,13.0,23.0,3.0,12.0,8.0,9.0,15.0,23.0,6.0,9.0,9.0,9.0,0.13834743265632102,0.6046511627906976,0.16338759857807414,0.46099290780141844,7.0,8.0,False,2021
1,27,18,8.0,16.0,7.0,7.0,4.0,4.0,8.0,15.0,3.0,7.0,7.0,8.0,0.11529199479272348,0.33079847908745247,0.14125751139899254,0.6086956521739131,8.0,8.0,False,2021
0,18,27,8.0,15.0,3.0,7.0,7.0,8.0,8.0,16.0,7.0,7.0,4.0,4.0,0.14125751139899254,0.6086956521739131,0.09223359583417878,0.32954545454545453,8.0,8.0,True,2021
1,6,2,15.0,23.0,6.0,9.0,9.0,9.0,13.0,23.0,3.0,12.0,8.0,9.0,0.16338759857807414,0.46099290780141844,0.11067794612505681,0.6018518518518519,8.0,7.0,True,2021
1,21,19,6.0,15.0,3.0,9.0,8.0,8.0,11.0,24.0,4.0,10.0,8.0,9.0,0.11244836484118684,0.4356060606060606,0.047462234761393225,0.4059040590405904,8.0,7.0,True,2021
0,10,5,12.0,18.0,3.0,8.0,3.0,4.0,8.0,19.0,3.0,8.0,6.0,6.0,0.032708470879850744,0.40492957746478875,0.08018649614403442,0.5321428571428571,1.0,2.0,False,2021
1,8,3,11.0,16.0,3.0,6.0,5.0,6.0,7.0,18.0,3.0,6.0,5.0,5.0,0.04994209232500727,0.4645390070921986,0.09772667372539881,0.397212543554007,1.0,9.0,True,2021
1,14,18,10.0,19.0,2.0,5.0,3.0,7.0,8.0,14.0,4.0,5.0,6.0,6.0,0.09327781195597057,0.4187725631768953,0.15300600911919404,0.61,2.0,1.0,False,2021
0,18,14,8.0,14.0,4.0,5.0,6.0,6.0,10.0,19.0,2.0,5.0,3.0,7.0,0.15300600911919404,0.61,0.07462224956477645,0.4172661870503597,1.0,2.0,True,2021
1,11,1,9.0,23.0,3.0,9.0,7.0,8.0,11.0,25.0,3.0,9.0,4.0,6.0,0.09567422202700723,0.6033898305084746,0.006233279439840091,0.6270096463022508,9.0,1.0,True,2021
0,1,11,11.0,25.0,3.0,9.0,4.0,6.0,9.0,23.0,3.0,9.0,7.0,8.0,0.006233279439840091,0.6270096463022508,0.11653937762160578,0.6047297297297297,1.0,9.0,False,2021
1,5,10,8.0,19.0,3.0,8.0,6.0,6.0,12.0,18.0,3.0,8.0,3.0,4.0,0.08018649614403442,0.5321428571428571,0.026166776703880595,0.40350877192982454,2.0,1.0,True,2021
1,27,12,10.0,18.0,6.0,10.0,4.0,4.0,9.0,17.0,5.0,8.0,10.0,12.0,0.09223359583417878,0.32954545454545453,0.1568972957781396,0.5366666666666666,1.0,1.0,False,2021
0,20,16,13.0,22.0,5.0,10.0,3.0,4.0,8.0,20.0,4.0,6.0,4.0,4.0,0.15416975619600648,0.5980392156862745,0.11991473298995144,0.39114391143911437,8.0,2.0,True,2021
0,3,8,7.0,18.0,3.0,6.0,5.0,5.0,11.0,16.0,3.0,6.0,5.0,6.0,0.09772667372539881,0.397212543554007,0.07995367386000582,0.4664310954063604,9.0,1.0,False,2021
0,12,27,9.0,17.0,5.0,8.0,10.0,12.0,10.0,18.0,6.0,10.0,4.0,4.0,0.1568972957781396,0.5366666666666666,0.07378687666734303,0.3283018867924528,1.0,1.0,True,2021
1,16,20,8.0,20.0,4.0,6.0,4.0,4.0,13.0,22.0,5.0,10.0,3.0,4.0,0.11991473298995144,0.39114391143911437,0.16333580495680516,0.5993485342019544,2.0,8.0,False,2021
0,22,29,12.0,20.0,4.0,10.0,6.0,8.0,8.0,18.0,3.0,6.0,7.0,11.0,0.059156971247160975,0.5574912891986062,0.07221742833187939,0.5597269624573379,8.0,9.0,False,2021
1,29,22,8.0,18.0,3.0,6.0,7.0,11.0,12.0,20.0,4.0,10.0,6.0,8.0,0.07221742833187939,0.5597269624573379,0.04732557699772878,0.5555555555555556,9.0,8.0,True,2021
0,28,26,12.0,21.0,4.0,11.0,7.0,10.0,7.0,11.0,2.0,6.0,10.0,10.0,0.10824421881460713,0.3208955223880597,0.11686186141844694,0.5601374570446735,2.0,2.0,True,2021
1,23,17,12.0,21.0,3.0,7.0,8.0,8.0,8.0,19.0,3.0,10.0,8.0,9.0,0.04685637446960464,0.4111111111111111,0.10725099905602824,0.56,2.0,2.0,False,2021
0,4,14,12.0,19.0,4.0,8.0,9.0,9.0,16.0,32.0,5.0,11.0,5.0,9.0,0.14983844949512073,0.6568627450980392,0.07462224956477645,0.4172661870503597,2.0,1.0,True,2021
1,7,22,9.0,20.0,3.0,6.0,5.0,5.0,9.0,16.0,4.0,6.0,5.0,7.0,0.17874756396736202,0.3626373626373626,0.04732557699772878,0.5555555555555556,2.0,1.0,False,2021
0,22,7,9.0,16.0,4.0,6.0,5.0,7.0,9.0,20.0,3.0,6.0,5.0,5.0,0.04732557699772878,0.5555555555555556,0.1429980511738896,0.3613138686131387,1.0,2.0,True,2021
1,14,4,16.0,32.0,5.0,11.0,5.0,9.0,12.0,19.0,4.0,8.0,9.0,9.0,0.07462224956477645,0.4172661870503597,0.1598707595960966,0.6579804560260586,1.0,2.0,False,2021
1,6,19,8.0,19.0,3.0,6.0,8.0,8.0,7.0,17.0,3.0,9.0,7.0,8.0,0.1707100788624593,0.4628975265017668,0.047462234761393225,0.4059040590405904,2.0,2.0,True,2021
1,26,28,7.0,11.0,2.0,6.0,10.0,10.0,12.0,21.0,4.0,11.0,7.0,10.0,0.11686186141844694,0.5601374570446735,0.1265953750516857,0.32342007434944237,2.0,2.0,False,2021
0,13,20,10.0,16.0,5.0,10.0,4.0,6.0,10.0,20.0,5.0,10.0,5.0,7.0,0.13205217257630006,0.4306049822064057,0.16333580495680516,0.5993485342019544,2.0,1.0,True,2021
1,21,25,7.0,14.0,6.0,11.0,3.0,3.0,7.0,16.0,3.0,8.0,8.0,9.0,0.12995869187294945,0.4377358490566038,0.061056226917168235,0.6729559748427673,2.0,2.0,True,2021
1,20,13,10.0,20.0,5.0,10.0,5.0,7.0,10.0,16.0,5.0,10.0,4.0,6.0,0.16333580495680516,0.5993485342019544,0.14564173806104005,0.4326241134751773,1.0,2.0,False,2021
0,19,6,7.0,17.0,3.0,9.0,7.0,8.0,8.0,19.0,3.0,6.0,8.0,8.0,0.047462234761393225,0.4059040590405904,0.17656806308996742,0.4647887323943662,2.0,2.0,False,2021
1,9,15,10.0,17.0,5.0,10.0,8.0,10.0,11.0,24.0,2.0,11.0,8.0,10.0,0.12832188532365846,0.3358208955223881,0.08884894540877614,0.41025641025641024,2.0,2.0,True,2021
0,25,21,7.0,16.0,3.0,8.0,8.0,9.0,7.0,14.0,6.0,11.0,3.0,3.0,0.061056226917168235,0.6729559748427673,0.14396695349835958,0.4398496240601504,2.0,2.0,False,2021
0,15,9,11.0,24.0,2.0,11.0,8.0,10.0,10.0,17.0,5.0,10.0,8.0,10.0,0.08884894540877614,0.41025641025641024,0.14265750825892676,0.3382899628252788,2.0,2.0,False,2021
0,17,23,8.0,19.0,3.0,10.0,8.0,9.0,12.0,21.0,3.0,7.0,8.0,8.0,0.10725099905602824,0.56,0.03748509957568371,0.4095940959409594,2.0,2.0,True,2021
0,24,8,9.0,14.0,4.0,8.0,4.0,6.0,13.0,16.0,5.0,8.0,6.0,6.0,0.09045902065889358,0.6504065040650406,0.07995367386000582,0.4664310954063604,3.0,2.0,False,2021
1,18,5,10.0,18.0,4.0,7.0,2.0,5.0,6.0,13.0,3.0,8.0,6.0,7.0,0.16240480729535522,0.6112956810631229,0.10414919691522753,0.5338078291814946,2.0,2.0,True,2021
0,5,18,6.0,13.0,3.0,8.0,6.0,7.0,10.0,18.0,4.0,7.0,2.0,5.0,0.10414919691522753,0.5338078291814946,0.16992384583628417,0.6125827814569537,2.0,2.0,False,2021
1,10,12,15.0,27.0,8.0,13.0,4.0,5.0,10.0,17.0,4.0,12.0,9.0,10.0,0.026166776703880595,0.40350877192982454,0.16551783662251168,0.5382059800664452,2.0,2.0,False,2021
0,12,10,10.0,17.0,4.0,12.0,9.0,10.0,15.0,27.0,8.0,13.0,4.0,5.0,0.16551783662251168,0.5382059800664452,0.020933421363104478,0.4020979020979021,2.0,2.0,True,2021
1,26,16,8.0,17.0,5.0,8.0,10.0,11.0,7.0,18.0,2.0,7.0,7.0,8.0,0.09348948913475755,0.5582191780821918,0.09593178639196115,0.3897058823529412,1.0,2.0,True,2021
0,16,26,7.0,18.0,2.0,7.0,7.0,8.0,8.0,17.0,5.0,8.0,10.0,11.0,0.09593178639196115,0.3897058823529412,0.11479159130780606,0.5597269624573379,2.0,1.0,False,2021
0,17,23,12.0,21.0,6.0,13.0,8.0,9.0,12.0,24.0,6.0,14.0,10.0,11.0,0.1258007992448226,0.5614617940199336,0.03748509957568371,0.4095940959409594,1.0,1.0,False,2021
1,8,24,13.0,16.0,5.0,8.0,6.0,6.0,9.0,14.0,4.0,8.0,4.0,6.0,0.07995367386000582,0.4664310954063604,0.07236721652711486,0.6451612903225806,2.0,3.0,True,2021
1,23,17,12.0,24.0,6.0,14.0,10.0,11.0,12.0,21.0,6.0,13.0,8.0,9.0,0.03748509957568371,0.4095940959409594,0.10064063939585807,0.5596026490066225,1.0,1.0,True,2021
1,1,2,9.0,23.0,4.0,10.0,7.0,8.0,9.0,17.0,3.0,7.0,5.0,6.0,0.004986623551872073,0.625,0.11067794612505681,0.6018518518518519,2.0,3.0,False,2021
1,9,3,8.0,17.0,3.0,7.0,9.0,10.0,5.0,17.0,2.0,6.0,5.0,12.0,0.14265750825892676,0.3382899628252788,0.07818133898031905,0.3958333333333333,1.0,2.0,True,2021
0,25,27,13.0,22.0,3.0,11.0,6.0,6.0,9.0,14.0,3.0,9.0,6.0,8.0,0.04884498153373459,0.670846394984326,0.07378687666734303,0.3283018867924528,1.0,2.0,False,2021
1,27,25,9.0,14.0,3.0,9.0,6.0,8.0,13.0,22.0,3.0,11.0,6.0,6.0,0.07378687666734303,0.3283018867924528,0.03907598522698767,0.66875,2.0,1.0,True,2021
0,3,9,5.0,17.0,2.0,6.0,5.0,12.0,8.0,17.0,3.0,7.0,9.0,10.0,0.07818133898031905,0.3958333333333333,0.1541260066071414,0.34074074074074073,2.0,1.0,False,2021
1,0,11,12.0,20.0,6.0,9.0,6.0,7.0,9.0,23.0,4.0,10.0,8.0,13.0,0.057815602058979884,0.5135135135135135,0.11653937762160578,0.6047297297297297,3.0,2.0,True,2021
0,2,1,9.0,17.0,3.0,7.0,5.0,6.0,9.0,23.0,4.0,10.0,7.0,8.0,0.11067794612505681,0.6018518518518519,0.0039892988414976585,0.6230031948881789,3.0,2.0,True,2021
0,11,0,9.0,23.0,4.0,10.0,8.0,13.0,12.0,20.0,6.0,9.0,6.0,7.0,0.11653937762160578,0.6047297297297297,0.08625248164718391,0.5263157894736842,2.0,3.0,False,2021
0,5,19,9.0,13.0,4.0,8.0,2.0,3.0,6.0,13.0,2.0,4.0,5.0,10.0,0.08331935753218203,0.5319148936170213,0.03796978780911458,0.40441176470588236,1.0,2.0,True,2021
0,4,14,12.0,22.0,3.0,7.0,6.0,6.0,13.0,19.0,4.0,9.0,7.0,7.0,0.1598707595960966,0.6579804560260586,0.05969779965182116,0.4157706093189964,2.0,2.0,True,2021
1,7,16,10.0,19.0,4.0,9.0,4.0,4.0,11.0,14.0,2.0,5.0,7.0,10.0,0.1429980511738896,0.3613138686131387,0.07674542911356892,0.3882783882783883,2.0,1.0,True,2021
0,16,7,11.0,14.0,2.0,5.0,7.0,10.0,10.0,19.0,4.0,9.0,4.0,4.0,0.07674542911356892,0.3882783882783883,0.1543984409391117,0.36363636363636365,1.0,2.0,False,2021
1,0,29,9.0,17.0,4.0,7.0,5.0,5.0,11.0,14.0,3.0,5.0,5.0,6.0,0.08625248164718391,0.5263157894736842,0.09777394266550352,0.5612244897959183,1.0,3.0,False,2021
0,29,0,11.0,14.0,3.0,5.0,5.0,6.0,9.0,17.0,4.0,7.0,5.0,5.0,0.09777394266550352,0.5612244897959183,0.06900198531774712,0.5128205128205128,3.0,1.0,True,2021
1,19,5,6.0,13.0,2.0,4.0,5.0,10.0,9.0,13.0,4.0,8.0,2.0,3.0,0.03796978780911458,0.40441176470588236,0.10665548602574562,0.5335689045936396,2.0,1.0,False,2021
0,28,6,13.0,27.0,5.0,12.0,10.0,10.0,13.0,18.0,4.0,8.0,9.0,9.0,0.1265953750516857,0.32342007434944237,0.17656806308996742,0.4647887323943662,2.0,2.0,False,2021
0,22,20,9.0,16.0,5.0,11.0,4.0,4.0,11.0,25.0,5.0,7.0,8.0,10.0,0.07786046159818302,0.5570934256055363,0.13066864396544414,0.5974025974025974,2.0,2.0,False,2021
1,13,24,9.0,23.0,5.0,11.0,3.0,4.0,9.0,20.0,4.0,6.0,3.0,4.0,0.14564173806104005,0.4326241134751773,0.07236721652711486,0.6451612903225806,2.0,1.0,False,2021
0,24,13,9.0,20.0,4.0,6.0,3.0,4.0,9.0,23.0,5.0,11.0,3.0,4.0,0.07236721652711486,0.6451612903225806,0.11651339044883205,0.43109540636042404,1.0,2.0,True,2021
1,21,15,9.0,18.0,4.0,11.0,8.0,8.0,11.0,22.0,5.0,11.0,6.0,9.0,0.14396695349835958,0.4398496240601504,0.07107915632702091,0.40875912408759124,2.0,2.0,True,2021
0,15,21,11.0,22.0,5.0,11.0,6.0,9.0,9.0,18.0,4.0,11.0,8.0,8.0,0.07107915632702091,0.40875912408759124,0.15517356279868766,0.4419475655430712,2.0,2.0,False,2021
1,6,28,13.0,18.0,4.0,8.0,9.0,9.0,13.0,27.0,5.0,12.0,10.0,10.0,0.17656806308996742,0.4647887323943662,0.10127630004134855,0.32222222222222224,2.0,2.0,True,2021
1,20,22,11.0,25.0,5.0,7.0,8.0,10.0,9.0,16.0,5.0,11.0,4.0,4.0,0.13066864396544414,0.5974025974025974,0.06228836927854642,0.5551724137931034,2.0,2.0,True,2021
1,14,4,13.0,19.0,4.0,9.0,7.0,7.0,12.0,22.0,3.0,7.0,6.0,6.0,0.05969779965182116,0.4157706093189964,0.16789660767687728,0.6590909090909091,2.0,2.0,False,2021
0,3,12,8.0,17.0,2.0,8.0,5.0,6.0,11.0,16.0,4.0,8.0,7.0,7.0,0.06254507118425524,0.3944636678200692,0.17241426929800935,0.5397350993377483,2.0,2.0,False,2021
1,17,8,13.0,20.0,6.0,13.0,18.0,18.0,11.0,22.0,6.0,9.0,7.0,10.0,0.10064063939585807,0.5596026490066225,0.10396293908800466,0.46830985915492956,2.0,2.0,True,2021
0,8,17,11.0,22.0,6.0,9.0,7.0,10.0,13.0,20.0,6.0,13.0,18.0,18.0,0.10396293908800466,0.46830985915492956,0.12051251151668647,0.5610561056105611,2.0,2.0,False,2021
1,18,28,11.0,20.0,4.0,7.0,4.0,5.0,7.0,19.0,3.0,8.0,4.0,7.0,0.16992384583628417,0.6125827814569537,0.10127630004134855,0.32222222222222224,2.0,1.0,True,2021
0,28,18,7.0,19.0,3.0,8.0,4.0,7.0,11.0,20.0,4.0,7.0,4.0,5.0,0.10127630004134855,0.32222222222222224,0.17593907666902733,0.6138613861386139,1.0,2.0,False,2021
1,12,3,11.0,16.0,4.0,8.0,7.0,7.0,8.0,17.0,2.0,8.0,5.0,6.0,0.17241426929800935,0.5397350993377483,0.05003605694740419,0.3931034482758621,2.0,2.0,True,2021
1,1,9,13.0,21.0,4.0,9.0,4.0,4.0,10.0,17.0,5.0,8.0,6.0,7.0,0.0039892988414976585,0.6230031948881789,0.1541260066071414,0.34074074074074073,2.0,2.0,False,2021
1,29,23,11.0,16.0,4.0,7.0,5.0,6.0,11.0,22.0,3.0,8.0,7.0,9.0,0.1182191541324028,0.5627118644067797,0.06998807966054696,0.4117647058823529,1.0,2.0,True,2021
1,27,26,15.0,20.0,7.0,12.0,5.0,7.0,10.0,17.0,2.0,6.0,3.0,3.0,0.09902950133387442,0.3308270676691729,0.11479159130780606,0.5597269624573379,2.0,2.0,True,2021
0,26,27,10.0,17.0,2.0,6.0,3.0,3.0,15.0,20.0,7.0,12.0,5.0,7.0,0.11479159130780606,0.5597269624573379,0.11922360106709955,0.3333333333333333,2.0,2.0,False,2021
1,2,11,12.0,24.0,4.0,7.0,2.0,2.0,6.0,16.0,5.0,10.0,6.0,7.0,0.12854235690004545,0.6036866359447005,0.09323150209728462,0.6026936026936027,2.0,2.0,False,2021
0,11,2,6.0,16.0,5.0,10.0,6.0,7.0,12.0,24.0,4.0,7.0,2.0,2.0,0.09323150209728462,0.6026936026936027,0.10283388552003636,0.6009174311926605,2.0,2.0,True,2021
0,23,29,11.0,22.0,3.0,8.0,7.0,9.0,11.0,16.0,4.0,7.0,5.0,6.0,0.06998807966054696,0.4117647058823529,0.13457532330592223,0.5641891891891891,2.0,1.0,False,2021
0,9,1,10.0,17.0,5.0,8.0,6.0,7.0,13.0,21.0,4.0,9.0,4.0,4.0,0.1541260066071414,0.34074074074074073,0.0031914390731981267,0.6210191082802548,2.0,2.0,True,2021
0,0,1,8.0,18.0,6.0,11.0,2.0,4.0,9.0,18.0,3.0,9.0,5.0,11.0,0.06900198531774712,0.5128205128205128,0.0031914390731981267,0.6210191082802548,2.0,1.0,True,2021
1,1,0,9.0,18.0,3.0,9.0,5.0,11.0,8.0,18.0,6.0,11.0,2.0,4.0,0.0031914390731981267,0.6210191082802548,0.0952015882541977,0.525,1.0,2.0,False,2021
1,22,6,10.0,17.0,3.0,8.0,4.0,4.0,13.0,27.0,5.0,9.0,12.0,14.0,0.06228836927854642,0.5551724137931034,0.18125445047197394,0.4666666666666667,2.0,2.0,False,2021
0,12,16,10.0,20.0,3.0,11.0,5.0,6.0,5.0,15.0,2.0,10.0,4.0,5.0,0.17793141543840746,0.5412541254125413,0.06139634329085514,0.38686131386861317,1.0,2.0,False,2021
1,14,15,12.0,20.0,2.0,8.0,9.0,12.0,8.0,21.0,3.0,9.0,11.0,13.0,0.04775823972145693,0.4142857142857143,0.05686332506161673,0.4072727272727273,2.0,2.0,False,2021
0,4,18,13.0,22.0,4.0,9.0,5.0,8.0,8.0,23.0,6.0,14.0,2.0,3.0,0.16789660767687728,0.6590909090909091,0.17593907666902733,0.6138613861386139,2.0,1.0,True,2021
1,18,4,8.0,23.0,6.0,14.0,2.0,3.0,13.0,22.0,4.0,9.0,5.0,8.0,0.17593907666902733,0.6138613861386139,0.17431728614150183,0.6601941747572816,1.0,2.0,False,2021
0,15,14,8.0,21.0,3.0,9.0,11.0,13.0,12.0,20.0,2.0,8.0,9.0,12.0,0.05686332506161673,0.4072727272727273,0.038206591777165545,0.4128113879003559,2.0,2.0,True,2021
1,16,12,5.0,15.0,2.0,10.0,4.0,5.0,10.0,20.0,3.0,11.0,5.0,6.0,0.06139634329085514,0.38686131386861317,0.14234513235072596,0.5394736842105263,2.0,1.0,True,2021
0,6,22,13.0,27.0,5.0,9.0,12.0,14.0,10.0,17.0,3.0,8.0,4.0,4.0,0.18125445047197394,0.4666666666666667,0.049830695422837135,0.5532646048109966,2.0,2.0,True,2021
1,27,5,12.0,21.0,3.0,7.0,4.0,4.0,9.0,17.0,3.0,8.0,7.0,7.0,0.11922360106709955,0.3333333333333333,0.10665548602574562,0.5335689045936396,1.0,2.0,False,2021
0,21,20,7.0,13.0,3.0,9.0,7.0,9.0,11.0,17.0,5.0,11.0,5.0,5.0,0.15517356279868766,0.4419475655430712,0.1445349151723553,0.598705501618123,2.0,2.0,False,2021
1,13,24,16.0,28.0,6.0,11.0,4.0,5.0,10.0,21.0,5.0,9.0,3.0,4.0,0.11651339044883205,0.43109540636042404,0.09789377322169189,0.648,2.0,2.0,True,2021
0,24,13,10.0,21.0,5.0,9.0,3.0,4.0,16.0,28.0,6.0,11.0,4.0,5.0,0.09789377322169189,0.648,0.13321071235906562,0.43309859154929575,2.0,2.0,False,2021
1,3,2,10.0,20.0,2.0,5.0,7.0,7.0,11.0,26.0,4.0,13.0,5.0,8.0,0.05003605694740419,0.3931034482758621,0.10283388552003636,0.6009174311926605,1.0,1.0,True,2021
1,19,25,8.0,16.0,6.0,10.0,6.0,6.0,14.0,18.0,8.0,12.0,7.0,10.0,0.030375830247291662,0.40293040293040294,0.03907598522698767,0.66875,2.0,3.0,True,2021
0,2,3,11.0,26.0,4.0,13.0,5.0,8.0,10.0,20.0,2.0,5.0,7.0,7.0,0.10283388552003636,0.6009174311926605,0.08002884555792335,0.3951890034364261,1.0,1.0,False,2021
0,5,27,9.0,17.0,3.0,8.0,7.0,7.0,12.0,21.0,3.0,7.0,4.0,4.0,0.10665548602574562,0.5335689045936396,0.09537888085367964,0.332089552238806,2.0,1.0,True,2021
0,25,19,14.0,18.0,8.0,12.0,7.0,10.0,8.0,16.0,6.0,10.0,6.0,6.0,0.03907598522698767,0.66875,0.06430066419783334,0.4051094890510949,3.0,2.0,False,2021
1,20,21,11.0,17.0,5.0,11.0,5.0,5.0,7.0,13.0,3.0,9.0,7.0,9.0,0.1445349151723553,0.598705501618123,0.12413885023895013,0.44029850746268656,2.0,2.0,True,2021
0,23,7,15.0,31.0,5.0,13.0,8.0,13.0,13.0,22.0,4.0,8.0,6.0,7.0,0.055990463728437564,0.41025641025641024,0.1543984409391117,0.36363636363636365,2.0,3.0,True,2021
1,7,23,13.0,22.0,4.0,8.0,6.0,7.0,15.0,31.0,5.0,13.0,8.0,13.0,0.1543984409391117,0.36363636363636365,0.08479237098275005,0.4124087591240876,3.0,2.0,False,2021
0,11,14,16.0,30.0,8.0,12.0,6.0,10.0,16.0,24.0,4.0,6.0,9.0,11.0,0.11458520167782768,0.6040268456375839,0.038206591777165545,0.4128113879003559,2.0,1.0,False,2021
1,17,8,12.0,22.0,6.0,15.0,8.0,10.0,9.0,21.0,3.0,11.0,8.0,11.0,0.12051251151668647,0.5610561056105611,0.08317035127040373,0.4666666666666667,2.0,2.0,True,2021
1,14,11,16.0,24.0,4.0,6.0,9.0,11.0,16.0,30.0,8.0,12.0,6.0,10.0,0.038206591777165545,0.4128113879003559,0.09166816134226215,0.6020066889632107,1.0,2.0,True,2021
0,8,17,9.0,21.0,3.0,11.0,8.0,11.0,12.0,22.0,6.0,15.0,8.0,10.0,0.08317035127040373,0.4666666666666667,0.13641000921334917,0.5625,2.0,2.0,False,2021
0,10,28,9.0,21.0,4.0,11.0,4.0,6.0,9.0,20.0,6.0,13.0,2.0,3.0,0.020933421363104478,0.4020979020979021,0.08102104003307883,0.3210332103321033,4.0,2.0,False,2021
0,21,29,10.0,19.0,3.0,8.0,4.0,5.0,14.0,23.0,4.0,10.0,5.0,6.0,0.12413885023895013,0.44029850746268656,0.13457532330592223,0.5641891891891891,1.0,2.0,False,2021
1,9,26,9.0,15.0,5.0,9.0,3.0,4.0,8.0,18.0,6.0,8.0,3.0,4.0,0.1633008052857131,0.34317343173431736,0.09183327304624485,0.5578231292517006,2.0,2.0,True,2021
0,26,9,8.0,18.0,6.0,8.0,3.0,4.0,9.0,15.0,5.0,9.0,3.0,4.0,0.09183327304624485,0.5578231292517006,0.1706406442285705,0.34558823529411764,2.0,2.0,False,2021
1,28,10,9.0,20.0,6.0,13.0,2.0,3.0,9.0,21.0,4.0,11.0,4.0,6.0,0.08102104003307883,0.3210332103321033,0.016746737090483584,0.40069686411149824,2.0,4.0,True,2021
1,29,21,14.0,23.0,4.0,10.0,5.0,6.0,10.0,19.0,3.0,8.0,4.0,5.0,0.13457532330592223,0.5641891891891891,0.09931108019116011,0.43866171003717475,2.0,1.0,True,2021
0,22,12,10.0,12.0,7.0,9.0,3.0,6.0,8.0,15.0,2.0,8.0,6.0,6.0,0.049830695422837135,0.5532646048109966,0.14234513235072596,0.5394736842105263,2.0,2.0,True,2021
1,25,11,9.0,22.0,4.0,10.0,5.0,5.0,8.0,20.0,5.0,9.0,15.0,16.0,0.031260788181590136,0.6666666666666666,0.09166816134226215,0.6020066889632107,2.0,1.0,False,2021
0,11,25,8.0,20.0,5.0,9.0,15.0,16.0,9.0,22.0,4.0,10.0,5.0,5.0,0.09166816134226215,0.6020066889632107,0.02500863054527211,0.6645962732919255,1.0,2.0,True,2021
0,13,17,15.0,27.0,7.0,13.0,4.0,5.0,11.0,23.0,7.0,13.0,7.0,7.0,0.13321071235906562,0.43309859154929575,0.13641000921334917,0.5625,2.0,1.0,False,2021
1,7,23,8.0,18.0,4.0,5.0,3.0,4.0,9.0,18.0,3.0,8.0,6.0,6.0,0.12351875275128936,0.36231884057971014,0.08479237098275005,0.4124087591240876,1.0,1.0,True,2021
0,23,7,9.0,18.0,3.0,8.0,6.0,6.0,8.0,18.0,4.0,5.0,3.0,4.0,0.08479237098275005,0.4124087591240876,0.1388150022010315,0.36462093862815886,1.0,1.0,False,2021
1,10,6,14.0,24.0,7.0,8.0,5.0,6.0,19.0,31.0,3.0,13.0,9.0,12.0,0.016746737090483584,0.40069686411149824,0.18500356037757917,0.46853146853146854,1.0,2.0,True,2021
0,6,10,19.0,31.0,3.0,13.0,9.0,12.0,14.0,24.0,7.0,8.0,5.0,6.0,0.18500356037757917,0.46853146853146854,0.053397389672386865,0.4027777777777778,2.0,1.0,False,2021
1,12,22,8.0,15.0,2.0,8.0,6.0,6.0,10.0,12.0,7.0,9.0,3.0,6.0,0.14234513235072596,0.5394736842105263,0.07986455633826971,0.5547945205479452,2.0,2.0,False,2021
0,5,3,9.0,19.0,3.0,8.0,7.0,7.0,12.0,25.0,3.0,6.0,11.0,11.0,0.1253243888205965,0.5352112676056338,0.08002884555792335,0.3951890034364261,2.0,2.0,True,2021
1,17,13,11.0,23.0,7.0,13.0,7.0,7.0,15.0,27.0,7.0,13.0,4.0,5.0,0.13641000921334917,0.5625,0.1065685698872525,0.43157894736842106,1.0,2.0,True,2021
1,1,19,8.0,18.0,2.0,9.0,5.0,8.0,7.0,21.0,5.0,9.0,6.0,6.0,0.0025531512585585015,0.6190476190476191,0.06430066419783334,0.4051094890510949,2.0,2.0,False,2021
0,19,1,7.0,21.0,5.0,9.0,6.0,6.0,8.0,18.0,2.0,9.0,5.0,8.0,0.06430066419783334,0.4051094890510949,0.002042521006846801,0.6170886075949367,2.0,2.0,True,2021
1,20,27,14.0,23.0,6.0,8.0,4.0,6.0,10.0,20.0,4.0,9.0,9.0,9.0,0.15562793213788423,0.6,0.09537888085367964,0.332089552238806,2.0,2.0,True,2021
0,27,20,10.0,20.0,4.0,9.0,9.0,9.0,14.0,23.0,6.0,8.0,4.0,6.0,0.09537888085367964,0.332089552238806,0.16450234571030742,0.6012861736334405,2.0,2.0,False,2021
1,3,5,12.0,25.0,3.0,6.0,11.0,11.0,9.0,19.0,3.0,8.0,7.0,7.0,0.08002884555792335,0.3951890034364261,0.1402595110564772,0.5368421052631579,2.0,2.0,False,2021
1,2,15,8.0,20.0,3.0,8.0,2.0,2.0,11.0,20.0,6.0,13.0,10.0,12.0,0.08226710841602909,0.5981735159817352,0.08549066004929338,0.40942028985507245,2.0,2.0,False,2021
0,15,2,11.0,20.0,6.0,13.0,10.0,12.0,8.0,20.0,3.0,8.0,2.0,2.0,0.08549066004929338,0.40942028985507245,0.06581368673282327,0.5954545454545455,2.0,2.0,True,2021
1,16,0,6.0,12.0,2.0,5.0,4.0,4.0,14.0,24.0,6.0,11.0,6.0,9.0,0.0891170746326841,0.3890909090909091,0.0952015882541977,0.525,2.0,2.0,False,2021
0,0,16,14.0,24.0,6.0,11.0,6.0,9.0,6.0,12.0,2.0,5.0,4.0,4.0,0.0952015882541977,0.525,0.07129365970614729,0.38768115942028986,2.0,2.0,True,2021
0,15,18,9.0,17.0,7.0,13.0,6.0,9.0,12.0,18.0,4.0,6.0,9.0,11.0,0.10839252803943471,0.41155234657039713,0.14075126133522187,0.6118421052631579,1.0,3.0,False,2021
0,5,4,13.0,21.0,5.0,9.0,5.0,6.0,9.0,18.0,3.0,7.0,6.0,7.0,0.1402595110564772,0.5368421052631579,0.17431728614150183,0.6601941747572816,1.0,3.0,False,2021
1,18,15,12.0,18.0,4.0,6.0,9.0,11.0,9.0,17.0,7.0,13.0,6.0,9.0,0.14075126133522187,0.6118421052631579,0.08671402243154777,0.41007194244604317,3.0,1.0,True,2021
1,4,5,9.0,18.0,3.0,7.0,6.0,7.0,13.0,21.0,5.0,9.0,5.0,6.0,0.17431728614150183,0.6601941747572816,0.11220760884518174,0.534965034965035,3.0,1.0,True,2021
1,16,0,7.0,20.0,3.0,8.0,8.0,9.0,10.0,21.0,3.0,9.0,10.0,12.0,0.07129365970614729,0.38768115942028986,0.11616127060335817,0.5365853658536586,1.0,1.0,True,2021
0,0,16,10.0,21.0,3.0,9.0,10.0,12.0,7.0,20.0,3.0,8.0,8.0,9.0,0.11616127060335817,0.5365853658536586,0.09703492776491782,0.3898916967509025,1.0,1.0,False,2021
0,9,29,11.0,18.0,4.0,7.0,4.0,5.0,10.0,15.0,3.0,9.0,8.0,9.0,0.1706406442285705,0.34558823529411764,0.1476602586447378,0.5656565656565656,2.0,2.0,True,2021
1,24,21,8.0,14.0,4.0,8.0,6.0,6.0,7.0,12.0,5.0,9.0,5.0,7.0,0.07831501857735351,0.6428571428571429,0.09931108019116011,0.43866171003717475,3.0,2.0,True,2021
0,21,24,7.0,12.0,5.0,9.0,5.0,7.0,8.0,14.0,4.0,8.0,6.0,6.0,0.09931108019116011,0.43866171003717475,0.10265201486188283,0.6456692913385826,2.0,3.0,False,2021
1,29,9,10.0,15.0,3.0,9.0,8.0,9.0,11.0,18.0,4.0,7.0,4.0,5.0,0.1476602586447378,0.5656565656565656,0.17651251538285642,0.34798534798534797,2.0,2.0,False,2021
0,26,1,10.0,22.0,3.0,10.0,6.0,7.0,9.0,18.0,4.0,8.0,9.0,12.0,0.07346661843699588,0.5559322033898305,0.002042521006846801,0.6170886075949367,3.0,2.0,True,2021
1,1,26,9.0,18.0,4.0,8.0,9.0,12.0,10.0,22.0,3.0,10.0,6.0,7.0,0.002042521006846801,0.6170886075949367,0.0987732947495967,0.5574324324324325,2.0,3.0,False,2021
0,13,17,13.0,19.0,8.0,9.0,4.0,6.0,7.0,16.0,3.0,7.0,5.0,5.0,0.1065685698872525,0.43157894736842106,0.14912800737067936,0.5639344262295082,2.0,2.0,True,2021
1,17,13,7.0,16.0,3.0,7.0,5.0,5.0,13.0,19.0,8.0,9.0,4.0,6.0,0.14912800737067936,0.5639344262295082,0.12525485590980198,0.43356643356643354,2.0,2.0,False,2021
0,29,7,10.0,16.0,2.0,8.0,5.0,8.0,11.0,22.0,3.0,8.0,6.0,7.0,0.11812820691579025,0.5637583892617449,0.1388150022010315,0.36462093862815886,1.0,2.0,False,2021
1,28,18,9.0,23.0,4.0,7.0,6.0,8.0,9.0,18.0,3.0,8.0,9.0,11.0,0.10481683202646308,0.3235294117647059,0.15260100906817747,0.6131147540983607,3.0,1.0,False,2021
0,18,28,9.0,18.0,3.0,8.0,9.0,11.0,9.0,23.0,4.0,7.0,6.0,8.0,0.15260100906817747,0.6131147540983607,0.08385346562117046,0.32234432234432236,1.0,3.0,True,2021
1,12,22,11.0,21.0,3.0,11.0,7.0,8.0,7.0,18.0,5.0,11.0,7.0,7.0,0.11387610588058077,0.5377049180327869,0.07986455633826971,0.5547945205479452,2.0,2.0,False,2021
1,7,29,11.0,22.0,3.0,8.0,6.0,7.0,10.0,16.0,2.0,8.0,5.0,8.0,0.1388150022010315,0.36462093862815886,0.0945025655326322,0.5618729096989966,2.0,1.0,True,2021
0,22,12,7.0,18.0,5.0,11.0,7.0,7.0,11.0,21.0,3.0,11.0,7.0,8.0,0.07986455633826971,0.5547945205479452,0.09110088470446462,0.5359477124183006,2.0,2.0,True,2021
1,20,8,13.0,19.0,3.0,9.0,2.0,2.0,11.0,23.0,3.0,9.0,11.0,14.0,0.16450234571030742,0.6012861736334405,0.06653628101632299,0.46503496503496505,2.0,3.0,False,2021
0,10,2,9.0,20.0,3.0,8.0,5.0,7.0,12.0,24.0,10.0,19.0,4.0,4.0,0.053397389672386865,0.4027777777777778,0.06581368673282327,0.5954545454545455,2.0,2.0,False,2021
0,14,6,10.0,20.0,2.0,7.0,7.0,9.0,10.0,25.0,3.0,9.0,7.0,7.0,0.07056527342173244,0.4148936170212766,0.14800284830206334,0.46689895470383275,3.0,2.0,False,2021
1,2,10,12.0,24.0,10.0,19.0,4.0,4.0,9.0,20.0,3.0,8.0,5.0,7.0,0.06581368673282327,0.5954545454545455,0.042717911737909495,0.4013840830449827,2.0,2.0,True,2021
1,6,14,10.0,25.0,3.0,9.0,7.0,7.0,10.0,20.0,2.0,7.0,7.0,9.0,0.14800284830206334,0.46689895470383275,0.05645221873738595,0.4134275618374558,2.0,3.0,True,2021
0,27,19,6.0,16.0,3.0,9.0,4.0,4.0,9.0,22.0,1.0,7.0,7.0,9.0,0.07630310468294371,0.3308550185873606,0.09144053135826666,0.4072727272727273,2.0,2.0,True,2021
0,25,3,8.0,24.0,5.0,15.0,4.0,6.0,13.0,24.0,6.0,9.0,9.0,11.0,0.02500863054527211,0.6645962732919255,0.06402307644633867,0.3938356164383562,2.0,2.0,False,2021
1,3,25,13.0,24.0,6.0,9.0,9.0,11.0,8.0,24.0,5.0,15.0,4.0,6.0,0.06402307644633867,0.3938356164383562,0.020006904436217686,0.6625386996904025,2.0,2.0,True,2021
0,8,20,11.0,23.0,3.0,9.0,11.0,14.0,13.0,19.0,3.0,9.0,2.0,2.0,0.06653628101632299,0.46503496503496505,0.13160187656824593,0.5993589743589743,3.0,2.0,True,2021
1,19,27,9.0,22.0,1.0,7.0,7.0,9.0,6.0,16.0,3.0,9.0,4.0,4.0,0.09144053135826666,0.4072727272727273,0.10104248374635497,0.3333333333333333,2.0,2.0,False,2021
0,26,23,11.0,23.0,5.0,8.0,5.0,6.0,10.0,28.0,5.0,12.0,8.0,10.0,0.0987732947495967,0.5574324324324325,0.06783389678620004,0.4109090909090909,1.0,3.0,True,2021
0,2,16,11.0,24.0,3.0,11.0,4.0,7.0,12.0,25.0,3.0,6.0,4.0,7.0,0.0926509493862586,0.5972850678733032,0.09703492776491782,0.3898916967509025,1.0,2.0,False,2021
0,22,4,9.0,17.0,3.0,10.0,4.0,5.0,11.0,21.0,6.0,8.0,6.0,7.0,0.10389164507061577,0.5563139931740614,0.17945382891320144,0.6612903225806451,1.0,2.0,False,2021
1,4,22,11.0,21.0,6.0,8.0,6.0,7.0,9.0,17.0,3.0,10.0,4.0,5.0,0.17945382891320144,0.6612903225806451,0.08311331605649261,0.5544217687074829,2.0,1.0,True,2021
1,5,21,11.0,16.0,5.0,9.0,6.0,7.0,9.0,19.0,3.0,8.0,9.0,10.0,0.11220760884518174,0.534965034965035,0.0794488641529281,0.43703703703703706,2.0,2.0,False,2021
1,23,26,10.0,28.0,5.0,12.0,8.0,10.0,11.0,23.0,5.0,8.0,5.0,6.0,0.06783389678620004,0.4109090909090909,0.11901863579967735,0.5589225589225589,3.0,1.0,False,2021
0,21,5,9.0,19.0,3.0,8.0,9.0,10.0,11.0,16.0,5.0,9.0,6.0,7.0,0.0794488641529281,0.43703703703703706,0.08976608707614539,0.5331010452961672,2.0,2.0,True,2021
1,16,2,12.0,25.0,3.0,6.0,4.0,7.0,11.0,24.0,3.0,11.0,4.0,7.0,0.09703492776491782,0.3898916967509025,0.07412075950900689,0.5945945945945946,2.0,1.0,True,2021
0,15,3,13.0,23.0,5.0,10.0,3.0,6.0,6.0,15.0,2.0,4.0,6.0,6.0,0.08671402243154777,0.41007194244604317,0.09121846115707093,0.39590443686006827,2.0,1.0,True,2021
0,11,27,11.0,19.0,5.0,8.0,3.0,3.0,10.0,25.0,4.0,10.0,3.0,3.0,0.11333452907380973,0.6033333333333334,0.10104248374635497,0.3333333333333333,3.0,1.0,True,2021
1,27,11,10.0,25.0,4.0,10.0,3.0,3.0,11.0,19.0,5.0,8.0,3.0,3.0,0.10104248374635497,0.3333333333333333,0.13066762325904777,0.6046511627906976,1.0,3.0,False,2021
1,24,9,8.0,14.0,5.0,8.0,6.0,6.0,10.0,20.0,5.0,11.0,5.0,6.0,0.10265201486188283,0.6456692913385826,0.17651251538285642,0.34798534798534797,2.0,2.0,True,2021
1,3,15,6.0,15.0,2.0,4.0,6.0,6.0,13.0,23.0,5.0,10.0,3.0,6.0,0.09121846115707093,0.39590443686006827,0.10937121794523823,0.4121863799283154,1.0,2.0,False,2021
0,25,1,9.0,18.0,4.0,11.0,5.0,5.0,8.0,30.0,4.0,7.0,4.0,6.0,0.020006904436217686,0.6625386996904025,0.001634016805477441,0.6151419558359621,1.0,1.0,False,2021
0,9,24,10.0,20.0,5.0,11.0,5.0,6.0,8.0,14.0,5.0,8.0,6.0,6.0,0.17651251538285642,0.34798534798534797,0.12212161188950625,0.6484375,2.0,2.0,False,2021
1,1,25,8.0,30.0,4.0,7.0,4.0,6.0,9.0,18.0,4.0,11.0,5.0,5.0,0.001634016805477441,0.6151419558359621,0.016005523548974148,0.6604938271604939,1.0,1.0,True,2021
0,20,10,11.0,21.0,2.0,7.0,4.0,4.0,10.0,25.0,5.0,12.0,6.0,8.0,0.13160187656824593,0.5993589743589743,0.042717911737909495,0.4013840830449827,2.0,2.0,True,2021
1,28,14,13.0,24.0,7.0,10.0,6.0,6.0,6.0,15.0,2.0,4.0,10.0,10.0,0.08385346562117046,0.32234432234432236,0.05645221873738595,0.4134275618374558,2.0,2.0,True,2021
0,14,28,6.0,15.0,2.0,4.0,10.0,10.0,13.0,24.0,7.0,10.0,6.0,6.0,0.05645221873738595,0.4134275618374558,0.10708277249693636,0.3248175182481752,2.0,2.0,False,2021
1,17,6,6.0,19.0,4.0,14.0,9.0,9.0,8.0,24.0,3.0,7.0,11.0,13.0,0.11930240589654348,0.5620915032679739,0.15840227864165066,0.46875,2.0,2.0,False,2021
0,6,17,8.0,24.0,3.0,7.0,11.0,13.0,6.0,19.0,4.0,14.0,9.0,9.0,0.15840227864165066,0.46875,0.09544192471723478,0.5602605863192183,2.0,2.0,True,2021
1,8,29,14.0,21.0,4.0,9.0,9.0,10.0,6.0,14.0,4.0,8.0,10.0,12.0,0.09322902481305839,0.46689895470383275,0.0945025655326322,0.5618729096989966,2.0,2.0,True,2021
1,12,7,10.0,19.0,5.0,9.0,8.0,9.0,10.0,19.0,3.0,8.0,3.0,4.0,0.09110088470446462,0.5359477124183006,0.15105200176082517,0.3669064748201439,2.0,2.0,False,2021
0,7,12,10.0,19.0,3.0,8.0,3.0,4.0,10.0,19.0,5.0,9.0,8.0,9.0,0.15105200176082517,0.3669064748201439,0.0728807077635717,0.5342019543973942,2.0,2.0,True,2021
1,0,18,8.0,16.0,2.0,9.0,7.0,9.0,9.0,18.0,3.0,8.0,8.0,14.0,0.09292901648268653,0.5238095238095238,0.162080807254542,0.6143790849673203,3.0,2.0,False,2021
0,29,8,6.0,14.0,4.0,8.0,10.0,12.0,14.0,21.0,4.0,9.0,9.0,10.0,0.0945025655326322,0.5618729096989966,0.1145832198504467,0.46875,2.0,2.0,False,2021
0,18,0,9.0,18.0,3.0,8.0,8.0,14.0,8.0,16.0,2.0,9.0,7.0,9.0,0.162080807254542,0.6143790849673203,0.07434321318614923,0.5116279069767442,2.0,3.0,True,2021
1,10,20,10.0,25.0,5.0,12.0,6.0,8.0,11.0,21.0,2.0,7.0,4.0,4.0,0.042717911737909495,0.4013840830449827,0.14528150125459677,0.6006389776357828,2.0,2.0,False,2021
1,15,9,13.0,20.0,4.0,13.0,8.0,9.0,11.0,24.0,4.0,7.0,6.0,8.0,0.10937121794523823,0.4121863799283154,0.14121001230628513,0.3467153284671533,2.0,2.0,True,2021
1,10,7,11.0,19.0,4.0,9.0,3.0,4.0,9.0,21.0,4.0,7.0,6.0,6.0,0.03417432939032759,0.4,0.16084160140866016,0.36917562724014336,1.0,1.0,True,2021
0,9,15,11.0,24.0,4.0,7.0,6.0,8.0,13.0,20.0,4.0,13.0,8.0,9.0,0.14121001230628513,0.3467153284671533,0.1274969743561906,0.4142857142857143,2.0,2.0,False,2021
0,24,5,9.0,18.0,5.0,7.0,5.0,5.0,7.0,18.0,3.0,7.0,5.0,5.0,0.12212161188950625,0.6484375,0.08976608707614539,0.5331010452961672,2.0,2.0,True,2021
0,7,10,9.0,21.0,4.0,7.0,6.0,6.0,11.0,19.0,4.0,9.0,3.0,4.0,0.16084160140866016,0.36917562724014336,0.06733946351226208,0.4020618556701031,1.0,1.0,False,2021
1,25,20,8.0,16.0,5.0,9.0,8.0,9.0,8.0,17.0,5.0,6.0,5.0,6.0,0.016005523548974148,0.6604938271604939,0.14528150125459677,0.6006389776357828,2.0,1.0,True,2021
0,6,11,11.0,17.0,2.0,9.0,3.0,4.0,11.0,18.0,5.0,11.0,4.0,5.0,0.16672182291332055,0.47058823529411764,0.13066762325904777,0.6046511627906976,1.0,2.0,False,2021
1,11,6,11.0,18.0,5.0,11.0,4.0,5.0,11.0,17.0,2.0,9.0,3.0,4.0,0.13066762325904777,0.6046511627906976,0.13337745833065645,0.4689655172413793,2.0,1.0,True,2021
1,26,16,7.0,17.0,3.0,7.0,5.0,9.0,8.0,14.0,4.0,9.0,8.0,9.0,0.11901863579967735,0.5589225589225589,0.11762794221193426,0.3920863309352518,2.0,2.0,False,2021
1,5,24,7.0,18.0,3.0,7.0,5.0,5.0,9.0,18.0,5.0,7.0,5.0,5.0,0.08976608707614539,0.5331010452961672,0.137697289511605,0.6511627906976745,2.0,2.0,False,2021
0,20,25,8.0,17.0,5.0,6.0,5.0,6.0,8.0,16.0,5.0,9.0,8.0,9.0,0.14528150125459677,0.6006389776357828,0.05280441883917932,0.6615384615384615,1.0,2.0,False,2021
1,23,13,9.0,23.0,4.0,12.0,8.0,9.0,11.0,23.0,5.0,9.0,4.0,4.0,0.05426711742896003,0.40942028985507245,0.12525485590980198,0.43356643356643354,2.0,3.0,False,2021
0,13,23,11.0,23.0,5.0,9.0,4.0,4.0,9.0,23.0,4.0,12.0,8.0,9.0,0.12525485590980198,0.43356643356643354,0.043413693943168026,0.40794223826714804,3.0,2.0,True,2021
1,4,2,11.0,20.0,5.0,6.0,4.0,7.0,10.0,19.0,5.0,10.0,4.0,4.0,0.18356306313056117,0.662379421221865,0.07412075950900689,0.5945945945945946,2.0,2.0,True,2021
0,2,4,10.0,19.0,5.0,10.0,4.0,4.0,11.0,20.0,5.0,6.0,4.0,7.0,0.07412075950900689,0.5945945945945946,0.1868504505044489,0.6634615384615384,2.0,2.0,False,2021
1,22,19,10.0,19.0,4.0,7.0,4.0,6.0,10.0,20.0,4.0,10.0,7.0,9.0,0.08311331605649261,0.5544217687074829,0.07315242508661332,0.4057971014492754,2.0,3.0,True,2021
0,19,22,10.0,20.0,4.0,10.0,7.0,9.0,10.0,19.0,4.0,7.0,4.0,6.0,0.07315242508661332,0.4057971014492754,0.1064906528451941,0.5559322033898305,3.0,2.0,False,2021
0,21,1,9.0,14.0,6.0,9.0,6.0,10.0,6.0,15.0,4.0,10.0,5.0,6.0,0.10355909132234246,0.43911439114391143,0.04130721344438196,0.6163522012578616,2.0,2.0,True,2021
1,27,3,8.0,20.0,4.0,9.0,2.0,2.0,9.0,20.0,4.0,6.0,2.0,2.0,0.08083398699708397,0.33210332103321033,0.07297476892565674,0.3945578231292517,2.0,2.0,False,2021
0,3,27,9.0,20.0,4.0,6.0,2.0,2.0,8.0,20.0,4.0,9.0,2.0,2.0,0.07297476892565674,0.3945578231292517,0.06466718959766718,0.33088235294117646,2.0,2.0,True,2021
0,16,26,8.0,14.0,4.0,9.0,8.0,9.0,7.0,17.0,3.0,7.0,5.0,9.0,0.11762794221193426,0.3920863309352518,0.09521490863974189,0.5570469798657718,2.0,2.0,True,2021
1,1,21,6.0,15.0,4.0,10.0,5.0,6.0,9.0,14.0,6.0,9.0,6.0,10.0,0.04130721344438196,0.6163522012578616,0.12284727305787398,0.4411764705882353,2.0,2.0,False,2021
1,28,14,8.0,22.0,2.0,7.0,9.0,11.0,9.0,23.0,3.0,7.0,8.0,12.0,0.10708277249693636,0.3248175182481752,0.04516177498990876,0.4119718309859155,2.0,2.0,True,2021
0,0,15,10.0,18.0,5.0,8.0,5.0,5.0,16.0,22.0,6.0,9.0,9.0,10.0,0.07434321318614923,0.5116279069767442,0.1274969743561906,0.4142857142857143,2.0,1.0,False,2021
1,5,24,8.0,19.0,3.0,9.0,7.0,8.0,10.0,28.0,5.0,10.0,7.0,7.0,0.07181286966091631,0.53125,0.137697289511605,0.6511627906976745,1.0,1.0,False,2021
0,24,5,10.0,28.0,5.0,10.0,7.0,7.0,8.0,19.0,3.0,9.0,7.0,8.0,0.137697289511605,0.6511627906976745,0.057450295728733045,0.5294117647058824,1.0,1.0,True,2021
1,15,0,16.0,22.0,6.0,9.0,9.0,10.0,10.0,18.0,5.0,8.0,5.0,5.0,0.1274969743561906,0.4142857142857143,0.05947457054891938,0.5,1.0,2.0,True,2021
0,18,29,9.0,14.0,8.0,12.0,7.0,11.0,9.0,21.0,3.0,9.0,8.0,9.0,0.16966464580363358,0.6156351791530945,0.07560205242610576,0.56,2.0,2.0,True,2021
0,17,12,14.0,25.0,6.0,14.0,8.0,8.0,13.0,19.0,5.0,9.0,6.0,6.0,0.09544192471723478,0.5602605863192183,0.0728807077635717,0.5342019543973942,2.0,2.0,True,2021
1,29,18,9.0,21.0,3.0,9.0,8.0,9.0,9.0,14.0,8.0,12.0,7.0,11.0,0.07560205242610576,0.56,0.17573171664290688,0.6168831168831169,2.0,2.0,False,2021
1,12,17,13.0,19.0,5.0,9.0,6.0,6.0,14.0,25.0,6.0,14.0,8.0,8.0,0.0728807077635717,0.5342019543973942,0.11635353977378782,0.5616883116883117,2.0,2.0,False,2021
0,14,28,9.0,23.0,3.0,7.0,8.0,12.0,8.0,22.0,2.0,7.0,9.0,11.0,0.04516177498990876,0.4119718309859155,0.1256662179975491,0.32727272727272727,2.0,2.0,False,2021
0,17,10,8.0,26.0,5.0,11.0,4.0,5.0,9.0,19.0,4.0,6.0,3.0,7.0,0.11635353977378782,0.5616883116883117,0.06733946351226208,0.4020618556701031,1.0,2.0,True,2021
0,20,8,17.0,30.0,5.0,6.0,2.0,3.0,16.0,19.0,4.0,10.0,6.0,7.0,0.11622520100367742,0.5987261146496815,0.1145832198504467,0.46875,2.0,3.0,True,2021
1,8,20,16.0,19.0,4.0,10.0,6.0,7.0,17.0,30.0,5.0,6.0,2.0,3.0,0.1145832198504467,0.46875,0.13298016080294192,0.6,3.0,2.0,False,2021
1,10,17,9.0,19.0,4.0,6.0,3.0,7.0,8.0,26.0,5.0,11.0,4.0,5.0,0.06733946351226208,0.4020618556701031,0.13308283181903025,0.5631067961165048,2.0,1.0,False,2021
0,2,4,13.0,18.0,7.0,10.0,6.0,6.0,7.0,15.0,4.0,9.0,3.0,6.0,0.05929660760720551,0.5919282511210763,0.1868504505044489,0.6634615384615384,2.0,2.0,True,2021
1,25,7,8.0,18.0,6.0,15.0,10.0,11.0,9.0,16.0,2.0,9.0,2.0,2.0,0.05280441883917932,0.6615384615384615,0.12867328112692814,0.3678571428571429,2.0,2.0,False,2021
1,11,16,12.0,23.0,5.0,7.0,6.0,6.0,11.0,21.0,5.0,9.0,9.0,11.0,0.14453409860723823,0.6059602649006622,0.13410235376954743,0.3942652329749104,2.0,2.0,True,2021
0,1,23,9.0,25.0,7.0,14.0,4.0,6.0,9.0,26.0,4.0,9.0,7.0,8.0,0.03304577075550556,0.6144200626959248,0.043413693943168026,0.40794223826714804,2.0,2.0,False,2021
1,4,2,7.0,15.0,4.0,9.0,3.0,6.0,13.0,18.0,7.0,10.0,6.0,6.0,0.1868504505044489,0.6634615384615384,0.0874372860857644,0.59375,2.0,2.0,False,2021
0,7,25,9.0,16.0,2.0,9.0,2.0,2.0,8.0,18.0,6.0,15.0,10.0,11.0,0.12867328112692814,0.3678571428571429,0.04224353507134346,0.6595092024539877,2.0,2.0,True,2021
1,23,1,9.0,26.0,4.0,9.0,7.0,8.0,9.0,25.0,7.0,14.0,4.0,6.0,0.043413693943168026,0.40794223826714804,0.02643661660440445,0.6125,2.0,2.0,True,2021
1,19,6,5.0,14.0,4.0,6.0,8.0,10.0,14.0,30.0,4.0,11.0,12.0,14.0,0.05852194006929066,0.4043321299638989,0.13337745833065645,0.4689655172413793,2.0,2.0,False,2021
0,22,13,7.0,14.0,6.0,9.0,9.0,12.0,12.0,28.0,3.0,9.0,4.0,6.0,0.1064906528451941,0.5559322033898305,0.1402038847278416,0.4355400696864111,2.0,2.0,True,2021
0,3,29,7.0,17.0,1.0,6.0,5.0,8.0,10.0,15.0,3.0,7.0,5.0,8.0,0.0983798151405254,0.39661016949152544,0.06048164194088461,0.5581395348837209,2.0,1.0,False,2021
0,16,11,11.0,21.0,5.0,9.0,9.0,11.0,12.0,23.0,5.0,7.0,6.0,6.0,0.13410235376954743,0.3942652329749104,0.1556272788857906,0.6072607260726073,2.0,2.0,False,2021
1,0,9,10.0,19.0,4.0,7.0,5.0,7.0,14.0,19.0,4.0,6.0,8.0,9.0,0.05947457054891938,0.5,0.11296800984502811,0.34545454545454546,1.0,2.0,False,2021
0,9,0,14.0,19.0,4.0,6.0,8.0,9.0,10.0,19.0,4.0,7.0,5.0,7.0,0.11296800984502811,0.34545454545454546,0.047579656439135504,0.4888888888888889,2.0,1.0,True,2021
1,29,3,10.0,15.0,3.0,7.0,5.0,8.0,7.0,17.0,1.0,6.0,5.0,8.0,0.06048164194088461,0.5581395348837209,0.07870385211242033,0.3952702702702703,1.0,2.0,True,2021
0,12,21,7.0,16.0,6.0,9.0,4.0,6.0,12.0,18.0,5.0,10.0,4.0,5.0,0.058304566210857355,0.5324675324675324,0.12284727305787398,0.4411764705882353,1.0,2.0,False,2021
0,6,19,14.0,30.0,4.0,11.0,12.0,14.0,5.0,14.0,4.0,6.0,8.0,10.0,0.13337745833065645,0.4689655172413793,0.046817552055432525,0.4028776978417266,2.0,2.0,True,2021
1,13,22,12.0,28.0,3.0,9.0,4.0,6.0,7.0,14.0,6.0,9.0,9.0,12.0,0.1402038847278416,0.4355400696864111,0.12519252227615527,0.5574324324324325,2.0,2.0,False,2021
1,21,12,12.0,18.0,5.0,10.0,4.0,5.0,7.0,16.0,6.0,9.0,4.0,6.0,0.12284727305787398,0.4411764705882353,0.04664365296868588,0.5307443365695793,2.0,1.0,True,2021
0,3,15,11.0,24.0,2.0,5.0,3.0,6.0,15.0,24.0,2.0,8.0,4.0,4.0,0.07870385211242033,0.3952702702702703,0.14199757948495245,0.41637010676156583,1.0,2.0,False,2021
0,19,14,5.0,12.0,5.0,10.0,4.0,4.0,8.0,20.0,3.0,4.0,2.0,2.0,0.046817552055432525,0.4028776978417266,0.03612941999192701,0.4105263157894737,1.0,2.0,False,2021
1,11,16,12.0,21.0,5.0,12.0,6.0,7.0,6.0,13.0,2.0,5.0,4.0,4.0,0.1556272788857906,0.6072607260726073,0.10728188301563794,0.39285714285714285,1.0,1.0,True,2021
1,5,27,8.0,14.0,4.0,10.0,4.0,10.0,9.0,16.0,2.0,6.0,5.0,6.0,0.057450295728733045,0.5294117647058824,0.06466718959766718,0.33088235294117646,2.0,3.0,True,2021
0,27,5,9.0,16.0,2.0,6.0,5.0,6.0,8.0,14.0,4.0,10.0,4.0,10.0,0.06466718959766718,0.33088235294117646,0.08596023658298645,0.5310344827586206,3.0,2.0,False,2021
1,15,3,15.0,24.0,2.0,8.0,4.0,4.0,11.0,24.0,2.0,5.0,3.0,6.0,0.14199757948495245,0.41637010676156583,0.06296308168993626,0.3939393939393939,2.0,1.0,True,2021
0,16,11,6.0,13.0,2.0,5.0,4.0,4.0,12.0,21.0,5.0,12.0,6.0,7.0,0.10728188301563794,0.39285714285714285,0.16450182310863248,0.6085526315789473,1.0,1.0,False,2021
1,23,1,11.0,22.0,3.0,12.0,11.0,12.0,10.0,15.0,4.0,6.0,2.0,3.0,0.07473095515453443,0.41007194244604317,0.02643661660440445,0.6125,1.0,1.0,False,2021
1,14,19,8.0,20.0,3.0,4.0,2.0,2.0,5.0,12.0,5.0,10.0,4.0,4.0,0.03612941999192701,0.4105263157894737,0.03745404164434602,0.4014336917562724,2.0,1.0,True,2021
1,8,13,13.0,20.0,6.0,10.0,12.0,18.0,11.0,19.0,5.0,10.0,6.0,7.0,0.09166657588035736,0.4671280276816609,0.11216310778227327,0.4340277777777778,1.0,1.0,True,2021
0,18,24,13.0,19.0,5.0,9.0,9.0,14.0,10.0,18.0,3.0,5.0,9.0,11.0,0.17573171664290688,0.6168831168831169,0.150157831609284,0.6538461538461539,2.0,2.0,False,2021
1,24,18,10.0,18.0,3.0,5.0,9.0,11.0,13.0,19.0,5.0,9.0,9.0,14.0,0.150157831609284,0.6538461538461539,0.1405853733143255,0.6148867313915858,2.0,2.0,True,2021
0,2,26,11.0,27.0,4.0,12.0,5.0,6.0,8.0,16.0,4.0,10.0,5.0,8.0,0.0874372860857644,0.59375,0.09521490863974189,0.5570469798657718,1.0,3.0,True,2021
1,4,28,8.0,18.0,4.0,8.0,3.0,6.0,8.0,22.0,6.0,12.0,2.0,2.0,0.1494803604035591,0.6613418530351438,0.1256662179975491,0.32727272727272727,1.0,2.0,False,2021
0,1,23,10.0,15.0,4.0,6.0,2.0,3.0,11.0,22.0,3.0,12.0,11.0,12.0,0.02643661660440445,0.6125,0.05978476412362754,0.40860215053763443,1.0,1.0,True,2021
0,13,8,11.0,19.0,5.0,10.0,6.0,7.0,13.0,20.0,6.0,10.0,12.0,18.0,0.11216310778227327,0.4340277777777778,0.11333326070428588,0.4689655172413793,1.0,1.0,False,2021
0,28,4,8.0,22.0,6.0,12.0,2.0,2.0,8.0,18.0,4.0,8.0,3.0,6.0,0.1256662179975491,0.32727272727272727,0.11958428832284729,0.6592356687898089,2.0,1.0,True,2021
1,26,2,8.0,16.0,4.0,10.0,5.0,8.0,11.0,27.0,4.0,12.0,5.0,6.0,0.09521490863974189,0.5570469798657718,0.10994982886861152,0.5955555555555555,3.0,1.0,False,2021
0,17,25,9.0,21.0,3.0,8.0,6.0,9.0,8.0,19.0,3.0,10.0,8.0,10.0,0.13308283181903025,0.5631067961165048,0.04224353507134346,0.6595092024539877,2.0,2.0,True,2021
1,29,10,8.0,20.0,5.0,15.0,9.0,10.0,9.0,19.0,3.0,6.0,6.0,7.0,0.08838531355270769,0.5596026490066225,0.053871570809809664,0.4006849315068493,2.0,2.0,True,2021
1,25,17,8.0,19.0,3.0,10.0,8.0,10.0,9.0,21.0,3.0,8.0,6.0,9.0,0.04224353507134346,0.6595092024539877,0.14646626545522418,0.5645161290322581,2.0,2.0,False,2021
0,9,20,8.0,14.0,3.0,7.0,5.0,6.0,7.0,13.0,3.0,5.0,3.0,4.0,0.13037440787602247,0.34782608695652173,0.13298016080294192,0.6,2.0,2.0,False,2021
0,10,29,9.0,19.0,3.0,6.0,6.0,7.0,8.0,20.0,5.0,15.0,9.0,10.0,0.053871570809809664,0.4006849315068493,0.11070825084216615,0.5610561056105611,2.0,2.0,False,2021
1,20,9,7.0,13.0,3.0,5.0,3.0,4.0,8.0,14.0,3.0,7.0,5.0,6.0,0.13298016080294192,0.6,0.10429952630081799,0.34657039711191334,2.0,2.0,True,2021
1,21,7,9.0,21.0,7.0,16.0,6.0,8.0,10.0,26.0,4.0,11.0,11.0,12.0,0.1382778184462992,0.4432234432234432,0.1429386249015425,0.3701067615658363,2.0,2.0,False,2021
0,7,21,10.0,26.0,4.0,11.0,11.0,12.0,9.0,21.0,7.0,16.0,6.0,8.0,0.1429386249015425,0.3701067615658363,0.11062225475703935,0.4416058394160584,2.0,2.0,True,2021
0,15,5,9.0,18.0,5.0,9.0,7.0,10.0,11.0,18.0,3.0,8.0,5.0,5.0,0.15359806358796196,0.41843971631205673,0.08596023658298645,0.5310344827586206,2.0,2.0,True,2021
1,28,12,7.0,17.0,3.0,9.0,5.0,8.0,10.0,17.0,4.0,9.0,7.0,8.0,0.14053297439803927,0.32971014492753625,0.04664365296868588,0.5307443365695793,2.0,3.0,False,2021
0,13,26,9.0,17.0,4.0,10.0,4.0,5.0,8.0,17.0,3.0,10.0,5.0,10.0,0.08973048622581861,0.43252595155709345,0.0761719269117935,0.5551839464882943,2.0,2.0,True,2021
1,26,13,8.0,17.0,3.0,10.0,5.0,10.0,9.0,17.0,4.0,10.0,4.0,5.0,0.0761719269117935,0.5551839464882943,0.1117843889806549,0.43448275862068964,2.0,2.0,False,2021
1,14,22,14.0,26.0,4.0,6.0,3.0,5.0,12.0,19.0,5.0,10.0,10.0,15.0,0.0689035359935416,0.4125874125874126,0.12519252227615527,0.5574324324324325,2.0,3.0,True,2021
1,5,15,11.0,18.0,3.0,8.0,5.0,5.0,9.0,18.0,5.0,9.0,7.0,10.0,0.08596023658298645,0.5310344827586206,0.16287845087036956,0.4204946996466431,2.0,2.0,False,2021
1,11,3,7.0,14.0,4.0,7.0,8.0,10.0,8.0,18.0,2.0,6.0,4.0,5.0,0.16450182310863248,0.6085526315789473,0.06296308168993626,0.3939393939393939,2.0,2.0,True,2021
0,22,14,12.0,19.0,5.0,10.0,10.0,15.0,14.0,26.0,4.0,6.0,3.0,5.0,0.12519252227615527,0.5574324324324325,0.09512282879483328,0.4146341463414634,3.0,2.0,False,2021
1,24,4,10.0,21.0,5.0,7.0,3.0,4.0,10.0,21.0,3.0,8.0,10.0,12.0,0.1601262652874272,0.6564885496183206,0.11958428832284729,0.6592356687898089,2.0,2.0,True,2021
0,12,28,10.0,17.0,4.0,9.0,7.0,8.0,7.0,17.0,3.0,9.0,5.0,8.0,0.04664365296868588,0.5307443365695793,0.11242637951843142,0.3285198555956679,3.0,2.0,True,2021
0,27,0,9.0,16.0,3.0,7.0,3.0,4.0,11.0,24.0,6.0,14.0,4.0,5.0,0.051733751678133745,0.32967032967032966,0.047579656439135504,0.4888888888888889,2.0,3.0,False,2021
0,3,11,8.0,18.0,2.0,6.0,4.0,5.0,7.0,14.0,4.0,7.0,8.0,10.0,0.06296308168993626,0.3939393939393939,0.17160145848690597,0.6098360655737705,2.0,2.0,False,2021
1,1,16,10.0,18.0,3.0,9.0,5.0,5.0,13.0,18.0,4.0,8.0,5.0,6.0,0.061149293283523566,0.6137071651090342,0.08582550641251036,0.3914590747330961,2.0,2.0,False,2021
0,16,1,13.0,18.0,4.0,8.0,5.0,6.0,10.0,18.0,3.0,9.0,5.0,5.0,0.08582550641251036,0.3914590747330961,0.04891943462681885,0.6118012422360248,2.0,2.0,True,2021
1,0,27,11.0,24.0,6.0,14.0,4.0,5.0,9.0,16.0,3.0,7.0,3.0,4.0,0.047579656439135504,0.4888888888888889,0.041387001342506995,0.3284671532846715,3.0,2.0,True,2021
1,19,25,7.0,12.0,5.0,7.0,6.0,7.0,7.0,20.0,4.0,10.0,4.0,7.0,0.03745404164434602,0.4014336917562724,0.03379482805707477,0.6574923547400612,2.0,1.0,True,2021
0,25,19,7.0,20.0,4.0,10.0,4.0,7.0,7.0,12.0,5.0,7.0,6.0,7.0,0.03379482805707477,0.6574923547400612,0.06996323331547682,0.4035714285714286,1.0,2.0,False,2021
1,6,23,11.0,25.0,4.0,8.0,12.0,13.0,13.0,22.0,4.0,10.0,5.0,7.0,0.14670196666452515,0.47079037800687284,0.05978476412362754,0.40860215053763443,3.0,2.0,True,2021
1,2,8,12.0,25.0,5.0,9.0,5.0,6.0,11.0,22.0,4.0,9.0,8.0,11.0,0.10994982886861152,0.5955555555555555,0.11333326070428588,0.4689655172413793,2.0,2.0,False,2021
0,8,2,11.0,22.0,4.0,9.0,8.0,11.0,12.0,25.0,5.0,9.0,5.0,6.0,0.11333326070428588,0.4689655172413793,0.0879598630948892,0.5929203539823009,2.0,2.0,True,2021
0,4,24,10.0,21.0,3.0,8.0,10.0,12.0,10.0,21.0,5.0,7.0,3.0,4.0,0.11958428832284729,0.6592356687898089,0.16810101222994178,0.6590909090909091,2.0,2.0,False,2021
0,23,6,13.0,22.0,4.0,10.0,5.0,7.0,11.0,25.0,4.0,8.0,12.0,13.0,0.05978476412362754,0.40860215053763443,0.15736157333162012,0.4726027397260274,2.0,3.0,False,2021
0,10,24,7.0,12.0,2.0,4.0,8.0,8.0,10.0,20.0,3.0,11.0,6.0,6.0,0.043097256647847734,0.3993174061433447,0.16810101222994178,0.6590909090909091,2.0,1.0,True,2021
0,18,20,6.0,13.0,3.0,7.0,4.0,4.0,12.0,24.0,5.0,11.0,5.0,6.0,0.1405853733143255,0.6148867313915858,0.14638412864235356,0.6012658227848101,3.0,2.0,False,2021
1,20,18,12.0,24.0,5.0,11.0,5.0,6.0,6.0,13.0,3.0,7.0,4.0,4.0,0.14638412864235356,0.6012658227848101,0.1124682986514604,0.6129032258064516,2.0,3.0,True,2021
1,24,10,10.0,20.0,3.0,11.0,6.0,6.0,7.0,12.0,2.0,4.0,8.0,8.0,0.16810101222994178,0.6590909090909091,0.07447780531827819,0.4013605442176871,1.0,2.0,False,2021
0,9,7,8.0,18.0,4.0,8.0,8.0,9.0,8.0,19.0,5.0,8.0,4.0,5.0,0.10429952630081799,0.34657039711191334,0.15435089992123402,0.3723404255319149,2.0,2.0,False,2021
1,7,9,8.0,19.0,5.0,8.0,4.0,5.0,8.0,18.0,4.0,8.0,8.0,9.0,0.15435089992123402,0.3723404255319149,0.08343962104065439,0.34532374100719426,2.0,2.0,True,2021
1,14,21,12.0,25.0,4.0,9.0,5.0,6.0,10.0,20.0,5.0,10.0,5.0,6.0,0.09512282879483328,0.4146341463414634,0.11062225475703935,0.4416058394160584,1.0,2.0,False,2021
0,21,14,10.0,20.0,5.0,10.0,5.0,6.0,12.0,25.0,4.0,9.0,5.0,6.0,0.11062225475703935,0.4416058394160584,0.07609826303586661,0.4131944444444444,2.0,1.0,True,2021
1,19,17,11.0,19.0,3.0,7.0,5.0,9.0,9.0,19.0,5.0,8.0,10.0,11.0,0.06996323331547682,0.4035714285714286,0.14646626545522418,0.5645161290322581,2.0,3.0,False,2021
1,16,11,11.0,18.0,2.0,4.0,12.0,15.0,11.0,22.0,5.0,15.0,6.0,7.0,0.1086604051300083,0.39361702127659576,0.17160145848690597,0.6098360655737705,2.0,2.0,False,2021
1,7,27,17.0,24.0,3.0,5.0,9.0,10.0,8.0,18.0,3.0,9.0,6.0,6.0,0.1634807199369872,0.3745583038869258,0.041387001342506995,0.3284671532846715,1.0,2.0,True,2021
0,27,7,8.0,18.0,3.0,9.0,6.0,6.0,17.0,24.0,3.0,5.0,9.0,10.0,0.041387001342506995,0.3284671532846715,0.17078457594958976,0.3767605633802817,2.0,1.0,False,2021
1,5,15,12.0,20.0,3.0,8.0,6.0,9.0,7.0,18.0,4.0,12.0,5.0,6.0,0.06876818926638915,0.5292096219931272,0.16287845087036956,0.4204946996466431,2.0,2.0,True,2021
0,25,26,12.0,22.0,6.0,11.0,9.0,10.0,9.0,16.0,4.0,8.0,8.0,9.0,0.027035862445659815,0.6554878048780488,0.0609375415294348,0.5533333333333333,2.0,2.0,False,2021
1,23,28,9.0,18.0,5.0,9.0,5.0,6.0,11.0,20.0,3.0,5.0,4.0,6.0,0.04782781129890203,0.40714285714285714,0.11242637951843142,0.3285198555956679,2.0,2.0,True,2021
0,28,23,11.0,20.0,3.0,5.0,4.0,6.0,9.0,18.0,5.0,9.0,5.0,6.0,0.11242637951843142,0.3285198555956679,0.07826224903912163,0.4092526690391459,2.0,2.0,False,2021
0,15,5,7.0,18.0,4.0,12.0,5.0,6.0,12.0,20.0,3.0,8.0,6.0,9.0,0.16287845087036956,0.4204946996466431,0.09501455141311134,0.5308219178082192,2.0,2.0,False,2021
0,11,16,11.0,22.0,5.0,15.0,6.0,7.0,11.0,18.0,2.0,4.0,12.0,15.0,0.17160145848690597,0.6098360655737705,0.08692832410400664,0.392226148409894,2.0,2.0,True,2021
0,17,19,9.0,19.0,5.0,8.0,10.0,11.0,11.0,19.0,3.0,7.0,5.0,9.0,0.14646626545522418,0.5645161290322581,0.05597058665238146,0.40213523131672596,3.0,2.0,True,2021
0,4,29,11.0,18.0,3.0,6.0,8.0,10.0,7.0,18.0,3.0,9.0,7.0,7.0,0.09566743065827783,0.6571428571428571,0.11070825084216615,0.5610561056105611,2.0,3.0,True,2021
0,13,2,11.0,15.0,7.0,11.0,7.0,11.0,10.0,24.0,4.0,11.0,6.0,6.0,0.1117843889806549,0.43448275862068964,0.0879598630948892,0.5929203539823009,2.0,2.0,True,2021
1,2,13,10.0,24.0,4.0,11.0,6.0,6.0,11.0,15.0,7.0,11.0,7.0,11.0,0.0879598630948892,0.5929203539823009,0.12942751118452392,0.436426116838488,2.0,2.0,False,2021
1,26,25,9.0,16.0,4.0,8.0,8.0,9.0,12.0,22.0,6.0,11.0,9.0,10.0,0.0609375415294348,0.5533333333333333,0.021628689956527853,0.6534954407294833,2.0,2.0,True,2021
1,6,1,12.0,25.0,7.0,12.0,7.0,7.0,9.0,16.0,4.0,8.0,5.0,6.0,0.15736157333162012,0.4726027397260274,0.04891943462681885,0.6118012422360248,2.0,2.0,True,2021
1,22,12,6.0,12.0,4.0,8.0,4.0,6.0,7.0,14.0,6.0,11.0,8.0,12.0,0.10015401782092422,0.5555555555555556,0.07731492237494872,0.532258064516129,2.0,2.0,False,2021
0,12,22,7.0,14.0,6.0,11.0,8.0,12.0,6.0,12.0,4.0,8.0,4.0,6.0,0.07731492237494872,0.532258064516129,0.08012321425673938,0.5536912751677853,2.0,2.0,True,2021
0,1,6,9.0,16.0,4.0,8.0,5.0,6.0,12.0,25.0,7.0,12.0,7.0,7.0,0.04891943462681885,0.6118012422360248,0.1658892586652961,0.47440273037542663,2.0,2.0,False,2021
1,29,4,7.0,18.0,3.0,9.0,7.0,7.0,11.0,18.0,3.0,6.0,8.0,10.0,0.11070825084216615,0.5610561056105611,0.11653394452662227,0.6582278481012658,3.0,2.0,False,2021
0,10,8,8.0,21.0,3.0,7.0,5.0,5.0,13.0,24.0,4.0,7.0,5.0,6.0,0.07447780531827819,0.4013605442176871,0.1306666085634287,0.47079037800687284,2.0,3.0,True,2021
0,9,5,12.0,23.0,4.0,5.0,10.0,10.0,14.0,27.0,7.0,13.0,8.0,10.0,0.08343962104065439,0.34532374100719426,0.09501455141311134,0.5308219178082192,2.0,1.0,True,2021
0,0,12,9.0,19.0,5.0,11.0,13.0,13.0,8.0,15.0,4.0,11.0,9.0,9.0,0.07806372515130841,0.5,0.10185193789995897,0.5337620578778135,3.0,1.0,False,2021
1,8,10,13.0,24.0,4.0,7.0,5.0,6.0,8.0,21.0,3.0,7.0,5.0,5.0,0.1306666085634287,0.47079037800687284,0.09958224425462256,0.4033898305084746,3.0,2.0,False,2021
1,5,9,14.0,27.0,7.0,13.0,8.0,10.0,12.0,23.0,4.0,5.0,10.0,10.0,0.09501455141311134,0.5308219178082192,0.1067516968325235,0.34767025089605735,1.0,2.0,False,2021
1,24,20,10.0,22.0,2.0,7.0,5.0,6.0,9.0,18.0,3.0,6.0,5.0,5.0,0.13448080978395344,0.6541353383458647,0.15710730291388283,0.6025236593059937,2.0,2.0,False,2021
1,12,0,8.0,15.0,4.0,11.0,9.0,9.0,9.0,19.0,5.0,11.0,13.0,13.0,0.10185193789995897,0.5337620578778135,0.06245098012104673,0.48936170212765956,1.0,3.0,True,2021
0,14,19,7.0,16.0,1.0,5.0,2.0,6.0,13.0,21.0,4.0,7.0,4.0,4.0,0.07609826303586661,0.4131944444444444,0.05597058665238146,0.40213523131672596,2.0,1.0,False,2021
1,3,18,7.0,15.0,3.0,11.0,9.0,9.0,10.0,15.0,5.0,10.0,6.0,9.0,0.050370465351949015,0.3926174496644295,0.1124682986514604,0.6129032258064516,3.0,2.0,False,2021
0,18,3,10.0,15.0,5.0,10.0,6.0,9.0,7.0,15.0,3.0,11.0,9.0,9.0,0.1124682986514604,0.6129032258064516,0.04029637228155921,0.391304347826087,2.0,3.0,True,2021
1,6,21,8.0,17.0,5.0,12.0,2.0,2.0,5.0,11.0,3.0,6.0,5.0,5.0,0.1658892586652961,0.47440273037542663,0.12849780380563147,0.44363636363636366,1.0,2.0,True,2021
0,21,6,5.0,11.0,3.0,6.0,5.0,5.0,8.0,17.0,5.0,12.0,2.0,2.0,0.12849780380563147,0.44363636363636366,0.1727114069322369,0.47619047619047616,2.0,1.0,False,2021
1,19,14,13.0,21.0,4.0,7.0,4.0,4.0,7.0,16.0,1.0,5.0,2.0,6.0,0.05597058665238146,0.40213523131672596,0.06087861042869329,0.4117647058823529,1.0,2.0,True,2021
0,20,24,9.0,18.0,3.0,6.0,5.0,5.0,10.0,22.0,2.0,7.0,5.0,6.0,0.15710730291388283,0.6025236593059937,0.10758464782716275,0.6492537313432836,2.0,2.0,True,2021
0,26,7,10.0,18.0,5.0,7.0,8.0,10.0,11.0,20.0,3.0,5.0,7.0,7.0,0.08875003322354784,0.5548172757475083,0.17078457594958976,0.3767605633802817,2.0,2.0,False,2021
1,11,27,8.0,21.0,3.0,9.0,10.0,10.0,11.0,22.0,2.0,8.0,5.0,6.0,0.1772811667895248,0.6111111111111112,0.033109601074005596,0.32727272727272727,2.0,2.0,True,2021
0,27,11,11.0,22.0,2.0,8.0,5.0,6.0,8.0,21.0,3.0,9.0,10.0,10.0,0.033109601074005596,0.32727272727272727,0.18182493343161982,0.6123778501628665,2.0,2.0,False,2021
1,25,0,14.0,24.0,6.0,9.0,5.0,5.0,5.0,15.0,3.0,9.0,4.0,5.0,0.021628689956527853,0.6534954407294833,0.06245098012104673,0.48936170212765956,2.0,1.0,True,2021
0,0,25,5.0,15.0,3.0,9.0,4.0,5.0,14.0,24.0,6.0,9.0,5.0,5.0,0.06245098012104673,0.48936170212765956,0.05730295196522228,0.6545454545454545,1.0,2.0,False,2021
0,29,15,11.0,18.0,4.0,7.0,4.0,5.0,9.0,20.0,3.0,9.0,5.0,5.0,0.08856660067373293,0.5592105263157895,0.13030276069629565,0.41901408450704225,2.0,2.0,True,2021
1,7,26,11.0,20.0,3.0,5.0,7.0,7.0,10.0,18.0,5.0,7.0,8.0,10.0,0.17078457594958976,0.3767605633802817,0.07100002657883828,0.5529801324503312,2.0,2.0,True,2021
1,15,29,9.0,20.0,3.0,9.0,5.0,5.0,11.0,18.0,4.0,7.0,4.0,5.0,0.13030276069629565,0.41901408450704225,0.11085328053898633,0.5606557377049181,2.0,2.0,False,2021
0,9,8,10.0,17.0,6.0,11.0,4.0,6.0,9.0,16.0,3.0,8.0,4.0,5.0,0.1067516968325235,0.34767025089605735,0.10453328685074297,0.4691780821917808,1.0,1.0,True,2021
0,21,22,8.0,23.0,4.0,9.0,5.0,6.0,5.0,13.0,3.0,9.0,4.0,6.0,0.10279824304450517,0.4420289855072464,0.08012321425673938,0.5536912751677853,1.0,2.0,True,2021
1,8,9,9.0,16.0,3.0,8.0,4.0,5.0,10.0,17.0,6.0,11.0,4.0,6.0,0.10453328685074297,0.4691780821917808,0.1254013574660188,0.35,1.0,1.0,False,2021
1,2,1,9.0,20.0,7.0,11.0,3.0,4.0,8.0,16.0,2.0,7.0,6.0,7.0,0.07036789047591137,0.5903083700440529,0.03913554770145508,0.6099071207430341,2.0,2.0,True,2021
1,28,13,6.0,20.0,4.0,9.0,4.0,4.0,11.0,23.0,3.0,8.0,2.0,4.0,0.08994110361474514,0.3273381294964029,0.12942751118452392,0.436426116838488,2.0,2.0,False,2021
1,22,21,5.0,13.0,3.0,9.0,4.0,6.0,8.0,23.0,4.0,9.0,5.0,6.0,0.08012321425673938,0.5536912751677853,0.12223859443560414,0.44404332129963897,2.0,1.0,False,2021
1,16,23,7.0,14.0,5.0,7.0,4.0,6.0,11.0,25.0,2.0,8.0,7.0,7.0,0.08692832410400664,0.392226148409894,0.07826224903912163,0.4092526690391459,2.0,2.0,True,2021
0,23,16,11.0,25.0,2.0,8.0,7.0,7.0,7.0,14.0,5.0,7.0,4.0,6.0,0.07826224903912163,0.4092526690391459,0.10954265928320531,0.39436619718309857,2.0,2.0,False,2021
0,13,28,11.0,23.0,3.0,8.0,2.0,4.0,6.0,20.0,4.0,9.0,4.0,4.0,0.12942751118452392,0.436426116838488,0.0719528828917961,0.32616487455197135,2.0,2.0,True,2021
0,1,2,8.0,16.0,2.0,7.0,6.0,7.0,9.0,20.0,7.0,11.0,3.0,4.0,0.03913554770145508,0.6099071207430341,0.0962943123807291,0.5921052631578947,2.0,2.0,False,2021
1,17,26,8.0,15.0,4.0,8.0,3.0,3.0,7.0,13.0,2.0,7.0,4.0,4.0,0.15717301236417935,0.5659163987138264,0.07100002657883828,0.5529801324503312,3.0,1.0,True,2021
0,10,11,7.0,15.0,1.0,5.0,8.0,8.0,8.0,11.0,6.0,7.0,3.0,5.0,0.09958224425462256,0.4033898305084746,0.18182493343161982,0.6123778501628665,2.0,1.0,False,2021
1,5,22,9.0,17.0,4.0,10.0,13.0,15.0,10.0,19.0,3.0,6.0,5.0,6.0,0.07601164113048907,0.5290102389078498,0.0640985714053915,0.5518394648829431,2.0,1.0,False,2021
0,22,5,10.0,19.0,3.0,6.0,5.0,6.0,9.0,17.0,4.0,10.0,13.0,15.0,0.0640985714053915,0.5518394648829431,0.060809312904391254,0.5272108843537415,1.0,2.0,True,2021
1,15,4,10.0,24.0,7.0,10.0,5.0,5.0,14.0,23.0,3.0,5.0,7.0,7.0,0.10424220855703652,0.41754385964912283,0.11653394452662227,0.6582278481012658,1.0,3.0,False,2021
1,11,10,8.0,11.0,6.0,7.0,3.0,5.0,7.0,15.0,1.0,5.0,8.0,8.0,0.18182493343161982,0.6123778501628665,0.07966579540369804,0.40202702702702703,1.0,2.0,True,2021
0,4,15,14.0,23.0,3.0,5.0,7.0,7.0,10.0,24.0,7.0,10.0,5.0,5.0,0.11653394452662227,0.6582278481012658,0.08339376684562921,0.4160839160839161,3.0,1.0,True,2021
0,23,18,11.0,23.0,4.0,12.0,13.0,14.0,13.0,17.0,3.0,6.0,12.0,17.0,0.06260979923129731,0.4078014184397163,0.1299746389211683,0.6141479099678456,1.0,2.0,False,2021
1,12,3,9.0,13.0,6.0,9.0,7.0,7.0,11.0,17.0,2.0,8.0,5.0,7.0,0.12148155031996717,0.5352564102564102,0.04029637228155921,0.391304347826087,2.0,2.0,True,2021
0,3,12,11.0,17.0,2.0,8.0,5.0,7.0,9.0,13.0,6.0,9.0,7.0,7.0,0.04029637228155921,0.391304347826087,0.13718524025597373,0.536741214057508,2.0,2.0,False,2021
1,19,28,5.0,13.0,2.0,6.0,4.0,5.0,9.0,16.0,6.0,10.0,6.0,7.0,0.08477646932190516,0.40425531914893614,0.0719528828917961,0.32616487455197135,2.0,1.0,False,2021
0,28,19,9.0,16.0,6.0,10.0,6.0,7.0,5.0,13.0,2.0,6.0,4.0,5.0,0.0719528828917961,0.32616487455197135,0.06782117545752413,0.4028268551236749,1.0,2.0,True,2021
0,26,17,7.0,13.0,2.0,7.0,4.0,4.0,8.0,15.0,4.0,8.0,3.0,3.0,0.07100002657883828,0.5529801324503312,0.16573840989134347,0.5673076923076923,1.0,3.0,False,2021
1,18,23,13.0,17.0,3.0,6.0,12.0,17.0,11.0,23.0,4.0,12.0,13.0,14.0,0.1299746389211683,0.6141479099678456,0.050087839385037844,0.40636042402826855,2.0,1.0,True,2021
0,8,1,8.0,18.0,8.0,15.0,7.0,8.0,9.0,17.0,5.0,13.0,8.0,13.0,0.08362662948059438,0.46757679180887374,0.03130843816116406,0.6080246913580247,2.0,2.0,True,2021
1,18,16,8.0,14.0,3.0,7.0,5.0,6.0,8.0,14.0,4.0,13.0,3.0,4.0,0.14397971113693467,0.6153846153846154,0.10954265928320531,0.39436619718309857,1.0,2.0,False,2021
0,16,18,8.0,14.0,4.0,13.0,3.0,4.0,8.0,14.0,3.0,7.0,5.0,6.0,0.10954265928320531,0.39436619718309857,0.11518376890954773,0.6134185303514377,2.0,1.0,True,2021
0,29,24,7.0,14.0,3.0,6.0,5.0,6.0,9.0,15.0,4.0,6.0,2.0,2.0,0.11085328053898633,0.5606557377049181,0.10758464782716275,0.6492537313432836,2.0,3.0,False,2021
1,1,8,9.0,17.0,5.0,13.0,8.0,13.0,8.0,18.0,8.0,15.0,7.0,8.0,0.03130843816116406,0.6080246913580247,0.10690130358447551,0.46938775510204084,2.0,2.0,False,2021
1,9,0,10.0,16.0,3.0,7.0,13.0,15.0,12.0,23.0,3.0,12.0,10.0,12.0,0.1254013574660188,0.35,0.049960784096837386,0.4791666666666667,2.0,2.0,True,2021
1,24,29,9.0,15.0,4.0,6.0,2.0,2.0,7.0,14.0,3.0,6.0,5.0,6.0,0.10758464782716275,0.6492537313432836,0.08868262443118906,0.5588235294117647,3.0,2.0,True,2021
0,6,27,12.0,27.0,4.0,6.0,3.0,4.0,10.0,17.0,2.0,5.0,8.0,12.0,0.1727114069322369,0.47619047619047616,0.026487680859204478,0.32608695652173914,3.0,2.0,False,2021
1,2,21,8.0,15.0,5.0,9.0,3.0,4.0,8.0,19.0,3.0,9.0,3.0,6.0,0.0962943123807291,0.5921052631578947,0.12223859443560414,0.44404332129963897,2.0,2.0,True,2021
0,21,2,8.0,19.0,3.0,9.0,3.0,6.0,8.0,15.0,5.0,9.0,3.0,4.0,0.12223859443560414,0.44404332129963897,0.11703544990458328,0.5938864628820961,2.0,2.0,False,2021
1,27,6,10.0,17.0,2.0,5.0,8.0,12.0,12.0,27.0,4.0,6.0,3.0,4.0,0.026487680859204478,0.32608695652173914,0.13816912554578953,0.4745762711864407,2.0,3.0,True,2021
0,0,9,12.0,23.0,3.0,12.0,10.0,12.0,10.0,16.0,3.0,7.0,13.0,15.0,0.049960784096837386,0.4791666666666667,0.14032108597281504,0.35231316725978645,2.0,2.0,False,2021
0,10,20,8.0,18.0,3.0,9.0,4.0,5.0,10.0,18.0,3.0,9.0,7.0,9.0,0.07966579540369804,0.40202702702702703,0.16568584233110628,0.6037735849056604,1.0,3.0,False,2021
1,20,10,10.0,18.0,3.0,9.0,7.0,9.0,8.0,18.0,3.0,9.0,4.0,5.0,0.16568584233110628,0.6037735849056604,0.06373263632295843,0.4006734006734007,3.0,1.0,True,2021
1,25,14,10.0,17.0,2.0,7.0,2.0,2.0,9.0,25.0,5.0,8.0,4.0,4.0,0.05730295196522228,0.6545454545454545,0.06087861042869329,0.4117647058823529,3.0,4.0,True,2021
0,14,25,9.0,25.0,5.0,8.0,4.0,4.0,10.0,17.0,2.0,7.0,2.0,2.0,0.06087861042869329,0.4117647058823529,0.08584236157217782,0.6555891238670695,4.0,3.0,False,2021
1,5,3,6.0,16.0,3.0,6.0,12.0,13.0,14.0,22.0,5.0,10.0,7.0,8.0,0.060809312904391254,0.5272108843537415,0.03223709782524737,0.39,2.0,2.0,False,2021
0,3,5,14.0,22.0,5.0,10.0,7.0,8.0,6.0,16.0,3.0,6.0,12.0,13.0,0.03223709782524737,0.39,0.048647450323513,0.5254237288135594,2.0,2.0,True,2021
0,11,13,8.0,23.0,6.0,10.0,6.0,6.0,11.0,26.0,6.0,12.0,3.0,3.0,0.1854599467452959,0.6136363636363636,0.14354200894761912,0.4383561643835616,2.0,3.0,False,2021
1,23,15,8.0,19.0,4.0,10.0,7.0,9.0,9.0,17.0,6.0,16.0,13.0,15.0,0.050087839385037844,0.40636042402826855,0.08339376684562921,0.4160839160839161,2.0,2.0,True,2021
0,7,1,11.0,20.0,6.0,8.0,8.0,9.0,8.0,21.0,3.0,7.0,9.0,10.0,0.1766276607596718,0.37894736842105264,0.02504675052893125,0.6061538461538462,3.0,1.0,True,2021
1,1,7,8.0,21.0,3.0,7.0,9.0,10.0,11.0,20.0,6.0,8.0,8.0,9.0,0.02504675052893125,0.6061538461538462,0.18130212860773748,0.3811188811188811,1.0,3.0,False,2021
1,13,11,11.0,26.0,6.0,12.0,3.0,3.0,8.0,23.0,6.0,10.0,6.0,6.0,0.14354200894761912,0.4383561643835616,0.1483679573962367,0.6116504854368932,3.0,2.0,True,2021
1,6,28,15.0,28.0,5.0,12.0,9.0,13.0,7.0,19.0,5.0,10.0,5.0,6.0,0.13816912554578953,0.4745762711864407,0.09756230631343689,0.32857142857142857,1.0,2.0,True,2021
0,15,23,9.0,17.0,6.0,16.0,13.0,15.0,8.0,19.0,4.0,10.0,7.0,9.0,0.08339376684562921,0.4160839160839161,0.08007027150803028,0.4084507042253521,2.0,2.0,False,2021
0,19,26,7.0,15.0,2.0,6.0,5.0,5.0,8.0,19.0,2.0,6.0,6.0,6.0,0.06782117545752413,0.4028268551236749,0.05680002126307062,0.5511551155115512,2.0,2.0,True,2021
0,28,6,7.0,19.0,5.0,10.0,5.0,6.0,15.0,28.0,5.0,12.0,9.0,13.0,0.09756230631343689,0.32857142857142857,0.1505353004366316,0.47635135135135137,2.0,1.0,False,2021
1,26,19,8.0,19.0,2.0,6.0,6.0,6.0,7.0,15.0,2.0,6.0,5.0,5.0,0.05680002126307062,0.5511551155115512,0.09425694036601931,0.40492957746478875,2.0,2.0,False,2021
0,16,12,10.0,16.0,5.0,9.0,5.0,6.0,11.0,16.0,4.0,7.0,5.0,6.0,0.12763412742656424,0.39649122807017545,0.13718524025597373,0.536741214057508,2.0,3.0,True,2021
0,17,24,9.0,18.0,2.0,7.0,14.0,15.0,11.0,18.0,6.0,9.0,8.0,9.0,0.16573840989134347,0.5673076923076923,0.1260677182617302,0.6518518518518519,3.0,2.0,False,2021
1,12,16,11.0,16.0,4.0,7.0,5.0,6.0,10.0,16.0,5.0,9.0,5.0,6.0,0.13718524025597373,0.536741214057508,0.14210730194125137,0.3986013986013986,3.0,2.0,False,2021
1,24,17,11.0,18.0,6.0,9.0,8.0,9.0,9.0,18.0,2.0,7.0,14.0,15.0,0.1260677182617302,0.6518518518518519,0.13259072791307477,0.5654952076677316,2.0,3.0,True,2021
1,25,29,7.0,21.0,2.0,6.0,13.0,15.0,6.0,13.0,3.0,11.0,4.0,4.0,0.08584236157217782,0.6555891238670695,0.08868262443118906,0.5588235294117647,1.0,2.0,False,2021
1,22,27,9.0,18.0,3.0,7.0,5.0,5.0,14.0,29.0,4.0,12.0,3.0,4.0,0.0912788571243132,0.5533333333333333,0.06119014468736358,0.3285198555956679,3.0,2.0,False,2021
0,29,25,6.0,13.0,3.0,11.0,4.0,4.0,7.0,21.0,2.0,6.0,13.0,15.0,0.08868262443118906,0.5588235294117647,0.06867388925774226,0.6536144578313253,2.0,1.0,True,2021
0,27,22,14.0,29.0,4.0,12.0,3.0,4.0,9.0,18.0,3.0,7.0,5.0,5.0,0.06119014468736358,0.3285198555956679,0.07302308569945057,0.5514950166112956,2.0,3.0,True,2021
0,4,0,11.0,19.0,4.0,7.0,6.0,6.0,14.0,21.0,5.0,10.0,8.0,9.0,0.1332271556212978,0.6593059936908517,0.03996862727746991,0.46938775510204084,3.0,2.0,False,2021
1,20,19,13.0,16.0,3.0,6.0,4.0,4.0,11.0,18.0,6.0,12.0,4.0,6.0,0.172548673864885,0.6050156739811913,0.09425694036601931,0.40492957746478875,2.0,1.0,True,2021
0,19,20,11.0,18.0,6.0,12.0,4.0,6.0,13.0,16.0,3.0,6.0,4.0,4.0,0.09425694036601931,0.40492957746478875,0.17803893909190802,0.60625,1.0,2.0,False,2021
1,2,18,7.0,17.0,3.0,10.0,5.0,7.0,9.0,19.0,5.0,6.0,16.0,20.0,0.11703544990458328,0.5938864628820961,0.11518376890954773,0.6134185303514377,2.0,2.0,False,2021
0,18,2,9.0,19.0,5.0,6.0,16.0,20.0,7.0,17.0,3.0,10.0,5.0,7.0,0.11518376890954773,0.6134185303514377,0.09362835992366662,0.591304347826087,2.0,2.0,True,2021
1,9,8,10.0,21.0,6.0,8.0,4.0,6.0,12.0,18.0,4.0,14.0,9.0,10.0,0.14032108597281504,0.35231316725978645,0.10690130358447551,0.46938775510204084,2.0,2.0,True,2021
0,8,9,12.0,18.0,4.0,14.0,9.0,10.0,10.0,21.0,6.0,8.0,4.0,6.0,0.10690130358447551,0.46938775510204084,0.152256868778252,0.3546099290780142,2.0,2.0,False,2021
1,0,4,14.0,21.0,5.0,10.0,8.0,9.0,11.0,19.0,4.0,7.0,6.0,6.0,0.03996862727746991,0.46938775510204084,0.10658172449703825,0.6572327044025157,2.0,3.0,True,2021
0,11,7,16.0,35.0,4.0,12.0,5.0,7.0,13.0,31.0,3.0,9.0,9.0,10.0,0.1483679573962367,0.6116504854368932,0.18130212860773748,0.3811188811188811,2.0,2.0,False,2021
1,10,14,9.0,16.0,3.0,5.0,5.0,6.0,11.0,19.0,6.0,11.0,4.0,4.0,0.06373263632295843,0.4006734006734007,0.04870288834295463,0.4103448275862069,3.0,2.0,False,2021
0,14,10,11.0,19.0,6.0,11.0,4.0,4.0,9.0,16.0,3.0,5.0,5.0,6.0,0.04870288834295463,0.4103448275862069,0.050986109058366744,0.39932885906040266,2.0,3.0,True,2021
0,23,22,12.0,21.0,2.0,7.0,8.0,9.0,9.0,16.0,5.0,8.0,6.0,6.0,0.08007027150803028,0.4084507042253521,0.07302308569945057,0.5514950166112956,2.0,1.0,False,2021
0,21,26,9.0,19.0,3.0,10.0,4.0,4.0,9.0,18.0,7.0,11.0,5.0,5.0,0.09779087554848331,0.44244604316546765,0.045440017010456496,0.5493421052631579,3.0,2.0,True,2021
1,22,23,9.0,16.0,5.0,8.0,6.0,6.0,12.0,21.0,2.0,7.0,8.0,9.0,0.07302308569945057,0.5514950166112956,0.06405621720642422,0.4070175438596491,1.0,2.0,True,2021
1,1,13,12.0,23.0,5.0,10.0,3.0,6.0,10.0,26.0,3.0,9.0,5.0,5.0,0.020037400423145,0.6042944785276073,0.1548336071580953,0.4402730375426621,2.0,2.0,True,2021
1,7,11,13.0,31.0,3.0,9.0,9.0,10.0,16.0,35.0,4.0,12.0,5.0,7.0,0.18130212860773748,0.3811188811188811,0.11869436591698937,0.6096774193548387,2.0,2.0,True,2021
1,20,5,11.0,18.0,2.0,7.0,6.0,6.0,8.0,18.0,2.0,7.0,4.0,6.0,0.17803893909190802,0.60625,0.048647450323513,0.5254237288135594,1.0,2.0,True,2021
1,9,16,9.0,20.0,4.0,8.0,2.0,2.0,10.0,18.0,3.0,9.0,7.0,8.0,0.152256868778252,0.3546099290780142,0.14210730194125137,0.3986013986013986,1.0,1.0,False,2021
0,13,1,10.0,26.0,3.0,9.0,5.0,5.0,12.0,23.0,5.0,10.0,3.0,6.0,0.1548336071580953,0.4402730375426621,0.056029920338516004,0.6055045871559633,2.0,2.0,False,2021
0,5,20,8.0,18.0,2.0,7.0,4.0,6.0,11.0,18.0,2.0,7.0,6.0,6.0,0.048647450323513,0.5254237288135594,0.18243115127352644,0.6074766355140186,2.0,1.0,False,2021
0,16,9,10.0,18.0,3.0,9.0,7.0,8.0,9.0,20.0,4.0,8.0,2.0,2.0,0.14210730194125137,0.3986013986013986,0.1218054950226016,0.35335689045936397,1.0,1.0,True,2021
1,26,21,9.0,18.0,7.0,11.0,5.0,5.0,9.0,19.0,3.0,10.0,4.0,4.0,0.045440017010456496,0.5493421052631579,0.11823270043878664,0.4444444444444444,2.0,3.0,False,2021
0,28,2,10.0,23.0,6.0,7.0,3.0,4.0,12.0,26.0,5.0,13.0,6.0,7.0,0.07804984505074951,0.3274021352313167,0.09362835992366662,0.591304347826087,2.0,1.0,False,2021
1,2,28,12.0,26.0,5.0,13.0,6.0,7.0,10.0,23.0,6.0,7.0,3.0,4.0,0.09362835992366662,0.591304347826087,0.062439876040599605,0.3262411347517731,1.0,2.0,True,2021
1,6,8,8.0,14.0,4.0,13.0,6.0,6.0,9.0,17.0,2.0,6.0,8.0,14.0,0.1505353004366316,0.47635135135135137,0.08552104286758042,0.46779661016949153,2.0,1.0,True,2021
0,8,6,9.0,17.0,2.0,6.0,8.0,14.0,8.0,14.0,4.0,13.0,6.0,6.0,0.08552104286758042,0.46779661016949153,0.1604282403493053,0.4781144781144781,1.0,2.0,False,2021
1,11,17,14.0,25.0,2.0,8.0,8.0,8.0,8.0,21.0,3.0,12.0,4.0,6.0,0.11869436591698937,0.6096774193548387,0.13259072791307477,0.5654952076677316,1.0,2.0,True,2021
0,17,11,8.0,21.0,3.0,12.0,4.0,6.0,14.0,25.0,2.0,8.0,8.0,8.0,0.13259072791307477,0.5654952076677316,0.13495549273359148,0.6109324758842444,2.0,1.0,False,2021
1,25,27,14.0,24.0,3.0,8.0,7.0,8.0,9.0,19.0,3.0,8.0,4.0,5.0,0.06867388925774226,0.6536144578313253,0.08895211574989087,0.33093525179856115,2.0,2.0,False,2021
0,27,25,9.0,19.0,3.0,8.0,4.0,5.0,14.0,24.0,3.0,8.0,7.0,8.0,0.08895211574989087,0.33093525179856115,0.05493911140619381,0.6516516516516516,2.0,2.0,True,2021
1,15,19,8.0,19.0,5.0,12.0,7.0,11.0,10.0,14.0,2.0,7.0,4.0,5.0,0.06671501347650337,0.4146341463414634,0.07540555229281545,0.40350877192982454,3.0,2.0,False,2021
0,19,15,10.0,14.0,2.0,7.0,4.0,5.0,8.0,19.0,5.0,12.0,7.0,11.0,0.07540555229281545,0.40350877192982454,0.0533720107812027,0.4131944444444444,2.0,3.0,True,2021
1,26,3,9.0,17.0,5.0,9.0,4.0,6.0,9.0,17.0,3.0,8.0,9.0,10.0,0.036352013608365194,0.5475409836065573,0.06578967826019791,0.3920265780730897,1.0,3.0,False,2021
0,29,12,11.0,20.0,6.0,11.0,6.0,6.0,8.0,12.0,4.0,5.0,11.0,12.0,0.11094609954495124,0.5602605863192183,0.10974819220477898,0.535031847133758,2.0,2.0,False,2021
1,24,7,12.0,20.0,7.0,9.0,4.0,4.0,9.0,13.0,3.0,6.0,12.0,14.0,0.14085417460938415,0.6544117647058824,0.18504170288618998,0.3832752613240418,2.0,1.0,True,2021
0,7,24,9.0,13.0,3.0,6.0,12.0,14.0,12.0,20.0,7.0,9.0,4.0,4.0,0.18504170288618998,0.3832752613240418,0.15268333968750733,0.656934306569343,1.0,2.0,False,2021
1,13,4,11.0,20.0,4.0,8.0,4.0,5.0,8.0,27.0,6.0,10.0,4.0,4.0,0.12386688572647624,0.4387755102040816,0.10658172449703825,0.6572327044025157,1.0,2.0,True,2021
0,4,13,8.0,27.0,6.0,10.0,4.0,4.0,11.0,20.0,4.0,8.0,4.0,5.0,0.10658172449703825,0.6572327044025157,0.139093508581181,0.4406779661016949,2.0,1.0,False,2021
0,3,26,9.0,17.0,3.0,8.0,9.0,10.0,9.0,17.0,5.0,9.0,4.0,6.0,0.06578967826019791,0.3920265780730897,0.029081610886692155,0.545751633986928,3.0,1.0,True,2021
1,12,29,8.0,12.0,4.0,5.0,11.0,12.0,11.0,20.0,6.0,11.0,6.0,6.0,0.10974819220477898,0.535031847133758,0.08875687963596099,0.5584415584415584,2.0,2.0,True,2021
0,1,24,9.0,15.0,3.0,6.0,4.0,9.0,11.0,20.0,6.0,9.0,6.0,7.0,0.056029920338516004,0.6055045871559633,0.15268333968750733,0.656934306569343,2.0,1.0,False,2021
1,4,21,9.0,16.0,4.0,10.0,6.0,6.0,8.0,17.0,6.0,12.0,6.0,6.0,0.0852653795976306,0.6551724137931034,0.11823270043878664,0.4444444444444444,1.0,2.0,False,2021
0,22,10,8.0,14.0,6.0,10.0,9.0,12.0,10.0,15.0,2.0,5.0,7.0,8.0,0.09841846855956046,0.5529801324503312,0.050986109058366744,0.39932885906040266,2.0,2.0,True,2021
1,28,16,8.0,17.0,4.0,8.0,6.0,9.0,9.0,18.0,4.0,9.0,5.0,8.0,0.062439876040599605,0.3262411347517731,0.1536858415530011,0.40069686411149824,2.0,2.0,True,2021
0,16,28,9.0,18.0,4.0,9.0,5.0,8.0,8.0,17.0,4.0,8.0,6.0,9.0,0.1536858415530011,0.40069686411149824,0.0899519008324797,0.3286219081272085,2.0,2.0,False,2021
1,8,18,15.0,28.0,2.0,9.0,7.0,11.0,7.0,16.0,4.0,8.0,7.0,9.0,0.06841683429406434,0.46621621621621623,0.13214701512763818,0.6146496815286624,2.0,3.0,True,2021
0,18,8,7.0,16.0,4.0,8.0,7.0,9.0,15.0,28.0,2.0,9.0,7.0,11.0,0.13214701512763818,0.6146496815286624,0.09473346743525146,0.468013468013468,3.0,2.0,False,2021
0,21,4,8.0,17.0,6.0,12.0,6.0,6.0,9.0,16.0,4.0,10.0,6.0,6.0,0.11823270043878664,0.4444444444444444,0.06821230367810448,0.653125,2.0,1.0,True,2021
0,5,20,9.0,17.0,3.0,7.0,8.0,8.0,9.0,17.0,5.0,7.0,6.0,6.0,0.038917960258810405,0.5236486486486487,0.18243115127352644,0.6074766355140186,2.0,2.0,False,2021
1,20,5,9.0,17.0,5.0,7.0,6.0,6.0,9.0,17.0,3.0,7.0,8.0,8.0,0.18243115127352644,0.6074766355140186,0.031134368207048325,0.5218855218855218,2.0,2.0,True,2021
1,2,23,16.0,25.0,6.0,10.0,15.0,16.0,10.0,22.0,4.0,9.0,8.0,8.0,0.1149026879389333,0.5930735930735931,0.06405621720642422,0.4070175438596491,2.0,2.0,True,2021
0,23,2,10.0,22.0,4.0,9.0,8.0,8.0,16.0,25.0,6.0,10.0,15.0,16.0,0.06405621720642422,0.4070175438596491,0.13192215035114666,0.5948275862068966,2.0,2.0,False,2021
1,9,27,15.0,25.0,4.0,8.0,11.0,14.0,18.0,31.0,7.0,12.0,7.0,8.0,0.1218054950226016,0.35335689045936397,0.11116169259991271,0.3333333333333333,2.0,1.0,True,2021
1,24,1,11.0,20.0,6.0,9.0,6.0,7.0,9.0,15.0,3.0,6.0,4.0,9.0,0.15268333968750733,0.656934306569343,0.044823936270812804,0.6036585365853658,1.0,2.0,True,2021
0,27,9,18.0,31.0,7.0,12.0,7.0,8.0,15.0,25.0,4.0,8.0,11.0,14.0,0.11116169259991271,0.3333333333333333,0.13744439601808128,0.35563380281690143,1.0,2.0,False,2021
1,10,22,10.0,15.0,2.0,5.0,7.0,8.0,8.0,14.0,6.0,10.0,9.0,12.0,0.050986109058366744,0.39932885906040266,0.11873477484764838,0.5544554455445545,2.0,2.0,False,2021
1,17,19,11.0,21.0,4.0,8.0,6.0,8.0,7.0,14.0,5.0,8.0,3.0,4.0,0.10607258233045982,0.5636942675159236,0.10032444183425235,0.40559440559440557,2.0,2.0,True,2021
0,15,11,11.0,20.0,4.0,13.0,5.0,7.0,12.0,31.0,5.0,12.0,15.0,17.0,0.0533720107812027,0.4131944444444444,0.13495549273359148,0.6109324758842444,2.0,2.0,False,2021
0,19,17,7.0,14.0,5.0,8.0,3.0,4.0,11.0,21.0,4.0,8.0,6.0,8.0,0.10032444183425235,0.40559440559440557,0.12485806586436785,0.5650793650793651,2.0,2.0,False,2021
0,14,7,9.0,17.0,3.0,6.0,5.0,8.0,11.0,24.0,4.0,10.0,2.0,2.0,0.0789623106743637,0.41237113402061853,0.14803336230895198,0.3819444444444444,3.0,2.0,False,2021
1,11,15,12.0,31.0,5.0,12.0,15.0,17.0,11.0,20.0,4.0,13.0,5.0,7.0,0.13495549273359148,0.6109324758842444,0.042697608624962156,0.4117647058823529,2.0,2.0,True,2021
1,26,18,7.0,12.0,3.0,4.0,3.0,5.0,10.0,17.0,4.0,10.0,7.0,9.0,0.029081610886692155,0.545751633986928,0.10571761210211054,0.6126984126984127,2.0,1.0,False,2021
1,7,14,11.0,24.0,4.0,10.0,2.0,2.0,9.0,17.0,3.0,6.0,5.0,8.0,0.14803336230895198,0.3819444444444444,0.06316984853949095,0.410958904109589,2.0,3.0,True,2021
0,1,0,11.0,19.0,5.0,7.0,6.0,6.0,13.0,21.0,8.0,15.0,4.0,4.0,0.044823936270812804,0.6036585365853658,0.07197490182197593,0.48,1.0,4.0,False,2021
0,18,26,10.0,17.0,4.0,10.0,7.0,9.0,7.0,12.0,3.0,4.0,3.0,5.0,0.10571761210211054,0.6126984126984127,0.023265288709353724,0.5439739413680782,1.0,2.0,True,2021
0,29,6,8.0,16.0,5.0,10.0,4.0,6.0,8.0,17.0,2.0,5.0,5.0,5.0,0.08875687963596099,0.5584415584415584,0.1604282403493053,0.4781144781144781,2.0,3.0,True,2021
1,6,29,8.0,17.0,2.0,5.0,5.0,5.0,8.0,16.0,5.0,10.0,4.0,6.0,0.1604282403493053,0.4781144781144781,0.1110055037087688,0.5598705501618123,3.0,2.0,False,2021
1,0,1,13.0,21.0,8.0,15.0,4.0,4.0,11.0,19.0,5.0,7.0,6.0,6.0,0.07197490182197593,0.48,0.035859149016650244,0.601823708206687,4.0,1.0,True,2021
1,3,25,10.0,20.0,4.0,8.0,8.0,9.0,17.0,19.0,7.0,9.0,3.0,4.0,0.09263174260815832,0.39403973509933776,0.05493911140619381,0.6516516516516516,2.0,2.0,False,2021
0,25,3,17.0,19.0,7.0,9.0,3.0,4.0,10.0,20.0,4.0,8.0,8.0,9.0,0.05493911140619381,0.6516516516516516,0.07410539408652665,0.3927392739273927,2.0,2.0,True,2021
1,16,22,16.0,25.0,2.0,5.0,7.0,11.0,14.0,21.0,5.0,9.0,4.0,6.0,0.12294867324240089,0.3993055555555556,0.11873477484764838,0.5544554455445545,2.0,2.0,False,2021
0,22,16,14.0,21.0,5.0,9.0,4.0,6.0,16.0,25.0,2.0,5.0,7.0,11.0,0.11873477484764838,0.5544554455445545,0.09835893859392071,0.39792387543252594,2.0,2.0,True,2021
0,12,17,9.0,14.0,4.0,10.0,5.0,8.0,7.0,18.0,3.0,9.0,3.0,4.0,0.12779855376382318,0.5365079365079365,0.12485806586436785,0.5650793650793651,3.0,1.0,True,2021
1,17,12,7.0,18.0,3.0,9.0,3.0,4.0,9.0,14.0,4.0,10.0,5.0,8.0,0.12485806586436785,0.5650793650793651,0.14223884301105855,0.5379746835443038,1.0,3.0,False,2021
1,10,4,8.0,16.0,5.0,6.0,4.0,4.0,8.0,13.0,4.0,7.0,3.0,4.0,0.0407888872466934,0.3979933110367893,0.06821230367810448,0.653125,2.0,2.0,False,2021
0,4,10,8.0,13.0,4.0,7.0,3.0,4.0,8.0,16.0,5.0,6.0,4.0,4.0,0.06821230367810448,0.653125,0.032631109797354715,0.39666666666666667,2.0,2.0,True,2021
0,25,28,9.0,18.0,3.0,8.0,7.0,8.0,7.0,19.0,3.0,8.0,11.0,11.0,0.08395128912495504,0.6526946107784432,0.0899519008324797,0.3286219081272085,1.0,2.0,False,2021
1,24,19,13.0,25.0,6.0,8.0,7.0,7.0,10.0,18.0,5.0,8.0,7.0,7.0,0.16214667175000586,0.6594202898550725,0.08025955346740188,0.40418118466898956,2.0,1.0,True,2021
1,28,25,7.0,19.0,3.0,8.0,11.0,11.0,9.0,18.0,3.0,8.0,7.0,8.0,0.0899519008324797,0.3286219081272085,0.06716103129996404,0.6507462686567164,2.0,1.0,True,2021
1,3,8,8.0,17.0,5.0,14.0,5.0,5.0,16.0,22.0,3.0,8.0,8.0,8.0,0.07410539408652665,0.3927392739273927,0.09473346743525146,0.468013468013468,1.0,2.0,False,2021
0,2,20,9.0,23.0,2.0,7.0,8.0,8.0,9.0,23.0,3.0,12.0,5.0,7.0,0.13192215035114666,0.5948275862068966,0.18594492101882115,0.6086956521739131,2.0,2.0,True,2021
1,13,5,12.0,21.0,3.0,8.0,7.0,8.0,13.0,25.0,2.0,5.0,7.0,8.0,0.139093508581181,0.4406779661016949,0.031134368207048325,0.5218855218855218,3.0,2.0,False,2021
0,5,13,13.0,25.0,2.0,5.0,7.0,8.0,12.0,21.0,3.0,8.0,7.0,8.0,0.031134368207048325,0.5218855218855218,0.1112748068649448,0.4391891891891892,2.0,3.0,True,2021
0,19,24,10.0,18.0,5.0,8.0,7.0,7.0,13.0,25.0,6.0,8.0,7.0,7.0,0.08025955346740188,0.40418118466898956,0.16971733740000466,0.6618705035971223,1.0,2.0,False,2021
0,8,3,16.0,22.0,3.0,8.0,8.0,8.0,8.0,17.0,5.0,14.0,5.0,5.0,0.09473346743525146,0.468013468013468,0.05928431526922132,0.39144736842105265,2.0,1.0,True,2021
0,9,21,9.0,22.0,8.0,16.0,6.0,7.0,9.0,17.0,5.0,12.0,6.0,6.0,0.13744439601808128,0.35563380281690143,0.1345861603510293,0.44642857142857145,2.0,2.0,True,2021
1,21,9,9.0,17.0,5.0,12.0,6.0,6.0,9.0,22.0,8.0,16.0,6.0,7.0,0.1345861603510293,0.44642857142857145,0.14995551681446503,0.35789473684210527,2.0,2.0,False,2021
1,20,2,9.0,23.0,3.0,12.0,5.0,7.0,9.0,23.0,2.0,7.0,8.0,8.0,0.18594492101882115,0.6086956521739131,0.14553772028091733,0.5965665236051502,2.0,2.0,False,2021
1,10,5,7.0,14.0,2.0,3.0,4.0,5.0,7.0,16.0,2.0,6.0,5.0,5.0,0.032631109797354715,0.39666666666666667,0.06490749456563866,0.5234899328859061,1.0,1.0,False,2021
0,1,7,10.0,20.0,4.0,10.0,5.0,6.0,9.0,18.0,8.0,12.0,4.0,4.0,0.035859149016650244,0.601823708206687,0.1584266898471616,0.38408304498269896,2.0,2.0,False,2021
1,7,1,9.0,18.0,8.0,12.0,4.0,4.0,10.0,20.0,4.0,10.0,5.0,6.0,0.1584266898471616,0.38408304498269896,0.028687319213320194,0.6,2.0,2.0,True,2021
0,5,10,7.0,16.0,2.0,6.0,5.0,5.0,7.0,14.0,2.0,3.0,4.0,5.0,0.06490749456563866,0.5234899328859061,0.026104887837883773,0.3953488372093023,1.0,1.0,True,2021
1,11,14,14.0,32.0,6.0,11.0,10.0,12.0,14.0,31.0,3.0,7.0,9.0,11.0,0.14796439418687318,0.6121794871794872,0.06316984853949095,0.410958904109589,2.0,2.0,False,2021
1,28,29,13.0,23.0,3.0,10.0,6.0,7.0,7.0,13.0,3.0,9.0,6.0,6.0,0.11196152066598378,0.33098591549295775,0.1110055037087688,0.5598705501618123,1.0,2.0,True,2021
0,14,11,14.0,31.0,3.0,7.0,9.0,11.0,14.0,32.0,6.0,11.0,10.0,12.0,0.06316984853949095,0.410958904109589,0.11837151534949855,0.610223642172524,2.0,2.0,True,2021
0,29,28,7.0,13.0,3.0,9.0,6.0,6.0,13.0,23.0,3.0,10.0,6.0,7.0,0.1110055037087688,0.5598705501618123,0.12956921653278702,0.3333333333333333,2.0,1.0,False,2021
1,8,15,13.0,21.0,3.0,8.0,9.0,10.0,15.0,30.0,5.0,13.0,8.0,15.0,0.11578677394820117,0.4697986577181208,0.042697608624962156,0.4117647058823529,1.0,2.0,True,2021
1,0,20,14.0,24.0,10.0,18.0,15.0,16.0,11.0,21.0,2.0,7.0,6.0,8.0,0.09757992145758074,0.49019607843137253,0.14875593681505692,0.6068111455108359,2.0,1.0,True,2021
0,27,16,10.0,19.0,3.0,8.0,9.0,11.0,12.0,19.0,4.0,9.0,4.0,4.0,0.08892935407993016,0.33214285714285713,0.09835893859392071,0.39792387543252594,3.0,1.0,False,2021
1,16,27,12.0,19.0,4.0,9.0,4.0,4.0,10.0,19.0,3.0,8.0,9.0,11.0,0.09835893859392071,0.39792387543252594,0.07114348326394412,0.3309608540925267,1.0,3.0,True,2021
0,20,0,11.0,21.0,2.0,7.0,6.0,8.0,14.0,24.0,10.0,18.0,15.0,16.0,0.14875593681505692,0.6068111455108359,0.1180639371660646,0.5,1.0,2.0,False,2021
1,13,18,10.0,20.0,3.0,7.0,10.0,11.0,10.0,17.0,4.0,7.0,14.0,15.0,0.1112748068649448,0.4391891891891892,0.12457408968168844,0.6139240506329114,1.0,2.0,False,2021
0,18,13,10.0,17.0,4.0,7.0,14.0,15.0,10.0,20.0,3.0,7.0,10.0,11.0,0.12457408968168844,0.6139240506329114,0.08901984549195584,0.4377104377104377,2.0,1.0,True,2021
0,15,8,15.0,30.0,5.0,13.0,8.0,15.0,13.0,21.0,3.0,8.0,9.0,10.0,0.042697608624962156,0.4117647058823529,0.1326294191585609,0.47157190635451507,2.0,1.0,False,2021
1,7,12,8.0,16.0,3.0,8.0,5.0,5.0,6.0,16.0,4.0,10.0,6.0,8.0,0.16674135187772926,0.38620689655172413,0.14223884301105855,0.5379746835443038,1.0,2.0,True,2021
1,11,26,7.0,16.0,6.0,13.0,10.0,10.0,16.0,31.0,7.0,11.0,4.0,7.0,0.11837151534949855,0.610223642172524,0.023265288709353724,0.5439739413680782,1.0,3.0,True,2021
0,26,11,16.0,31.0,7.0,11.0,4.0,7.0,7.0,16.0,6.0,13.0,10.0,10.0,0.023265288709353724,0.5439739413680782,0.13469721227959883,0.6114649681528662,3.0,1.0,False,2021
1,25,9,13.0,19.0,6.0,13.0,3.0,4.0,9.0,18.0,5.0,8.0,5.0,8.0,0.06716103129996404,0.6507462686567164,0.14995551681446503,0.35789473684210527,2.0,2.0,False,2021
1,17,2,10.0,23.0,5.0,13.0,5.0,6.0,10.0,21.0,4.0,11.0,8.0,10.0,0.09988645269149428,0.5632911392405063,0.14553772028091733,0.5965665236051502,2.0,2.0,False,2021
0,24,22,13.0,25.0,4.0,7.0,6.0,6.0,12.0,18.0,3.0,8.0,11.0,13.0,0.16971733740000466,0.6618705035971223,0.1349878198781187,0.555921052631579,2.0,2.0,True,2021
0,2,17,10.0,21.0,4.0,11.0,8.0,10.0,10.0,23.0,5.0,13.0,5.0,6.0,0.14553772028091733,0.5965665236051502,0.07990916215319542,0.5615141955835962,2.0,2.0,True,2021
0,6,23,11.0,15.0,5.0,9.0,5.0,6.0,8.0,22.0,3.0,11.0,9.0,12.0,0.12834259227944425,0.47651006711409394,0.05124497376513938,0.40559440559440557,3.0,4.0,True,2021
1,22,24,12.0,18.0,3.0,8.0,11.0,13.0,13.0,25.0,4.0,7.0,6.0,6.0,0.1349878198781187,0.555921052631579,0.17577386992000374,0.6642857142857143,2.0,2.0,False,2021
0,12,7,6.0,16.0,4.0,10.0,6.0,8.0,8.0,16.0,3.0,8.0,5.0,5.0,0.14223884301105855,0.5379746835443038,0.1733930815021834,0.38831615120274915,2.0,1.0,False,2021
0,29,21,8.0,19.0,4.0,12.0,6.0,6.0,7.0,19.0,3.0,13.0,3.0,4.0,0.08880440296701504,0.5580645161290323,0.10766892828082344,0.44483985765124556,1.0,2.0,True,2021
1,21,29,7.0,19.0,3.0,13.0,3.0,4.0,8.0,19.0,4.0,12.0,6.0,6.0,0.10766892828082344,0.44483985765124556,0.11104352237361204,0.5594855305466238,2.0,1.0,False,2021
1,23,6,8.0,22.0,3.0,11.0,9.0,12.0,11.0,15.0,5.0,9.0,5.0,6.0,0.05124497376513938,0.40559440559440557,0.1426740738235554,0.4782608695652174,4.0,3.0,False,2021
0,9,25,9.0,18.0,5.0,8.0,5.0,8.0,13.0,19.0,6.0,13.0,3.0,4.0,0.14995551681446503,0.35789473684210527,0.05372882503997123,0.6488095238095238,2.0,2.0,True,2021
0,4,23,9.0,15.0,4.0,8.0,6.0,6.0,8.0,21.0,5.0,11.0,6.0,6.0,0.09456984294248358,0.6542056074766355,0.04099597901211151,0.40418118466898956,3.0,1.0,True,2021
1,8,28,10.0,22.0,3.0,6.0,8.0,8.0,11.0,26.0,5.0,8.0,5.0,5.0,0.1326294191585609,0.47157190635451507,0.12956921653278702,0.3333333333333333,2.0,2.0,False,2021
1,26,0,10.0,18.0,2.0,7.0,4.0,5.0,14.0,20.0,11.0,16.0,4.0,4.0,0.01861223096748298,0.5422077922077922,0.1180639371660646,0.5,1.0,2.0,False,2021
0,28,8,11.0,26.0,5.0,8.0,5.0,5.0,10.0,22.0,3.0,6.0,8.0,8.0,0.12956921653278702,0.3333333333333333,0.10610353532684873,0.47,2.0,2.0,True,2021
1,23,4,8.0,21.0,5.0,11.0,6.0,6.0,9.0,15.0,4.0,8.0,6.0,6.0,0.04099597901211151,0.40418118466898956,0.11565587435398687,0.65527950310559,1.0,3.0,False,2021
1,25,5,7.0,20.0,4.0,7.0,6.0,7.0,8.0,16.0,6.0,11.0,7.0,9.0,0.05372882503997123,0.6488095238095238,0.09192599565251094,0.5250836120401338,1.0,2.0,True,2021
0,5,25,8.0,16.0,6.0,11.0,7.0,9.0,7.0,20.0,4.0,7.0,6.0,7.0,0.09192599565251094,0.5250836120401338,0.08298306003197699,0.6498516320474778,2.0,1.0,False,2021
1,15,14,13.0,28.0,4.0,9.0,6.0,6.0,12.0,22.0,4.0,8.0,9.0,9.0,0.03415808689996973,0.4103448275862069,0.09053587883159278,0.4129692832764505,2.0,2.0,False,2021
0,6,18,13.0,22.0,1.0,5.0,10.0,10.0,13.0,29.0,3.0,6.0,10.0,11.0,0.1426740738235554,0.4782608695652174,0.13965927174535075,0.6151419558359621,1.0,2.0,False,2021
1,18,6,13.0,29.0,3.0,6.0,10.0,11.0,13.0,22.0,1.0,5.0,10.0,10.0,0.13965927174535075,0.6151419558359621,0.11413925905884433,0.4766666666666667,2.0,1.0,True,2021
0,13,16,10.0,20.0,3.0,10.0,6.0,9.0,7.0,17.0,6.0,11.0,5.0,8.0,0.08901984549195584,0.4377104377104377,0.11868715087513657,0.4,2.0,2.0,True,2021
0,0,26,14.0,20.0,11.0,16.0,4.0,4.0,10.0,18.0,2.0,7.0,4.0,5.0,0.1180639371660646,0.5,0.014889784773986383,0.540453074433657,2.0,1.0,True,2021
0,12,20,7.0,16.0,3.0,6.0,7.0,8.0,10.0,14.0,4.0,6.0,4.0,5.0,0.11379107440884684,0.5362776025236593,0.11900474945204553,0.6049382716049383,1.0,2.0,False,2021
1,16,13,7.0,17.0,6.0,11.0,5.0,8.0,10.0,20.0,3.0,10.0,6.0,9.0,0.11868715087513657,0.4,0.11121587639356467,0.4395973154362416,2.0,2.0,False,2021
0,10,27,8.0,16.0,5.0,6.0,3.0,5.0,11.0,22.0,6.0,12.0,2.0,3.0,0.026104887837883773,0.3953488372093023,0.07114348326394412,0.3309608540925267,2.0,2.0,True,2021
1,27,10,11.0,22.0,6.0,12.0,2.0,3.0,8.0,16.0,5.0,6.0,3.0,5.0,0.07114348326394412,0.3309608540925267,0.06088391027030702,0.3973509933774834,2.0,2.0,False,2021
0,14,15,12.0,22.0,4.0,8.0,9.0,9.0,13.0,28.0,4.0,9.0,6.0,6.0,0.09053587883159278,0.4129692832764505,0.027326469519975784,0.40893470790378006,2.0,2.0,True,2021
1,21,3,9.0,20.0,5.0,13.0,3.0,6.0,9.0,13.0,6.0,8.0,5.0,6.0,0.08613514262465875,0.4432624113475177,0.05928431526922132,0.39144736842105265,1.0,3.0,False,2021
0,3,21,9.0,13.0,6.0,8.0,5.0,6.0,9.0,20.0,5.0,13.0,3.0,6.0,0.05928431526922132,0.39144736842105265,0.068908114099727,0.4416961130742049,3.0,1.0,True,2021
1,20,12,10.0,14.0,4.0,6.0,4.0,5.0,7.0,16.0,3.0,6.0,7.0,8.0,0.11900474945204553,0.6049382716049383,0.09103285952707747,0.5345911949685535,2.0,1.0,True,2021
0,24,19,12.0,24.0,3.0,6.0,6.0,7.0,10.0,21.0,4.0,7.0,7.0,7.0,0.17577386992000374,0.6642857142857143,0.0642076427739215,0.4027777777777778,1.0,3.0,True,2021
1,19,24,10.0,21.0,4.0,7.0,7.0,7.0,12.0,24.0,3.0,6.0,6.0,7.0,0.0642076427739215,0.4027777777777778,0.18061909593600298,0.6666666666666666,3.0,1.0,False,2021
0,22,1,10.0,20.0,4.0,9.0,6.0,7.0,12.0,28.0,3.0,7.0,7.0,9.0,0.10799025590249496,0.5540983606557377,0.028687319213320194,0.6,1.0,2.0,True,2021
1,1,22,12.0,28.0,3.0,7.0,7.0,9.0,10.0,20.0,4.0,9.0,6.0,7.0,0.028687319213320194,0.6,0.12639220472199597,0.5555555555555556,2.0,1.0,False,2021
0,0,3,12.0,25.0,5.0,13.0,5.0,5.0,10.0,20.0,3.0,7.0,7.0,10.0,0.1344511497328517,0.5094339622641509,0.08742745221537707,0.39344262295081966,1.0,1.0,True,2021
0,2,29,17.0,20.0,3.0,6.0,3.0,4.0,7.0,15.0,4.0,6.0,5.0,5.0,0.15643017622473385,0.5982905982905983,0.11104352237361204,0.5594855305466238,2.0,2.0,True,2021
1,29,2,7.0,15.0,4.0,6.0,5.0,5.0,17.0,20.0,3.0,6.0,3.0,4.0,0.11104352237361204,0.5594855305466238,0.16514414097978708,0.6,2.0,2.0,False,2021
0,15,7,11.0,21.0,5.0,10.0,5.0,7.0,10.0,19.0,3.0,10.0,6.0,6.0,0.027326469519975784,0.40893470790378006,0.1733930815021834,0.38831615120274915,1.0,2.0,False,2021
1,9,4,10.0,20.0,6.0,12.0,9.0,9.0,9.0,17.0,4.0,11.0,5.0,6.0,0.15996441345157203,0.36013986013986016,0.11565587435398687,0.65527950310559,2.0,1.0,False,2021
0,4,9,9.0,17.0,4.0,11.0,5.0,6.0,10.0,20.0,6.0,12.0,9.0,9.0,0.11565587435398687,0.65527950310559,0.1279715307612576,0.3588850174216028,1.0,2.0,True,2021
1,3,0,10.0,20.0,3.0,7.0,7.0,10.0,12.0,25.0,5.0,13.0,5.0,5.0,0.08742745221537707,0.39344262295081966,0.14756091978628133,0.5185185185185185,1.0,1.0,False,2021
1,7,15,10.0,19.0,3.0,10.0,6.0,6.0,11.0,21.0,5.0,10.0,5.0,7.0,0.1733930815021834,0.38831615120274915,0.021861175615980628,0.4075342465753425,2.0,1.0,True,2021
1,18,24,10.0,20.0,5.0,12.0,16.0,18.0,14.0,29.0,5.0,12.0,5.0,7.0,0.1517274173962806,0.6163522012578616,0.18061909593600298,0.6666666666666666,2.0,2.0,True,2021
0,8,14,12.0,27.0,4.0,9.0,6.0,6.0,13.0,29.0,3.0,9.0,10.0,11.0,0.10610353532684873,0.47,0.11242870306527422,0.41496598639455784,2.0,2.0,False,2021
1,11,22,9.0,17.0,3.0,8.0,5.0,5.0,10.0,24.0,3.0,10.0,7.0,7.0,0.13469721227959883,0.6114649681528662,0.12639220472199597,0.5555555555555556,3.0,2.0,True,2021
1,14,8,13.0,29.0,3.0,9.0,10.0,11.0,12.0,27.0,4.0,9.0,6.0,6.0,0.11242870306527422,0.41496598639455784,0.08488282826147898,0.4684385382059801,2.0,2.0,True,2021
1,25,10,10.0,13.0,8.0,11.0,5.0,5.0,8.0,12.0,3.0,5.0,7.0,8.0,0.08298306003197699,0.6498516320474778,0.06088391027030702,0.3973509933774834,2.0,2.0,True,2021
0,10,25,8.0,12.0,3.0,5.0,7.0,8.0,10.0,13.0,8.0,11.0,5.0,5.0,0.06088391027030702,0.3973509933774834,0.10638644802558157,0.650887573964497,2.0,2.0,False,2021
1,5,17,11.0,25.0,3.0,5.0,4.0,4.0,13.0,26.0,4.0,8.0,4.0,4.0,0.07354079652200876,0.5233333333333333,0.07990916215319542,0.5615141955835962,2.0,3.0,False,2021
0,17,5,13.0,26.0,4.0,8.0,4.0,4.0,11.0,25.0,3.0,5.0,4.0,4.0,0.07990916215319542,0.5615141955835962,0.05883263721760701,0.521594684385382,3.0,2.0,True,2021
0,24,18,14.0,29.0,5.0,12.0,5.0,7.0,10.0,20.0,5.0,12.0,16.0,18.0,0.18061909593600298,0.6666666666666666,0.16138193391702446,0.6175548589341693,2.0,2.0,False,2021
0,16,27,12.0,19.0,4.0,7.0,4.0,6.0,9.0,22.0,4.0,8.0,7.0,7.0,0.09494972070010925,0.39862542955326463,0.0569147866111553,0.32978723404255317,2.0,2.0,True,2021
0,22,11,10.0,24.0,3.0,10.0,7.0,7.0,9.0,17.0,3.0,8.0,5.0,5.0,0.12639220472199597,0.5555555555555556,0.14775776982367908,0.6126984126984127,2.0,3.0,False,2021
1,27,16,9.0,22.0,4.0,8.0,7.0,7.0,12.0,19.0,4.0,7.0,4.0,6.0,0.0569147866111553,0.32978723404255317,0.11595977656008741,0.4006849315068493,2.0,2.0,False,2021
0,12,23,9.0,19.0,5.0,8.0,12.0,15.0,8.0,14.0,4.0,6.0,5.0,7.0,0.09103285952707747,0.5345911949685535,0.032796783209689206,0.4027777777777778,2.0,2.0,False,2021
1,1,20,10.0,14.0,3.0,6.0,3.0,5.0,10.0,14.0,4.0,7.0,8.0,9.0,0.022949855370656157,0.5981873111782477,0.13520379956163642,0.6061538461538462,2.0,2.0,False,2021
0,21,6,13.0,21.0,6.0,10.0,5.0,6.0,8.0,14.0,6.0,11.0,6.0,6.0,0.068908114099727,0.4416961130742049,0.11413925905884433,0.4766666666666667,2.0,2.0,False,2021
1,6,21,8.0,14.0,6.0,11.0,6.0,6.0,13.0,21.0,6.0,10.0,5.0,6.0,0.11413925905884433,0.4766666666666667,0.0551264912797816,0.44014084507042256,2.0,2.0,True,2021
0,20,1,10.0,14.0,4.0,7.0,8.0,9.0,10.0,14.0,3.0,6.0,3.0,5.0,0.13520379956163642,0.6061538461538462,0.018359884296524926,0.5963855421686747,2.0,2.0,True,2021
0,28,13,16.0,29.0,6.0,11.0,6.0,9.0,8.0,20.0,3.0,9.0,6.0,10.0,0.14365537322622962,0.3356643356643357,0.11121587639356467,0.4395973154362416,2.0,2.0,True,2021
1,23,12,8.0,14.0,4.0,6.0,5.0,7.0,9.0,19.0,5.0,8.0,12.0,15.0,0.032796783209689206,0.4027777777777778,0.07282628762166198,0.5329153605015674,2.0,2.0,True,2021
0,26,19,9.0,20.0,3.0,10.0,5.0,8.0,9.0,20.0,3.0,12.0,9.0,10.0,0.014889784773986383,0.540453074433657,0.051366114219137206,0.4013840830449827,2.0,2.0,False,2021
1,19,26,9.0,20.0,3.0,12.0,9.0,10.0,9.0,20.0,3.0,10.0,5.0,8.0,0.051366114219137206,0.4013840830449827,0.011911827819189107,0.5387096774193548,2.0,2.0,True,2021
1,13,28,8.0,20.0,3.0,9.0,6.0,10.0,16.0,29.0,6.0,11.0,6.0,9.0,0.11121587639356467,0.4395973154362416,0.1549242985809837,0.33797909407665505,2.0,2.0,False,2021
1,4,16,10.0,18.0,4.0,9.0,8.0,12.0,9.0,16.0,7.0,10.0,3.0,3.0,0.1325246994831895,0.6563467492260062,0.11595977656008741,0.4006849315068493,2.0,1.0,False,2021
1,14,19,13.0,22.0,4.0,6.0,7.0,8.0,8.0,14.0,3.0,6.0,6.0,6.0,0.12994296245221937,0.41694915254237286,0.08109289137530976,0.40344827586206894,1.0,1.0,True,2021
1,7,5,7.0,18.0,3.0,7.0,3.0,4.0,8.0,14.0,4.0,7.0,2.0,3.0,0.17871446520174672,0.3904109589041096,0.05883263721760701,0.521594684385382,2.0,1.0,False,2021
0,19,14,8.0,14.0,3.0,6.0,6.0,6.0,13.0,22.0,4.0,6.0,7.0,8.0,0.08109289137530976,0.40344827586206894,0.1439543699617755,0.4189189189189189,1.0,1.0,False,2021
0,5,7,8.0,14.0,4.0,7.0,2.0,3.0,7.0,18.0,3.0,7.0,3.0,4.0,0.05883263721760701,0.521594684385382,0.1429715721613974,0.3890784982935154,1.0,2.0,True,2021
0,11,29,11.0,27.0,6.0,15.0,6.0,6.0,11.0,24.0,5.0,12.0,7.0,8.0,0.14775776982367908,0.6126984126984127,0.08883481789888963,0.5576923076923077,1.0,2.0,False,2021
1,2,0,16.0,25.0,5.0,11.0,7.0,8.0,15.0,27.0,11.0,19.0,6.0,8.0,0.16514414097978708,0.6,0.14756091978628133,0.5185185185185185,2.0,2.0,True,2021
0,0,2,15.0,27.0,11.0,19.0,6.0,8.0,16.0,25.0,5.0,11.0,7.0,8.0,0.14756091978628133,0.5185185185185185,0.1721153127838297,0.6016949152542372,2.0,2.0,False,2021
0,16,4,9.0,16.0,7.0,10.0,3.0,3.0,10.0,18.0,4.0,9.0,8.0,12.0,0.11595977656008741,0.4006849315068493,0.1060197595865516,0.654320987654321,1.0,2.0,True,2021
1,29,11,11.0,24.0,5.0,12.0,7.0,8.0,11.0,27.0,6.0,15.0,6.0,6.0,0.08883481789888963,0.5576923076923077,0.11820621585894327,0.6107594936708861,2.0,1.0,True,2021
0,8,28,13.0,23.0,3.0,9.0,8.0,11.0,11.0,28.0,3.0,8.0,9.0,10.0,0.08488282826147898,0.4684385382059801,0.1549242985809837,0.33797909407665505,2.0,2.0,False,2021
1,25,26,10.0,25.0,6.0,10.0,5.0,7.0,9.0,15.0,5.0,8.0,6.0,8.0,0.10638644802558157,0.650887573964497,0.011911827819189107,0.5387096774193548,2.0,2.0,True,2021
0,6,12,10.0,19.0,7.0,12.0,6.0,6.0,9.0,17.0,5.0,9.0,8.0,8.0,0.13131140724707546,0.47840531561461797,0.07282628762166198,0.5329153605015674,2.0,2.0,False,2021
0,26,25,9.0,15.0,5.0,8.0,6.0,8.0,10.0,25.0,6.0,10.0,5.0,7.0,0.011911827819189107,0.5387096774193548,0.12510915842046527,0.6519174041297935,2.0,2.0,False,2021
1,10,1,7.0,17.0,2.0,6.0,7.0,7.0,9.0,18.0,5.0,9.0,4.0,6.0,0.048707128216245614,0.39603960396039606,0.018359884296524926,0.5963855421686747,2.0,2.0,False,2021
0,1,10,9.0,18.0,5.0,9.0,4.0,6.0,7.0,17.0,2.0,6.0,7.0,7.0,0.018359884296524926,0.5963855421686747,0.03896570257299649,0.39473684210526316,2.0,2.0,True,2021
1,28,8,11.0,28.0,3.0,8.0,9.0,10.0,13.0,23.0,3.0,9.0,8.0,11.0,0.1549242985809837,0.33797909407665505,0.06790626260918319,0.46688741721854304,2.0,2.0,True,2021
1,24,23,9.0,17.0,5.0,9.0,3.0,4.0,6.0,16.0,5.0,11.0,6.0,7.0,0.1444952767488024,0.6619718309859155,0.06623742656775136,0.40484429065743943,2.0,2.0,True,2021
1,9,22,10.0,21.0,5.0,11.0,13.0,14.0,11.0,18.0,3.0,7.0,4.0,6.0,0.1279715307612576,0.3588850174216028,0.10111376377759677,0.5537459283387622,3.0,2.0,True,2021
1,13,15,14.0,27.0,6.0,13.0,5.0,10.0,12.0,21.0,5.0,8.0,6.0,7.0,0.08897270111485174,0.43812709030100333,0.021861175615980628,0.4075342465753425,2.0,3.0,False,2021
0,15,13,12.0,21.0,5.0,8.0,6.0,7.0,14.0,27.0,6.0,13.0,5.0,10.0,0.021861175615980628,0.4075342465753425,0.07117816089188139,0.43666666666666665,3.0,2.0,True,2021
1,21,17,13.0,24.0,7.0,13.0,4.0,4.0,8.0,22.0,6.0,12.0,5.0,7.0,0.0551264912797816,0.44014084507042256,0.10392732972255633,0.5628930817610063,2.0,2.0,True,2021
0,17,21,8.0,22.0,6.0,12.0,5.0,7.0,13.0,24.0,7.0,13.0,4.0,4.0,0.10392732972255633,0.5628930817610063,0.08410119302382528,0.4421052631578947,2.0,2.0,False,2021
0,22,9,11.0,18.0,3.0,7.0,4.0,6.0,10.0,21.0,5.0,11.0,13.0,14.0,0.10111376377759677,0.5537459283387622,0.1423772246090061,0.3611111111111111,2.0,3.0,False,2021
0,23,24,6.0,16.0,5.0,11.0,6.0,7.0,9.0,17.0,5.0,9.0,3.0,4.0,0.06623742656775136,0.40484429065743943,0.1555962213990419,0.6643356643356644,2.0,2.0,False,2021
1,12,6,9.0,17.0,5.0,9.0,8.0,8.0,10.0,19.0,7.0,12.0,6.0,6.0,0.07282628762166198,0.5329153605015674,0.10504912579766038,0.4768211920529801,2.0,2.0,True,2021
0,1,12,8.0,16.0,3.0,11.0,5.0,6.0,12.0,20.0,6.0,12.0,2.0,3.0,0.05468790743721994,0.5975975975975976,0.09826103009732957,0.534375,1.0,1.0,False,2021
1,12,1,12.0,20.0,6.0,12.0,2.0,3.0,8.0,16.0,3.0,11.0,5.0,6.0,0.09826103009732957,0.534375,0.04375032594977595,0.5958083832335329,1.0,1.0,True,2021
0,0,18,14.0,28.0,10.0,17.0,11.0,12.0,8.0,21.0,4.0,7.0,11.0,14.0,0.11804873582902506,0.509090909090909,0.16138193391702446,0.6175548589341693,2.0,3.0,True,2021
0,7,4,10.0,24.0,5.0,9.0,5.0,6.0,12.0,22.0,3.0,9.0,9.0,10.0,0.1429715721613974,0.3890784982935154,0.1060197595865516,0.654320987654321,2.0,2.0,True,2021
1,4,7,12.0,22.0,3.0,9.0,9.0,10.0,10.0,24.0,5.0,9.0,5.0,6.0,0.1060197595865516,0.654320987654321,0.1543772577291179,0.391156462585034,2.0,2.0,False,2021
1,14,26,12.0,21.0,6.0,12.0,3.0,6.0,7.0,19.0,3.0,8.0,11.0,13.0,0.1439543699617755,0.4189189189189189,0.009529462255351286,0.5369774919614148,2.0,1.0,True,2021
1,18,0,8.0,21.0,4.0,7.0,11.0,14.0,14.0,28.0,10.0,17.0,11.0,12.0,0.16138193391702446,0.6175548589341693,0.13443898866322007,0.5178571428571429,3.0,2.0,False,2021
0,26,14,7.0,19.0,3.0,8.0,11.0,13.0,12.0,21.0,6.0,12.0,3.0,6.0,0.009529462255351286,0.5369774919614148,0.1551634959694204,0.4208754208754209,1.0,2.0,False,2021
1,20,16,20.0,31.0,5.0,8.0,7.0,8.0,13.0,24.0,6.0,10.0,8.0,11.0,0.14816303964930913,0.6073619631901841,0.1327678212480699,0.40273037542662116,3.0,2.0,True,2021
1,2,27,10.0,17.0,3.0,4.0,7.0,8.0,13.0,23.0,3.0,8.0,6.0,6.0,0.1721153127838297,0.6016949152542372,0.04553182928892424,0.3286219081272085,2.0,3.0,False,2021
0,27,2,13.0,23.0,3.0,8.0,6.0,6.0,10.0,17.0,3.0,4.0,7.0,8.0,0.04553182928892424,0.3286219081272085,0.13769225022706374,0.5991561181434599,3.0,2.0,True,2021
0,11,29,9.0,14.0,5.0,8.0,4.0,5.0,8.0,13.0,5.0,7.0,6.0,7.0,0.11820621585894327,0.6107594936708861,0.1110678543191117,0.5591054313099042,2.0,2.0,True,2021
0,16,20,13.0,24.0,6.0,10.0,8.0,11.0,20.0,31.0,5.0,8.0,7.0,8.0,0.1327678212480699,0.40273037542662116,0.1585304317194473,0.6085626911314985,2.0,3.0,False,2021
0,3,19,12.0,20.0,2.0,8.0,3.0,5.0,8.0,16.0,6.0,11.0,6.0,7.0,0.06994196177230165,0.39215686274509803,0.0648743131002478,0.4020618556701031,4.0,2.0,False,2021
1,29,11,8.0,13.0,5.0,7.0,6.0,7.0,9.0,14.0,5.0,8.0,4.0,5.0,0.1110678543191117,0.5591054313099042,0.13456497268715462,0.61198738170347,2.0,2.0,False,2021
0,5,22,8.0,17.0,6.0,11.0,8.0,9.0,8.0,20.0,3.0,7.0,7.0,8.0,0.0870661097740856,0.5231788079470199,0.08089101102207742,0.551948051948052,2.0,1.0,True,2021
1,22,5,8.0,20.0,3.0,7.0,7.0,8.0,8.0,17.0,6.0,11.0,8.0,9.0,0.08089101102207742,0.551948051948052,0.10965288781926848,0.5247524752475248,1.0,2.0,False,2021
1,19,3,8.0,16.0,6.0,11.0,6.0,7.0,12.0,20.0,2.0,8.0,3.0,5.0,0.0648743131002478,0.4020618556701031,0.05595356941784132,0.39087947882736157,2.0,4.0,True,2021
1,17,24,11.0,26.0,3.0,12.0,5.0,6.0,13.0,22.0,3.0,8.0,5.0,6.0,0.08314186377804507,0.5611285266457681,0.1555962213990419,0.6643356643356644,2.0,2.0,False,2021
1,15,23,8.0,17.0,4.0,11.0,6.0,6.0,11.0,21.0,6.0,12.0,4.0,6.0,0.0574889404927845,0.40955631399317405,0.05298994125420109,0.40344827586206894,2.0,2.0,False,2021
1,28,21,8.0,17.0,6.0,12.0,5.0,6.0,10.0,18.0,6.0,10.0,1.0,2.0,0.16393943886478696,0.3402777777777778,0.08410119302382528,0.4421052631578947,2.0,2.0,True,2021
0,10,9,6.0,15.0,1.0,6.0,5.0,7.0,7.0,16.0,3.0,8.0,9.0,10.0,0.03896570257299649,0.39473684210526316,0.1423772246090061,0.3611111111111111,2.0,2.0,False,2021
0,24,17,13.0,22.0,3.0,8.0,5.0,6.0,11.0,26.0,3.0,12.0,5.0,6.0,0.1555962213990419,0.6643356643356644,0.06651349102243606,0.559375,2.0,2.0,True,2021
0,6,8,12.0,19.0,3.0,7.0,5.0,6.0,14.0,19.0,3.0,8.0,5.0,6.0,0.10504912579766038,0.4768211920529801,0.06790626260918319,0.46688741721854304,2.0,2.0,True,2021
1,9,10,7.0,16.0,3.0,8.0,9.0,10.0,6.0,15.0,1.0,6.0,5.0,7.0,0.1423772246090061,0.3611111111111111,0.03117256205839719,0.39344262295081966,2.0,2.0,True,2021
0,21,28,10.0,18.0,6.0,10.0,1.0,2.0,8.0,17.0,6.0,12.0,5.0,6.0,0.08410119302382528,0.4421052631578947,0.17115155109182958,0.34256055363321797,2.0,2.0,False,2021
1,8,6,14.0,19.0,3.0,8.0,5.0,6.0,12.0,19.0,3.0,7.0,5.0,6.0,0.06790626260918319,0.46688741721854304,0.12403930063812829,0.47854785478547857,2.0,2.0,False,2021
0,23,15,11.0,21.0,6.0,12.0,4.0,6.0,8.0,17.0,4.0,11.0,6.0,6.0,0.05298994125420109,0.40344827586206894,0.0459911523942276,0.40816326530612246,2.0,2.0,True,2021
1,25,6,10.0,19.0,5.0,10.0,5.0,6.0,10.0,21.0,4.0,12.0,6.0,6.0,0.12510915842046527,0.6519174041297935,0.12403930063812829,0.47854785478547857,3.0,1.0,True,2021
1,18,7,14.0,23.0,4.0,7.0,7.0,9.0,10.0,17.0,5.0,9.0,7.0,8.0,0.12910554713361957,0.615625,0.1543772577291179,0.391156462585034,2.0,2.0,False,2021
1,14,0,8.0,21.0,4.0,10.0,11.0,11.0,8.0,25.0,6.0,14.0,6.0,6.0,0.1551634959694204,0.4208754208754209,0.13443898866322007,0.5178571428571429,2.0,2.0,True,2021
0,0,14,8.0,25.0,6.0,14.0,6.0,6.0,8.0,21.0,4.0,10.0,11.0,11.0,0.13443898866322007,0.5178571428571429,0.16413079677553633,0.4228187919463087,2.0,2.0,False,2021
0,6,25,10.0,21.0,4.0,12.0,6.0,6.0,10.0,19.0,5.0,10.0,5.0,6.0,0.12403930063812829,0.47854785478547857,0.1400873267363722,0.6529411764705882,1.0,3.0,False,2021
1,5,12,6.0,14.0,3.0,8.0,3.0,4.0,8.0,13.0,5.0,7.0,7.0,8.0,0.10965288781926848,0.5247524752475248,0.11860882407786366,0.5358255451713395,2.0,2.0,False,2021
0,12,5,8.0,13.0,5.0,7.0,7.0,8.0,6.0,14.0,3.0,8.0,3.0,4.0,0.11860882407786366,0.5358255451713395,0.08772231025541478,0.5230263157894737,2.0,2.0,True,2021
1,15,23,11.0,20.0,7.0,11.0,13.0,14.0,11.0,17.0,3.0,7.0,9.0,9.0,0.0459911523942276,0.40816326530612246,0.08239195300336087,0.4054982817869416,1.0,1.0,True,2021
0,23,15,11.0,17.0,3.0,7.0,9.0,9.0,11.0,20.0,7.0,11.0,13.0,14.0,0.08239195300336087,0.4054982817869416,0.07679292191538208,0.4101694915254237,1.0,1.0,False,2021
1,17,20,9.0,23.0,3.0,10.0,8.0,8.0,9.0,18.0,4.0,8.0,6.0,7.0,0.06651349102243606,0.559375,0.1585304317194473,0.6085626911314985,1.0,2.0,False,2021
0,20,17,9.0,18.0,4.0,8.0,6.0,7.0,9.0,23.0,3.0,10.0,8.0,8.0,0.1585304317194473,0.6085626911314985,0.05321079281794885,0.557632398753894,2.0,1.0,True,2021
0,7,18,10.0,17.0,5.0,9.0,7.0,8.0,14.0,23.0,4.0,7.0,7.0,9.0,0.1543772577291179,0.391156462585034,0.10328443770689566,0.6137071651090342,2.0,2.0,True,2021
1,3,27,11.0,17.0,4.0,10.0,5.0,6.0,5.0,12.0,4.0,5.0,4.0,5.0,0.05595356941784132,0.39087947882736157,0.0764254634311394,0.33098591549295775,2.0,2.0,True,2021
0,9,28,12.0,19.0,4.0,10.0,7.0,7.0,11.0,21.0,6.0,11.0,12.0,13.0,0.1539017796872049,0.3633217993079585,0.17115155109182958,0.34256055363321797,1.0,1.0,False,2021
1,24,16,10.0,19.0,6.0,7.0,6.0,8.0,9.0,15.0,4.0,6.0,6.0,6.0,0.16447697711923354,0.6666666666666666,0.10621425699845592,0.4013605442176871,1.0,2.0,True,2021
1,1,11,8.0,19.0,2.0,9.0,4.0,8.0,9.0,18.0,6.0,10.0,4.0,4.0,0.04375032594977595,0.5958083832335329,0.13456497268715462,0.61198738170347,2.0,2.0,False,2021
0,16,24,9.0,15.0,4.0,6.0,6.0,6.0,10.0,19.0,6.0,7.0,6.0,8.0,0.10621425699845592,0.4013605442176871,0.17158158169538684,0.6689655172413793,2.0,1.0,False,2021
1,22,26,11.0,25.0,3.0,8.0,5.0,8.0,9.0,25.0,2.0,8.0,7.0,9.0,0.06471280881766193,0.5501618122977346,0.007623569804281029,0.5352564102564102,2.0,2.0,True,2021
0,27,3,5.0,12.0,4.0,5.0,4.0,5.0,11.0,17.0,4.0,10.0,5.0,6.0,0.0764254634311394,0.33098591549295775,0.08476285553427307,0.39285714285714285,2.0,2.0,False,2021
0,19,13,9.0,16.0,3.0,7.0,5.0,8.0,10.0,22.0,4.0,11.0,6.0,10.0,0.09189945048019824,0.4041095890410959,0.07117816089188139,0.43666666666666665,2.0,3.0,False,2021
0,11,1,9.0,18.0,6.0,10.0,4.0,4.0,8.0,19.0,2.0,9.0,4.0,8.0,0.13456497268715462,0.61198738170347,0.03500026075982076,0.5940298507462687,2.0,2.0,True,2021
1,13,19,10.0,22.0,4.0,11.0,6.0,10.0,9.0,16.0,3.0,7.0,5.0,8.0,0.07117816089188139,0.43666666666666665,0.07351956038415859,0.40273037542662116,3.0,2.0,True,2021
1,28,9,11.0,21.0,6.0,11.0,12.0,13.0,12.0,19.0,4.0,10.0,7.0,7.0,0.17115155109182958,0.34256055363321797,0.12312142374976391,0.3620689655172414,1.0,1.0,True,2021
0,26,22,9.0,25.0,2.0,8.0,7.0,9.0,11.0,25.0,3.0,8.0,5.0,8.0,0.007623569804281029,0.5352564102564102,0.09177024705412953,0.5516129032258065,2.0,2.0,False,2021
0,19,5,11.0,20.0,2.0,7.0,5.0,9.0,8.0,17.0,4.0,8.0,8.0,8.0,0.07351956038415859,0.40273037542662116,0.08772231025541478,0.5230263157894737,1.0,1.0,False,2021
1,4,18,10.0,16.0,5.0,7.0,10.0,18.0,9.0,21.0,3.0,5.0,6.0,7.0,0.08481580766924128,0.6523076923076923,0.10328443770689566,0.6137071651090342,3.0,1.0,True,2021
1,5,19,8.0,17.0,4.0,8.0,8.0,8.0,11.0,20.0,2.0,7.0,5.0,9.0,0.08772231025541478,0.5230263157894737,0.05881564830732687,0.4013605442176871,1.0,1.0,True,2021
1,10,8,7.0,15.0,3.0,7.0,3.0,4.0,11.0,17.0,5.0,7.0,5.0,5.0,0.03117256205839719,0.39344262295081966,0.05432501008734655,0.46534653465346537,2.0,2.0,False,2021
0,8,10,11.0,17.0,5.0,7.0,5.0,5.0,7.0,15.0,3.0,7.0,3.0,4.0,0.05432501008734655,0.46534653465346537,0.024938049646717753,0.39215686274509803,2.0,2.0,True,2021
0,18,4,9.0,21.0,3.0,5.0,6.0,7.0,10.0,16.0,5.0,7.0,10.0,18.0,0.10328443770689566,0.6137071651090342,0.10785264613539303,0.6533742331288344,1.0,3.0,False,2021
0,29,13,9.0,17.0,6.0,12.0,5.0,6.0,9.0,21.0,3.0,9.0,9.0,11.0,0.08885428345528937,0.5573248407643312,0.0969425287135051,0.43853820598006643,3.0,1.0,False,2021
1,13,29,9.0,21.0,3.0,9.0,9.0,11.0,9.0,17.0,6.0,12.0,5.0,6.0,0.0969425287135051,0.43853820598006643,0.07108342676423149,0.5555555555555556,1.0,3.0,True,2021
1,2,7,11.0,17.0,5.0,11.0,8.0,8.0,8.0,16.0,3.0,9.0,3.0,4.0,0.13769225022706374,0.5991561181434599,0.16350180618329432,0.39322033898305087,3.0,1.0,True,2021
0,21,27,6.0,15.0,3.0,11.0,5.0,5.0,8.0,13.0,4.0,8.0,3.0,3.0,0.06728095441906022,0.4405594405594406,0.06114037074491152,0.3298245614035088,2.0,1.0,False,2021
1,27,21,8.0,13.0,4.0,8.0,3.0,3.0,6.0,15.0,3.0,11.0,5.0,5.0,0.06114037074491152,0.3298245614035088,0.05382476353524818,0.43902439024390244,1.0,2.0,True,2021
0,7,2,8.0,16.0,3.0,9.0,3.0,4.0,11.0,17.0,5.0,11.0,8.0,8.0,0.16350180618329432,0.39322033898305087,0.150153800181651,0.6008403361344538,1.0,3.0,False,2021
1,1,24,9.0,22.0,3.0,8.0,8.0,9.0,10.0,27.0,3.0,10.0,10.0,10.0,0.03500026075982076,0.5940298507462687,0.17158158169538684,0.6689655172413793,2.0,2.0,False,2021
1,0,20,11.0,18.0,4.0,9.0,6.0,6.0,8.0,18.0,7.0,14.0,5.0,5.0,0.10755119093057605,0.5087719298245614,0.16682434537555785,0.6097560975609756,2.0,2.0,True,2021
1,17,16,11.0,22.0,4.0,11.0,8.0,10.0,11.0,19.0,3.0,6.0,10.0,12.0,0.05321079281794885,0.557632398753894,0.08497140559876473,0.4,2.0,2.0,False,2021
0,16,17,11.0,19.0,3.0,6.0,10.0,12.0,11.0,22.0,4.0,11.0,8.0,10.0,0.08497140559876473,0.4,0.042568634254359076,0.5559006211180124,2.0,2.0,True,2021
1,26,14,8.0,16.0,4.0,7.0,7.0,8.0,14.0,24.0,4.0,7.0,6.0,7.0,0.006098855843424823,0.5335463258785943,0.16413079677553633,0.4228187919463087,2.0,2.0,False,2021
0,14,26,14.0,24.0,4.0,7.0,6.0,7.0,8.0,16.0,4.0,7.0,7.0,8.0,0.16413079677553633,0.4228187919463087,0.004879084674739858,0.5318471337579618,2.0,2.0,True,2021
0,2,6,14.0,27.0,6.0,12.0,4.0,7.0,7.0,19.0,4.0,7.0,7.0,7.0,0.150153800181651,0.6008403361344538,0.09923144051050263,0.4769736842105263,1.0,2.0,False,2021
0,20,0,8.0,18.0,7.0,14.0,5.0,5.0,11.0,18.0,4.0,9.0,6.0,6.0,0.16682434537555785,0.6097560975609756,0.12604095274446087,0.5172413793103449,2.0,2.0,False,2021
0,3,21,12.0,20.0,3.0,8.0,3.0,5.0,9.0,20.0,5.0,13.0,5.0,5.0,0.08476285553427307,0.39285714285714285,0.05382476353524818,0.43902439024390244,2.0,1.0,False,2021
1,21,3,9.0,20.0,5.0,13.0,5.0,5.0,12.0,20.0,3.0,8.0,3.0,5.0,0.05382476353524818,0.43902439024390244,0.06781028442741846,0.39158576051779936,1.0,2.0,True,2021
0,12,9,7.0,13.0,5.0,10.0,7.0,7.0,9.0,14.0,5.0,9.0,4.0,4.0,0.13488705926229091,0.5372670807453416,0.12312142374976391,0.3620689655172414,2.0,2.0,False,2021
0,24,1,10.0,27.0,3.0,10.0,10.0,10.0,9.0,22.0,3.0,8.0,8.0,9.0,0.17158158169538684,0.6689655172413793,0.028000208607856607,0.5922619047619048,2.0,2.0,True,2021
1,9,12,9.0,14.0,5.0,9.0,4.0,4.0,7.0,13.0,5.0,10.0,7.0,7.0,0.12312142374976391,0.3620689655172414,0.10790964740983273,0.5356037151702786,2.0,2.0,True,2021
1,6,2,7.0,19.0,4.0,7.0,7.0,7.0,14.0,27.0,6.0,12.0,4.0,7.0,0.09923144051050263,0.4769736842105263,0.1201230401453208,0.5983263598326359,2.0,1.0,True,2021
0,5,8,10.0,21.0,4.0,8.0,12.0,12.0,13.0,23.0,6.0,10.0,7.0,13.0,0.11017784820433181,0.5245901639344263,0.08346000806987725,0.46710526315789475,2.0,2.0,True,2021
1,11,23,11.0,20.0,7.0,13.0,5.0,5.0,9.0,19.0,4.0,10.0,4.0,6.0,0.1476519781497237,0.6132075471698113,0.0659135624026887,0.4041095890410959,3.0,3.0,False,2021
0,23,11,9.0,19.0,4.0,10.0,4.0,6.0,11.0,20.0,7.0,13.0,5.0,5.0,0.0659135624026887,0.4041095890410959,0.11812158251977896,0.6112852664576802,3.0,3.0,True,2021
1,28,25,10.0,17.0,5.0,7.0,6.0,8.0,10.0,20.0,6.0,11.0,5.0,6.0,0.17692124087346364,0.3448275862068966,0.1400873267363722,0.6529411764705882,3.0,3.0,True,2021
0,25,28,10.0,20.0,6.0,11.0,5.0,6.0,10.0,17.0,5.0,7.0,6.0,8.0,0.1400873267363722,0.6529411764705882,0.1815369926987709,0.3470790378006873,3.0,3.0,False,2021
1,8,5,13.0,23.0,6.0,10.0,7.0,13.0,10.0,21.0,4.0,8.0,12.0,12.0,0.08346000806987725,0.46710526315789475,0.12814227856346544,0.5261437908496732,2.0,2.0,False,2021
0,18,4,6.0,16.0,2.0,5.0,5.0,7.0,9.0,14.0,3.0,6.0,5.0,10.0,0.08262755016551653,0.6118012422360248,0.10785264613539303,0.6533742331288344,2.0,2.0,False,2021
1,4,18,9.0,14.0,3.0,6.0,5.0,10.0,6.0,16.0,2.0,5.0,5.0,7.0,0.10785264613539303,0.6533742331288344,0.06610204013241322,0.6099071207430341,2.0,2.0,True,2021
1,22,19,9.0,21.0,4.0,6.0,7.0,13.0,9.0,24.0,3.0,8.0,5.0,7.0,0.09177024705412953,0.5516129032258065,0.05881564830732687,0.4013605442176871,3.0,2.0,True,2021
0,19,22,9.0,24.0,3.0,8.0,5.0,7.0,9.0,21.0,4.0,6.0,7.0,13.0,0.05881564830732687,0.4013605442176871,0.11341619764330364,0.5530546623794212,2.0,3.0,False,2021
1,20,1,13.0,21.0,8.0,12.0,5.0,6.0,10.0,17.0,4.0,11.0,11.0,11.0,0.13345947630044627,0.60790273556231,0.028000208607856607,0.5922619047619048,1.0,1.0,True,2021
1,12,27,8.0,17.0,7.0,15.0,10.0,12.0,11.0,18.0,3.0,9.0,6.0,6.0,0.10790964740983273,0.5356037151702786,0.08891229659592922,0.3321678321678322,1.0,2.0,True,2021
0,29,13,7.0,19.0,6.0,10.0,7.0,8.0,11.0,15.0,4.0,7.0,4.0,6.0,0.07108342676423149,0.5555555555555556,0.11755402297080408,0.44039735099337746,2.0,2.0,False,2021
1,13,29,11.0,15.0,4.0,7.0,4.0,6.0,7.0,19.0,6.0,10.0,7.0,8.0,0.11755402297080408,0.44039735099337746,0.05686674141138519,0.5537974683544303,2.0,2.0,True,2021
0,1,20,10.0,17.0,4.0,11.0,11.0,11.0,13.0,21.0,8.0,12.0,5.0,6.0,0.028000208607856607,0.5922619047619048,0.14676758104035703,0.6090909090909091,1.0,1.0,False,2021
0,27,12,11.0,18.0,3.0,9.0,6.0,6.0,8.0,17.0,7.0,15.0,10.0,12.0,0.08891229659592922,0.3321678321678322,0.12632771792786618,0.5370370370370371,2.0,1.0,False,2021
0,16,17,9.0,17.0,3.0,5.0,9.0,12.0,10.0,27.0,4.0,10.0,4.0,5.0,0.1079771244790118,0.40202702702702703,0.042568634254359076,0.5559006211180124,2.0,2.0,True,2021
1,10,22,6.0,15.0,2.0,5.0,7.0,8.0,10.0,17.0,6.0,8.0,7.0,8.0,0.024938049646717753,0.39215686274509803,0.11341619764330364,0.5530546623794212,3.0,1.0,False,2021
0,22,10,10.0,17.0,6.0,8.0,7.0,8.0,6.0,15.0,2.0,5.0,7.0,8.0,0.11341619764330364,0.5530546623794212,0.019950439717374202,0.39087947882736157,1.0,3.0,True,2021
1,17,16,10.0,27.0,4.0,10.0,4.0,5.0,9.0,17.0,3.0,5.0,9.0,12.0,0.042568634254359076,0.5559006211180124,0.12638169958320944,0.40404040404040403,2.0,2.0,False,2021
1,14,3,13.0,24.0,3.0,10.0,5.0,7.0,10.0,20.0,4.0,8.0,7.0,9.0,0.17130463742042906,0.42474916387959866,0.06781028442741846,0.39158576051779936,2.0,2.0,True,2021
1,0,15,11.0,21.0,7.0,14.0,8.0,11.0,10.0,20.0,6.0,9.0,3.0,6.0,0.12604095274446087,0.5172413793103449,0.07679292191538208,0.4101694915254237,2.0,4.0,True,2021
0,3,14,10.0,20.0,4.0,8.0,7.0,9.0,13.0,24.0,3.0,10.0,5.0,7.0,0.06781028442741846,0.39158576051779936,0.17704370993634325,0.4266666666666667,2.0,2.0,False,2021
1,21,2,8.0,18.0,6.0,11.0,4.0,4.0,8.0,22.0,3.0,9.0,6.0,7.0,0.08305981082819855,0.4409722222222222,0.1201230401453208,0.5983263598326359,2.0,2.0,True,2021
0,4,9,11.0,18.0,3.0,5.0,8.0,10.0,12.0,21.0,6.0,11.0,8.0,8.0,0.12628211690831442,0.654434250764526,0.13849713899981114,0.3642611683848797,1.0,2.0,False,2021
1,9,4,12.0,21.0,6.0,11.0,8.0,8.0,11.0,18.0,3.0,5.0,8.0,10.0,0.13849713899981114,0.3642611683848797,0.10102569352665154,0.6524390243902439,2.0,1.0,True,2021
0,15,0,10.0,20.0,6.0,9.0,3.0,6.0,11.0,21.0,7.0,14.0,8.0,11.0,0.07679292191538208,0.4101694915254237,0.14083276219556867,0.5254237288135594,4.0,2.0,False,2021
0,2,21,8.0,22.0,3.0,9.0,6.0,7.0,8.0,18.0,6.0,11.0,4.0,4.0,0.1201230401453208,0.5983263598326359,0.10644784866255885,0.4429065743944637,2.0,2.0,False,2021
1,6,7,12.0,21.0,5.0,7.0,9.0,9.0,12.0,24.0,4.0,7.0,8.0,9.0,0.11938515240840211,0.4786885245901639,0.13080144494663545,0.3918918918918919,2.0,3.0,True,2021
0,7,6,12.0,24.0,4.0,7.0,8.0,9.0,12.0,21.0,5.0,7.0,9.0,9.0,0.13080144494663545,0.3918918918918919,0.13550812192672168,0.4803921568627451,3.0,2.0,False,2021
1,15,13,9.0,16.0,4.0,9.0,6.0,6.0,8.0,20.0,4.0,12.0,4.0,6.0,0.06143433753230566,0.40878378378378377,0.13404321837664326,0.44224422442244227,1.0,2.0,True,2021
1,10,29,7.0,12.0,3.0,6.0,9.0,9.0,10.0,18.0,4.0,6.0,4.0,4.0,0.019950439717374202,0.39087947882736157,0.05686674141138519,0.5537974683544303,1.0,2.0,False,2021
0,26,18,8.0,12.0,4.0,8.0,3.0,4.0,6.0,10.0,3.0,5.0,7.0,9.0,0.004879084674739858,0.5318471337579618,0.06610204013241322,0.6099071207430341,3.0,2.0,False,2021
1,18,26,6.0,10.0,3.0,5.0,7.0,9.0,8.0,12.0,4.0,8.0,3.0,4.0,0.06610204013241322,0.6099071207430341,0.003903267739791887,0.5301587301587302,2.0,3.0,True,2021
0,5,14,12.0,23.0,3.0,6.0,13.0,13.0,20.0,37.0,3.0,5.0,5.0,6.0,0.12814227856346544,0.5261437908496732,0.17704370993634325,0.4266666666666667,2.0,1.0,True,2021
1,28,7,10.0,18.0,4.0,9.0,3.0,4.0,14.0,26.0,3.0,11.0,4.0,6.0,0.1815369926987709,0.3470790378006873,0.10464115595730836,0.39057239057239057,2.0,1.0,False,2021
1,25,3,11.0,19.0,2.0,6.0,8.0,8.0,8.0,16.0,3.0,8.0,5.0,5.0,0.11206986138909776,0.6510263929618768,0.05424822754193477,0.3903225806451613,2.0,1.0,True,2021
1,14,5,20.0,37.0,3.0,5.0,5.0,6.0,12.0,23.0,3.0,6.0,13.0,13.0,0.17704370993634325,0.4266666666666667,0.14251382285077235,0.5276872964169381,1.0,2.0,False,2021
0,29,10,10.0,18.0,4.0,6.0,4.0,4.0,7.0,12.0,3.0,6.0,9.0,9.0,0.05686674141138519,0.5537974683544303,0.015960351773899362,0.38961038961038963,2.0,1.0,True,2021
0,13,15,8.0,20.0,4.0,12.0,4.0,6.0,9.0,16.0,4.0,9.0,6.0,6.0,0.13404321837664326,0.44224422442244227,0.08914747002584453,0.4107744107744108,2.0,1.0,False,2021
0,3,25,8.0,16.0,3.0,8.0,5.0,5.0,11.0,19.0,2.0,6.0,8.0,8.0,0.05424822754193477,0.3903225806451613,0.1296558891112782,0.652046783625731,1.0,2.0,False,2021
1,20,16,12.0,19.0,3.0,6.0,10.0,10.0,10.0,15.0,2.0,6.0,7.0,9.0,0.14676758104035703,0.6090909090909091,0.12638169958320944,0.40404040404040403,2.0,1.0,True,2021
0,16,20,10.0,15.0,2.0,6.0,7.0,9.0,12.0,19.0,3.0,6.0,10.0,10.0,0.12638169958320944,0.40404040404040403,0.15741406483228562,0.6102719033232629,1.0,2.0,False,2021
0,9,19,7.0,19.0,3.0,10.0,8.0,9.0,7.0,15.0,3.0,6.0,5.0,7.0,0.15079771119984892,0.3664383561643836,0.0470525186458615,0.4,1.0,2.0,False,2021
1,19,9,7.0,15.0,3.0,6.0,5.0,7.0,7.0,19.0,3.0,10.0,8.0,9.0,0.0470525186458615,0.4,0.12063816895987914,0.3651877133105802,2.0,1.0,True,2021
0,7,28,14.0,26.0,3.0,11.0,4.0,6.0,10.0,18.0,4.0,9.0,3.0,4.0,0.10464115595730836,0.39057239057239057,0.14522959415901673,0.3458904109589041,1.0,2.0,True,2021
1,12,27,11.0,21.0,4.0,12.0,11.0,11.0,10.0,15.0,4.0,8.0,5.0,6.0,0.12632771792786618,0.5370370370370371,0.07112983727674338,0.3310104529616725,2.0,2.0,False,2021
0,11,23,10.0,20.0,4.0,13.0,4.0,5.0,10.0,17.0,7.0,12.0,6.0,7.0,0.11812158251977896,0.6112852664576802,0.09273084992215097,0.4061433447098976,2.0,2.0,False,2021
1,8,24,8.0,14.0,3.0,9.0,6.0,11.0,6.0,17.0,3.0,10.0,7.0,7.0,0.0667680064559018,0.46557377049180326,0.17726526535630946,0.6712328767123288,2.0,3.0,True,2021
1,23,11,10.0,17.0,7.0,12.0,6.0,7.0,10.0,20.0,4.0,13.0,4.0,5.0,0.09273084992215097,0.4061433447098976,0.09449726601582317,0.609375,2.0,2.0,True,2021
0,24,8,6.0,17.0,3.0,10.0,7.0,7.0,8.0,14.0,3.0,9.0,6.0,11.0,0.17726526535630946,0.6712328767123288,0.09341440516472144,0.4673202614379085,3.0,2.0,False,2021
0,27,12,10.0,15.0,4.0,8.0,5.0,6.0,11.0,21.0,4.0,12.0,11.0,11.0,0.07112983727674338,0.3310104529616725,0.10106217434229295,0.5353846153846153,2.0,2.0,True,2021
0,17,22,9.0,14.0,9.0,10.0,7.0,7.0,7.0,14.0,4.0,7.0,7.0,7.0,0.03405490740348726,0.5541795665634675,0.13073295811464292,0.5544871794871795,2.0,2.0,True,2021
1,25,6,9.0,17.0,6.0,12.0,6.0,6.0,8.0,16.0,4.0,9.0,4.0,4.0,0.1296558891112782,0.652046783625731,0.13550812192672168,0.4803921568627451,1.0,2.0,False,2021
0,6,25,8.0,16.0,4.0,9.0,4.0,4.0,9.0,17.0,6.0,12.0,6.0,6.0,0.13550812192672168,0.4803921568627451,0.10372471128902257,0.6501457725947521,2.0,1.0,True,2021
1,22,17,7.0,14.0,4.0,7.0,7.0,7.0,9.0,14.0,9.0,10.0,7.0,7.0,0.13073295811464292,0.5544871794871795,0.06724392592278981,0.5555555555555556,2.0,2.0,False,2021
1,1,23,12.0,17.0,2.0,8.0,4.0,7.0,12.0,22.0,3.0,8.0,5.0,8.0,0.022400166886285287,0.5905044510385756,0.11418467993772077,0.40816326530612246,3.0,1.0,False,2021
0,23,1,12.0,22.0,3.0,8.0,5.0,8.0,12.0,17.0,2.0,8.0,4.0,7.0,0.11418467993772077,0.40816326530612246,0.01792013350902823,0.5887573964497042,1.0,3.0,True,2021
1,21,4,9.0,17.0,6.0,13.0,7.0,8.0,11.0,19.0,3.0,8.0,5.0,5.0,0.10644784866255885,0.4429065743944637,0.10102569352665154,0.6524390243902439,2.0,2.0,False,2021
1,0,13,10.0,18.0,6.0,11.0,9.0,10.0,15.0,23.0,4.0,10.0,5.0,6.0,0.14083276219556867,0.5254237288135594,0.10723457470131462,0.4407894736842105,2.0,1.0,False,2021
0,26,2,8.0,15.0,3.0,8.0,11.0,13.0,13.0,26.0,4.0,11.0,9.0,9.0,0.003903267739791887,0.5301587301587302,0.09609843211625664,0.5958333333333333,1.0,2.0,True,2021
0,13,0,15.0,23.0,4.0,10.0,5.0,6.0,10.0,18.0,6.0,11.0,9.0,10.0,0.10723457470131462,0.4407894736842105,0.11266620975645494,0.5166666666666667,1.0,2.0,True,2021
0,4,21,11.0,19.0,3.0,8.0,5.0,5.0,9.0,17.0,6.0,13.0,7.0,8.0,0.10102569352665154,0.6524390243902439,0.08515827893004708,0.4413793103448276,2.0,2.0,True,2021
1,2,26,13.0,26.0,4.0,11.0,9.0,9.0,8.0,15.0,3.0,8.0,11.0,13.0,0.09609843211625664,0.5958333333333333,0.04312261419183351,0.5316455696202531,2.0,1.0,False,2021
1,14,29,11.0,18.0,3.0,6.0,4.0,7.0,10.0,20.0,4.0,12.0,4.0,6.0,0.1416349679490746,0.42524916943521596,0.08549339312910816,0.555205047318612,2.0,2.0,True,2021
0,27,28,10.0,22.0,3.0,7.0,3.0,4.0,12.0,23.0,4.0,7.0,6.0,6.0,0.0969038698213947,0.3333333333333333,0.14522959415901673,0.3458904109589041,2.0,2.0,False,2021
0,29,14,10.0,20.0,4.0,12.0,4.0,6.0,11.0,18.0,3.0,6.0,4.0,7.0,0.08549339312910816,0.555205047318612,0.15330797435925966,0.4271523178807947,2.0,2.0,False,2021
1,15,11,9.0,15.0,3.0,6.0,3.0,4.0,8.0,16.0,5.0,7.0,9.0,10.0,0.08914747002584453,0.4107744107744108,0.09449726601582317,0.609375,2.0,2.0,False,2021
1,7,24,10.0,19.0,4.0,8.0,4.0,4.0,9.0,21.0,3.0,9.0,4.0,6.0,0.1237129247658467,0.3926174496644295,0.14181221228504756,0.6666666666666666,2.0,2.0,True,2021
0,24,7,9.0,21.0,3.0,9.0,4.0,6.0,10.0,19.0,4.0,8.0,4.0,4.0,0.14181221228504756,0.6666666666666666,0.13897033981267737,0.39464882943143814,2.0,2.0,False,2021
1,18,9,8.0,16.0,4.0,7.0,6.0,7.0,8.0,13.0,2.0,5.0,6.0,7.0,0.09288163210593059,0.6111111111111112,0.12063816895987914,0.3651877133105802,2.0,2.0,True,2021
0,9,18,8.0,13.0,2.0,5.0,6.0,7.0,8.0,16.0,4.0,7.0,6.0,7.0,0.12063816895987914,0.3651877133105802,0.11430530568474447,0.6123076923076923,2.0,2.0,False,2021
0,10,3,9.0,16.0,3.0,6.0,5.0,5.0,10.0,24.0,2.0,10.0,6.0,6.0,0.015960351773899362,0.38961038961038963,0.043398582033547815,0.3890675241157556,2.0,2.0,True,2021
1,28,27,12.0,23.0,4.0,7.0,6.0,6.0,10.0,22.0,3.0,7.0,3.0,4.0,0.14522959415901673,0.3458904109589041,0.07752309585711577,0.33217993079584773,2.0,2.0,True,2021
0,5,12,8.0,17.0,3.0,7.0,6.0,7.0,11.0,23.0,4.0,7.0,7.0,8.0,0.14251382285077235,0.5276872964169381,0.10106217434229295,0.5353846153846153,2.0,2.0,False,2021
1,16,17,8.0,15.0,2.0,10.0,5.0,6.0,10.0,15.0,4.0,9.0,9.0,9.0,0.10110535966656756,0.40268456375838924,0.06724392592278981,0.5555555555555556,2.0,1.0,False,2021
0,17,16,10.0,15.0,4.0,9.0,9.0,9.0,8.0,15.0,2.0,10.0,5.0,6.0,0.06724392592278981,0.5555555555555556,0.08088428773325404,0.4013377926421405,1.0,2.0,True,2021
1,20,8,12.0,21.0,3.0,8.0,6.0,8.0,11.0,22.0,4.0,9.0,5.0,7.0,0.15741406483228562,0.6102719033232629,0.09341440516472144,0.4673202614379085,2.0,2.0,True,2021
0,8,20,11.0,22.0,4.0,9.0,5.0,7.0,12.0,21.0,3.0,8.0,6.0,8.0,0.09341440516472144,0.4673202614379085,0.1659312518658285,0.6114457831325302,2.0,2.0,False,2021
1,3,10,10.0,24.0,2.0,10.0,6.0,6.0,9.0,16.0,3.0,6.0,5.0,5.0,0.043398582033547815,0.3890675241157556,0.05276828141911949,0.39158576051779936,2.0,2.0,False,2021
1,2,21,13.0,23.0,7.0,13.0,7.0,8.0,8.0,19.0,5.0,12.0,6.0,9.0,0.07687874569300532,0.5933609958506224,0.08515827893004708,0.4413793103448276,1.0,1.0,True,2021
1,12,5,11.0,23.0,4.0,7.0,7.0,8.0,8.0,17.0,3.0,7.0,6.0,7.0,0.10106217434229295,0.5353846153846153,0.11401105828061789,0.525974025974026,2.0,2.0,True,2021
0,21,2,8.0,19.0,5.0,12.0,6.0,9.0,13.0,23.0,7.0,13.0,7.0,8.0,0.08515827893004708,0.4413793103448276,0.10150299655440424,0.5950413223140496,1.0,1.0,False,2021
0,11,15,8.0,16.0,5.0,7.0,9.0,10.0,9.0,15.0,3.0,6.0,3.0,4.0,0.09449726601582317,0.609375,0.07131797602067562,0.40939597315436244,2.0,2.0,True,2021
1,22,6,14.0,24.0,5.0,9.0,4.0,4.0,16.0,24.0,3.0,8.0,8.0,8.0,0.10458636649171434,0.5527156549520766,0.14840649754137733,0.4820846905537459,2.0,2.0,False,2021
1,26,8,6.0,16.0,4.0,8.0,4.0,5.0,12.0,24.0,2.0,8.0,3.0,4.0,0.04312261419183351,0.5316455696202531,0.07473152413177715,0.46579804560260585,2.0,1.0,False,2021
0,8,26,12.0,24.0,2.0,8.0,3.0,4.0,6.0,16.0,4.0,8.0,4.0,5.0,0.07473152413177715,0.46579804560260585,0.034498091353466806,0.5299684542586751,1.0,2.0,True,2021
1,23,0,10.0,19.0,5.0,8.0,7.0,10.0,11.0,27.0,6.0,17.0,9.0,9.0,0.13134774395017662,0.4101694915254237,0.11266620975645494,0.5166666666666667,2.0,2.0,True,2021
0,6,22,16.0,24.0,3.0,8.0,8.0,8.0,14.0,24.0,5.0,9.0,4.0,4.0,0.14840649754137733,0.4820846905537459,0.08366909319337147,0.5509554140127388,2.0,2.0,True,2021
0,0,23,11.0,27.0,6.0,17.0,9.0,9.0,10.0,19.0,5.0,8.0,7.0,10.0,0.11266620975645494,0.5166666666666667,0.14507819516014128,0.41216216216216217,2.0,2.0,False,2021
1,19,13,9.0,14.0,4.0,8.0,5.0,7.0,13.0,23.0,6.0,10.0,10.0,10.0,0.07764201491668919,0.40202702702702703,0.1257876597610517,0.4426229508196721,3.0,2.0,False,2021
1,1,4,16.0,26.0,9.0,15.0,9.0,11.0,12.0,21.0,6.0,10.0,10.0,10.0,0.01792013350902823,0.5887573964497042,0.12082055482132123,0.6534954407294833,2.0,2.0,True,2021
0,25,20,8.0,21.0,5.0,10.0,5.0,5.0,8.0,19.0,3.0,8.0,6.0,7.0,0.10372471128902257,0.6501457725947521,0.1659312518658285,0.6114457831325302,2.0,1.0,False,2021
0,4,1,12.0,21.0,6.0,10.0,10.0,10.0,16.0,26.0,9.0,15.0,9.0,11.0,0.12082055482132123,0.6534954407294833,0.05433610680722258,0.5899705014749262,2.0,2.0,False,2021
0,13,19,13.0,23.0,6.0,10.0,10.0,10.0,9.0,14.0,4.0,8.0,5.0,7.0,0.1257876597610517,0.4426229508196721,0.062113611933351354,0.4006734006734007,2.0,3.0,True,2021
1,20,25,8.0,19.0,3.0,8.0,6.0,7.0,8.0,21.0,5.0,10.0,5.0,5.0,0.1659312518658285,0.6114457831325302,0.08297976903121805,0.6482558139534884,1.0,2.0,True,2021
0,10,16,7.0,14.0,2.0,5.0,5.0,6.0,7.0,18.0,3.0,9.0,3.0,4.0,0.05276828141911949,0.39158576051779936,0.08088428773325404,0.4013377926421405,2.0,2.0,False,2021
0,11,7,6.0,15.0,2.0,8.0,8.0,9.0,13.0,19.0,4.0,6.0,4.0,4.0,0.11559781281265853,0.6105919003115264,0.13897033981267737,0.39464882943143814,2.0,2.0,False,2021
1,18,9,8.0,14.0,3.0,7.0,5.0,6.0,10.0,19.0,4.0,6.0,10.0,10.0,0.11430530568474447,0.6123076923076923,0.09651053516790331,0.36394557823129253,2.0,2.0,True,2021
1,7,11,13.0,19.0,4.0,6.0,4.0,4.0,6.0,15.0,2.0,8.0,8.0,9.0,0.13897033981267737,0.39464882943143814,0.09247825025012682,0.6086956521739131,2.0,2.0,True,2021
1,16,10,7.0,18.0,3.0,9.0,3.0,4.0,7.0,14.0,2.0,5.0,5.0,6.0,0.08088428773325404,0.4013377926421405,0.04221462513529559,0.3903225806451613,2.0,2.0,True,2021
0,15,29,9.0,14.0,4.0,8.0,4.0,5.0,9.0,19.0,4.0,7.0,3.0,6.0,0.07131797602067562,0.40939597315436244,0.06839471450328652,0.5534591194968553,2.0,2.0,True,2021
0,14,3,8.0,24.0,2.0,4.0,5.0,5.0,7.0,19.0,2.0,7.0,7.0,7.0,0.15330797435925966,0.4271523178807947,0.03471886562683825,0.38782051282051283,2.0,2.0,True,2021
0,9,18,10.0,19.0,4.0,6.0,10.0,10.0,8.0,14.0,3.0,7.0,5.0,6.0,0.09651053516790331,0.36394557823129253,0.13144424454779557,0.6134969325153374,2.0,2.0,False,2021
1,2,5,20.0,37.0,5.0,12.0,15.0,17.0,10.0,21.0,4.0,8.0,16.0,19.0,0.10150299655440424,0.5950413223140496,0.11401105828061789,0.525974025974026,2.0,2.0,True,2021
0,5,2,10.0,21.0,4.0,8.0,16.0,19.0,20.0,37.0,5.0,12.0,15.0,17.0,0.11401105828061789,0.525974025974026,0.1212023972435234,0.5967078189300411,2.0,2.0,False,2021
0,17,6,12.0,22.0,8.0,13.0,6.0,7.0,12.0,26.0,3.0,8.0,3.0,4.0,0.09379514073823184,0.556923076923077,0.15872519803310187,0.4837662337662338,2.0,1.0,True,2021
0,4,27,9.0,24.0,3.0,8.0,5.0,5.0,7.0,27.0,4.0,9.0,5.0,6.0,0.09665644385705699,0.6515151515151515,0.07752309585711577,0.33217993079584773,1.0,2.0,True,2021
1,29,15,9.0,19.0,4.0,7.0,3.0,6.0,9.0,14.0,4.0,8.0,4.0,5.0,0.06839471450328652,0.5534591194968553,0.0970543808165405,0.411371237458194,2.0,2.0,False,2021
1,6,17,12.0,26.0,3.0,8.0,3.0,4.0,12.0,22.0,8.0,13.0,6.0,7.0,0.15872519803310187,0.4837662337662338,0.11503611259058548,0.558282208588957,1.0,2.0,False,2021
1,3,14,7.0,19.0,2.0,7.0,7.0,7.0,8.0,24.0,2.0,4.0,5.0,5.0,0.03471886562683825,0.38782051282051283,0.16264637948740773,0.429042904290429,2.0,2.0,False,2021
1,27,4,7.0,27.0,4.0,9.0,5.0,6.0,9.0,24.0,3.0,8.0,5.0,5.0,0.07752309585711577,0.33217993079584773,0.11732515508564559,0.6525679758308157,2.0,1.0,False,2021
1,26,22,7.0,17.0,4.0,11.0,3.0,6.0,11.0,15.0,6.0,8.0,4.0,6.0,0.034498091353466806,0.5299684542586751,0.08366909319337147,0.5509554140127388,2.0,2.0,False,2021
1,11,25,12.0,22.0,6.0,11.0,4.0,4.0,11.0,25.0,4.0,11.0,4.0,4.0,0.09247825025012682,0.6086956521739131,0.08297976903121805,0.6482558139534884,1.0,2.0,True,2021
0,22,26,11.0,15.0,6.0,8.0,4.0,6.0,7.0,17.0,4.0,11.0,3.0,6.0,0.08366909319337147,0.5509554140127388,0.027598473082773446,0.5283018867924528,2.0,2.0,True,2021
1,24,20,8.0,21.0,3.0,8.0,7.0,11.0,10.0,17.0,4.0,7.0,10.0,10.0,0.11344976982803805,0.6621621621621622,0.1727450014926628,0.6126126126126126,3.0,2.0,False,2021
0,16,10,9.0,20.0,3.0,6.0,4.0,5.0,9.0,15.0,4.0,6.0,10.0,11.0,0.10470743018660325,0.4033333333333333,0.04221462513529559,0.3903225806451613,1.0,1.0,False,2021
0,20,24,10.0,17.0,4.0,7.0,10.0,10.0,8.0,21.0,3.0,8.0,7.0,11.0,0.1727450014926628,0.6126126126126126,0.09075981586243044,0.6577181208053692,2.0,3.0,True,2021
0,25,11,11.0,25.0,4.0,11.0,4.0,4.0,12.0,22.0,6.0,11.0,4.0,4.0,0.08297976903121805,0.6482558139534884,0.11398260020010145,0.6099071207430341,2.0,1.0,False,2021
0,8,23,14.0,21.0,8.0,17.0,9.0,15.0,9.0,22.0,4.0,12.0,9.0,11.0,0.09978521930542172,0.4675324675324675,0.14507819516014128,0.41216216216216217,2.0,2.0,True,2021
1,23,8,9.0,22.0,4.0,12.0,9.0,11.0,14.0,21.0,8.0,17.0,9.0,15.0,0.14507819516014128,0.41216216216216217,0.11982817544433737,0.4692556634304207,2.0,2.0,False,2021
1,10,16,9.0,15.0,4.0,6.0,10.0,11.0,9.0,20.0,3.0,6.0,4.0,5.0,0.04221462513529559,0.3903225806451613,0.0837659441492826,0.4019933554817276,1.0,1.0,True,2021
0,27,9,10.0,16.0,2.0,6.0,4.0,5.0,9.0,15.0,4.0,9.0,11.0,12.0,0.06201847668569262,0.3310344827586207,0.07720842813432265,0.36271186440677966,1.0,1.0,False,2021
1,13,14,12.0,23.0,6.0,9.0,6.0,11.0,17.0,30.0,3.0,6.0,10.0,11.0,0.14063012780884135,0.4444444444444444,0.16264637948740773,0.429042904290429,2.0,1.0,True,2021
0,14,13,17.0,30.0,3.0,6.0,10.0,11.0,12.0,23.0,6.0,9.0,6.0,11.0,0.16264637948740773,0.429042904290429,0.15250410224707306,0.44625407166123776,1.0,2.0,False,2021
1,3,12,9.0,20.0,7.0,10.0,5.0,8.0,9.0,14.0,6.0,9.0,7.0,8.0,0.0277750925014706,0.3865814696485623,0.12084973947383434,0.5368098159509203,1.0,3.0,False,2021
0,12,3,9.0,14.0,6.0,9.0,7.0,8.0,9.0,20.0,7.0,10.0,5.0,8.0,0.12084973947383434,0.5368098159509203,0.02222007400117648,0.3853503184713376,3.0,1.0,True,2021
1,21,19,11.0,23.0,8.0,15.0,4.0,5.0,8.0,21.0,6.0,12.0,3.0,5.0,0.06812662314403767,0.43986254295532645,0.062113611933351354,0.4006734006734007,3.0,2.0,True,2021
0,19,21,8.0,21.0,6.0,12.0,3.0,5.0,11.0,23.0,8.0,15.0,4.0,5.0,0.062113611933351354,0.4006734006734007,0.09450129851523012,0.4417808219178082,2.0,3.0,False,2021
1,1,0,6.0,18.0,3.0,10.0,4.0,6.0,9.0,23.0,7.0,17.0,5.0,7.0,0.05433610680722258,0.5899705014749262,0.09013296780516396,0.5081967213114754,2.0,2.0,False,2021
1,9,27,9.0,15.0,4.0,9.0,11.0,12.0,10.0,16.0,2.0,6.0,4.0,5.0,0.07720842813432265,0.36271186440677966,0.04961478134855409,0.32989690721649484,1.0,1.0,True,2021
0,0,1,9.0,23.0,7.0,17.0,5.0,7.0,6.0,18.0,3.0,10.0,4.0,6.0,0.09013296780516396,0.5081967213114754,0.043468885445778066,0.5882352941176471,2.0,2.0,True,2021
0,6,4,16.0,33.0,7.0,13.0,3.0,4.0,21.0,36.0,4.0,8.0,3.0,6.0,0.1269801584264815,0.48220064724919093,0.11732515508564559,0.6525679758308157,2.0,2.0,False,2021
1,29,25,8.0,16.0,6.0,11.0,5.0,7.0,15.0,26.0,8.0,13.0,5.0,7.0,0.054715771602629214,0.5517241379310345,0.06638381522497444,0.6463768115942029,2.0,1.0,False,2021
1,5,18,9.0,19.0,3.0,8.0,4.0,5.0,13.0,23.0,6.0,12.0,7.0,7.0,0.09120884662449431,0.5242718446601942,0.13144424454779557,0.6134969325153374,2.0,2.0,False,2021
1,26,7,8.0,19.0,3.0,9.0,5.0,5.0,11.0,22.0,3.0,8.0,9.0,10.0,0.027598473082773446,0.5283018867924528,0.15117627185014187,0.39666666666666667,1.0,2.0,False,2021
0,7,26,11.0,22.0,3.0,8.0,9.0,10.0,8.0,19.0,3.0,9.0,5.0,5.0,0.15117627185014187,0.39666666666666667,0.02207877846621876,0.5266457680250783,2.0,1.0,True,2021
1,4,6,21.0,36.0,4.0,8.0,3.0,6.0,16.0,33.0,7.0,13.0,3.0,4.0,0.11732515508564559,0.6525679758308157,0.1015841267411852,0.4806451612903226,2.0,2.0,True,2021
0,17,2,12.0,20.0,4.0,9.0,7.0,7.0,11.0,22.0,5.0,9.0,7.0,7.0,0.11503611259058548,0.558282208588957,0.1212023972435234,0.5967078189300411,2.0,2.0,True,2021
0,25,29,15.0,26.0,8.0,13.0,5.0,7.0,8.0,16.0,6.0,11.0,5.0,7.0,0.06638381522497444,0.6463768115942029,0.04377261728210337,0.55,1.0,2.0,True,2021
1,13,15,11.0,22.0,1.0,7.0,7.0,9.0,10.0,19.0,6.0,10.0,3.0,4.0,0.15250410224707306,0.44625407166123776,0.0970543808165405,0.411371237458194,1.0,2.0,False,2021
0,15,13,10.0,19.0,6.0,10.0,3.0,4.0,11.0,22.0,1.0,7.0,7.0,9.0,0.0970543808165405,0.411371237458194,0.12200328179765844,0.4448051948051948,2.0,1.0,True,2021
1,21,12,9.0,14.0,3.0,6.0,5.0,6.0,9.0,18.0,3.0,10.0,8.0,9.0,0.09450129851523012,0.4417808219178082,0.13667979157906748,0.5382262996941896,1.0,1.0,False,2021
0,12,21,9.0,18.0,3.0,10.0,8.0,9.0,9.0,14.0,3.0,6.0,5.0,6.0,0.13667979157906748,0.5382262996941896,0.0756010388121841,0.4402730375426621,1.0,1.0,True,2021
1,2,17,11.0,22.0,5.0,9.0,7.0,7.0,12.0,20.0,4.0,9.0,7.0,7.0,0.1212023972435234,0.5967078189300411,0.13202889007246837,0.5596330275229358,2.0,2.0,False,2021
0,18,5,13.0,23.0,6.0,12.0,7.0,7.0,9.0,19.0,3.0,8.0,4.0,5.0,0.13144424454779557,0.6134969325153374,0.07296707729959545,0.5225806451612903,2.0,2.0,True,2021
1,1,28,6.0,14.0,3.0,7.0,7.0,11.0,13.0,22.0,4.0,9.0,4.0,5.0,0.043468885445778066,0.5882352941176471,0.1561836753272134,0.34812286689419797,1.0,4.0,False,2021
0,28,1,13.0,22.0,4.0,9.0,4.0,5.0,6.0,14.0,3.0,7.0,7.0,11.0,0.1561836753272134,0.34812286689419797,0.03477510835662245,0.5865102639296188,4.0,1.0,True,2021
0,28,16,11.0,23.0,5.0,8.0,5.0,6.0,9.0,19.0,5.0,9.0,5.0,6.0,0.16494694026177073,0.35034013605442177,0.0837659441492826,0.4019933554817276,1.0,2.0,True,2021
0,22,14,14.0,28.0,3.0,7.0,9.0,10.0,12.0,24.0,4.0,11.0,4.0,5.0,0.10693527455469716,0.5523809523809524,0.13011710358992618,0.4276315789473684,2.0,2.0,False,2021
1,11,5,10.0,20.0,3.0,10.0,4.0,7.0,10.0,17.0,3.0,6.0,3.0,3.0,0.11398260020010145,0.6099071207430341,0.07296707729959545,0.5225806451612903,2.0,1.0,True,2021
0,5,11,10.0,17.0,3.0,6.0,3.0,3.0,10.0,20.0,3.0,10.0,4.0,7.0,0.07296707729959545,0.5225806451612903,0.13118608016008115,0.6111111111111112,1.0,2.0,False,2021
1,8,0,12.0,24.0,2.0,9.0,8.0,11.0,14.0,26.0,8.0,18.0,5.0,6.0,0.11982817544433737,0.4692556634304207,0.11210637424413117,0.5161290322580645,2.0,2.0,False,2021
0,0,8,14.0,26.0,8.0,18.0,5.0,6.0,12.0,24.0,2.0,9.0,8.0,11.0,0.11210637424413117,0.5161290322580645,0.0958625403554699,0.46774193548387094,2.0,2.0,True,2021
1,14,22,12.0,24.0,4.0,11.0,4.0,5.0,14.0,28.0,3.0,7.0,9.0,10.0,0.13011710358992618,0.4276315789473684,0.08554821964375772,0.5506329113924051,2.0,2.0,True,2021
1,16,28,9.0,19.0,5.0,9.0,5.0,6.0,11.0,23.0,5.0,8.0,5.0,6.0,0.0837659441492826,0.4019933554817276,0.17195755220941655,0.3525423728813559,2.0,1.0,False,2021
1,19,10,10.0,17.0,5.0,10.0,4.0,5.0,9.0,15.0,3.0,5.0,5.0,6.0,0.049690889546681084,0.39932885906040266,0.07377170010823647,0.39228295819935693,2.0,2.0,False,2021
0,10,19,9.0,15.0,3.0,5.0,5.0,6.0,10.0,17.0,5.0,10.0,4.0,5.0,0.07377170010823647,0.39228295819935693,0.03975271163734487,0.3979933110367893,2.0,2.0,True,2021
1,27,18,8.0,19.0,5.0,10.0,2.0,3.0,10.0,13.0,4.0,9.0,5.0,6.0,0.04961478134855409,0.32989690721649484,0.14515539563823646,0.6146788990825688,2.0,1.0,False,2021
0,18,27,10.0,13.0,4.0,9.0,5.0,6.0,8.0,19.0,5.0,10.0,2.0,3.0,0.14515539563823646,0.6146788990825688,0.03969182507884327,0.3287671232876712,1.0,2.0,True,2021
1,29,20,9.0,19.0,3.0,6.0,6.0,7.0,12.0,28.0,2.0,7.0,7.0,8.0,0.04377261728210337,0.55,0.17819600119413023,0.6137724550898204,1.0,2.0,True,2021
0,17,9,11.0,19.0,6.0,11.0,5.0,6.0,9.0,17.0,7.0,14.0,8.0,8.0,0.13202889007246837,0.5596330275229358,0.10176674250745812,0.36486486486486486,1.0,2.0,False,2021
1,9,17,9.0,17.0,7.0,14.0,8.0,8.0,11.0,19.0,6.0,11.0,5.0,6.0,0.10176674250745812,0.36486486486486486,0.1056231120579747,0.5579268292682927,2.0,1.0,True,2021
0,20,29,12.0,28.0,2.0,7.0,7.0,8.0,9.0,19.0,3.0,6.0,6.0,7.0,0.17819600119413023,0.6137724550898204,0.0750180938256827,0.5514018691588785,2.0,1.0,False,2021
0,6,4,14.0,25.0,6.0,12.0,6.0,7.0,11.0,30.0,4.0,12.0,10.0,12.0,0.1015841267411852,0.4806451612903226,0.13386012406851647,0.6536144578313253,2.0,2.0,False,2021
1,26,15,7.0,18.0,3.0,8.0,7.0,9.0,6.0,16.0,5.0,13.0,3.0,4.0,0.02207877846621876,0.5266457680250783,0.1176435046532324,0.41333333333333333,2.0,2.0,False,2021
0,15,26,6.0,16.0,5.0,13.0,3.0,4.0,7.0,18.0,3.0,8.0,7.0,9.0,0.1176435046532324,0.41333333333333333,0.017663022772975007,0.525,2.0,2.0,True,2021
1,8,0,11.0,23.0,7.0,13.0,7.0,8.0,13.0,31.0,8.0,20.0,3.0,3.0,0.0958625403554699,0.46774193548387094,0.12968509939530493,0.5238095238095238,1.0,1.0,True,2021
0,0,8,13.0,31.0,8.0,20.0,3.0,3.0,11.0,23.0,7.0,13.0,7.0,8.0,0.12968509939530493,0.5238095238095238,0.11669003228437594,0.4694533762057878,1.0,1.0,False,2021
1,4,6,11.0,30.0,4.0,12.0,10.0,12.0,14.0,25.0,6.0,12.0,6.0,7.0,0.13386012406851647,0.6536144578313253,0.08126730139294816,0.4790996784565916,2.0,2.0,True,2021
1,12,13,7.0,16.0,4.0,11.0,7.0,8.0,13.0,24.0,10.0,18.0,3.0,5.0,0.149343833263254,0.5396341463414634,0.12200328179765844,0.4448051948051948,2.0,2.0,False,2021
0,25,24,10.0,24.0,5.0,14.0,3.0,4.0,8.0,17.0,4.0,9.0,6.0,6.0,0.09310705217997957,0.6473988439306358,0.09075981586243044,0.6577181208053692,2.0,3.0,False,2021
1,19,21,14.0,22.0,4.0,10.0,4.0,6.0,8.0,23.0,3.0,9.0,6.0,6.0,0.03975271163734487,0.3979933110367893,0.0756010388121841,0.4402730375426621,1.0,2.0,False,2021
0,21,19,8.0,23.0,3.0,9.0,6.0,6.0,14.0,22.0,4.0,10.0,4.0,6.0,0.0756010388121841,0.4402730375426621,0.031802169309875894,0.39666666666666667,2.0,1.0,True,2021
1,3,7,11.0,24.0,4.0,6.0,9.0,9.0,14.0,27.0,4.0,6.0,5.0,5.0,0.02222007400117648,0.3853503184713376,0.16094101748011352,0.39867109634551495,3.0,2.0,False,2021
0,7,3,14.0,27.0,4.0,6.0,5.0,5.0,11.0,24.0,4.0,6.0,9.0,9.0,0.16094101748011352,0.39867109634551495,0.017776059200941184,0.38412698412698415,2.0,3.0,True,2021
0,13,12,13.0,24.0,10.0,18.0,3.0,5.0,7.0,16.0,4.0,11.0,7.0,8.0,0.12200328179765844,0.4448051948051948,0.11947506661060321,0.5379939209726444,2.0,2.0,True,2021
1,24,25,8.0,17.0,4.0,9.0,6.0,6.0,10.0,24.0,5.0,14.0,3.0,4.0,0.09075981586243044,0.6577181208053692,0.07448564174398366,0.6455331412103746,3.0,2.0,True,2021
1,4,14,10.0,20.0,5.0,8.0,7.0,8.0,14.0,24.0,3.0,6.0,11.0,14.0,0.14708809925481317,0.6546546546546547,0.14409368287194096,0.42950819672131146,1.0,2.0,True,2021
0,14,4,14.0,24.0,3.0,6.0,11.0,14.0,10.0,20.0,5.0,8.0,7.0,8.0,0.14409368287194096,0.42950819672131146,0.15767047940385054,0.655688622754491,2.0,1.0,False,2021
1,11,5,12.0,16.0,3.0,8.0,4.0,6.0,6.0,14.0,2.0,4.0,5.0,6.0,0.13118608016008115,0.6111111111111112,0.05837366183967636,0.5209003215434084,2.0,2.0,True,2021
0,5,11,6.0,14.0,2.0,4.0,5.0,6.0,12.0,16.0,3.0,8.0,4.0,6.0,0.05837366183967636,0.5209003215434084,0.1449488641280649,0.6123076923076923,2.0,2.0,False,2021
1,10,2,10.0,18.0,3.0,7.0,9.0,10.0,11.0,22.0,6.0,12.0,4.0,5.0,0.09901736008658919,0.3942307692307692,0.09696191779481872,0.5942622950819673,2.0,3.0,False,2021
0,2,10,11.0,22.0,6.0,12.0,4.0,5.0,10.0,18.0,3.0,7.0,9.0,10.0,0.09696191779481872,0.5942622950819673,0.07921388806927135,0.3929712460063898,3.0,2.0,True,2021
1,23,16,17.0,22.0,8.0,9.0,8.0,8.0,14.0,25.0,4.0,9.0,8.0,11.0,0.11606255612811303,0.4107744107744108,0.06701275531942608,0.40066225165562913,4.0,2.0,False,2021
0,16,23,14.0,25.0,4.0,9.0,8.0,11.0,17.0,22.0,8.0,9.0,8.0,8.0,0.06701275531942608,0.40066225165562913,0.09285004490249042,0.40939597315436244,2.0,4.0,True,2021
1,22,15,7.0,18.0,2.0,5.0,4.0,4.0,13.0,22.0,4.0,11.0,5.0,8.0,0.08554821964375772,0.5506329113924051,0.1341148037225859,0.4152823920265781,2.0,1.0,False,2021
0,7,9,11.0,20.0,2.0,6.0,7.0,8.0,8.0,12.0,4.0,6.0,4.0,4.0,0.16875281398409078,0.40066225165562913,0.12141339400596649,0.367003367003367,1.0,2.0,False,2021
0,18,1,10.0,17.0,3.0,7.0,14.0,16.0,10.0,17.0,6.0,14.0,6.0,8.0,0.15612431651058917,0.6158536585365854,0.03477510835662245,0.5865102639296188,2.0,3.0,True,2021
1,9,7,8.0,12.0,4.0,6.0,4.0,4.0,11.0,20.0,2.0,6.0,7.0,8.0,0.12141339400596649,0.367003367003367,0.13500225118727263,0.39933993399339934,2.0,1.0,True,2021
0,15,22,13.0,22.0,4.0,11.0,5.0,8.0,7.0,18.0,2.0,5.0,4.0,4.0,0.1341148037225859,0.4152823920265781,0.06843857571500618,0.5488958990536278,1.0,2.0,True,2021
0,17,3,10.0,17.0,6.0,10.0,6.0,7.0,7.0,15.0,4.0,10.0,3.0,5.0,0.1056231120579747,0.5579268292682927,0.017776059200941184,0.38412698412698415,2.0,1.0,True,2021
1,1,18,10.0,17.0,6.0,14.0,6.0,8.0,10.0,17.0,3.0,7.0,14.0,16.0,0.03477510835662245,0.5865102639296188,0.16489945320847135,0.6170212765957447,3.0,2.0,False,2021
0,28,20,6.0,15.0,4.0,8.0,7.0,9.0,10.0,16.0,6.0,9.0,12.0,15.0,0.17195755220941655,0.3525423728813559,0.14255680095530418,0.6119402985074627,2.0,2.0,False,2021
1,20,28,10.0,16.0,6.0,9.0,12.0,15.0,6.0,15.0,4.0,8.0,7.0,9.0,0.14255680095530418,0.6119402985074627,0.13756604176753323,0.35135135135135137,2.0,2.0,True,2021
1,3,17,7.0,15.0,4.0,10.0,3.0,5.0,10.0,17.0,6.0,10.0,6.0,7.0,0.017776059200941184,0.38412698412698415,0.12449848964637975,0.5592705167173252,1.0,2.0,False,2021
0,9,22,11.0,19.0,6.0,10.0,8.0,8.0,12.0,20.0,3.0,3.0,5.0,5.0,0.1371307152047732,0.3691275167785235,0.06843857571500618,0.5488958990536278,1.0,1.0,False,2021
1,25,14,17.0,28.0,5.0,12.0,8.0,11.0,11.0,22.0,5.0,8.0,12.0,14.0,0.07448564174398366,0.6455331412103746,0.11527494629755278,0.42810457516339867,2.0,1.0,False,2021
0,14,25,11.0,22.0,5.0,8.0,12.0,14.0,17.0,28.0,5.0,12.0,8.0,11.0,0.11527494629755278,0.42810457516339867,0.05958851339518693,0.6436781609195402,1.0,2.0,True,2021
0,29,24,9.0,19.0,3.0,10.0,6.0,10.0,8.0,12.0,3.0,6.0,5.0,6.0,0.0750180938256827,0.5514018691588785,0.11260785268994436,0.66,3.0,2.0,False,2021
1,22,9,12.0,20.0,3.0,3.0,5.0,5.0,11.0,19.0,6.0,10.0,8.0,8.0,0.06843857571500618,0.5488958990536278,0.10970457216381857,0.36789297658862874,1.0,1.0,True,2021
1,19,16,8.0,16.0,6.0,10.0,4.0,5.0,9.0,16.0,4.0,10.0,6.0,6.0,0.031802169309875894,0.39666666666666667,0.09361020425554087,0.40264026402640263,2.0,1.0,True,2021
1,24,29,8.0,12.0,3.0,6.0,5.0,6.0,9.0,19.0,3.0,10.0,6.0,10.0,0.11260785268994436,0.66,0.060014475060546156,0.5496894409937888,2.0,3.0,True,2021
1,0,26,11.0,21.0,7.0,13.0,6.0,7.0,8.0,19.0,4.0,13.0,4.0,6.0,0.10374807951624394,0.515625,0.017663022772975007,0.525,2.0,2.0,True,2021
1,13,6,8.0,22.0,5.0,13.0,5.0,10.0,17.0,31.0,7.0,13.0,6.0,6.0,0.13760262543812676,0.44660194174757284,0.08126730139294816,0.4790996784565916,2.0,2.0,True,2021
0,6,13,17.0,31.0,7.0,13.0,6.0,6.0,8.0,22.0,5.0,13.0,5.0,10.0,0.08126730139294816,0.4790996784565916,0.1500821003505014,0.4483870967741935,2.0,2.0,False,2021
1,21,27,9.0,16.0,6.0,11.0,2.0,4.0,12.0,24.0,5.0,8.0,3.0,5.0,0.10048083104974728,0.4421768707482993,0.03969182507884327,0.3287671232876712,2.0,3.0,False,2021
0,27,21,12.0,24.0,5.0,8.0,3.0,5.0,9.0,16.0,6.0,11.0,2.0,4.0,0.03969182507884327,0.3287671232876712,0.08038466483979782,0.4406779661016949,3.0,2.0,True,2021
0,26,0,8.0,19.0,4.0,13.0,4.0,6.0,11.0,21.0,7.0,13.0,6.0,7.0,0.017663022772975007,0.525,0.12299846361299516,0.5230769230769231,2.0,2.0,False,2021
0,16,19,9.0,16.0,4.0,10.0,6.0,6.0,8.0,16.0,6.0,10.0,4.0,5.0,0.09361020425554087,0.40264026402640263,0.06544173544790072,0.39867109634551495,1.0,2.0,False,2021
1,18,8,11.0,20.0,4.0,8.0,12.0,12.0,8.0,20.0,4.0,13.0,3.0,4.0,0.16489945320847135,0.6170212765957447,0.11669003228437594,0.4694533762057878,2.0,3.0,True,2021
1,11,20,16.0,23.0,8.0,14.0,8.0,8.0,10.0,19.0,5.0,9.0,7.0,7.0,0.1449488641280649,0.6123076923076923,0.15404544076424337,0.6130952380952381,2.0,2.0,True,2021
1,15,5,10.0,16.0,5.0,12.0,2.0,6.0,11.0,22.0,2.0,5.0,11.0,13.0,0.14729184297806872,0.41721854304635764,0.04669892947174109,0.5192307692307693,2.0,2.0,False,2021
0,20,11,10.0,19.0,5.0,9.0,7.0,7.0,16.0,23.0,8.0,14.0,8.0,8.0,0.15404544076424337,0.6130952380952381,0.15595909130245195,0.6134969325153374,2.0,2.0,False,2021
0,8,18,8.0,20.0,4.0,13.0,3.0,4.0,11.0,20.0,4.0,8.0,12.0,12.0,0.11669003228437594,0.4694533762057878,0.17191956256677704,0.6181818181818182,3.0,2.0,False,2021
0,29,17,12.0,23.0,2.0,7.0,10.0,15.0,12.0,19.0,5.0,9.0,9.0,9.0,0.060014475060546156,0.5496894409937888,0.12449848964637975,0.5592705167173252,1.0,2.0,False,2021
0,28,7,8.0,22.0,5.0,11.0,7.0,9.0,10.0,14.0,6.0,12.0,9.0,9.0,0.13756604176753323,0.35135135135135137,0.13500225118727263,0.39933993399339934,2.0,2.0,False,2021
0,5,15,11.0,22.0,2.0,5.0,11.0,13.0,10.0,16.0,5.0,12.0,2.0,6.0,0.04669892947174109,0.5192307692307693,0.11783347438245498,0.4158415841584158,2.0,2.0,True,2021
1,17,29,12.0,19.0,5.0,9.0,9.0,9.0,12.0,23.0,2.0,7.0,10.0,15.0,0.12449848964637975,0.5592705167173252,0.048011580048436926,0.5479876160990712,2.0,1.0,True,2021
1,7,28,10.0,14.0,6.0,12.0,9.0,9.0,8.0,22.0,5.0,11.0,7.0,9.0,0.13500225118727263,0.39933993399339934,0.11005283341402658,0.3501683501683502,2.0,2.0,True,2021
0,3,13,9.0,19.0,2.0,10.0,9.0,11.0,8.0,17.0,3.0,9.0,7.0,7.0,0.014220847360752947,0.3829113924050633,0.1500821003505014,0.4483870967741935,2.0,1.0,False,2021
0,2,27,10.0,22.0,6.0,13.0,7.0,8.0,10.0,24.0,7.0,12.0,5.0,5.0,0.11756953423585496,0.5959183673469388,0.07175346006307462,0.3310580204778157,2.0,1.0,False,2021
1,21,10,11.0,22.0,4.0,11.0,7.0,9.0,9.0,19.0,2.0,7.0,8.0,10.0,0.08038466483979782,0.4406779661016949,0.07921388806927135,0.3929712460063898,1.0,2.0,True,2021
0,10,21,9.0,19.0,2.0,7.0,8.0,10.0,11.0,22.0,4.0,11.0,7.0,9.0,0.07921388806927135,0.3929712460063898,0.10430773187183826,0.44256756756756754,2.0,1.0,False,2021
1,13,3,8.0,17.0,3.0,9.0,7.0,7.0,9.0,19.0,2.0,10.0,9.0,11.0,0.1500821003505014,0.4483870967741935,0.011376677888602357,0.38170347003154576,1.0,2.0,True,2021
0,23,12,10.0,19.0,4.0,9.0,9.0,11.0,10.0,18.0,6.0,8.0,11.0,14.0,0.09285004490249042,0.40939597315436244,0.11947506661060321,0.5379939209726444,2.0,3.0,False,2021
1,12,23,10.0,18.0,6.0,8.0,11.0,14.0,10.0,19.0,4.0,9.0,9.0,11.0,0.11947506661060321,0.5379939209726444,0.07428003592199234,0.4080267558528428,3.0,2.0,True,2021
0,1,4,10.0,21.0,6.0,10.0,8.0,11.0,8.0,17.0,4.0,10.0,9.0,10.0,0.02782008668529796,0.5847953216374269,0.15767047940385054,0.655688622754491,2.0,2.0,False,2021
1,4,1,8.0,17.0,4.0,10.0,9.0,10.0,10.0,21.0,6.0,10.0,8.0,11.0,0.15767047940385054,0.655688622754491,0.02225606934823837,0.5830903790087464,2.0,2.0,True,2021
1,27,2,10.0,24.0,7.0,12.0,5.0,5.0,10.0,22.0,6.0,13.0,7.0,8.0,0.07175346006307462,0.3310580204778157,0.09405562738868398,0.5934959349593496,1.0,2.0,True,2021
1,18,19,11.0,16.0,3.0,7.0,6.0,8.0,6.0,10.0,2.0,6.0,4.0,6.0,0.17191956256677704,0.6181818181818182,0.06544173544790072,0.39867109634551495,1.0,2.0,True,2021
0,1,11,11.0,21.0,4.0,12.0,3.0,4.0,9.0,18.0,6.0,8.0,6.0,6.0,0.02225606934823837,0.5830903790087464,0.15595909130245195,0.6134969325153374,1.0,1.0,False,2021
1,25,16,8.0,21.0,3.0,8.0,6.0,8.0,9.0,17.0,5.0,10.0,6.0,8.0,0.05958851339518693,0.6436781609195402,0.07488816340443269,0.40131578947368424,2.0,2.0,False,2021
0,19,18,6.0,10.0,2.0,6.0,4.0,6.0,11.0,16.0,3.0,7.0,6.0,8.0,0.06544173544790072,0.39867109634551495,0.17753565005342165,0.6193353474320241,2.0,1.0,False,2021
1,17,5,10.0,21.0,4.0,9.0,10.0,10.0,7.0,16.0,4.0,8.0,8.0,8.0,0.13959879171710382,0.5606060606060606,0.07735914357739287,0.5207667731629393,1.0,1.0,True,2021
0,16,25,9.0,17.0,5.0,10.0,6.0,8.0,8.0,21.0,3.0,8.0,6.0,8.0,0.07488816340443269,0.40131578947368424,0.04767081071614954,0.6418338108882522,2.0,2.0,True,2021
1,11,1,9.0,18.0,6.0,8.0,6.0,6.0,11.0,21.0,4.0,12.0,3.0,4.0,0.15595909130245195,0.6134969325153374,0.017804855478590696,0.5813953488372093,1.0,1.0,True,2021
1,22,14,12.0,30.0,3.0,9.0,8.0,11.0,19.0,31.0,3.0,8.0,9.0,11.0,0.09475086057200495,0.550314465408805,0.1322199570380422,0.42996742671009774,2.0,2.0,False,2021
1,0,26,14.0,26.0,11.0,21.0,10.0,10.0,7.0,16.0,3.0,8.0,3.0,5.0,0.12299846361299516,0.5230769230769231,0.014130418218380006,0.5233644859813084,2.0,2.0,True,2021
0,26,0,7.0,16.0,3.0,8.0,3.0,5.0,14.0,26.0,11.0,21.0,10.0,10.0,0.014130418218380006,0.5233644859813084,0.13839877089039612,0.5303030303030303,2.0,2.0,False,2021
1,20,6,11.0,21.0,6.0,10.0,9.0,9.0,11.0,17.0,4.0,7.0,12.0,13.0,0.12323635261139469,0.6112759643916914,0.06501384111435853,0.4775641025641026,1.0,2.0,False,2021
0,6,20,11.0,17.0,4.0,7.0,12.0,13.0,11.0,21.0,6.0,10.0,9.0,9.0,0.06501384111435853,0.4775641025641026,0.09858908208911575,0.6094674556213018,2.0,1.0,True,2021
0,5,17,7.0,16.0,4.0,8.0,8.0,8.0,10.0,21.0,4.0,9.0,10.0,10.0,0.07735914357739287,0.5207667731629393,0.15167903337368305,0.5619335347432024,1.0,1.0,False,2021
0,14,22,19.0,31.0,3.0,8.0,9.0,11.0,12.0,30.0,3.0,9.0,8.0,11.0,0.1322199570380422,0.42996742671009774,0.07580068845760396,0.54858934169279,2.0,2.0,True,2021
0,7,29,9.0,14.0,4.0,7.0,11.0,13.0,13.0,27.0,4.0,9.0,15.0,17.0,0.1480018009498181,0.40131578947368424,0.048011580048436926,0.5479876160990712,2.0,2.0,False,2021
1,24,28,9.0,26.0,4.0,9.0,7.0,7.0,11.0,19.0,5.0,12.0,4.0,4.0,0.13008628215195547,0.6622516556291391,0.11005283341402658,0.3501683501683502,3.0,2.0,False,2021
1,15,26,7.0,12.0,4.0,10.0,6.0,7.0,6.0,15.0,4.0,11.0,6.0,7.0,0.11783347438245498,0.4158415841584158,0.011304334574704004,0.5217391304347826,2.0,1.0,True,2021
0,26,15,6.0,15.0,4.0,11.0,6.0,7.0,7.0,12.0,4.0,10.0,6.0,7.0,0.011304334574704004,0.5217391304347826,0.13426677950596397,0.41776315789473684,1.0,2.0,False,2021
1,10,23,7.0,13.0,3.0,8.0,3.0,5.0,10.0,21.0,5.0,9.0,5.0,6.0,0.06337111045541707,0.39171974522292996,0.07428003592199234,0.4080267558528428,2.0,2.0,False,2021
0,23,10,10.0,21.0,5.0,9.0,5.0,6.0,7.0,13.0,3.0,8.0,3.0,5.0,0.07428003592199234,0.4080267558528428,0.050696888364333656,0.3904761904761905,2.0,2.0,True,2021
1,29,7,13.0,27.0,4.0,9.0,15.0,17.0,9.0,14.0,4.0,7.0,11.0,13.0,0.048011580048436926,0.5479876160990712,0.11840144075985448,0.4,2.0,2.0,True,2021
1,2,12,11.0,16.0,7.0,11.0,7.0,8.0,9.0,14.0,6.0,10.0,10.0,11.0,0.09405562738868398,0.5934959349593496,0.13558005328848258,0.5393939393939394,2.0,2.0,False,2021
0,8,21,8.0,17.0,4.0,11.0,5.0,10.0,16.0,26.0,7.0,11.0,5.0,7.0,0.09335202582750075,0.46794871794871795,0.10430773187183826,0.44256756756756754,2.0,2.0,True,2021
0,28,24,11.0,19.0,5.0,12.0,4.0,4.0,9.0,26.0,4.0,9.0,7.0,7.0,0.11005283341402658,0.3501683501683502,0.10406902572156437,0.6578947368421053,2.0,3.0,True,2021
0,12,2,9.0,14.0,6.0,10.0,10.0,11.0,11.0,16.0,7.0,11.0,7.0,8.0,0.13558005328848258,0.5393939393939394,0.07524450191094718,0.5910931174089069,2.0,2.0,True,2021
0,27,19,14.0,27.0,5.0,11.0,7.0,7.0,9.0,17.0,5.0,10.0,3.0,4.0,0.09740276805045969,0.3333333333333333,0.052353388358320575,0.3973509933774834,2.0,1.0,True,2021
1,19,27,9.0,17.0,5.0,10.0,3.0,4.0,14.0,27.0,5.0,11.0,7.0,7.0,0.052353388358320575,0.3973509933774834,0.11792221444036774,0.33559322033898303,1.0,2.0,False,2021
1,21,8,16.0,26.0,7.0,11.0,5.0,7.0,8.0,17.0,4.0,11.0,5.0,10.0,0.10430773187183826,0.44256756756756754,0.1146816206620006,0.4696485623003195,2.0,2.0,False,2021
1,3,13,8.0,19.0,3.0,6.0,5.0,7.0,9.0,14.0,7.0,11.0,5.0,7.0,0.011376677888602357,0.38170347003154576,0.16006568028040113,0.45016077170418006,2.0,2.0,False,2021
0,13,3,9.0,14.0,7.0,11.0,5.0,7.0,8.0,19.0,3.0,6.0,5.0,7.0,0.16006568028040113,0.45016077170418006,0.009101342310881885,0.3805031446540881,2.0,2.0,True,2021
0,1,17,6.0,15.0,6.0,9.0,10.0,10.0,11.0,20.0,6.0,11.0,7.0,9.0,0.017804855478590696,0.5813953488372093,0.15167903337368305,0.5619335347432024,2.0,2.0,False,2021
1,16,8,9.0,21.0,2.0,6.0,7.0,9.0,8.0,16.0,3.0,7.0,5.0,6.0,0.09991053072354615,0.40327868852459015,0.1146816206620006,0.4696485623003195,2.0,1.0,True,2021
1,5,4,9.0,17.0,6.0,9.0,7.0,8.0,11.0,16.0,3.0,8.0,6.0,7.0,0.0618873148619143,0.5191082802547771,0.16613638352308044,0.6567164179104478,2.0,3.0,True,2021
0,4,5,11.0,16.0,3.0,8.0,6.0,7.0,9.0,17.0,6.0,9.0,7.0,8.0,0.16613638352308044,0.6567164179104478,0.08950985188953145,0.5206349206349207,3.0,2.0,False,2021
0,8,16,8.0,16.0,3.0,7.0,5.0,6.0,9.0,21.0,2.0,6.0,7.0,9.0,0.1146816206620006,0.4696485623003195,0.11992842457883693,0.40522875816993464,1.0,2.0,False,2021
1,17,1,11.0,20.0,6.0,11.0,7.0,9.0,6.0,15.0,6.0,9.0,10.0,10.0,0.15167903337368305,0.5619335347432024,0.014243884382872557,0.5797101449275363,2.0,2.0,True,2021
0,11,0,16.0,33.0,5.0,16.0,5.0,5.0,11.0,25.0,4.0,13.0,11.0,12.0,0.16476727304196154,0.6146788990825688,0.13839877089039612,0.5303030303030303,2.0,2.0,False,2021
1,3,22,8.0,26.0,3.0,8.0,10.0,12.0,11.0,19.0,3.0,5.0,4.0,6.0,0.009101342310881885,0.3805031446540881,0.07580068845760396,0.54858934169279,1.0,2.0,False,2021
0,22,3,11.0,19.0,3.0,5.0,4.0,6.0,8.0,26.0,3.0,8.0,10.0,12.0,0.07580068845760396,0.54858934169279,0.007281073848705508,0.3793103448275862,2.0,1.0,True,2021
1,9,14,11.0,22.0,7.0,12.0,13.0,13.0,10.0,22.0,5.0,9.0,5.0,5.0,0.10970457216381857,0.36789297658862874,0.14577596563043377,0.4318181818181818,4.0,2.0,True,2021
1,0,11,11.0,25.0,4.0,13.0,11.0,12.0,16.0,33.0,5.0,16.0,5.0,5.0,0.13839877089039612,0.5303030303030303,0.13181381843356924,0.6128048780487805,2.0,2.0,True,2021
0,14,9,10.0,22.0,5.0,9.0,5.0,5.0,11.0,22.0,7.0,12.0,13.0,13.0,0.14577596563043377,0.4318181818181818,0.12776365773105486,0.37,2.0,4.0,False,2021
0,13,16,7.0,16.0,3.0,6.0,4.0,4.0,9.0,21.0,3.0,9.0,7.0,8.0,0.16805254422432092,0.4519230769230769,0.11992842457883693,0.40522875816993464,2.0,1.0,False,2021
0,28,29,11.0,26.0,4.0,8.0,6.0,6.0,9.0,23.0,4.0,8.0,4.0,7.0,0.12804226673122127,0.3523489932885906,0.07840926403874955,0.5493827160493827,2.0,2.0,False,2021
1,25,24,5.0,16.0,3.0,9.0,4.0,5.0,8.0,15.0,3.0,9.0,8.0,8.0,0.04767081071614954,0.6418338108882522,0.10406902572156437,0.6578947368421053,3.0,2.0,False,2021
0,24,25,8.0,15.0,3.0,9.0,8.0,8.0,5.0,16.0,3.0,9.0,4.0,5.0,0.10406902572156437,0.6578947368421053,0.03813664857291964,0.64,2.0,3.0,True,2021
1,15,26,9.0,15.0,5.0,11.0,5.0,6.0,8.0,15.0,4.0,7.0,10.0,12.0,0.13426677950596397,0.41776315789473684,0.009043467659763204,0.5201238390092879,2.0,2.0,True,2021
0,26,15,8.0,15.0,4.0,7.0,10.0,12.0,9.0,15.0,5.0,11.0,5.0,6.0,0.009043467659763204,0.5201238390092879,0.1474134236047712,0.419672131147541,2.0,2.0,False,2021
1,4,10,11.0,18.0,3.0,7.0,5.0,8.0,8.0,16.0,3.0,7.0,3.0,4.0,0.13290910681846435,0.6547619047619048,0.050696888364333656,0.3904761904761905,1.0,2.0,True,2021
0,10,4,8.0,16.0,3.0,7.0,3.0,4.0,11.0,18.0,3.0,7.0,5.0,8.0,0.050696888364333656,0.3904761904761905,0.14632728545477147,0.655786350148368,2.0,1.0,False,2021
1,16,13,9.0,21.0,3.0,9.0,7.0,8.0,7.0,16.0,3.0,6.0,4.0,4.0,0.11992842457883693,0.40522875816993464,0.13444203537945673,0.4504792332268371,1.0,2.0,True,2021
1,29,28,9.0,23.0,4.0,8.0,4.0,7.0,11.0,26.0,4.0,8.0,6.0,6.0,0.07840926403874955,0.5493827160493827,0.10243381338497701,0.3511705685618729,2.0,2.0,True,2021
0,23,19,10.0,19.0,4.0,11.0,6.0,9.0,8.0,16.0,5.0,8.0,8.0,8.0,0.09942402873759389,0.41,0.04188271068665646,0.39603960396039606,2.0,2.0,True,2021
0,7,0,11.0,21.0,6.0,10.0,8.0,9.0,17.0,24.0,3.0,11.0,6.0,6.0,0.11840144075985448,0.4,0.15071901671231688,0.5373134328358209,2.0,1.0,False,2021
0,12,2,10.0,15.0,5.0,9.0,5.0,6.0,14.0,27.0,5.0,11.0,4.0,6.0,0.14846404263078605,0.540785498489426,0.07524450191094718,0.5910931174089069,2.0,2.0,True,2021
0,18,22,11.0,24.0,2.0,8.0,3.0,4.0,8.0,20.0,4.0,10.0,6.0,6.0,0.17753565005342165,0.6193353474320241,0.10064055076608316,0.55,3.0,1.0,False,2021
0,6,27,9.0,16.0,3.0,7.0,8.0,8.0,15.0,27.0,6.0,11.0,5.0,7.0,0.09201107289148683,0.4792332268370607,0.11792221444036774,0.33559322033898303,3.0,2.0,True,2021
1,27,6,15.0,27.0,6.0,11.0,5.0,7.0,9.0,16.0,3.0,7.0,8.0,8.0,0.11792221444036774,0.33559322033898303,0.11360885831318945,0.48089171974522293,2.0,3.0,False,2021
1,2,12,14.0,27.0,5.0,11.0,4.0,6.0,10.0,15.0,5.0,9.0,5.0,6.0,0.07524450191094718,0.5910931174089069,0.15877123410462884,0.5421686746987951,2.0,2.0,False,2021
1,21,20,10.0,19.0,7.0,14.0,5.0,6.0,12.0,18.0,6.0,10.0,16.0,17.0,0.0834461854974706,0.44107744107744107,0.09858908208911575,0.6094674556213018,2.0,3.0,False,2021
0,20,21,12.0,18.0,6.0,10.0,16.0,17.0,10.0,19.0,7.0,14.0,5.0,6.0,0.09858908208911575,0.6094674556213018,0.06675694839797648,0.4395973154362416,3.0,2.0,True,2021
1,22,18,8.0,20.0,4.0,10.0,6.0,6.0,11.0,24.0,2.0,8.0,3.0,4.0,0.10064055076608316,0.55,0.1420285200427373,0.6174698795180723,1.0,3.0,True,2021
1,19,23,8.0,16.0,5.0,8.0,8.0,8.0,10.0,19.0,4.0,11.0,6.0,9.0,0.04188271068665646,0.39603960396039606,0.1195392229900751,0.4119601328903654,2.0,2.0,False,2021
1,0,7,17.0,24.0,3.0,11.0,6.0,6.0,11.0,21.0,6.0,10.0,8.0,9.0,0.15071901671231688,0.5373134328358209,0.09472115260788358,0.39869281045751637,1.0,2.0,True,2021
0,17,11,12.0,22.0,4.0,9.0,7.0,8.0,11.0,17.0,3.0,9.0,4.0,5.0,0.16134322669894643,0.5632530120481928,0.13181381843356924,0.6128048780487805,2.0,2.0,True,2021
1,11,17,11.0,17.0,3.0,9.0,4.0,5.0,12.0,22.0,4.0,9.0,7.0,8.0,0.13181381843356924,0.6128048780487805,0.16907458135915715,0.5645645645645646,2.0,2.0,False,2021
1,3,2,10.0,16.0,6.0,9.0,13.0,16.0,11.0,26.0,4.0,9.0,6.0,8.0,0.007281073848705508,0.3793103448275862,0.06019560152875775,0.5887096774193549,2.0,1.0,True,2021
0,1,29,9.0,18.0,4.0,11.0,8.0,10.0,9.0,16.0,2.0,4.0,5.0,8.0,0.014243884382872557,0.5797101449275363,0.10272741123099964,0.5507692307692308,2.0,1.0,False,2021
1,13,8,12.0,24.0,7.0,15.0,4.0,5.0,5.0,14.0,2.0,5.0,7.0,8.0,0.13444203537945673,0.4504792332268371,0.09174529652960048,0.4681528662420382,1.0,2.0,True,2021
1,29,1,9.0,16.0,2.0,4.0,5.0,8.0,9.0,18.0,4.0,11.0,8.0,10.0,0.10272741123099964,0.5507692307692308,0.011395107506298045,0.5780346820809249,1.0,2.0,True,2021
0,5,6,9.0,17.0,3.0,7.0,4.0,5.0,7.0,12.0,5.0,7.0,6.0,7.0,0.08950985188953145,0.5206349206349207,0.11360885831318945,0.48089171974522293,2.0,1.0,False,2021
0,8,13,5.0,14.0,2.0,5.0,7.0,8.0,12.0,24.0,7.0,15.0,4.0,5.0,0.09174529652960048,0.4681528662420382,0.1475536283035654,0.45222929936305734,2.0,1.0,False,2021
0,2,3,11.0,26.0,4.0,9.0,6.0,8.0,10.0,16.0,6.0,9.0,13.0,16.0,0.06019560152875775,0.5887096774193549,0.04582485907896441,0.38125,1.0,2.0,False,2021
1,6,5,7.0,12.0,5.0,7.0,6.0,7.0,9.0,17.0,3.0,7.0,4.0,5.0,0.11360885831318945,0.48089171974522293,0.07160788151162516,0.5189873417721519,1.0,2.0,True,2021
1,9,14,12.0,25.0,4.0,10.0,7.0,8.0,12.0,28.0,4.0,10.0,6.0,8.0,0.12776365773105486,0.37,0.11662077250434702,0.43042071197411,2.0,2.0,True,2021
0,14,9,12.0,28.0,4.0,10.0,6.0,8.0,12.0,25.0,4.0,10.0,7.0,8.0,0.11662077250434702,0.43042071197411,0.14221092618484388,0.37209302325581395,2.0,2.0,False,2021
1,23,20,8.0,18.0,4.0,9.0,9.0,12.0,14.0,21.0,4.0,9.0,3.0,3.0,0.1195392229900751,0.4119601328903654,0.11887126567129261,0.6106194690265486,2.0,2.0,False,2021
0,20,23,14.0,21.0,4.0,9.0,3.0,3.0,8.0,18.0,4.0,9.0,9.0,12.0,0.11887126567129261,0.6106194690265486,0.09563137839206008,0.4105960264900662,2.0,2.0,True,2021
0,5,28,10.0,18.0,2.0,6.0,7.0,9.0,11.0,21.0,5.0,10.0,10.0,10.0,0.07160788151162516,0.5189873417721519,0.10243381338497701,0.3511705685618729,1.0,2.0,False,2021
1,12,18,9.0,13.0,4.0,7.0,5.0,5.0,8.0,17.0,3.0,5.0,5.0,7.0,0.15877123410462884,0.5421686746987951,0.1420285200427373,0.6174698795180723,2.0,2.0,True,2021
1,7,17,11.0,17.0,3.0,8.0,8.0,8.0,16.0,23.0,5.0,9.0,7.0,8.0,0.09472115260788358,0.39869281045751637,0.16907458135915715,0.5645645645645646,2.0,1.0,True,2021
0,18,12,8.0,17.0,3.0,5.0,5.0,7.0,9.0,13.0,4.0,7.0,5.0,5.0,0.1420285200427373,0.6174698795180723,0.16701698728370307,0.5435435435435435,2.0,2.0,False,2021
0,17,7,16.0,23.0,5.0,9.0,7.0,8.0,11.0,17.0,3.0,8.0,8.0,8.0,0.16907458135915715,0.5645645645645646,0.11577692208630688,0.4006514657980456,1.0,2.0,False,2021
1,16,15,13.0,28.0,3.0,7.0,8.0,8.0,12.0,17.0,4.0,10.0,3.0,4.0,0.13594273966306952,0.40716612377850164,0.1474134236047712,0.419672131147541,2.0,2.0,True,2021
1,28,5,11.0,21.0,5.0,10.0,10.0,10.0,10.0,18.0,2.0,6.0,7.0,9.0,0.10243381338497701,0.3511705685618729,0.05728630520930013,0.5173501577287066,2.0,1.0,True,2021
0,4,22,14.0,18.0,2.0,7.0,11.0,16.0,10.0,19.0,8.0,12.0,4.0,6.0,0.14632728545477147,0.655786350148368,0.12051244061286652,0.5514018691588785,2.0,2.0,True,2021
0,10,9,7.0,15.0,4.0,7.0,4.0,6.0,9.0,14.0,4.0,7.0,5.0,6.0,0.04055751069146692,0.38924050632911394,0.14221092618484388,0.37209302325581395,2.0,1.0,False,2021
1,9,10,9.0,14.0,4.0,7.0,5.0,6.0,7.0,15.0,4.0,7.0,4.0,6.0,0.14221092618484388,0.37209302325581395,0.03244600855317354,0.38801261829652994,1.0,2.0,True,2021
1,22,4,10.0,19.0,8.0,12.0,4.0,6.0,14.0,18.0,2.0,7.0,11.0,16.0,0.12051244061286652,0.5514018691588785,0.15706182836381716,0.6568047337278107,2.0,2.0,False,2021
0,15,16,12.0,17.0,4.0,10.0,3.0,4.0,13.0,28.0,3.0,7.0,8.0,8.0,0.1474134236047712,0.419672131147541,0.14875419173045562,0.4090909090909091,2.0,2.0,False,2021
1,27,25,8.0,19.0,6.0,9.0,5.0,6.0,12.0,22.0,6.0,13.0,5.0,7.0,0.0943377715522942,0.3344594594594595,0.03813664857291964,0.64,2.0,2.0,True,2021
0,24,21,7.0,19.0,5.0,13.0,4.0,5.0,6.0,13.0,3.0,7.0,5.0,6.0,0.12325522057725151,0.6601307189542484,0.06675694839797648,0.4395973154362416,2.0,2.0,True,2021
1,21,24,6.0,13.0,3.0,7.0,5.0,6.0,7.0,19.0,5.0,13.0,4.0,5.0,0.06675694839797648,0.4395973154362416,0.1386041764618012,0.6623376623376623,2.0,2.0,False,2021
0,25,27,12.0,22.0,6.0,13.0,5.0,7.0,8.0,19.0,6.0,9.0,5.0,6.0,0.03813664857291964,0.64,0.11547021724183534,0.3367003367003367,2.0,2.0,False,2021
1,26,11,8.0,16.0,3.0,6.0,5.0,5.0,8.0,18.0,4.0,10.0,6.0,9.0,0.007234774127810563,0.5185185185185185,0.10545105474685539,0.6109422492401215,3.0,2.0,False,2021
0,15,16,10.0,18.0,3.0,12.0,6.0,8.0,9.0,19.0,4.0,6.0,5.0,6.0,0.11793073888381696,0.41830065359477125,0.14875419173045562,0.4090909090909091,1.0,1.0,False,2021
0,11,26,8.0,18.0,4.0,10.0,6.0,9.0,8.0,16.0,3.0,6.0,5.0,5.0,0.10545105474685539,0.6109422492401215,0.00578781930224845,0.5169230769230769,2.0,3.0,True,2021
1,14,3,7.0,18.0,3.0,11.0,8.0,8.0,8.0,19.0,2.0,10.0,8.0,8.0,0.09329661800347762,0.4290322580645161,0.04582485907896441,0.38125,2.0,2.0,True,2021
0,3,14,8.0,19.0,2.0,10.0,8.0,8.0,7.0,18.0,3.0,11.0,8.0,8.0,0.04582485907896441,0.38125,0.1146372944027821,0.43086816720257237,2.0,2.0,False,2021
1,18,10,7.0,10.0,4.0,7.0,6.0,6.0,9.0,12.0,3.0,5.0,4.0,7.0,0.11362281603418985,0.6156156156156156,0.03244600855317354,0.38801261829652994,1.0,1.0,True,2021
0,10,18,9.0,12.0,3.0,5.0,4.0,7.0,7.0,10.0,4.0,7.0,6.0,6.0,0.03244600855317354,0.38801261829652994,0.13089825282735187,0.6167664670658682,1.0,1.0,False,2021
0,8,0,11.0,24.0,4.0,8.0,5.0,8.0,12.0,22.0,7.0,13.0,10.0,11.0,0.07339623722368038,0.4666666666666667,0.16057521336985353,0.5441176470588235,2.0,3.0,False,2021
1,19,20,8.0,18.0,4.0,10.0,5.0,6.0,9.0,14.0,2.0,7.0,6.0,7.0,0.033506168549325165,0.39473684210526316,0.13509701253703407,0.611764705882353,3.0,1.0,False,2021
1,0,8,12.0,22.0,7.0,13.0,10.0,11.0,11.0,24.0,4.0,8.0,5.0,8.0,0.16057521336985353,0.5441176470588235,0.05871698977894431,0.4651898734177215,3.0,2.0,True,2021
0,20,19,9.0,14.0,2.0,7.0,6.0,7.0,8.0,18.0,4.0,10.0,5.0,6.0,0.13509701253703407,0.611764705882353,0.026804934839460132,0.39344262295081966,1.0,3.0,True,2021
1,13,25,9.0,19.0,4.0,8.0,5.0,6.0,12.0,21.0,5.0,12.0,3.0,4.0,0.1475536283035654,0.45222929936305734,0.03050931885833571,0.6381766381766382,2.0,1.0,True,2021
0,24,1,9.0,19.0,3.0,9.0,3.0,4.0,8.0,14.0,3.0,7.0,7.0,10.0,0.1386041764618012,0.6623376623376623,0.011395107506298045,0.5780346820809249,1.0,2.0,False,2021
0,25,13,12.0,21.0,5.0,12.0,3.0,4.0,9.0,19.0,4.0,8.0,5.0,6.0,0.03050931885833571,0.6381766381766382,0.1580429026428523,0.45396825396825397,1.0,2.0,False,2021
1,1,24,8.0,14.0,3.0,7.0,7.0,10.0,9.0,19.0,3.0,9.0,3.0,4.0,0.011395107506298045,0.5780346820809249,0.11088334116944096,0.6580645161290323,2.0,1.0,True,2021
1,16,15,9.0,19.0,4.0,6.0,5.0,6.0,10.0,18.0,3.0,12.0,6.0,8.0,0.14875419173045562,0.4090909090909091,0.09434459110705357,0.4169381107491857,1.0,1.0,True,2021
1,23,2,9.0,19.0,1.0,9.0,6.0,7.0,8.0,21.0,5.0,11.0,6.0,6.0,0.09563137839206008,0.4105960264900662,0.0481564812230062,0.5863453815261044,2.0,3.0,False,2021
1,5,7,7.0,15.0,2.0,7.0,5.0,6.0,10.0,18.0,3.0,8.0,7.0,7.0,0.05728630520930013,0.5173501577287066,0.11577692208630688,0.4006514657980456,2.0,2.0,False,2021
0,7,5,10.0,18.0,3.0,8.0,7.0,7.0,7.0,15.0,2.0,7.0,5.0,6.0,0.11577692208630688,0.4006514657980456,0.0458290441674401,0.5157232704402516,2.0,2.0,True,2021
1,28,21,12.0,25.0,5.0,10.0,5.0,8.0,12.0,21.0,5.0,12.0,8.0,8.0,0.12194705070798162,0.35333333333333333,0.05340555871838119,0.43812709030100333,2.0,2.0,True,2021
1,22,29,11.0,23.0,3.0,9.0,4.0,6.0,11.0,22.0,3.0,6.0,9.0,10.0,0.09640995249029322,0.5496894409937888,0.12218192898479971,0.5521472392638037,2.0,3.0,False,2021
0,2,23,8.0,21.0,5.0,11.0,6.0,6.0,9.0,19.0,1.0,9.0,6.0,7.0,0.0481564812230062,0.5863453815261044,0.07650510271364806,0.40924092409240925,3.0,2.0,True,2021
0,12,4,13.0,18.0,5.0,12.0,2.0,2.0,9.0,17.0,5.0,8.0,4.0,6.0,0.16701698728370307,0.5435435435435435,0.15706182836381716,0.6568047337278107,2.0,2.0,False,2021
1,4,12,9.0,17.0,5.0,8.0,4.0,6.0,13.0,18.0,5.0,12.0,2.0,2.0,0.15706182836381716,0.6568047337278107,0.13361358982696245,0.5419161676646707,2.0,2.0,True,2021
0,27,6,9.0,18.0,4.0,8.0,4.0,4.0,9.0,17.0,5.0,7.0,3.0,4.0,0.11547021724183534,0.3367003367003367,0.13088708665055154,0.48253968253968255,2.0,3.0,False,2021
0,21,28,12.0,21.0,5.0,12.0,8.0,8.0,12.0,25.0,5.0,10.0,5.0,8.0,0.05340555871838119,0.43812709030100333,0.13755764056638528,0.3554817275747508,2.0,2.0,False,2021
0,29,22,11.0,22.0,3.0,6.0,9.0,10.0,11.0,23.0,3.0,9.0,4.0,6.0,0.12218192898479971,0.5521472392638037,0.07712796199223457,0.5479876160990712,3.0,2.0,True,2021
1,6,27,9.0,17.0,5.0,7.0,3.0,4.0,9.0,18.0,4.0,8.0,4.0,4.0,0.13088708665055154,0.48253968253968255,0.09237617379346827,0.33557046979865773,3.0,2.0,True,2021
1,15,11,9.0,14.0,2.0,7.0,2.0,3.0,11.0,20.0,6.0,12.0,6.0,6.0,0.09434459110705357,0.4169381107491857,0.12436084379748431,0.6121212121212121,2.0,2.0,False,2021
0,24,26,7.0,21.0,2.0,8.0,4.0,5.0,12.0,21.0,6.0,9.0,3.0,6.0,0.11088334116944096,0.6580645161290323,0.00578781930224845,0.5169230769230769,2.0,2.0,False,2021
1,14,21,9.0,27.0,3.0,11.0,9.0,12.0,8.0,21.0,3.0,9.0,5.0,6.0,0.1146372944027821,0.43086816720257237,0.04272444697470495,0.43666666666666665,2.0,1.0,True,2021
1,25,22,9.0,22.0,5.0,13.0,9.0,11.0,12.0,18.0,5.0,8.0,6.0,9.0,0.024407455086668566,0.6363636363636364,0.07712796199223457,0.5479876160990712,2.0,1.0,False,2021
0,22,25,12.0,18.0,5.0,8.0,6.0,9.0,9.0,22.0,5.0,13.0,9.0,11.0,0.07712796199223457,0.5479876160990712,0.019525964069334854,0.6345609065155807,1.0,2.0,True,2021
0,7,5,9.0,22.0,3.0,8.0,2.0,2.0,8.0,14.0,2.0,5.0,6.0,7.0,0.1326215376690455,0.4025974025974026,0.0458290441674401,0.5157232704402516,1.0,1.0,True,2021
1,5,7,8.0,14.0,2.0,5.0,6.0,7.0,9.0,22.0,3.0,8.0,2.0,2.0,0.0458290441674401,0.5157232704402516,0.1460972301352364,0.4045307443365696,1.0,1.0,False,2021
1,8,29,8.0,15.0,4.0,8.0,3.0,5.0,11.0,22.0,2.0,6.0,4.0,6.0,0.05871698977894431,0.4651898734177215,0.13774554318783977,0.5535168195718655,2.0,1.0,False,2021
0,20,17,9.0,17.0,4.0,8.0,4.0,4.0,9.0,17.0,5.0,9.0,6.0,6.0,0.14807761002962727,0.6129032258064516,0.13525966508732573,0.562874251497006,2.0,3.0,False,2021
1,18,10,11.0,19.0,4.0,10.0,5.0,6.0,10.0,25.0,3.0,9.0,14.0,14.0,0.13089825282735187,0.6167664670658682,0.025956806842538833,0.3867924528301887,2.0,2.0,True,2021
0,10,18,10.0,25.0,3.0,9.0,14.0,14.0,11.0,19.0,4.0,10.0,5.0,6.0,0.025956806842538833,0.3867924528301887,0.14471860226188152,0.6179104477611941,2.0,2.0,False,2021
1,26,24,12.0,21.0,6.0,9.0,3.0,6.0,7.0,21.0,2.0,8.0,4.0,5.0,0.00578781930224845,0.5169230769230769,0.08870667293555276,0.6538461538461539,2.0,2.0,True,2021
1,28,2,7.0,17.0,5.0,7.0,8.0,10.0,7.0,13.0,3.0,8.0,5.0,6.0,0.13755764056638528,0.3554817275747508,0.07852518497840497,0.588,1.0,1.0,True,2021
0,11,15,11.0,20.0,6.0,12.0,6.0,6.0,9.0,14.0,2.0,7.0,2.0,3.0,0.12436084379748431,0.6121212121212121,0.07547567288564286,0.4155844155844156,2.0,2.0,True,2021
1,17,20,9.0,17.0,5.0,9.0,6.0,6.0,9.0,17.0,4.0,8.0,4.0,4.0,0.13525966508732573,0.562874251497006,0.11846208802370181,0.6111111111111112,3.0,2.0,True,2021
0,21,14,8.0,21.0,3.0,9.0,5.0,6.0,9.0,27.0,3.0,11.0,9.0,12.0,0.04272444697470495,0.43666666666666665,0.13170983552222568,0.4326923076923077,1.0,2.0,False,2021
0,1,9,6.0,19.0,6.0,18.0,8.0,8.0,10.0,13.0,2.0,6.0,6.0,8.0,0.04911608600503843,0.579250720461095,0.1537687409478751,0.3741721854304636,2.0,3.0,False,2021
0,2,28,7.0,13.0,3.0,8.0,5.0,6.0,7.0,17.0,5.0,7.0,8.0,10.0,0.07852518497840497,0.588,0.15004611245310823,0.3576158940397351,1.0,1.0,False,2021
1,9,1,10.0,13.0,2.0,6.0,6.0,8.0,6.0,19.0,6.0,18.0,8.0,8.0,0.1537687409478751,0.3741721854304636,0.039292868804030746,0.5775862068965517,3.0,2.0,True,2021
0,3,6,7.0,16.0,4.0,9.0,5.0,9.0,8.0,16.0,4.0,7.0,6.0,6.0,0.03665988726317153,0.38006230529595014,0.14470966932044124,0.48417721518987344,2.0,1.0,False,2021
1,19,12,7.0,21.0,4.0,15.0,6.0,9.0,10.0,16.0,4.0,11.0,5.0,7.0,0.026804934839460132,0.39344262295081966,0.13361358982696245,0.5419161676646707,2.0,1.0,False,2021
1,27,4,8.0,15.0,4.0,9.0,4.0,6.0,14.0,23.0,4.0,8.0,10.0,12.0,0.09237617379346827,0.33557046979865773,0.16564946269105374,0.6578171091445427,1.0,1.0,True,2021
0,4,27,14.0,23.0,4.0,8.0,10.0,12.0,8.0,15.0,4.0,9.0,4.0,6.0,0.16564946269105374,0.6578171091445427,0.11390093903477463,0.3377926421404682,1.0,1.0,False,2021
1,6,3,8.0,16.0,4.0,7.0,6.0,6.0,7.0,16.0,4.0,9.0,5.0,9.0,0.14470966932044124,0.48417721518987344,0.029327909810537223,0.37888198757763975,1.0,2.0,True,2021
0,16,0,12.0,21.0,2.0,7.0,5.0,7.0,16.0,36.0,9.0,22.0,6.0,6.0,0.1590033533843645,0.4110032362459547,0.16846017069588282,0.5507246376811594,2.0,2.0,False,2021
0,13,23,6.0,14.0,4.0,7.0,4.0,5.0,10.0,21.0,5.0,9.0,10.0,11.0,0.1580429026428523,0.45396825396825397,0.07650510271364806,0.40924092409240925,2.0,1.0,False,2021
1,23,13,10.0,21.0,5.0,9.0,10.0,11.0,6.0,14.0,4.0,7.0,4.0,5.0,0.07650510271364806,0.40924092409240925,0.12643432211428185,0.4525316455696203,1.0,2.0,True,2021
0,12,19,10.0,16.0,4.0,11.0,5.0,7.0,7.0,21.0,4.0,15.0,6.0,9.0,0.13361358982696245,0.5419161676646707,0.021443947871568107,0.39215686274509803,1.0,2.0,True,2021
0,29,8,11.0,22.0,2.0,6.0,4.0,6.0,8.0,15.0,4.0,8.0,3.0,5.0,0.13774554318783977,0.5535168195718655,0.04697359182315545,0.4637223974763407,1.0,2.0,True,2021
1,0,16,16.0,36.0,9.0,22.0,6.0,6.0,12.0,21.0,2.0,7.0,5.0,7.0,0.16846017069588282,0.5507246376811594,0.1272026827074916,0.4096774193548387,2.0,2.0,True,2021
0,14,2,10.0,25.0,1.0,7.0,8.0,8.0,14.0,32.0,6.0,14.0,17.0,17.0,0.13170983552222568,0.4326923076923077,0.06282014798272398,0.5856573705179283,2.0,2.0,False,2021
1,2,14,14.0,32.0,6.0,14.0,17.0,17.0,10.0,25.0,1.0,7.0,8.0,8.0,0.06282014798272398,0.5856573705179283,0.10536786841778054,0.43130990415335463,2.0,2.0,True,2021
1,22,21,10.0,15.0,4.0,6.0,6.0,8.0,10.0,20.0,3.0,9.0,4.0,6.0,0.10170236959378767,0.5493827160493827,0.03417955757976396,0.43521594684385384,2.0,2.0,True,2021
0,21,22,10.0,20.0,3.0,9.0,4.0,6.0,10.0,15.0,4.0,6.0,6.0,8.0,0.03417955757976396,0.43521594684385384,0.12136189567503013,0.5507692307692308,2.0,2.0,False,2021
0,0,29,12.0,23.0,6.0,9.0,7.0,8.0,10.0,24.0,2.0,6.0,6.0,9.0,0.17476813655670626,0.5571428571428572,0.15019643455027182,0.5548780487804879,3.0,3.0,False,2021
1,29,0,10.0,24.0,2.0,6.0,6.0,9.0,12.0,23.0,6.0,9.0,7.0,8.0,0.15019643455027182,0.5548780487804879,0.139814509245365,0.5492957746478874,3.0,3.0,True,2021
0,5,16,8.0,21.0,3.0,7.0,10.0,11.0,10.0,21.0,2.0,5.0,4.0,6.0,0.036663235333952084,0.5141065830721003,0.1272026827074916,0.4096774193548387,3.0,3.0,False,2021
1,16,5,10.0,21.0,2.0,5.0,4.0,6.0,8.0,21.0,3.0,7.0,10.0,11.0,0.1272026827074916,0.4096774193548387,0.029330588267161666,0.5125,3.0,3.0,True,2021
1,14,22,9.0,17.0,4.0,7.0,6.0,9.0,9.0,23.0,4.0,9.0,6.0,6.0,0.10536786841778054,0.43130990415335463,0.12136189567503013,0.5507692307692308,2.0,2.0,True,2021
0,22,14,9.0,23.0,4.0,9.0,6.0,6.0,9.0,17.0,4.0,7.0,6.0,9.0,0.12136189567503013,0.5507692307692308,0.12429429473422444,0.43312101910828027,2.0,2.0,False,2021
0,16,0,14.0,29.0,5.0,10.0,7.0,8.0,13.0,28.0,6.0,15.0,7.0,7.0,0.14176214616599328,0.4115755627009646,0.139814509245365,0.5492957746478874,2.0,2.0,True,2021
1,0,16,13.0,28.0,6.0,15.0,7.0,7.0,14.0,29.0,5.0,10.0,7.0,8.0,0.139814509245365,0.5492957746478874,0.15340971693279462,0.41346153846153844,2.0,2.0,False,2021
1,6,2,11.0,25.0,2.0,8.0,11.0,12.0,6.0,20.0,3.0,8.0,9.0,11.0,0.155767735456353,0.48580441640378547,0.09025611838617917,0.5873015873015873,6.0,4.0,True,2021
0,17,20,10.0,25.0,5.0,12.0,9.0,9.0,14.0,27.0,3.0,10.0,3.0,4.0,0.14820773206986057,0.564179104477612,0.11846208802370181,0.6111111111111112,6.0,6.0,True,2021
0,13,24,11.0,24.0,5.0,11.0,7.0,8.0,9.0,22.0,3.0,8.0,7.0,9.0,0.12643432211428185,0.4525316455696203,0.08870667293555276,0.6538461538461539,6.0,6.0,True,2021
0,12,4,10.0,22.0,7.0,13.0,7.0,10.0,10.0,27.0,3.0,9.0,7.0,13.0,0.14689087186156996,0.5432835820895522,0.132519570152843,0.6558823529411765,6.0,6.0,False,2021
1,4,12,10.0,27.0,3.0,9.0,7.0,13.0,10.0,22.0,7.0,13.0,7.0,10.0,0.132519570152843,0.6558823529411765,0.11751269748925597,0.5416666666666666,6.0,6.0,True,2021
1,24,13,9.0,22.0,3.0,8.0,7.0,9.0,11.0,24.0,5.0,11.0,7.0,8.0,0.08870667293555276,0.6538461538461539,0.14114745769142548,0.45425867507886436,6.0,6.0,False,2021
1,20,17,14.0,27.0,3.0,10.0,3.0,4.0,10.0,25.0,5.0,12.0,9.0,9.0,0.11846208802370181,0.6111111111111112,0.15856618565588848,0.5654761904761905,6.0,6.0,False,2021
0,2,6,6.0,20.0,3.0,8.0,9.0,11.0,11.0,25.0,2.0,8.0,11.0,12.0,0.09025611838617917,0.5873015873015873,0.1646141883650824,0.48742138364779874,4.0,6.0,False,2021
0,29,7,6.0,16.0,3.0,7.0,4.0,6.0,13.0,26.0,3.0,7.0,5.0,6.0,0.16015714764021743,0.5562310030395137,0.1460972301352364,0.4045307443365696,4.0,7.0,False,2021
1,7,29,13.0,26.0,3.0,7.0,5.0,6.0,6.0,16.0,3.0,7.0,4.0,6.0,0.1460972301352364,0.4045307443365696,0.12812571811217394,0.5545454545454546,7.0,4.0,True,2021
0,16,11,13.0,26.0,2.0,5.0,4.0,6.0,8.0,18.0,4.0,11.0,9.0,9.0,0.15340971693279462,0.41346153846153844,0.13948867503798745,0.6132930513595166,2.0,7.0,True,2021
1,28,9,9.0,23.0,3.0,6.0,6.0,8.0,11.0,23.0,4.0,9.0,9.0,9.0,0.15004611245310823,0.3576158940397351,0.16301499275830006,0.37623762376237624,7.0,7.0,False,2021
1,18,14,15.0,29.0,3.0,9.0,12.0,13.0,13.0,23.0,4.0,8.0,6.0,7.0,0.14471860226188152,0.6179104477611941,0.12429429473422444,0.43312101910828027,7.0,3.0,True,2021
0,14,18,13.0,23.0,4.0,8.0,6.0,7.0,15.0,29.0,3.0,9.0,12.0,13.0,0.12429429473422444,0.43312101910828027,0.15577488180950522,0.6190476190476191,3.0,7.0,False,2021
0,9,28,11.0,23.0,4.0,9.0,9.0,9.0,9.0,23.0,3.0,6.0,6.0,8.0,0.16301499275830006,0.37623762376237624,0.12003688996248658,0.3564356435643564,7.0,7.0,True,2021
1,11,16,8.0,18.0,4.0,11.0,9.0,9.0,13.0,26.0,2.0,5.0,4.0,6.0,0.13948867503798745,0.6132930513595166,0.16272777354623572,0.41533546325878595,7.0,2.0,False,2021
0,12,4,8.0,14.0,2.0,6.0,7.0,9.0,12.0,23.0,6.0,9.0,6.0,7.0,0.11751269748925597,0.5416666666666666,0.14601565612227438,0.656891495601173,2.0,2.0,False,2021
1,4,12,12.0,23.0,6.0,9.0,6.0,7.0,8.0,14.0,2.0,6.0,7.0,9.0,0.14601565612227438,0.656891495601173,0.09401015799140477,0.5400593471810089,2.0,2.0,True,2021
0,17,20,11.0,24.0,9.0,16.0,11.0,13.0,15.0,20.0,3.0,6.0,6.0,6.0,0.15856618565588848,0.5654761904761905,0.09476967041896145,0.60932944606414,2.0,2.0,False,2021
1,20,17,15.0,20.0,3.0,6.0,6.0,6.0,11.0,24.0,9.0,16.0,11.0,13.0,0.09476967041896145,0.60932944606414,0.1268529485247108,0.5637982195845698,2.0,2.0,True,2021
0,29,7,9.0,16.0,4.0,9.0,18.0,21.0,11.0,17.0,3.0,7.0,17.0,17.0,0.12812571811217394,0.5545454545454546,0.15687778410818912,0.4064516129032258,2.0,2.0,True,2021
1,24,13,14.0,22.0,4.0,8.0,9.0,10.0,16.0,29.0,6.0,13.0,4.0,8.0,0.07096533834844221,0.6496815286624203,0.14114745769142548,0.45425867507886436,3.0,3.0,False,2021
1,7,29,11.0,17.0,3.0,7.0,17.0,17.0,9.0,16.0,4.0,9.0,18.0,21.0,0.15687778410818912,0.4064516129032258,0.14250057448973916,0.5558912386706949,2.0,2.0,False,2021
1,6,2,9.0,14.0,7.0,10.0,8.0,8.0,7.0,13.0,5.0,8.0,7.0,8.0,0.1646141883650824,0.48742138364779874,0.07220489470894334,0.5849802371541502,3.0,3.0,True,2021
0,2,6,7.0,13.0,5.0,8.0,7.0,8.0,9.0,14.0,7.0,10.0,8.0,8.0,0.07220489470894334,0.5849802371541502,0.17169135069206592,0.4890282131661442,3.0,3.0,False,2021
0,13,24,16.0,29.0,6.0,13.0,4.0,8.0,14.0,22.0,4.0,8.0,9.0,10.0,0.14114745769142548,0.45425867507886436,0.05677227067875377,0.6455696202531646,3.0,3.0,True,2021
1,11,16,9.0,19.0,5.0,10.0,7.0,8.0,15.0,26.0,2.0,7.0,15.0,20.0,0.11159094003038997,0.6114457831325302,0.16272777354623572,0.41533546325878595,3.0,3.0,True,2021
1,18,14,11.0,15.0,3.0,4.0,4.0,6.0,14.0,28.0,1.0,6.0,6.0,10.0,0.15577488180950522,0.6190476190476191,0.09943543578737955,0.43174603174603177,3.0,3.0,True,2021
0,16,11,15.0,26.0,2.0,7.0,15.0,20.0,9.0,19.0,5.0,10.0,7.0,8.0,0.16272777354623572,0.41533546325878595,0.12927275202431196,0.6126126126126126,3.0,3.0,False,2021
0,9,28,11.0,21.0,4.0,13.0,9.0,11.0,9.0,21.0,4.0,7.0,6.0,6.0,0.17041199420664008,0.3782894736842105,0.12003688996248658,0.3564356435643564,3.0,3.0,False,2021
0,14,18,14.0,28.0,1.0,6.0,6.0,10.0,11.0,15.0,3.0,4.0,4.0,6.0,0.09943543578737955,0.43174603174603177,0.1646199054476042,0.6201780415430267,3.0,3.0,False,2021
1,28,9,9.0,21.0,4.0,7.0,6.0,6.0,11.0,21.0,4.0,13.0,9.0,11.0,0.12003688996248658,0.3564356435643564,0.13632959536531206,0.3770491803278688,3.0,3.0,True,2021
0,20,17,12.0,24.0,5.0,10.0,8.0,8.0,15.0,31.0,5.0,16.0,3.0,4.0,0.11581573633516914,0.6104651162790697,0.1268529485247108,0.5637982195845698,3.0,3.0,True,2021
0,7,29,11.0,19.0,3.0,7.0,6.0,7.0,11.0,22.0,2.0,8.0,12.0,14.0,0.1255022272865513,0.40514469453376206,0.14250057448973916,0.5558912386706949,2.0,2.0,False,2021
1,29,7,11.0,22.0,2.0,8.0,12.0,14.0,11.0,19.0,3.0,7.0,6.0,7.0,0.14250057448973916,0.5558912386706949,0.10040178182924105,0.40384615384615385,2.0,2.0,True,2021
0,4,12,8.0,16.0,3.0,9.0,5.0,7.0,7.0,17.0,3.0,6.0,3.0,4.0,0.15681252489781952,0.6578947368421053,0.09401015799140477,0.5400593471810089,3.0,3.0,True,2021
1,12,4,7.0,17.0,3.0,6.0,3.0,4.0,8.0,16.0,3.0,9.0,5.0,7.0,0.09401015799140477,0.5400593471810089,0.16545001991825561,0.6588921282798834,3.0,3.0,False,2021
1,17,20,15.0,31.0,5.0,16.0,3.0,4.0,12.0,24.0,5.0,10.0,8.0,8.0,0.1268529485247108,0.5637982195845698,0.13265258906813532,0.6115942028985507,3.0,3.0,False,2021
1,9,28,8.0,19.0,4.0,6.0,3.0,4.0,13.0,21.0,3.0,7.0,10.0,12.0,0.13632959536531206,0.3770491803278688,0.13602951196998928,0.35855263157894735,2.0,2.0,True,2021
1,2,6,16.0,30.0,5.0,11.0,13.0,15.0,13.0,24.0,7.0,12.0,12.0,13.0,0.05776391576715467,0.5826771653543307,0.17169135069206592,0.4890282131661442,3.0,3.0,True,2021
0,24,13,13.0,18.0,4.0,10.0,7.0,7.0,15.0,28.0,7.0,13.0,7.0,13.0,0.05677227067875377,0.6455696202531646,0.15291796615314038,0.4559748427672956,3.0,3.0,True,2021
0,28,9,13.0,21.0,3.0,7.0,10.0,12.0,8.0,19.0,4.0,6.0,3.0,4.0,0.13602951196998928,0.35855263157894735,0.14906367629224965,0.3790849673202614,2.0,2.0,False,2021
0,6,2,13.0,24.0,7.0,12.0,12.0,13.0,16.0,30.0,5.0,11.0,13.0,15.0,0.17169135069206592,0.4890282131661442,0.08621113261372373,0.5843137254901961,3.0,3.0,False,2021
1,13,24,15.0,28.0,7.0,13.0,7.0,13.0,13.0,18.0,4.0,10.0,7.0,7.0,0.15291796615314038,0.4559748427672956,0.08541781654300301,0.6477987421383647,3.0,3.0,False,2021
0,20,17,7.0,18.0,3.0,10.0,4.0,5.0,11.0,19.0,4.0,6.0,7.0,8.0,0.13265258906813532,0.6115942028985507,0.10148235881976864,0.5621301775147929,2.0,2.0,False,2021
1,17,20,11.0,19.0,4.0,6.0,7.0,8.0,7.0,18.0,3.0,10.0,4.0,5.0,0.10148235881976864,0.5621301775147929,0.10612207125450826,0.6098265895953757,2.0,2.0,True,2021
1,14,18,10.0,26.0,3.0,8.0,5.0,6.0,14.0,18.0,5.0,9.0,5.0,7.0,0.07954834862990365,0.43037974683544306,0.1646199054476042,0.6201780415430267,3.0,3.0,False,2021
1,12,4,10.0,17.0,3.0,7.0,4.0,4.0,11.0,18.0,7.0,14.0,4.0,6.0,0.07520812639312383,0.5384615384615384,0.16545001991825561,0.6588921282798834,2.0,2.0,False,2021
0,18,14,14.0,18.0,5.0,9.0,5.0,7.0,10.0,26.0,3.0,8.0,5.0,6.0,0.1646199054476042,0.6201780415430267,0.06363867890392291,0.42902208201892744,3.0,3.0,True,2021
1,16,11,11.0,24.0,5.0,8.0,6.0,8.0,9.0,23.0,7.0,10.0,9.0,11.0,0.13018221883698858,0.4140127388535032,0.12927275202431196,0.6126126126126126,3.0,3.0,False,2021
0,11,16,9.0,23.0,7.0,10.0,9.0,11.0,11.0,24.0,5.0,8.0,6.0,8.0,0.12927275202431196,0.6126126126126126,0.10414577506959086,0.4126984126984127,3.0,3.0,True,2021
0,4,12,11.0,18.0,7.0,14.0,4.0,6.0,10.0,17.0,3.0,7.0,4.0,4.0,0.16545001991825561,0.6588921282798834,0.06016650111449906,0.5368731563421829,2.0,2.0,True,2021
0,7,29,7.0,15.0,3.0,8.0,6.0,7.0,10.0,21.0,3.0,7.0,4.0,7.0,0.10040178182924105,0.40384615384615385,0.15400045959179134,0.5572289156626506,3.0,3.0,True,2021
1,13,24,9.0,24.0,2.0,7.0,4.0,5.0,11.0,16.0,3.0,8.0,5.0,6.0,0.1223343729225123,0.45454545454545453,0.08541781654300301,0.6477987421383647,2.0,2.0,False,2021
1,29,7,10.0,21.0,3.0,7.0,4.0,7.0,7.0,15.0,3.0,8.0,6.0,7.0,0.15400045959179134,0.5572289156626506,0.12032142546339283,0.4057507987220447,3.0,3.0,False,2021
0,24,13,11.0,16.0,3.0,8.0,5.0,6.0,9.0,24.0,2.0,7.0,4.0,5.0,0.08541781654300301,0.6477987421383647,0.09786749833800984,0.453125,2.0,2.0,True,2021
0,6,2,14.0,24.0,6.0,12.0,11.0,11.0,10.0,22.0,3.0,9.0,17.0,17.0,0.13735308055365275,0.4875,0.08621113261372373,0.5843137254901961,2.0,2.0,True,2021
1,9,28,9.0,21.0,4.0,14.0,8.0,8.0,8.0,19.0,2.0,6.0,7.0,9.0,0.14906367629224965,0.3790849673202614,0.10882360957599142,0.35737704918032787,2.0,2.0,True,2021
0,28,9,8.0,19.0,2.0,6.0,7.0,9.0,9.0,21.0,4.0,14.0,8.0,8.0,0.10882360957599142,0.35737704918032787,0.15925094103379972,0.3811074918566775,2.0,2.0,False,2021
1,2,6,10.0,22.0,3.0,9.0,17.0,17.0,14.0,24.0,6.0,12.0,11.0,11.0,0.08621113261372373,0.5843137254901961,0.1498824644429222,0.48909657320872274,2.0,2.0,False,2021
1,14,18,9.0,23.0,3.0,6.0,13.0,16.0,8.0,24.0,3.0,8.0,5.0,11.0,0.06363867890392291,0.42902208201892744,0.17169592435808334,0.621301775147929,2.0,2.0,True,2021
0,11,16,8.0,22.0,4.0,9.0,12.0,13.0,9.0,21.0,3.0,10.0,7.0,8.0,0.14341820161944957,0.6137724550898204,0.10414577506959086,0.4126984126984127,2.0,2.0,True,2021
1,16,11,9.0,21.0,3.0,10.0,7.0,8.0,8.0,22.0,4.0,9.0,12.0,13.0,0.10414577506959086,0.4126984126984127,0.15473456129555968,0.6149253731343284,2.0,2.0,False,2021
0,18,14,8.0,24.0,3.0,8.0,5.0,11.0,9.0,23.0,3.0,6.0,13.0,16.0,0.17169592435808334,0.621301775147929,0.09091094312313833,0.4308176100628931,2.0,2.0,False,2021
1,20,17,14.0,31.0,4.0,9.0,10.0,11.0,17.0,24.0,12.0,17.0,9.0,10.0,0.10612207125450826,0.6098265895953757,0.1211858870558149,0.5634218289085545,3.0,3.0,True,2021
0,29,7,9.0,19.0,6.0,10.0,3.0,5.0,13.0,23.0,3.0,9.0,6.0,7.0,0.12320036767343308,0.5555555555555556,0.12032142546339283,0.4057507987220447,2.0,2.0,False,2021
0,17,20,17.0,24.0,12.0,17.0,9.0,10.0,14.0,31.0,4.0,9.0,10.0,11.0,0.1211858870558149,0.5634218289085545,0.1248976570036066,0.6109510086455331,3.0,3.0,False,2021
0,2,6,12.0,27.0,4.0,11.0,7.0,8.0,10.0,17.0,4.0,7.0,10.0,11.0,0.06896890609097898,0.58203125,0.1498824644429222,0.48909657320872274,2.0,2.0,False,2021
1,6,2,10.0,17.0,4.0,7.0,10.0,11.0,12.0,27.0,4.0,11.0,7.0,8.0,0.1498824644429222,0.48909657320872274,0.055175124872783185,0.5797665369649806,2.0,2.0,True,2021
1,7,29,13.0,23.0,3.0,9.0,6.0,7.0,9.0,19.0,6.0,10.0,3.0,5.0,0.12032142546339283,0.4057507987220447,0.09856029413874647,0.5538922155688623,2.0,2.0,True,2021
1,18,14,10.0,17.0,3.0,6.0,8.0,10.0,10.0,23.0,2.0,7.0,10.0,10.0,0.13735673948646668,0.6194690265486725,0.09091094312313833,0.4308176100628931,2.0,2.0,True,2021
0,14,18,10.0,23.0,2.0,7.0,10.0,10.0,10.0,17.0,3.0,6.0,8.0,10.0,0.09091094312313833,0.4308176100628931,0.14988539158917333,0.6205882352941177,2.0,2.0,False,2021
0,16,11,11.0,22.0,5.0,9.0,6.0,7.0,11.0,20.0,5.0,12.0,3.0,4.0,0.08331662005567268,0.41139240506329117,0.15473456129555968,0.6149253731343284,2.0,2.0,False,2021
1,28,9,8.0,21.0,4.0,9.0,5.0,6.0,10.0,28.0,3.0,11.0,13.0,15.0,0.08705888766079314,0.3562091503267974,0.15925094103379972,0.3811074918566775,3.0,3.0,False,2021
0,13,24,17.0,37.0,6.0,12.0,5.0,5.0,7.0,19.0,6.0,12.0,6.0,6.0,0.09786749833800984,0.453125,0.10833425323440242,0.65,3.0,3.0,True,2021
0,9,28,10.0,28.0,3.0,11.0,13.0,15.0,8.0,21.0,4.0,9.0,5.0,6.0,0.15925094103379972,0.3811074918566775,0.06964711012863452,0.3550488599348534,3.0,3.0,True,2021
1,24,13,7.0,19.0,6.0,12.0,6.0,6.0,17.0,37.0,6.0,12.0,5.0,5.0,0.10833425323440242,0.65,0.11829399867040788,0.45482866043613707,3.0,3.0,False,2021
1,11,16,11.0,20.0,5.0,12.0,3.0,4.0,11.0,22.0,5.0,9.0,6.0,7.0,0.15473456129555968,0.6149253731343284,0.06665329604453815,0.41009463722397477,2.0,2.0,True,2021
0,20,17,13.0,22.0,6.0,12.0,8.0,8.0,9.0,21.0,3.0,11.0,9.0,9.0,0.1248976570036066,0.6109510086455331,0.09694870964465192,0.5617647058823529,2.0,2.0,True,2021
1,29,7,11.0,26.0,3.0,10.0,6.0,6.0,15.0,22.0,8.0,10.0,9.0,9.0,0.09856029413874647,0.5538922155688623,0.1362571403707143,0.40764331210191085,2.0,2.0,False,2021
1,17,20,9.0,21.0,3.0,11.0,9.0,9.0,13.0,22.0,6.0,12.0,8.0,8.0,0.09694870964465192,0.5617647058823529,0.13991812560288527,0.6120689655172413,2.0,2.0,False,2021
0,7,29,15.0,22.0,8.0,10.0,9.0,9.0,11.0,26.0,3.0,10.0,6.0,6.0,0.1362571403707143,0.40764331210191085,0.07884823531099718,0.5522388059701493,2.0,2.0,True,2021
0,24,13,18.0,25.0,5.0,9.0,6.0,10.0,11.0,24.0,4.0,11.0,5.0,5.0,0.08666740258752194,0.6459627329192547,0.11829399867040788,0.45482866043613707,2.0,2.0,True,2021
1,13,24,11.0,24.0,4.0,11.0,5.0,5.0,18.0,25.0,5.0,9.0,6.0,10.0,0.11829399867040788,0.45482866043613707,0.10933392207001755,0.6481481481481481,2.0,2.0,False,2021
0,4,6,16.0,24.0,2.0,7.0,3.0,3.0,12.0,26.0,5.0,11.0,4.0,4.0,0.1723600159346045,0.6598837209302325,0.15990597155433775,0.4906832298136646,7.0,4.0,False,2021
1,6,4,12.0,26.0,5.0,11.0,4.0,4.0,16.0,24.0,2.0,7.0,3.0,3.0,0.15990597155433775,0.4906832298136646,0.1378880127476836,0.6579710144927536,4.0,7.0,True,2021
0,13,24,17.0,30.0,5.0,11.0,7.0,11.0,10.0,15.0,7.0,9.0,10.0,10.0,0.0946351989363263,0.453416149068323,0.10933392207001755,0.6481481481481481,2.0,2.0,False,2021
1,18,9,12.0,21.0,5.0,9.0,14.0,15.0,11.0,23.0,5.0,12.0,9.0,9.0,0.14988539158917333,0.6205882352941177,0.16740075282703976,0.38311688311688313,4.0,4.0,False,2021
0,9,18,11.0,23.0,5.0,12.0,9.0,9.0,12.0,21.0,5.0,9.0,14.0,15.0,0.16740075282703976,0.38311688311688313,0.11990831327133866,0.6187683284457478,4.0,4.0,True,2021
1,24,13,10.0,15.0,7.0,9.0,10.0,10.0,17.0,30.0,5.0,11.0,7.0,11.0,0.10933392207001755,0.6481481481481481,0.07570815914906104,0.4520123839009288,2.0,2.0,True,2021
1,7,20,9.0,14.0,4.0,9.0,4.0,6.0,10.0,23.0,3.0,8.0,2.0,2.0,0.14900571229657142,0.4095238095238095,0.13991812560288527,0.6120689655172413,4.0,4.0,True,2021
1,6,4,12.0,18.0,4.0,8.0,4.0,5.0,8.0,20.0,3.0,8.0,2.0,7.0,0.16792477724347019,0.49226006191950467,0.1378880127476836,0.6579710144927536,2.0,2.0,True,2021
0,20,7,10.0,23.0,3.0,8.0,2.0,2.0,9.0,14.0,4.0,9.0,4.0,6.0,0.13991812560288527,0.6120689655172413,0.15920456983725714,0.41139240506329117,4.0,4.0,False,2021
0,4,6,8.0,20.0,3.0,8.0,2.0,7.0,12.0,18.0,4.0,8.0,4.0,5.0,0.1378880127476836,0.6579710144927536,0.17433982179477617,0.49382716049382713,2.0,2.0,False,2021
1,11,24,16.0,30.0,6.0,15.0,7.0,9.0,9.0,19.0,4.0,9.0,9.0,10.0,0.1637876490364477,0.6160714285714286,0.12746713765601406,0.6503067484662577,6.0,2.0,True,2021
1,18,9,13.0,25.0,5.0,6.0,12.0,16.0,8.0,16.0,5.0,9.0,8.0,9.0,0.11990831327133866,0.6187683284457478,0.1739206022616318,0.3851132686084142,2.0,2.0,True,2021
0,24,11,9.0,19.0,4.0,9.0,9.0,10.0,16.0,30.0,6.0,15.0,7.0,9.0,0.12746713765601406,0.6503067484662577,0.17103011922915817,0.6172106824925816,2.0,6.0,False,2021
0,9,18,8.0,16.0,5.0,9.0,8.0,9.0,13.0,25.0,5.0,6.0,12.0,16.0,0.1739206022616318,0.3851132686084142,0.13592665061707093,0.6198830409356725,2.0,2.0,False,2021
1,7,20,6.0,14.0,3.0,8.0,4.0,4.0,9.0,17.0,3.0,9.0,5.0,6.0,0.15920456983725714,0.41139240506329117,0.11193450048230821,0.6103151862464183,2.0,2.0,True,2021
0,20,7,9.0,17.0,3.0,9.0,5.0,6.0,6.0,14.0,3.0,8.0,4.0,4.0,0.11193450048230821,0.6103151862464183,0.16736365586980573,0.41324921135646686,2.0,2.0,False,2021
0,6,4,11.0,28.0,3.0,8.0,5.0,6.0,14.0,31.0,3.0,8.0,8.0,9.0,0.17433982179477617,0.49382716049382713,0.11031041019814689,0.6560693641618497,3.0,3.0,False,2021
1,4,6,14.0,31.0,3.0,8.0,8.0,9.0,11.0,28.0,3.0,8.0,5.0,6.0,0.11031041019814689,0.6560693641618497,0.13947185743582094,0.49230769230769234,3.0,3.0,True,2021
0,24,11,11.0,19.0,4.0,8.0,9.0,9.0,15.0,29.0,6.0,12.0,5.0,7.0,0.10197371012481124,0.6463414634146342,0.17103011922915817,0.6172106824925816,2.0,2.0,False,2021
1,11,24,15.0,29.0,6.0,12.0,5.0,7.0,11.0,19.0,4.0,8.0,9.0,9.0,0.17103011922915817,0.6172106824925816,0.08157896809984899,0.6424242424242425,2.0,2.0,True,2021
1,20,7,13.0,29.0,4.0,7.0,5.0,9.0,11.0,23.0,4.0,7.0,7.0,7.0,0.08954760038584657,0.6085714285714285,0.16736365586980573,0.41324921135646686,2.0,2.0,False,2021
1,9,18,10.0,17.0,3.0,6.0,9.0,9.0,10.0,16.0,3.0,6.0,12.0,16.0,0.13913648180930543,0.38387096774193546,0.13592665061707093,0.6198830409356725,3.0,3.0,False,2021
0,7,20,11.0,23.0,4.0,7.0,7.0,7.0,13.0,29.0,4.0,7.0,5.0,9.0,0.16736365586980573,0.41324921135646686,0.07163808030867726,0.6068376068376068,2.0,2.0,True,2021
0,18,9,10.0,16.0,3.0,6.0,12.0,16.0,10.0,17.0,3.0,6.0,9.0,9.0,0.13592665061707093,0.6198830409356725,0.11130918544744435,0.38263665594855306,3.0,3.0,True,2021
1,24,11,14.0,24.0,6.0,10.0,5.0,5.0,11.0,24.0,5.0,9.0,4.0,5.0,0.08157896809984899,0.6424242424242425,0.17682409538332658,0.6183431952662722,2.0,2.0,True,2021
0,11,24,11.0,24.0,5.0,9.0,4.0,5.0,14.0,24.0,6.0,10.0,5.0,5.0,0.17682409538332658,0.6183431952662722,0.10526317447987918,0.6445783132530121,2.0,2.0,False,2021
0,6,4,9.0,25.0,2.0,8.0,9.0,10.0,14.0,26.0,3.0,8.0,5.0,10.0,0.13947185743582094,0.49230769230769234,0.12824832815851753,0.6570605187319885,3.0,3.0,False,2021
1,4,6,14.0,26.0,3.0,8.0,5.0,10.0,9.0,25.0,2.0,8.0,9.0,10.0,0.12824832815851753,0.6570605187319885,0.11157748594865675,0.49079754601226994,3.0,3.0,True,2021
0,7,20,14.0,25.0,2.0,8.0,10.0,11.0,9.0,21.0,4.0,9.0,4.0,4.0,0.17389092469584458,0.41509433962264153,0.07163808030867726,0.6068376068376068,2.0,2.0,True,2021
1,20,7,9.0,21.0,4.0,9.0,4.0,4.0,14.0,25.0,2.0,8.0,10.0,11.0,0.07163808030867726,0.6068376068376068,0.17911273975667566,0.4169278996865204,2.0,2.0,False,2021
0,11,24,9.0,26.0,6.0,15.0,13.0,15.0,9.0,20.0,5.0,10.0,10.0,13.0,0.14145927630666127,0.616519174041298,0.10526317447987918,0.6445783132530121,2.0,2.0,False,2021
1,24,11,9.0,20.0,5.0,10.0,10.0,13.0,9.0,26.0,6.0,15.0,13.0,15.0,0.10526317447987918,0.6445783132530121,0.11316742104532902,0.6147058823529412,2.0,2.0,True,2021
0,18,9,8.0,20.0,3.0,6.0,8.0,8.0,9.0,26.0,4.0,13.0,6.0,8.0,0.14874132049365674,0.6209912536443148,0.11130918544744435,0.38263665594855306,3.0,3.0,False,2021
1,9,18,9.0,26.0,4.0,13.0,6.0,8.0,8.0,20.0,3.0,6.0,8.0,8.0,0.11130918544744435,0.38263665594855306,0.11899305639492538,0.6191860465116279,3.0,3.0,True,2021
0,4,6,14.0,22.0,3.0,10.0,6.0,7.0,16.0,23.0,7.0,9.0,13.0,16.0,0.14259866252681402,0.6580459770114943,0.11157748594865675,0.49079754601226994,2.0,2.0,False,2021
1,6,4,16.0,23.0,7.0,9.0,13.0,16.0,14.0,22.0,3.0,10.0,6.0,7.0,0.11157748594865675,0.49079754601226994,0.11407893002145122,0.6561604584527221,2.0,2.0,True,2021
0,9,18,10.0,23.0,3.0,6.0,17.0,19.0,13.0,20.0,7.0,12.0,11.0,14.0,0.12904734835795548,0.38461538461538464,0.11899305639492538,0.6191860465116279,2.0,2.0,True,2021
1,18,9,13.0,20.0,7.0,12.0,11.0,14.0,10.0,23.0,3.0,6.0,17.0,19.0,0.11899305639492538,0.6191860465116279,0.1432378786863644,0.3865814696485623,2.0,2.0,False,2021
0,24,11,12.0,22.0,3.0,9.0,10.0,11.0,10.0,20.0,9.0,17.0,5.0,8.0,0.12421053958390335,0.6467065868263473,0.11316742104532902,0.6147058823529412,2.0,2.0,True,2021
1,11,24,10.0,20.0,9.0,17.0,5.0,8.0,12.0,22.0,3.0,9.0,10.0,11.0,0.11316742104532902,0.6147058823529412,0.1393684316671227,0.6488095238095238,2.0,2.0,False,2021
1,4,6,12.0,21.0,5.0,10.0,11.0,12.0,15.0,30.0,3.0,8.0,3.0,5.0,0.11407893002145122,0.6561604584527221,0.12926198875892542,0.4923547400611621,2.0,2.0,True,2021
0,6,4,15.0,30.0,3.0,8.0,3.0,5.0,12.0,21.0,5.0,10.0,11.0,12.0,0.12926198875892542,0.4923547400611621,0.13126314401716097,0.6571428571428571,2.0,2.0,False,2021
0,11,24,12.0,27.0,9.0,15.0,6.0,9.0,15.0,24.0,7.0,10.0,6.0,7.0,0.09053393683626322,0.6129032258064516,0.1393684316671227,0.6488095238095238,2.0,2.0,False,2021
0,18,9,9.0,24.0,6.0,9.0,5.0,8.0,13.0,30.0,5.0,10.0,4.0,6.0,0.0951944451159403,0.6173913043478261,0.1432378786863644,0.3865814696485623,2.0,2.0,True,2021
1,24,11,15.0,24.0,7.0,10.0,6.0,7.0,12.0,27.0,9.0,15.0,6.0,9.0,0.1393684316671227,0.6488095238095238,0.07242714946901058,0.6111111111111112,2.0,2.0,True,2021
1,9,18,13.0,30.0,5.0,10.0,4.0,6.0,9.0,24.0,6.0,9.0,5.0,8.0,0.1432378786863644,0.3865814696485623,0.11615555609275226,0.6184971098265896,2.0,2.0,False,2021
0,4,6,15.0,26.0,3.0,9.0,8.0,14.0,17.0,36.0,4.0,12.0,10.0,11.0,0.13126314401716097,0.6571428571428571,0.10340959100714034,0.49085365853658536,2.0,2.0,True,2021
1,6,4,17.0,36.0,4.0,12.0,10.0,11.0,15.0,26.0,3.0,9.0,8.0,14.0,0.10340959100714034,0.49085365853658536,0.1450105152137288,0.6581196581196581,2.0,2.0,False,2021
0,9,18,10.0,23.0,3.0,11.0,9.0,11.0,11.0,24.0,3.0,7.0,7.0,10.0,0.11459030294909152,0.3853503184713376,0.11615555609275226,0.6184971098265896,2.0,2.0,True,2021
1,18,9,11.0,24.0,3.0,7.0,7.0,10.0,10.0,23.0,3.0,11.0,9.0,11.0,0.11615555609275226,0.6184971098265896,0.13167224235927322,0.3873015873015873,2.0,2.0,False,2021
0,24,7,10.0,26.0,7.0,15.0,7.0,8.0,15.0,29.0,3.0,7.0,7.0,7.0,0.15149474533369817,0.650887573964497,0.17911273975667566,0.4169278996865204,2.0,7.0,False,2021
1,7,24,15.0,29.0,3.0,7.0,7.0,7.0,10.0,26.0,7.0,15.0,7.0,8.0,0.17911273975667566,0.4169278996865204,0.12119579626695853,0.6470588235294118,7.0,2.0,True,2021
0,24,7,10.0,23.0,3.0,8.0,6.0,10.0,12.0,24.0,2.0,8.0,9.0,9.0,0.12119579626695853,0.6470588235294118,0.18329019180534054,0.41875,2.0,2.0,False,2021
1,7,24,12.0,24.0,2.0,8.0,9.0,9.0,10.0,23.0,3.0,8.0,6.0,10.0,0.18329019180534054,0.41875,0.09695663701356683,0.6432748538011696,2.0,2.0,True,2021
1,4,9,14.0,25.0,5.0,12.0,6.0,8.0,17.0,34.0,4.0,13.0,10.0,12.0,0.1450105152137288,0.6581196581196581,0.13167224235927322,0.3873015873015873,4.0,3.0,False,2021
0,9,4,17.0,34.0,4.0,13.0,10.0,12.0,14.0,25.0,5.0,12.0,6.0,8.0,0.13167224235927322,0.3873015873015873,0.11600841217098304,0.65625,3.0,4.0,True,2021
0,7,24,9.0,21.0,3.0,7.0,4.0,4.0,9.0,26.0,3.0,11.0,9.0,10.0,0.18663215344427245,0.4205607476635514,0.09695663701356683,0.6432748538011696,2.0,2.0,False,2021
1,24,7,9.0,26.0,3.0,11.0,9.0,10.0,9.0,21.0,3.0,7.0,4.0,4.0,0.09695663701356683,0.6432748538011696,0.14930572275541795,0.4192546583850932,2.0,2.0,True,2021
1,4,9,11.0,18.0,3.0,7.0,3.0,4.0,6.0,16.0,2.0,8.0,4.0,4.0,0.11600841217098304,0.65625,0.14533779388741858,0.38924050632911394,2.0,2.0,True,2021
0,9,4,6.0,16.0,2.0,8.0,4.0,4.0,11.0,18.0,3.0,7.0,3.0,4.0,0.14533779388741858,0.38924050632911394,0.13280672973678642,0.6572237960339944,2.0,2.0,False,2021
1,24,7,8.0,24.0,2.0,9.0,12.0,18.0,8.0,22.0,1.0,6.0,9.0,11.0,0.11756530961085346,0.6453488372093024,0.14930572275541795,0.4192546583850932,2.0,2.0,False,2021
0,7,24,8.0,22.0,1.0,6.0,9.0,11.0,8.0,24.0,2.0,9.0,12.0,18.0,0.14930572275541795,0.4192546583850932,0.09405224768868277,0.6416184971098265,2.0,2.0,True,2021
0,4,9,15.0,26.0,6.0,12.0,6.0,13.0,12.0,23.0,6.0,14.0,5.0,6.0,0.13280672973678642,0.6572237960339944,0.11627023510993487,0.38801261829652994,2.0,2.0,True,2021
1,9,4,12.0,23.0,6.0,14.0,5.0,6.0,15.0,26.0,6.0,12.0,6.0,13.0,0.11627023510993487,0.38801261829652994,0.14624538378942914,0.6581920903954802,2.0,2.0,False,2021
1,7,24,9.0,22.0,4.0,6.0,9.0,11.0,15.0,20.0,4.0,7.0,8.0,8.0,0.1594445782043344,0.42105263157894735,0.09405224768868277,0.6416184971098265,2.0,2.0,False,2021
0,24,7,15.0,20.0,4.0,7.0,8.0,8.0,9.0,22.0,4.0,6.0,9.0,11.0,0.09405224768868277,0.6416184971098265,0.1275556625634675,0.41975308641975306,2.0,2.0,True,2021
0,4,9,7.0,17.0,2.0,7.0,5.0,6.0,7.0,19.0,6.0,14.0,5.0,6.0,0.14624538378942914,0.6581920903954802,0.0930161880879479,0.3867924528301887,2.0,2.0,False,2021
1,9,4,7.0,19.0,6.0,14.0,5.0,6.0,7.0,17.0,2.0,7.0,5.0,6.0,0.0930161880879479,0.3867924528301887,0.11699630703154332,0.6563380281690141,2.0,2.0,True,2021
0,7,24,16.0,26.0,7.0,9.0,2.0,3.0,9.0,17.0,4.0,11.0,8.0,9.0,0.1275556625634675,0.41975308641975306,0.11524179815094622,0.6436781609195402,2.0,2.0,True,2021
1,24,7,9.0,17.0,4.0,11.0,8.0,9.0,16.0,26.0,7.0,9.0,2.0,3.0,0.11524179815094622,0.6436781609195402,0.142044530050774,0.42153846153846153,2.0,2.0,False,2021
0,9,4,10.0,22.0,7.0,16.0,7.0,7.0,14.0,20.0,3.0,8.0,5.0,7.0,0.11441295047035831,0.3887147335423197,0.11699630703154332,0.6563380281690141,2.0,2.0,False,2021
1,4,9,14.0,20.0,3.0,8.0,5.0,7.0,10.0,22.0,7.0,16.0,7.0,7.0,0.11699630703154332,0.6563380281690141,0.09153036037628665,0.3875,2.0,2.0,True,2021
1,9,4,7.0,17.0,6.0,7.0,6.0,7.0,11.0,23.0,4.0,12.0,8.0,8.0,0.09153036037628665,0.3875,0.13359704562523464,0.6573033707865169,2.0,2.0,False,2021
0,4,9,11.0,23.0,4.0,12.0,8.0,8.0,7.0,17.0,6.0,7.0,6.0,7.0,0.13359704562523464,0.6573033707865169,0.07322428830102931,0.3862928348909657,2.0,2.0,True,2021
1,7,4,12.0,21.0,4.0,8.0,10.0,10.0,12.0,26.0,5.0,12.0,7.0,12.0,0.142044530050774,0.42153846153846153,0.14687763650018773,0.6582633053221288,6.0,3.0,True,2021
0,4,7,12.0,26.0,5.0,12.0,7.0,12.0,12.0,21.0,4.0,8.0,10.0,10.0,0.14687763650018773,0.6582633053221288,0.1536356240406192,0.4233128834355828,3.0,6.0,False,2021
0,4,7,15.0,22.0,4.0,9.0,11.0,18.0,12.0,25.0,7.0,12.0,8.0,8.0,0.11750210920015018,0.6564245810055865,0.1536356240406192,0.4233128834355828,2.0,2.0,False,2021
1,7,4,12.0,25.0,7.0,12.0,8.0,8.0,15.0,22.0,4.0,9.0,11.0,18.0,0.1536356240406192,0.4233128834355828,0.09400168736012014,0.6545961002785515,2.0,2.0,True,2021
0,7,4,8.0,14.0,6.0,7.0,3.0,5.0,14.0,23.0,5.0,10.0,13.0,17.0,0.16290849923249534,0.42507645259938837,0.09400168736012014,0.6545961002785515,3.0,3.0,False,2021
1,4,7,14.0,23.0,5.0,10.0,13.0,17.0,8.0,14.0,6.0,7.0,3.0,5.0,0.09400168736012014,0.6545961002785515,0.13032679938599628,0.42378048780487804,3.0,3.0,True,2021
0,7,4,17.0,28.0,3.0,9.0,8.0,9.0,15.0,33.0,3.0,8.0,7.0,8.0,0.13032679938599628,0.42378048780487804,0.11520134988809612,0.6555555555555556,3.0,3.0,False,2021
1,4,7,15.0,33.0,3.0,8.0,7.0,8.0,17.0,28.0,3.0,9.0,8.0,9.0,0.11520134988809612,0.6555555555555556,0.10426143950879703,0.42249240121580545,3.0,3.0,True,2021
0,4,7,14.0,23.0,4.0,8.0,4.0,11.0,17.0,33.0,3.0,4.0,6.0,6.0,0.1321610799104769,0.6565096952908587,0.10426143950879703,0.42249240121580545,3.0,3.0,True,2021
1,7,4,17.0,33.0,3.0,4.0,6.0,6.0,14.0,23.0,4.0,8.0,4.0,11.0,0.10426143950879703,0.42249240121580545,0.14572886392838152,0.6574585635359116,3.0,3.0,False,2021
0,7,4,11.0,22.0,2.0,9.0,5.0,5.0,16.0,25.0,2.0,7.0,17.0,19.0,0.08340915160703763,0.4212121212121212,0.14572886392838152,0.6574585635359116,3.0,3.0,False,2021
1,4,7,16.0,25.0,2.0,7.0,17.0,19.0,11.0,22.0,2.0,9.0,5.0,5.0,0.14572886392838152,0.6574585635359116,0.06672732128563011,0.4199395770392749,3.0,3.0,True,2021
1,4,6,12.0,25.0,4.0,10.0,7.0,9.0,13.0,25.0,7.0,8.0,4.0,6.0,0.15658309114270522,0.6584022038567493,0.08272767280571228,0.48936170212765956,91.0,122.0,True,2022
0,6,4,13.0,25.0,7.0,8.0,4.0,6.0,12.0,25.0,4.0,10.0,7.0,9.0,0.08272767280571228,0.48936170212765956,0.16526647291416416,0.6593406593406593,122.0,91.0,False,2022
0,0,29,8.0,21.0,4.0,11.0,9.0,9.0,15.0,26.0,5.0,11.0,3.0,7.0,0.111851607396292,0.5416666666666666,0.07884823531099718,0.5522388059701493,151.0,138.0,True,2022
1,29,0,15.0,26.0,5.0,11.0,3.0,7.0,8.0,21.0,4.0,11.0,9.0,9.0,0.07884823531099718,0.5522388059701493,0.5,0.5,138.0,151.0,False,2022
1,21,22,11.0,23.0,7.0,9.0,5.0,8.0,13.0,20.0,6.0,10.0,9.0,9.0,0.027343646063811167,0.4337748344370861,0.0970895165400241,0.549079754601227,155.0,153.0,True,2022
0,27,19,11.0,21.0,2.0,6.0,11.0,11.0,8.0,20.0,3.0,5.0,5.0,5.0,0.11390093903477463,0.3377926421404682,0.021443947871568107,0.39215686274509803,157.0,157.0,True,2022
0,20,7,13.0,22.0,4.0,8.0,2.0,2.0,7.0,16.0,3.0,7.0,4.0,5.0,0.057310464246941806,0.6051136363636364,0.06672732128563011,0.4199395770392749,129.0,92.0,True,2022
1,11,26,10.0,17.0,4.0,10.0,4.0,6.0,7.0,17.0,2.0,7.0,4.0,5.0,0.07242714946901058,0.6111111111111112,0.04463025544179876,0.5184049079754601,124.0,157.0,True,2022
0,26,11,7.0,17.0,2.0,7.0,4.0,5.0,10.0,17.0,4.0,10.0,4.0,6.0,0.04463025544179876,0.5184049079754601,0.09794171957520845,0.6122448979591837,157.0,124.0,False,2022
0,14,25,9.0,19.0,2.0,9.0,8.0,8.0,5.0,20.0,2.0,9.0,5.0,6.0,0.07272875449851066,0.42946708463949845,0.019525964069334854,0.6345609065155807,140.0,157.0,True,2022
1,5,10,8.0,17.0,3.0,9.0,3.0,6.0,6.0,14.0,3.0,7.0,4.0,4.0,0.029330588267161666,0.5125,0.020765445474031065,0.38557993730407525,154.0,157.0,True,2022
1,19,27,8.0,20.0,3.0,5.0,5.0,5.0,11.0,21.0,2.0,6.0,11.0,11.0,0.021443947871568107,0.39215686274509803,0.1311207512278197,0.34,157.0,157.0,False,2022
0,15,17,10.0,22.0,8.0,11.0,8.0,10.0,14.0,24.0,6.0,11.0,7.0,8.0,0.07547567288564286,0.4155844155844156,0.07755896771572154,0.5601173020527859,157.0,139.0,True,2022
0,10,5,6.0,14.0,3.0,7.0,4.0,4.0,8.0,17.0,3.0,9.0,3.0,6.0,0.020765445474031065,0.38557993730407525,0.06346447061372933,0.514018691588785,157.0,154.0,False,2022
0,22,21,13.0,20.0,6.0,10.0,9.0,9.0,11.0,23.0,7.0,9.0,5.0,8.0,0.0970895165400241,0.549079754601227,0.061874916851048935,0.43564356435643564,153.0,155.0,False,2022
1,17,15,14.0,24.0,6.0,11.0,7.0,8.0,10.0,22.0,8.0,11.0,8.0,10.0,0.07755896771572154,0.5601173020527859,0.10038053830851427,0.4174757281553398,139.0,157.0,False,2022
1,28,2,13.0,27.0,6.0,13.0,8.0,8.0,16.0,30.0,8.0,15.0,6.0,8.0,0.06964711012863452,0.3550488599348534,0.055175124872783185,0.5797665369649806,140.0,141.0,True,2022
1,7,20,7.0,16.0,3.0,7.0,4.0,5.0,13.0,22.0,4.0,8.0,2.0,2.0,0.06672732128563011,0.4199395770392749,0.08584837139755344,0.6062322946175638,92.0,129.0,False,2022
0,3,16,11.0,15.0,3.0,10.0,3.0,4.0,17.0,29.0,4.0,8.0,4.0,4.0,0.029327909810537223,0.37888198757763975,0.06665329604453815,0.41009463722397477,157.0,140.0,False,2022
1,16,3,17.0,29.0,4.0,8.0,4.0,4.0,11.0,15.0,3.0,10.0,3.0,4.0,0.06665329604453815,0.41009463722397477,0.02346232784842978,0.37770897832817335,140.0,157.0,True,2022
0,2,28,16.0,30.0,8.0,15.0,6.0,8.0,13.0,27.0,6.0,13.0,8.0,8.0,0.055175124872783185,0.5797665369649806,0.09571768810290762,0.35714285714285715,141.0,140.0,False,2022
1,25,14,5.0,20.0,2.0,9.0,5.0,6.0,9.0,19.0,2.0,9.0,8.0,8.0,0.019525964069334854,0.6345609065155807,0.09818300359880852,0.43125,157.0,140.0,False,2022
0,1,23,6.0,15.0,3.0,7.0,5.0,5.0,11.0,21.0,6.0,12.0,6.0,8.0,0.039292868804030746,0.5775862068965517,0.10120408217091845,0.41118421052631576,157.0,157.0,False,2022
1,8,18,12.0,26.0,4.0,8.0,2.0,3.0,8.0,17.0,4.0,4.0,4.0,6.0,0.04697359182315545,0.4637223974763407,0.0929244448742018,0.6167146974063401,157.0,122.0,False,2022
1,23,1,11.0,21.0,6.0,12.0,6.0,8.0,6.0,15.0,3.0,7.0,5.0,5.0,0.10120408217091845,0.41118421052631576,0.0314342950432246,0.5759312320916905,157.0,157.0,True,2022
0,18,8,8.0,17.0,4.0,4.0,4.0,6.0,12.0,26.0,4.0,8.0,2.0,3.0,0.0929244448742018,0.6167146974063401,0.037578873458524356,0.46226415094339623,122.0,157.0,True,2022
1,12,4,10.0,18.0,4.0,8.0,9.0,11.0,5.0,14.0,2.0,8.0,6.0,10.0,0.06016650111449906,0.5368731563421829,0.16526647291416416,0.6593406593406593,145.0,2.0,True,2022
1,0,24,16.0,25.0,8.0,13.0,5.0,9.0,12.0,23.0,5.0,11.0,6.0,10.0,0.5,0.5,0.09219343852075698,0.64,2.0,113.0,True,2022
0,4,12,5.0,14.0,2.0,8.0,6.0,10.0,10.0,18.0,4.0,8.0,9.0,11.0,0.16526647291416416,0.6593406593406593,0.08813320089159925,0.538235294117647,2.0,145.0,False,2022
1,9,13,7.0,16.0,3.0,5.0,5.0,5.0,7.0,17.0,3.0,7.0,4.0,4.0,0.07322428830102931,0.3862928348909657,0.07570815914906104,0.4520123839009288,110.0,137.0,True,2022
0,13,9,7.0,17.0,3.0,7.0,4.0,4.0,7.0,16.0,3.0,5.0,5.0,5.0,0.07570815914906104,0.4520123839009288,0.09857943064082345,0.38819875776397517,137.0,110.0,False,2022
0,24,0,12.0,23.0,5.0,11.0,6.0,10.0,16.0,25.0,8.0,13.0,5.0,9.0,0.09219343852075698,0.64,0.5,1.0,113.0,2.0,False,2022
0,28,10,9.0,16.0,4.0,9.0,4.0,5.0,6.0,17.0,4.0,7.0,6.0,6.0,0.09571768810290762,0.35714285714285715,0.01661235637922485,0.384375,2.0,2.0,True,2022
0,22,14,15.0,22.0,5.0,9.0,6.0,8.0,13.0,24.0,6.0,9.0,6.0,6.0,0.07767161323201928,0.5474006116207951,0.09818300359880852,0.43125,2.0,2.0,False,2022
1,15,11,9.0,21.0,6.0,15.0,6.0,8.0,9.0,25.0,6.0,14.0,9.0,10.0,0.10038053830851427,0.4174757281553398,0.09794171957520845,0.6122448979591837,2.0,2.0,False,2022
1,1,26,13.0,19.0,4.0,8.0,4.0,5.0,6.0,15.0,2.0,7.0,3.0,5.0,0.0314342950432246,0.5759312320916905,0.035704204353439004,0.5168195718654435,2.0,2.0,True,2022
1,18,6,10.0,20.0,4.0,6.0,5.0,6.0,10.0,20.0,3.0,10.0,10.0,10.0,0.11433955589936144,0.617816091954023,0.06618213824456982,0.48787878787878786,2.0,3.0,False,2022
1,14,22,13.0,24.0,6.0,9.0,6.0,6.0,15.0,22.0,5.0,9.0,6.0,8.0,0.09818300359880852,0.43125,0.06213729058561542,0.5457317073170732,2.0,2.0,True,2022
0,6,18,10.0,20.0,3.0,10.0,10.0,10.0,10.0,20.0,4.0,6.0,5.0,6.0,0.06618213824456982,0.48787878787878786,0.09147164471948915,0.6160458452722063,3.0,2.0,True,2022
1,10,28,6.0,17.0,4.0,7.0,6.0,6.0,9.0,16.0,4.0,9.0,4.0,5.0,0.01661235637922485,0.384375,0.11657415048232608,0.3592233009708738,2.0,2.0,False,2022
1,29,7,8.0,18.0,5.0,9.0,10.0,11.0,9.0,19.0,2.0,6.0,10.0,10.0,0.06307858824879774,0.5505952380952381,0.053381857028504086,0.4186746987951807,3.0,2.0,False,2022
0,11,15,9.0,25.0,6.0,14.0,9.0,10.0,9.0,21.0,6.0,15.0,6.0,8.0,0.09794171957520845,0.6122448979591837,0.08030443064681142,0.4161290322580645,2.0,2.0,True,2022
0,21,3,13.0,24.0,4.0,9.0,4.0,4.0,13.0,21.0,3.0,7.0,5.0,6.0,0.061874916851048935,0.43564356435643564,0.02346232784842978,0.37770897832817335,2.0,2.0,True,2022
0,7,29,9.0,19.0,2.0,6.0,10.0,10.0,8.0,18.0,5.0,9.0,10.0,11.0,0.053381857028504086,0.4186746987951807,0.05046287059903819,0.5489614243323442,2.0,3.0,True,2022
0,25,2,11.0,17.0,2.0,6.0,6.0,6.0,8.0,14.0,4.0,7.0,3.0,4.0,0.015620771255467883,0.632768361581921,0.04414009989822655,0.5775193798449613,2.0,2.0,True,2022
1,2,25,8.0,14.0,4.0,7.0,3.0,4.0,11.0,17.0,2.0,6.0,6.0,6.0,0.04414009989822655,0.5775193798449613,0.0524966170043743,0.6338028169014085,2.0,2.0,False,2022
0,8,27,10.0,20.0,6.0,11.0,4.0,5.0,11.0,20.0,6.0,9.0,8.0,9.0,0.037578873458524356,0.46226415094339623,0.1311207512278197,0.34,2.0,2.0,False,2022
0,26,1,6.0,15.0,2.0,7.0,3.0,5.0,13.0,19.0,4.0,8.0,4.0,5.0,0.035704204353439004,0.5168195718654435,0.06514743603457968,0.5771428571428572,2.0,2.0,False,2022
1,3,21,13.0,21.0,3.0,7.0,5.0,6.0,13.0,24.0,4.0,9.0,4.0,4.0,0.02346232784842978,0.37770897832817335,0.08949993348083915,0.4375,2.0,2.0,False,2022
0,5,20,12.0,18.0,2.0,7.0,4.0,4.0,14.0,19.0,2.0,5.0,2.0,3.0,0.06346447061372933,0.514018691588785,0.08584837139755344,0.6062322946175638,2.0,2.0,False,2022
1,20,5,14.0,19.0,2.0,5.0,2.0,3.0,12.0,18.0,2.0,7.0,4.0,4.0,0.08584837139755344,0.6062322946175638,0.05077157649098346,0.5124223602484472,2.0,2.0,True,2022
1,27,8,11.0,20.0,6.0,9.0,8.0,9.0,10.0,20.0,6.0,11.0,4.0,5.0,0.1311207512278197,0.34,0.030063098766819486,0.4608150470219436,2.0,2.0,True,2022
1,17,7,10.0,19.0,6.0,11.0,5.0,5.0,9.0,19.0,4.0,5.0,2.0,4.0,0.062047174172577234,0.5584795321637427,0.08270548562280326,0.42042042042042044,3.0,1.0,True,2022
0,7,17,9.0,19.0,4.0,5.0,2.0,4.0,10.0,19.0,6.0,11.0,5.0,5.0,0.08270548562280326,0.42042042042042044,0.08963773933806178,0.5597667638483965,1.0,3.0,False,2022
0,19,27,8.0,16.0,3.0,5.0,3.0,4.0,7.0,18.0,3.0,7.0,7.0,9.0,0.017155158297254485,0.39087947882736157,0.14489660098225576,0.34219269102990035,3.0,1.0,False,2022
1,23,8,10.0,22.0,3.0,8.0,2.0,2.0,12.0,24.0,3.0,13.0,8.0,8.0,0.12096326573673477,0.4131147540983607,0.030063098766819486,0.4608150470219436,3.0,1.0,True,2022
0,13,25,11.0,24.0,7.0,11.0,5.0,6.0,9.0,17.0,5.0,9.0,5.0,7.0,0.06056652731924883,0.4506172839506173,0.0524966170043743,0.6338028169014085,2.0,1.0,True,2022
1,5,4,9.0,18.0,7.0,11.0,2.0,3.0,9.0,17.0,3.0,8.0,8.0,9.0,0.05077157649098346,0.5124223602484472,0.13221317833133134,0.6575342465753424,1.0,2.0,False,2022
1,24,16,15.0,25.0,5.0,12.0,6.0,6.0,10.0,19.0,4.0,10.0,6.0,8.0,0.07375475081660558,0.6363636363636364,0.09332263683563052,0.4119496855345912,2.0,3.0,False,2022
0,4,5,9.0,17.0,3.0,8.0,8.0,9.0,9.0,18.0,7.0,11.0,2.0,3.0,0.13221317833133134,0.6575342465753424,0.04061726119278677,0.5108359133126935,2.0,1.0,True,2022
1,3,9,9.0,15.0,3.0,7.0,5.0,6.0,8.0,22.0,3.0,8.0,7.0,7.0,0.018769862278743825,0.3765432098765432,0.09857943064082345,0.38819875776397517,1.0,2.0,True,2022
1,25,13,9.0,17.0,5.0,9.0,5.0,7.0,11.0,24.0,7.0,11.0,5.0,6.0,0.0524966170043743,0.6338028169014085,0.08845322185539907,0.4523076923076923,1.0,2.0,False,2022
0,16,24,10.0,19.0,4.0,10.0,6.0,8.0,15.0,25.0,5.0,12.0,6.0,6.0,0.09332263683563052,0.4119496855345912,0.05900380065328446,0.632768361581921,3.0,2.0,True,2022
0,12,22,12.0,28.0,4.0,12.0,5.0,6.0,8.0,21.0,4.0,7.0,8.0,8.0,0.08813320089159925,0.538235294117647,0.06213729058561542,0.5457317073170732,2.0,1.0,False,2022
1,22,12,8.0,21.0,4.0,7.0,8.0,8.0,12.0,28.0,4.0,12.0,5.0,6.0,0.06213729058561542,0.5457317073170732,0.0705065607132794,0.5366568914956011,1.0,2.0,True,2022
0,9,3,8.0,22.0,3.0,8.0,7.0,7.0,9.0,15.0,3.0,7.0,5.0,6.0,0.09857943064082345,0.38819875776397517,0.05501588982299506,0.37846153846153846,2.0,1.0,False,2022
1,27,19,7.0,18.0,3.0,7.0,7.0,9.0,8.0,16.0,3.0,5.0,3.0,4.0,0.14489660098225576,0.34219269102990035,0.013724126637803587,0.38961038961038963,1.0,3.0,True,2022
0,8,23,12.0,24.0,3.0,13.0,8.0,8.0,10.0,22.0,3.0,8.0,2.0,2.0,0.030063098766819486,0.4608150470219436,0.1367706125893878,0.4150326797385621,1.0,3.0,False,2022
0,10,28,9.0,16.0,5.0,9.0,8.0,9.0,9.0,24.0,5.0,10.0,12.0,14.0,0.01328988510337988,0.38317757009345793,0.11657415048232608,0.3592233009708738,2.0,2.0,True,2022
0,0,15,9.0,23.0,4.0,15.0,5.0,6.0,9.0,16.0,5.0,10.0,5.0,8.0,0.5,1.0,0.08030443064681142,0.4161290322580645,3.0,2.0,True,2022
1,26,18,9.0,19.0,3.0,6.0,10.0,12.0,9.0,15.0,7.0,10.0,6.0,7.0,0.0285633634827512,0.5152439024390244,0.09147164471948915,0.6160458452722063,2.0,2.0,False,2022
1,28,10,9.0,24.0,5.0,10.0,12.0,14.0,9.0,16.0,5.0,9.0,8.0,9.0,0.11657415048232608,0.3592233009708738,0.0506319080827039,0.38509316770186336,2.0,2.0,False,2022
1,15,0,9.0,16.0,5.0,10.0,5.0,8.0,9.0,23.0,4.0,15.0,5.0,6.0,0.08030443064681142,0.4161290322580645,0.5,1.0,2.0,3.0,False,2022
0,16,29,13.0,21.0,5.0,7.0,9.0,11.0,10.0,19.0,6.0,9.0,5.0,7.0,0.11465810946850444,0.41379310344827586,0.05046287059903819,0.5489614243323442,1.0,2.0,False,2022
1,6,21,17.0,24.0,2.0,8.0,3.0,4.0,9.0,18.0,3.0,6.0,11.0,12.0,0.09294571059565586,0.48942598187311176,0.08949993348083915,0.4375,2.0,2.0,False,2022
0,18,26,9.0,15.0,7.0,10.0,6.0,7.0,9.0,19.0,3.0,6.0,10.0,12.0,0.09147164471948915,0.6160458452722063,0.022850690786200962,0.513677811550152,2.0,2.0,True,2022
0,2,1,12.0,24.0,5.0,11.0,8.0,9.0,11.0,18.0,8.0,10.0,8.0,10.0,0.03531207991858124,0.5752895752895753,0.06514743603457968,0.5771428571428572,2.0,2.0,True,2022
1,1,2,11.0,18.0,8.0,10.0,8.0,10.0,12.0,24.0,5.0,11.0,8.0,9.0,0.06514743603457968,0.5771428571428572,0.06824966393486499,0.5769230769230769,2.0,2.0,False,2022
1,29,16,10.0,19.0,6.0,9.0,5.0,7.0,13.0,21.0,5.0,7.0,9.0,11.0,0.05046287059903819,0.5489614243323442,0.09172648757480355,0.4125,2.0,1.0,True,2022
0,21,6,9.0,18.0,3.0,6.0,11.0,12.0,17.0,24.0,2.0,8.0,3.0,4.0,0.08949993348083915,0.4375,0.07435656847652469,0.4879518072289157,2.0,2.0,True,2022
0,8,23,11.0,21.0,4.0,9.0,8.0,8.0,10.0,24.0,4.0,11.0,8.0,8.0,0.02405047901345559,0.459375,0.1367706125893878,0.4150326797385621,2.0,2.0,True,2022
0,27,25,8.0,19.0,5.0,9.0,10.0,10.0,8.0,17.0,4.0,9.0,6.0,6.0,0.1559172807858046,0.3443708609271523,0.04199729360349944,0.6320224719101124,2.0,2.0,True,2022
1,23,8,10.0,24.0,4.0,11.0,8.0,8.0,11.0,21.0,4.0,9.0,8.0,8.0,0.1367706125893878,0.4150326797385621,0.05924038321076447,0.46105919003115264,2.0,2.0,False,2022
0,2,21,14.0,28.0,6.0,12.0,7.0,8.0,11.0,22.0,7.0,14.0,4.0,6.0,0.06824966393486499,0.5769230769230769,0.11159994678467133,0.43934426229508194,1.0,1.0,True,2022
0,17,24,7.0,16.0,4.0,11.0,4.0,6.0,8.0,20.0,6.0,15.0,3.0,4.0,0.08963773933806178,0.5597667638483965,0.05900380065328446,0.632768361581921,2.0,2.0,False,2022
1,24,17,8.0,20.0,6.0,15.0,3.0,4.0,7.0,16.0,4.0,11.0,4.0,6.0,0.05900380065328446,0.632768361581921,0.07171019147044942,0.5581395348837209,2.0,2.0,True,2022
1,12,10,15.0,21.0,2.0,8.0,8.0,8.0,6.0,13.0,4.0,8.0,3.0,5.0,0.0705065607132794,0.5366568914956011,0.0506319080827039,0.38509316770186336,2.0,1.0,True,2022
1,25,27,8.0,17.0,4.0,9.0,6.0,6.0,8.0,19.0,5.0,9.0,10.0,10.0,0.04199729360349944,0.6320224719101124,0.16473382462864367,0.3465346534653465,2.0,2.0,False,2022
0,10,12,6.0,13.0,4.0,8.0,3.0,5.0,15.0,21.0,2.0,8.0,8.0,8.0,0.0506319080827039,0.38509316770186336,0.09640524857062352,0.5380116959064327,1.0,2.0,False,2022
1,9,19,13.0,21.0,3.0,7.0,4.0,5.0,8.0,16.0,3.0,8.0,4.0,5.0,0.07886354451265876,0.38699690402476783,0.013724126637803587,0.38961038961038963,2.0,2.0,True,2022
1,22,4,10.0,21.0,4.0,9.0,5.0,6.0,10.0,18.0,4.0,9.0,10.0,13.0,0.08970983246849233,0.547112462006079,0.14577054266506506,0.6584699453551912,2.0,2.0,False,2022
0,4,22,10.0,18.0,4.0,9.0,10.0,13.0,10.0,21.0,4.0,9.0,5.0,6.0,0.14577054266506506,0.6584699453551912,0.07176786597479387,0.5454545454545454,2.0,2.0,True,2022
1,6,14,9.0,17.0,5.0,11.0,6.0,9.0,8.0,22.0,3.0,13.0,5.0,5.0,0.07435656847652469,0.4879518072289157,0.11854640287904683,0.43302180685358255,1.0,3.0,True,2022
1,21,2,11.0,22.0,7.0,14.0,4.0,6.0,14.0,28.0,6.0,12.0,7.0,8.0,0.11159994678467133,0.43934426229508194,0.094599731147892,0.578544061302682,1.0,1.0,False,2022
0,14,6,8.0,22.0,3.0,13.0,5.0,5.0,9.0,17.0,5.0,11.0,6.0,9.0,0.11854640287904683,0.43302180685358255,0.09948525478121975,0.4894894894894895,3.0,1.0,False,2022
1,20,3,9.0,15.0,3.0,9.0,5.0,6.0,10.0,13.0,3.0,8.0,5.0,5.0,0.10867869711804275,0.6073446327683616,0.05501588982299506,0.37846153846153846,3.0,2.0,False,2022
0,3,20,10.0,13.0,3.0,8.0,5.0,5.0,9.0,15.0,3.0,9.0,5.0,6.0,0.05501588982299506,0.37846153846153846,0.08694295769443419,0.6056338028169014,2.0,3.0,True,2022
0,19,9,8.0,16.0,3.0,8.0,4.0,5.0,13.0,21.0,3.0,7.0,4.0,5.0,0.013724126637803587,0.38961038961038963,0.103090835610127,0.3888888888888889,2.0,2.0,False,2022
0,29,5,15.0,31.0,4.0,10.0,5.0,6.0,13.0,24.0,5.0,9.0,7.0,8.0,0.08037029647923057,0.5502958579881657,0.04061726119278677,0.5108359133126935,2.0,3.0,True,2022
1,5,29,13.0,24.0,5.0,9.0,7.0,8.0,15.0,31.0,4.0,10.0,5.0,6.0,0.04061726119278677,0.5108359133126935,0.10429623718338443,0.551622418879056,3.0,2.0,False,2022
0,20,11,9.0,18.0,3.0,11.0,5.0,7.0,9.0,20.0,3.0,10.0,9.0,16.0,0.08694295769443419,0.6056338028169014,0.11835337566016677,0.6133720930232558,1.0,4.0,False,2022
1,26,0,11.0,19.0,4.0,5.0,4.0,5.0,9.0,17.0,4.0,9.0,7.0,7.0,0.022850690786200962,0.513677811550152,0.5,1.0,2.0,2.0,False,2022
1,11,20,9.0,20.0,3.0,10.0,9.0,16.0,9.0,18.0,3.0,11.0,5.0,7.0,0.11835337566016677,0.6133720930232558,0.06955436615554736,0.6039325842696629,4.0,1.0,True,2022
0,18,28,10.0,18.0,4.0,8.0,10.0,11.0,7.0,18.0,5.0,11.0,4.0,4.0,0.11317731577559134,0.6171428571428571,0.09325932038586086,0.3580645161290323,2.0,2.0,False,2022
1,13,1,10.0,25.0,4.0,9.0,5.0,6.0,7.0,16.0,3.0,9.0,5.0,6.0,0.08845322185539907,0.4523076923076923,0.05211794882766374,0.5754985754985755,3.0,2.0,True,2022
0,1,13,7.0,16.0,3.0,9.0,5.0,6.0,10.0,25.0,4.0,9.0,5.0,6.0,0.05211794882766374,0.5754985754985755,0.11076257748431924,0.4539877300613497,2.0,3.0,False,2022
0,0,26,9.0,17.0,4.0,9.0,7.0,7.0,11.0,19.0,4.0,5.0,4.0,5.0,0.5,1.0,0.01828055262896077,0.5121212121212121,2.0,2.0,True,2022
1,28,18,7.0,18.0,5.0,11.0,4.0,4.0,10.0,18.0,4.0,8.0,10.0,11.0,0.09325932038586086,0.3580645161290323,0.09054185262047307,0.6153846153846154,2.0,2.0,True,2022
1,25,22,10.0,21.0,6.0,10.0,3.0,5.0,7.0,15.0,2.0,7.0,3.0,4.0,0.033597834882799556,0.6302521008403361,0.07176786597479387,0.5454545454545454,2.0,2.0,True,2022
0,16,17,7.0,13.0,4.0,7.0,4.0,5.0,8.0,22.0,5.0,11.0,5.0,8.0,0.09172648757480355,0.4125,0.07171019147044942,0.5581395348837209,3.0,2.0,False,2022
0,22,25,7.0,15.0,2.0,7.0,3.0,4.0,10.0,21.0,6.0,10.0,3.0,5.0,0.07176786597479387,0.5454545454545454,0.06687826790623964,0.6312849162011173,2.0,2.0,False,2022
1,17,16,8.0,22.0,5.0,11.0,5.0,8.0,7.0,13.0,4.0,7.0,4.0,5.0,0.07171019147044942,0.5581395348837209,0.07338119005984284,0.411214953271028,2.0,3.0,True,2022
1,7,15,12.0,28.0,2.0,7.0,5.0,6.0,10.0,20.0,7.0,11.0,3.0,7.0,0.0661643884982426,0.41916167664670656,0.06424354451744914,0.41479099678456594,4.0,3.0,False,2022
1,10,21,11.0,20.0,4.0,8.0,2.0,4.0,11.0,21.0,5.0,10.0,6.0,6.0,0.04050552646616312,0.38390092879256965,0.08927995742773706,0.43790849673202614,2.0,2.0,False,2022
0,21,10,11.0,21.0,5.0,10.0,6.0,6.0,11.0,20.0,4.0,8.0,2.0,4.0,0.08927995742773706,0.43790849673202614,0.0324044211729305,0.38271604938271603,2.0,2.0,True,2022
0,29,26,12.0,22.0,3.0,8.0,6.0,7.0,8.0,19.0,5.0,11.0,8.0,10.0,0.10429623718338443,0.551622418879056,0.01828055262896077,0.5121212121212121,1.0,1.0,False,2022
0,15,7,10.0,20.0,7.0,11.0,3.0,7.0,12.0,28.0,2.0,7.0,5.0,6.0,0.06424354451744914,0.41479099678456594,0.05293151079859408,0.417910447761194,3.0,4.0,True,2022
1,26,29,8.0,19.0,5.0,11.0,8.0,10.0,12.0,22.0,3.0,8.0,6.0,7.0,0.01828055262896077,0.5121212121212121,0.08343698974670755,0.55,1.0,1.0,True,2022
0,23,4,12.0,25.0,3.0,11.0,5.0,6.0,15.0,23.0,3.0,9.0,7.0,9.0,0.10941649007151025,0.41368078175895767,0.15661643413205203,0.659400544959128,2.0,2.0,True,2022
0,14,2,10.0,25.0,3.0,6.0,5.0,7.0,9.0,22.0,4.0,8.0,6.0,8.0,0.09483712230323746,0.43167701863354035,0.094599731147892,0.578544061302682,2.0,2.0,True,2022
1,2,14,9.0,22.0,4.0,8.0,6.0,8.0,10.0,25.0,3.0,6.0,5.0,7.0,0.094599731147892,0.578544061302682,0.11586969784258998,0.43343653250773995,2.0,2.0,False,2022
0,9,8,13.0,27.0,2.0,6.0,3.0,4.0,8.0,21.0,5.0,10.0,4.0,4.0,0.103090835610127,0.3888888888888889,0.05924038321076447,0.46105919003115264,2.0,2.0,True,2022
0,12,6,8.0,18.0,3.0,7.0,8.0,9.0,9.0,18.0,5.0,11.0,5.0,6.0,0.09640524857062352,0.5380116959064327,0.09948525478121975,0.4894894894894895,2.0,2.0,True,2022
1,4,23,15.0,23.0,3.0,9.0,7.0,9.0,12.0,25.0,3.0,11.0,5.0,6.0,0.15661643413205203,0.659400544959128,0.1275331920572082,0.4155844155844156,2.0,2.0,False,2022
1,6,12,9.0,18.0,5.0,11.0,5.0,6.0,8.0,18.0,3.0,7.0,8.0,9.0,0.09948525478121975,0.4894894894894895,0.11712419885649883,0.5393586005830904,2.0,2.0,False,2022
0,3,24,12.0,20.0,2.0,4.0,6.0,6.0,6.0,20.0,3.0,9.0,3.0,5.0,0.08401271185839605,0.3803680981595092,0.08720304052262759,0.6348314606741573,2.0,2.0,True,2022
1,24,3,6.0,20.0,3.0,9.0,3.0,5.0,12.0,20.0,2.0,4.0,6.0,6.0,0.08720304052262759,0.6348314606741573,0.10721016948671684,0.382262996941896,2.0,2.0,False,2022
1,8,9,8.0,21.0,5.0,10.0,4.0,4.0,13.0,27.0,2.0,6.0,3.0,4.0,0.05924038321076447,0.46105919003115264,0.1224726684881016,0.39076923076923076,2.0,2.0,False,2022
1,1,11,6.0,16.0,2.0,8.0,7.0,9.0,6.0,16.0,4.0,11.0,7.0,8.0,0.041694359062130995,0.5738636363636364,0.13468270052813341,0.6144927536231884,2.0,2.0,False,2022
1,14,9,11.0,26.0,5.0,7.0,5.0,6.0,14.0,17.0,2.0,5.0,3.0,4.0,0.11586969784258998,0.43343653250773995,0.1224726684881016,0.39076923076923076,1.0,1.0,True,2022
0,9,14,14.0,17.0,2.0,5.0,3.0,4.0,11.0,26.0,5.0,7.0,5.0,6.0,0.1224726684881016,0.39076923076923076,0.13269575827407198,0.4351851851851852,1.0,1.0,False,2022
1,18,19,8.0,19.0,2.0,5.0,13.0,15.0,7.0,14.0,4.0,9.0,7.0,8.0,0.09054185262047307,0.6153846153846154,0.01097930131024287,0.3883495145631068,2.0,3.0,True,2022
0,19,18,7.0,14.0,4.0,9.0,7.0,8.0,8.0,19.0,2.0,5.0,13.0,15.0,0.01097930131024287,0.3883495145631068,0.11243348209637846,0.6164772727272727,3.0,2.0,False,2022
0,11,1,6.0,16.0,4.0,11.0,7.0,8.0,6.0,16.0,2.0,8.0,7.0,9.0,0.13468270052813341,0.6144927536231884,0.033355487249704795,0.5722379603399433,2.0,2.0,True,2022
0,16,0,11.0,22.0,5.0,11.0,6.0,6.0,11.0,29.0,7.0,20.0,7.0,7.0,0.07338119005984284,0.411214953271028,0.5,1.0,1.0,2.0,True,2022
0,5,13,10.0,17.0,5.0,7.0,3.0,4.0,11.0,19.0,4.0,8.0,1.0,3.0,0.03249380895422942,0.5092592592592593,0.11076257748431924,0.4539877300613497,2.0,2.0,False,2022
0,28,27,8.0,15.0,5.0,8.0,7.0,10.0,8.0,18.0,3.0,6.0,9.0,9.0,0.1146074563086887,0.36012861736334406,0.16473382462864367,0.3465346534653465,2.0,3.0,True,2022
1,0,16,11.0,29.0,7.0,20.0,7.0,7.0,11.0,22.0,5.0,11.0,6.0,6.0,0.5,1.0,0.09870495204787429,0.41304347826086957,2.0,1.0,False,2022
1,27,28,8.0,18.0,3.0,6.0,9.0,9.0,8.0,15.0,5.0,8.0,7.0,10.0,0.16473382462864367,0.3465346534653465,0.13168596504695096,0.36217948717948717,3.0,2.0,False,2022
1,13,5,11.0,19.0,4.0,8.0,1.0,3.0,10.0,17.0,5.0,7.0,3.0,4.0,0.11076257748431924,0.4539877300613497,0.025995047163383533,0.5076923076923077,2.0,2.0,True,2022
0,10,25,8.0,14.0,5.0,8.0,5.0,6.0,9.0,19.0,3.0,10.0,4.0,5.0,0.0324044211729305,0.38271604938271603,0.06687826790623964,0.6312849162011173,2.0,2.0,False,2022
1,17,24,9.0,18.0,5.0,7.0,3.0,5.0,15.0,24.0,6.0,11.0,6.0,9.0,0.09736815317635955,0.5594202898550724,0.06976243241810207,0.6312849162011173,2.0,2.0,True,2022
1,8,15,10.0,22.0,4.0,11.0,4.0,6.0,9.0,21.0,3.0,7.0,7.0,7.0,0.04739230656861158,0.45962732919254656,0.09139483561395931,0.4166666666666667,2.0,2.0,False,2022
0,24,17,15.0,24.0,6.0,11.0,6.0,9.0,9.0,18.0,5.0,7.0,3.0,5.0,0.06976243241810207,0.6312849162011173,0.11789452254108763,0.5606936416184971,2.0,2.0,False,2022
0,15,8,9.0,21.0,3.0,7.0,7.0,7.0,10.0,22.0,4.0,11.0,4.0,6.0,0.09139483561395931,0.4166666666666667,0.037913845254889264,0.4582043343653251,2.0,2.0,True,2022
1,25,10,9.0,19.0,3.0,10.0,4.0,5.0,8.0,14.0,5.0,8.0,5.0,6.0,0.06687826790623964,0.6312849162011173,0.0259235369383444,0.38153846153846155,2.0,2.0,True,2022
1,12,21,12.0,19.0,4.0,11.0,7.0,7.0,9.0,21.0,5.0,9.0,5.0,6.0,0.11712419885649883,0.5393586005830904,0.11142396594218966,0.43973941368078173,2.0,2.0,True,2022
1,29,3,10.0,22.0,6.0,10.0,5.0,5.0,10.0,16.0,3.0,9.0,5.0,6.0,0.08343698974670755,0.55,0.10721016948671684,0.382262996941896,2.0,2.0,True,2022
0,3,29,10.0,16.0,3.0,9.0,5.0,6.0,10.0,22.0,6.0,10.0,5.0,5.0,0.10721016948671684,0.382262996941896,0.10674959179736603,0.5513196480938416,2.0,2.0,False,2022
1,20,13,7.0,12.0,2.0,6.0,4.0,6.0,5.0,18.0,1.0,5.0,5.0,5.0,0.06955436615554736,0.6039325842696629,0.1286100619874554,0.45565749235474007,3.0,1.0,True,2022
0,13,20,5.0,18.0,1.0,5.0,5.0,5.0,7.0,12.0,2.0,6.0,4.0,6.0,0.1286100619874554,0.45565749235474007,0.09564349292443788,0.6050420168067226,1.0,3.0,False,2022
0,22,6,9.0,19.0,4.0,7.0,6.0,8.0,10.0,16.0,3.0,6.0,16.0,19.0,0.0574142927798351,0.5438066465256798,0.0795882038249758,0.4880239520958084,2.0,2.0,False,2022
0,21,12,9.0,21.0,5.0,9.0,5.0,6.0,12.0,19.0,4.0,11.0,7.0,7.0,0.11142396594218966,0.43973941368078173,0.13369935908519906,0.5406976744186046,2.0,2.0,False,2022
1,6,22,10.0,16.0,3.0,6.0,16.0,19.0,9.0,19.0,4.0,7.0,6.0,8.0,0.0795882038249758,0.4880239520958084,0.04593143422386808,0.5421686746987951,2.0,2.0,True,2022
0,2,14,14.0,32.0,1.0,5.0,7.0,7.0,12.0,32.0,3.0,9.0,9.0,9.0,0.07567978491831359,0.5763358778625954,0.13269575827407198,0.4351851851851852,3.0,2.0,False,2022
0,20,23,10.0,23.0,3.0,8.0,4.0,4.0,6.0,19.0,6.0,10.0,4.0,4.0,0.09564349292443788,0.6050420168067226,0.1275331920572082,0.4155844155844156,1.0,3.0,True,2022
0,3,7,7.0,15.0,6.0,12.0,3.0,3.0,9.0,20.0,2.0,6.0,9.0,10.0,0.08576813558937348,0.38109756097560976,0.05293151079859408,0.417910447761194,1.0,3.0,False,2022
1,7,3,9.0,20.0,2.0,6.0,9.0,10.0,7.0,15.0,6.0,12.0,3.0,3.0,0.05293151079859408,0.417910447761194,0.06861450847149878,0.3799392097264438,3.0,1.0,True,2022
0,28,8,12.0,18.0,6.0,8.0,5.0,6.0,10.0,21.0,3.0,9.0,6.0,7.0,0.13168596504695096,0.36217948717948717,0.037913845254889264,0.4582043343653251,2.0,1.0,True,2022
1,8,28,10.0,21.0,3.0,9.0,6.0,7.0,12.0,18.0,6.0,8.0,5.0,6.0,0.037913845254889264,0.4582043343653251,0.14534877203756075,0.36421725239616615,1.0,2.0,False,2022
1,14,2,12.0,32.0,3.0,9.0,9.0,9.0,14.0,32.0,1.0,5.0,7.0,7.0,0.13269575827407198,0.4351851851851852,0.06054382793465087,0.5741444866920152,2.0,3.0,True,2022
1,23,20,6.0,19.0,6.0,10.0,4.0,4.0,10.0,23.0,3.0,8.0,4.0,4.0,0.1275331920572082,0.4155844155844156,0.1165147943395503,0.6061452513966481,3.0,1.0,False,2022
0,9,18,7.0,16.0,2.0,5.0,3.0,4.0,9.0,13.0,2.0,6.0,8.0,9.0,0.09797813479048127,0.3895705521472393,0.11243348209637846,0.6164772727272727,2.0,2.0,False,2022
1,4,5,11.0,21.0,4.0,9.0,6.0,11.0,9.0,17.0,3.0,8.0,4.0,6.0,0.12529314730564162,0.657608695652174,0.025995047163383533,0.5076923076923077,3.0,2.0,False,2022
1,18,9,9.0,13.0,2.0,6.0,8.0,9.0,7.0,16.0,2.0,5.0,3.0,4.0,0.11243348209637846,0.6164772727272727,0.07838250783238501,0.38837920489296635,2.0,2.0,True,2022
0,5,4,9.0,17.0,3.0,8.0,4.0,6.0,11.0,21.0,4.0,9.0,6.0,11.0,0.025995047163383533,0.5076923076923077,0.10023451784451329,0.6558265582655827,2.0,3.0,True,2022
0,11,27,9.0,27.0,3.0,11.0,10.0,10.0,13.0,22.0,2.0,6.0,7.0,8.0,0.14774616042250674,0.615606936416185,0.13178705970291493,0.34539473684210525,2.0,2.0,False,2022
1,27,11,13.0,22.0,2.0,6.0,7.0,8.0,9.0,27.0,3.0,11.0,10.0,10.0,0.13178705970291493,0.34539473684210525,0.1181969283380054,0.6138328530259366,2.0,2.0,True,2022
0,10,19,8.0,15.0,4.0,6.0,4.0,4.0,6.0,17.0,3.0,8.0,9.0,10.0,0.0259235369383444,0.38153846153846155,0.008783441048194295,0.3870967741935484,1.0,2.0,False,2022
1,19,10,6.0,17.0,3.0,8.0,9.0,10.0,8.0,15.0,4.0,6.0,4.0,4.0,0.008783441048194295,0.3870967741935484,0.02073882955067552,0.3803680981595092,2.0,1.0,True,2022
1,0,26,7.0,16.0,6.0,15.0,1.0,2.0,6.0,15.0,2.0,7.0,4.0,4.0,0.5,0.75,0.054624442103168615,0.513595166163142,2.0,3.0,True,2022
0,25,22,9.0,17.0,3.0,7.0,3.0,6.0,8.0,18.0,4.0,13.0,5.0,6.0,0.09350261432499171,0.6323119777158774,0.04593143422386808,0.5421686746987951,1.0,1.0,True,2022
1,22,25,8.0,18.0,4.0,13.0,5.0,6.0,9.0,17.0,3.0,7.0,3.0,6.0,0.04593143422386808,0.5421686746987951,0.11480209145999336,0.6333333333333333,1.0,1.0,False,2022
0,12,16,8.0,19.0,5.0,10.0,10.0,11.0,7.0,18.0,5.0,10.0,5.0,6.0,0.13369935908519906,0.5406976744186046,0.09870495204787429,0.41304347826086957,1.0,2.0,True,2022
1,16,12,7.0,18.0,5.0,10.0,5.0,6.0,8.0,19.0,5.0,10.0,10.0,11.0,0.09870495204787429,0.41304347826086957,0.14695948726815924,0.5420289855072464,2.0,1.0,False,2022
0,26,0,6.0,15.0,2.0,7.0,4.0,4.0,7.0,16.0,6.0,15.0,1.0,2.0,0.054624442103168615,0.513595166163142,0.04,0.8,3.0,2.0,False,2022
1,13,15,10.0,21.0,4.0,11.0,3.0,6.0,9.0,16.0,3.0,12.0,4.0,5.0,0.10288804958996431,0.45426829268292684,0.11311586849116746,0.4185303514376997,2.0,2.0,True,2022
0,11,4,10.0,18.0,4.0,9.0,7.0,7.0,10.0,20.0,5.0,11.0,2.0,2.0,0.1181969283380054,0.6138328530259366,0.10023451784451329,0.6558265582655827,1.0,1.0,True,2022
1,29,1,9.0,22.0,5.0,8.0,3.0,4.0,7.0,15.0,4.0,6.0,5.0,7.0,0.10674959179736603,0.5513196480938416,0.033355487249704795,0.5722379603399433,2.0,3.0,True,2022
1,21,17,10.0,20.0,6.0,11.0,4.0,8.0,10.0,24.0,5.0,14.0,3.0,3.0,0.08913917275375173,0.4383116883116883,0.11789452254108763,0.5606936416184971,2.0,2.0,True,2022
0,1,29,7.0,15.0,4.0,6.0,5.0,7.0,9.0,22.0,5.0,8.0,3.0,4.0,0.033355487249704795,0.5722379603399433,0.12539967343789282,0.5526315789473685,3.0,2.0,False,2022
0,17,21,10.0,24.0,5.0,14.0,3.0,3.0,10.0,20.0,6.0,11.0,4.0,8.0,0.11789452254108763,0.5606936416184971,0.11131133820300139,0.4401294498381877,2.0,2.0,False,2022
0,15,13,9.0,16.0,3.0,12.0,4.0,5.0,10.0,21.0,4.0,11.0,3.0,6.0,0.11311586849116746,0.4185303514376997,0.12231043967197146,0.45592705167173253,2.0,2.0,False,2022
0,19,6,5.0,15.0,2.0,5.0,4.0,6.0,10.0,13.0,4.0,7.0,2.0,3.0,0.04702675283855544,0.3890675241157556,0.10367056305998064,0.48955223880597015,1.0,2.0,False,2022
1,6,19,10.0,13.0,4.0,7.0,2.0,3.0,5.0,15.0,2.0,5.0,4.0,6.0,0.10367056305998064,0.48955223880597015,0.03762140227084435,0.38782051282051283,2.0,1.0,True,2022
1,4,11,10.0,20.0,5.0,11.0,2.0,2.0,10.0,18.0,4.0,9.0,7.0,7.0,0.10023451784451329,0.6558265582655827,0.13455754267040432,0.6149425287356322,1.0,1.0,False,2022
1,18,17,10.0,17.0,3.0,10.0,4.0,5.0,8.0,20.0,3.0,9.0,5.0,5.0,0.12994678567710277,0.6175637393767706,0.09431561803287011,0.5590778097982709,2.0,1.0,True,2022
1,28,25,9.0,14.0,5.0,8.0,4.0,6.0,13.0,27.0,4.0,12.0,6.0,7.0,0.14534877203756075,0.36421725239616615,0.11480209145999336,0.6333333333333333,2.0,2.0,False,2022
0,25,28,13.0,27.0,4.0,12.0,6.0,7.0,9.0,14.0,5.0,8.0,4.0,6.0,0.11480209145999336,0.6333333333333333,0.1162790176300486,0.3630573248407643,2.0,2.0,True,2022
1,23,10,10.0,22.0,4.0,12.0,4.0,7.0,10.0,18.0,6.0,11.0,9.0,11.0,0.10202655364576656,0.41423948220064727,0.02073882955067552,0.3803680981595092,2.0,2.0,False,2022
0,10,23,10.0,18.0,6.0,11.0,9.0,11.0,10.0,22.0,4.0,12.0,4.0,7.0,0.02073882955067552,0.3803680981595092,0.08162124291661324,0.4129032258064516,2.0,2.0,True,2022
1,16,20,12.0,22.0,5.0,7.0,2.0,3.0,9.0,15.0,2.0,6.0,3.0,4.0,0.07896396163829943,0.4117647058823529,0.1165147943395503,0.6061452513966481,2.0,2.0,True,2022
0,20,16,9.0,15.0,2.0,6.0,3.0,4.0,12.0,22.0,5.0,7.0,2.0,3.0,0.1165147943395503,0.6061452513966481,0.10317116931063955,0.41358024691358025,2.0,2.0,False,2022
1,21,3,12.0,22.0,5.0,11.0,4.0,6.0,9.0,19.0,4.0,8.0,6.0,9.0,0.11131133820300139,0.4401294498381877,0.06861450847149878,0.3799392097264438,1.0,2.0,False,2022
0,5,22,6.0,12.0,3.0,6.0,2.0,3.0,11.0,19.0,5.0,7.0,4.0,5.0,0.06079603773070683,0.50920245398773,0.03674514737909446,0.5405405405405406,2.0,2.0,False,2022
1,22,5,11.0,19.0,5.0,7.0,4.0,5.0,6.0,12.0,3.0,6.0,2.0,3.0,0.03674514737909446,0.5405405405405406,0.048636830184565466,0.5076452599388379,2.0,2.0,True,2022
0,3,21,9.0,19.0,4.0,8.0,6.0,9.0,12.0,22.0,5.0,11.0,4.0,6.0,0.06861450847149878,0.3799392097264438,0.0890490705624011,0.43870967741935485,2.0,1.0,True,2022
1,2,27,10.0,22.0,5.0,8.0,5.0,6.0,15.0,20.0,4.0,8.0,7.0,7.0,0.06054382793465087,0.5741444866920152,0.14542964776233194,0.3475409836065574,2.0,2.0,False,2022
0,27,2,15.0,20.0,4.0,8.0,7.0,7.0,10.0,22.0,5.0,8.0,5.0,6.0,0.14542964776233194,0.3475409836065574,0.0484350623477207,0.571969696969697,2.0,2.0,True,2022
1,9,14,7.0,16.0,4.0,7.0,11.0,11.0,10.0,21.0,4.0,11.0,7.0,7.0,0.07838250783238501,0.38837920489296635,0.14615660661925758,0.4369230769230769,2.0,2.0,True,2022
0,14,9,10.0,21.0,4.0,11.0,7.0,7.0,7.0,16.0,4.0,7.0,11.0,11.0,0.14615660661925758,0.4369230769230769,0.10270600626590802,0.3902439024390244,2.0,2.0,False,2022
0,26,24,11.0,23.0,3.0,8.0,3.0,4.0,11.0,24.0,5.0,8.0,5.0,6.0,0.04369955368253489,0.5120481927710844,0.05580994593448165,0.6277777777777778,2.0,3.0,False,2022
1,24,26,11.0,24.0,5.0,8.0,5.0,6.0,11.0,23.0,3.0,8.0,3.0,4.0,0.05580994593448165,0.6277777777777778,0.034959642946027915,0.5105105105105106,3.0,2.0,True,2022
0,17,18,8.0,20.0,3.0,9.0,5.0,5.0,10.0,17.0,3.0,10.0,4.0,5.0,0.09431561803287011,0.5590778097982709,0.14395742854168223,0.6186440677966102,1.0,2.0,False,2022
0,15,11,7.0,16.0,5.0,7.0,7.0,9.0,14.0,30.0,6.0,12.0,6.0,9.0,0.09049269479293397,0.4171974522292994,0.13455754267040432,0.6149425287356322,2.0,2.0,False,2022
1,11,15,14.0,30.0,6.0,12.0,6.0,9.0,7.0,16.0,5.0,7.0,7.0,9.0,0.13455754267040432,0.6149425287356322,0.07239415583434718,0.4158730158730159,2.0,2.0,True,2022
0,8,7,9.0,16.0,3.0,10.0,4.0,4.0,9.0,20.0,3.0,8.0,6.0,6.0,0.03033107620391141,0.4567901234567901,0.08234520863887526,0.41964285714285715,3.0,3.0,False,2022
1,29,1,13.0,21.0,3.0,5.0,7.0,8.0,11.0,19.0,5.0,10.0,1.0,5.0,0.12539967343789282,0.5526315789473685,0.026684389799763834,0.5706214689265536,2.0,2.0,True,2022
1,7,8,9.0,20.0,3.0,8.0,6.0,6.0,9.0,16.0,3.0,10.0,4.0,4.0,0.08234520863887526,0.41964285714285715,0.024264860963129128,0.4553846153846154,3.0,3.0,True,2022
0,4,19,9.0,16.0,4.0,7.0,7.0,7.0,8.0,14.0,4.0,9.0,5.0,7.0,0.08018761427561064,0.654054054054054,0.03762140227084435,0.38782051282051283,2.0,2.0,True,2022
1,13,12,10.0,24.0,4.0,13.0,10.0,12.0,11.0,20.0,6.0,9.0,15.0,17.0,0.12231043967197146,0.45592705167173253,0.14695948726815924,0.5420289855072464,2.0,3.0,False,2022
0,12,13,11.0,20.0,6.0,9.0,15.0,17.0,10.0,24.0,4.0,13.0,10.0,12.0,0.14695948726815924,0.5420289855072464,0.09784835173757717,0.45454545454545453,3.0,2.0,True,2022
0,1,29,11.0,19.0,5.0,10.0,1.0,5.0,13.0,21.0,3.0,5.0,7.0,8.0,0.026684389799763834,0.5706214689265536,0.14031973875031425,0.5539358600583091,2.0,2.0,False,2022
1,19,4,8.0,14.0,4.0,9.0,5.0,7.0,9.0,16.0,4.0,7.0,7.0,7.0,0.03762140227084435,0.38782051282051283,0.1041500914204885,0.6549865229110512,2.0,2.0,False,2022
0,2,10,10.0,17.0,3.0,8.0,5.0,8.0,5.0,18.0,2.0,11.0,4.0,4.0,0.0484350623477207,0.571969696969697,0.056591063640540416,0.382262996941896,2.0,2.0,True,2022
1,14,25,8.0,18.0,2.0,6.0,9.0,10.0,13.0,22.0,3.0,8.0,5.0,6.0,0.11692528529540606,0.43558282208588955,0.1318416731679947,0.6343490304709142,2.0,2.0,False,2022
1,10,2,5.0,18.0,2.0,11.0,4.0,4.0,10.0,17.0,3.0,8.0,5.0,8.0,0.056591063640540416,0.382262996941896,0.07874804987817656,0.5735849056603773,2.0,2.0,False,2022
0,25,14,13.0,22.0,3.0,8.0,5.0,6.0,8.0,18.0,2.0,6.0,9.0,10.0,0.1318416731679947,0.6343490304709142,0.09354022823632485,0.43425076452599387,2.0,2.0,True,2022
1,5,13,9.0,18.0,3.0,7.0,6.0,6.0,10.0,25.0,3.0,12.0,12.0,15.0,0.048636830184565466,0.5076452599388379,0.09784835173757717,0.45454545454545453,2.0,1.0,False,2022
1,23,24,11.0,21.0,4.0,10.0,5.0,6.0,11.0,18.0,7.0,9.0,6.0,6.0,0.08162124291661324,0.4129032258064516,0.08464795674758532,0.6298342541436464,2.0,2.0,False,2022
0,13,5,10.0,25.0,3.0,12.0,12.0,15.0,9.0,18.0,3.0,7.0,6.0,6.0,0.09784835173757717,0.45454545454545453,0.038909464147652374,0.5060975609756098,1.0,2.0,True,2022
1,15,8,8.0,14.0,4.0,10.0,9.0,10.0,7.0,16.0,4.0,7.0,4.0,4.0,0.07239415583434718,0.4158730158730159,0.024264860963129128,0.4553846153846154,1.0,1.0,True,2022
1,18,27,9.0,18.0,4.0,8.0,5.0,9.0,13.0,24.0,3.0,7.0,11.0,12.0,0.14395742854168223,0.6186440677966102,0.15634371820986553,0.34967320261437906,2.0,2.0,True,2022
0,27,18,13.0,24.0,3.0,7.0,11.0,12.0,9.0,18.0,4.0,8.0,5.0,9.0,0.15634371820986553,0.34967320261437906,0.15516594283334578,0.6197183098591549,2.0,2.0,False,2022
1,0,21,11.0,21.0,7.0,16.0,4.0,4.0,12.0,22.0,5.0,9.0,5.0,6.0,0.04,0.8,0.0890490705624011,0.43870967741935485,4.0,2.0,True,2022
1,22,28,9.0,18.0,7.0,10.0,5.0,6.0,8.0,20.0,2.0,6.0,6.0,8.0,0.06939611790327557,0.5419161676646707,0.1162790176300486,0.3630573248407643,2.0,2.0,True,2022
0,21,0,12.0,22.0,5.0,9.0,5.0,6.0,11.0,21.0,7.0,16.0,4.0,4.0,0.0890490705624011,0.43870967741935485,0.072,0.8333333333333334,2.0,4.0,False,2022
1,6,9,13.0,20.0,6.0,11.0,4.0,6.0,10.0,22.0,6.0,6.0,7.0,8.0,0.12293645044798451,0.49107142857142855,0.10270600626590802,0.3902439024390244,3.0,2.0,True,2022
1,16,20,8.0,16.0,5.0,9.0,3.0,7.0,11.0,21.0,4.0,9.0,10.0,10.0,0.10317116931063955,0.41358024691358025,0.09321183547164023,0.6044568245125348,2.0,2.0,True,2022
0,17,3,10.0,27.0,4.0,12.0,3.0,5.0,9.0,15.0,5.0,7.0,6.0,9.0,0.07545249442629609,0.5574712643678161,0.09489160677719902,0.38181818181818183,2.0,2.0,False,2022
1,3,17,9.0,15.0,5.0,7.0,6.0,9.0,10.0,27.0,4.0,12.0,3.0,5.0,0.09489160677719902,0.38181818181818183,0.06036199554103687,0.5558739255014327,2.0,2.0,True,2022
0,9,6,10.0,22.0,6.0,6.0,7.0,8.0,13.0,20.0,6.0,11.0,4.0,6.0,0.10270600626590802,0.3902439024390244,0.1383491603583876,0.49258160237388726,2.0,3.0,False,2022
0,24,23,11.0,18.0,7.0,9.0,6.0,6.0,11.0,21.0,4.0,10.0,5.0,6.0,0.08464795674758532,0.6298342541436464,0.06529699433329059,0.4115755627009646,2.0,2.0,True,2022
0,20,16,11.0,21.0,4.0,9.0,10.0,10.0,8.0,16.0,5.0,9.0,3.0,7.0,0.09321183547164023,0.6044568245125348,0.12253693544851163,0.4153846153846154,2.0,2.0,False,2022
0,28,22,8.0,20.0,2.0,6.0,6.0,8.0,9.0,18.0,7.0,10.0,5.0,6.0,0.1162790176300486,0.3630573248407643,0.09551689432262046,0.5432835820895522,2.0,2.0,False,2022
0,8,15,7.0,16.0,4.0,7.0,4.0,4.0,8.0,14.0,4.0,10.0,9.0,10.0,0.024264860963129128,0.4553846153846154,0.09791532466747774,0.4177215189873418,1.0,1.0,False,2022
0,2,12,5.0,14.0,3.0,7.0,4.0,5.0,8.0,18.0,5.0,17.0,5.0,8.0,0.07874804987817656,0.5735849056603773,0.1575675898145274,0.5433526011560693,1.0,2.0,True,2022
1,7,1,8.0,18.0,4.0,8.0,7.0,8.0,7.0,17.0,2.0,7.0,8.0,8.0,0.10587616691110022,0.42136498516320475,0.021347511839811067,0.5690140845070423,2.0,2.0,True,2022
0,1,7,7.0,17.0,2.0,7.0,8.0,8.0,8.0,18.0,4.0,8.0,7.0,8.0,0.021347511839811067,0.5690140845070423,0.12470093352888019,0.4230769230769231,2.0,2.0,False,2022
1,12,2,8.0,18.0,5.0,17.0,5.0,8.0,5.0,14.0,3.0,7.0,4.0,5.0,0.1575675898145274,0.5433526011560693,0.10299843990254125,0.575187969924812,2.0,1.0,False,2022
1,29,26,11.0,23.0,5.0,10.0,7.0,9.0,9.0,17.0,4.0,11.0,6.0,6.0,0.14031973875031425,0.5539358600583091,0.034959642946027915,0.5105105105105106,2.0,3.0,False,2022
1,19,18,11.0,22.0,2.0,7.0,9.0,10.0,9.0,15.0,4.0,10.0,7.0,8.0,0.03009712181667548,0.3865814696485623,0.15516594283334578,0.6197183098591549,2.0,1.0,False,2022
0,18,19,9.0,15.0,4.0,10.0,7.0,8.0,11.0,22.0,2.0,7.0,9.0,10.0,0.15516594283334578,0.6197183098591549,0.024077697453340385,0.3853503184713376,1.0,2.0,True,2022
1,9,11,8.0,20.0,3.0,4.0,5.0,6.0,10.0,19.0,5.0,10.0,7.0,7.0,0.08216480501272641,0.3890577507598784,0.14764603413632343,0.6160458452722063,1.0,2.0,False,2022
0,11,9,10.0,19.0,5.0,10.0,7.0,7.0,8.0,20.0,3.0,4.0,5.0,6.0,0.14764603413632343,0.6160458452722063,0.06573184401018113,0.3878787878787879,2.0,1.0,True,2022
0,26,29,9.0,17.0,4.0,11.0,6.0,6.0,11.0,23.0,5.0,10.0,7.0,9.0,0.034959642946027915,0.5105105105105106,0.1122557910002514,0.5523255813953488,3.0,2.0,True,2022
0,22,17,8.0,21.0,4.0,8.0,3.0,4.0,11.0,19.0,5.0,10.0,6.0,6.0,0.09551689432262046,0.5432835820895522,0.06036199554103687,0.5558739255014327,2.0,2.0,False,2022
1,10,5,8.0,18.0,4.0,10.0,3.0,3.0,9.0,16.0,2.0,6.0,4.0,5.0,0.045272850912432334,0.38109756097560976,0.038909464147652374,0.5060975609756098,2.0,2.0,False,2022
1,14,16,9.0,12.0,4.0,7.0,3.0,4.0,4.0,17.0,3.0,6.0,4.0,4.0,0.09354022823632485,0.43425076452599387,0.12253693544851163,0.4153846153846154,2.0,2.0,True,2022
0,16,14,4.0,17.0,3.0,6.0,4.0,4.0,9.0,12.0,4.0,7.0,3.0,4.0,0.12253693544851163,0.4153846153846154,0.11483218258905989,0.43597560975609756,2.0,2.0,False,2022
0,3,25,8.0,18.0,5.0,10.0,5.0,6.0,10.0,21.0,4.0,8.0,2.0,3.0,0.1159132854217592,0.38368580060422963,0.14547333853439576,0.6353591160220995,2.0,2.0,True,2022
1,15,21,9.0,18.0,8.0,17.0,7.0,7.0,10.0,17.0,4.0,8.0,3.0,5.0,0.09791532466747774,0.4177215189873418,0.07123925644992088,0.43729903536977494,2.0,2.0,True,2022
0,21,15,10.0,17.0,4.0,8.0,3.0,5.0,9.0,18.0,8.0,17.0,7.0,7.0,0.07123925644992088,0.43729903536977494,0.1183322597339822,0.4195583596214511,2.0,2.0,False,2022
1,17,22,11.0,19.0,5.0,10.0,6.0,6.0,8.0,21.0,4.0,8.0,3.0,4.0,0.06036199554103687,0.5558739255014327,0.07641351545809637,0.5416666666666666,2.0,2.0,True,2022
0,8,0,8.0,15.0,3.0,10.0,3.0,4.0,10.0,16.0,6.0,13.0,4.0,4.0,0.019411888770503302,0.4539877300613497,0.072,0.8333333333333334,2.0,2.0,False,2022
1,25,3,10.0,21.0,4.0,8.0,2.0,3.0,8.0,18.0,5.0,10.0,5.0,6.0,0.14547333853439576,0.6353591160220995,0.13273062833740737,0.3855421686746988,2.0,2.0,False,2022
0,24,23,8.0,20.0,2.0,8.0,13.0,14.0,7.0,22.0,6.0,16.0,3.0,3.0,0.10771836539806826,0.6318681318681318,0.06529699433329059,0.4115755627009646,2.0,2.0,True,2022
1,4,28,8.0,17.0,6.0,9.0,9.0,11.0,11.0,22.0,3.0,9.0,7.0,10.0,0.1041500914204885,0.6549865229110512,0.09302321410403888,0.3619047619047619,3.0,2.0,False,2022
0,28,4,11.0,22.0,3.0,9.0,7.0,10.0,8.0,17.0,6.0,9.0,9.0,11.0,0.09302321410403888,0.3619047619047619,0.08332007313639081,0.6532258064516129,2.0,3.0,True,2022
1,0,8,10.0,16.0,6.0,13.0,4.0,4.0,8.0,15.0,3.0,10.0,3.0,4.0,0.072,0.8333333333333334,0.015529511016402642,0.4525993883792049,2.0,2.0,True,2022
0,5,10,9.0,16.0,2.0,6.0,4.0,5.0,8.0,18.0,4.0,10.0,3.0,3.0,0.038909464147652374,0.5060975609756098,0.036218280729945866,0.3799392097264438,2.0,2.0,True,2022
0,6,19,12.0,27.0,3.0,6.0,4.0,4.0,6.0,17.0,3.0,7.0,5.0,6.0,0.1383491603583876,0.49258160237388726,0.024077697453340385,0.3853503184713376,2.0,1.0,True,2022
1,19,6,6.0,17.0,3.0,7.0,5.0,6.0,12.0,27.0,3.0,6.0,4.0,4.0,0.024077697453340385,0.3853503184713376,0.1506793282867101,0.4940828402366864,1.0,2.0,False,2022
1,23,24,7.0,22.0,6.0,16.0,3.0,3.0,8.0,20.0,2.0,8.0,13.0,14.0,0.06529699433329059,0.4115755627009646,0.1261746923184546,0.6338797814207651,2.0,2.0,False,2022
1,12,11,11.0,18.0,6.0,8.0,5.0,6.0,14.0,28.0,4.0,15.0,5.0,6.0,0.12605407185162193,0.5417867435158501,0.15811682730905877,0.6171428571428571,2.0,2.0,True,2022
1,17,29,9.0,19.0,6.0,14.0,4.0,6.0,5.0,14.0,3.0,7.0,5.0,8.0,0.08828959643282949,0.5571428571428572,0.1122557910002514,0.5523255813953488,1.0,2.0,True,2022
0,29,17,5.0,14.0,3.0,7.0,5.0,8.0,9.0,19.0,6.0,14.0,4.0,6.0,0.1122557910002514,0.5523255813953488,0.11063167714626361,0.5584045584045584,2.0,1.0,False,2022
1,7,9,14.0,21.0,5.0,10.0,5.0,7.0,10.0,23.0,4.0,11.0,7.0,8.0,0.12470093352888019,0.4230769230769231,0.06573184401018113,0.3878787878787879,2.0,2.0,True,2022
0,9,7,10.0,23.0,4.0,11.0,7.0,8.0,14.0,21.0,5.0,10.0,5.0,7.0,0.06573184401018113,0.3878787878787879,0.13976074682310416,0.4247787610619469,2.0,2.0,False,2022
0,18,27,11.0,19.0,7.0,9.0,5.0,7.0,12.0,26.0,3.0,10.0,10.0,12.0,0.16413275426667664,0.6207865168539326,0.12507497456789243,0.3485342019543974,2.0,3.0,True,2022
0,11,12,14.0,28.0,4.0,15.0,5.0,6.0,11.0,18.0,6.0,8.0,5.0,6.0,0.15811682730905877,0.6171428571428571,0.14084325748129753,0.5431034482758621,2.0,2.0,False,2022
1,20,1,9.0,19.0,3.0,8.0,9.0,11.0,8.0,14.0,2.0,7.0,4.0,5.0,0.07456946837731218,0.6027777777777777,0.017078009471848853,0.5674157303370787,3.0,2.0,True,2022
0,1,20,8.0,14.0,2.0,7.0,4.0,5.0,9.0,19.0,3.0,8.0,9.0,11.0,0.017078009471848853,0.5674157303370787,0.09965557470184976,0.6038781163434903,2.0,3.0,False,2022
1,13,2,12.0,21.0,5.0,10.0,7.0,8.0,12.0,22.0,6.0,8.0,4.0,5.0,0.11827868139006174,0.4561933534743202,0.10299843990254125,0.575187969924812,3.0,2.0,True,2022
0,2,13,12.0,22.0,6.0,8.0,4.0,5.0,12.0,21.0,5.0,10.0,7.0,8.0,0.10299843990254125,0.575187969924812,0.1346229451120494,0.4578313253012048,2.0,3.0,False,2022
1,27,18,12.0,26.0,3.0,10.0,10.0,12.0,11.0,19.0,7.0,9.0,5.0,7.0,0.12507497456789243,0.3485342019543974,0.1713062034133413,0.6218487394957983,3.0,2.0,False,2022
1,14,4,14.0,22.0,3.0,8.0,5.0,5.0,12.0,26.0,3.0,8.0,5.0,12.0,0.11483218258905989,0.43597560975609756,0.08332007313639081,0.6532258064516129,2.0,2.0,True,2022
0,4,14,12.0,26.0,3.0,8.0,5.0,12.0,14.0,22.0,3.0,8.0,5.0,5.0,0.08332007313639081,0.6532258064516129,0.13186574607124793,0.4376899696048632,2.0,2.0,False,2022
1,25,6,7.0,16.0,3.0,8.0,6.0,6.0,11.0,20.0,4.0,10.0,6.0,6.0,0.1163786708275166,0.6336088154269972,0.1506793282867101,0.4940828402366864,2.0,2.0,False,2022
0,6,25,11.0,20.0,4.0,10.0,6.0,6.0,7.0,16.0,3.0,8.0,6.0,6.0,0.1506793282867101,0.4940828402366864,0.09310293666201327,0.6318681318681318,2.0,2.0,True,2022
1,15,22,7.0,19.0,5.0,12.0,9.0,11.0,9.0,22.0,2.0,5.0,3.0,4.0,0.1183322597339822,0.4195583596214511,0.07641351545809637,0.5416666666666666,2.0,2.0,False,2022
0,22,15,9.0,22.0,2.0,5.0,3.0,4.0,7.0,19.0,5.0,12.0,9.0,11.0,0.07641351545809637,0.5416666666666666,0.09466580778718577,0.41823899371069184,2.0,2.0,True,2022
0,11,10,8.0,24.0,2.0,12.0,7.0,8.0,13.0,20.0,5.0,10.0,4.0,4.0,0.12649346184724702,0.6153846153846154,0.036218280729945866,0.3799392097264438,1.0,2.0,False,2022
1,10,11,13.0,20.0,5.0,10.0,4.0,4.0,8.0,24.0,2.0,12.0,7.0,8.0,0.036218280729945866,0.3799392097264438,0.10119476947779762,0.6136363636363636,2.0,1.0,True,2022
0,5,26,9.0,19.0,3.0,10.0,4.0,4.0,5.0,16.0,3.0,7.0,7.0,9.0,0.07112757131812189,0.5075987841945289,0.06796771435682233,0.5119760479041916,2.0,3.0,False,2022
1,28,3,8.0,17.0,2.0,7.0,5.0,6.0,13.0,19.0,8.0,9.0,3.0,4.0,0.11441857128323112,0.3639240506329114,0.13273062833740737,0.3855421686746988,2.0,2.0,False,2022
0,3,28,13.0,19.0,8.0,9.0,3.0,4.0,8.0,17.0,2.0,7.0,5.0,6.0,0.13273062833740737,0.3855421686746988,0.0915348570265849,0.3627760252365931,2.0,2.0,True,2022
1,24,21,9.0,22.0,6.0,11.0,8.0,8.0,8.0,22.0,2.0,9.0,5.0,6.0,0.1261746923184546,0.6338797814207651,0.056991405159936705,0.4358974358974359,2.0,2.0,True,2022
0,21,24,8.0,22.0,2.0,9.0,5.0,6.0,9.0,22.0,6.0,11.0,8.0,8.0,0.056991405159936705,0.4358974358974359,0.14093975385476368,0.6358695652173914,2.0,2.0,False,2022
1,0,1,8.0,16.0,5.0,11.0,9.0,9.0,7.0,12.0,2.0,8.0,8.0,12.0,0.09759999999999999,0.8571428571428571,0.013662407577479083,0.5658263305322129,2.0,1.0,True,2022
1,26,5,5.0,16.0,3.0,7.0,7.0,9.0,9.0,19.0,3.0,10.0,4.0,4.0,0.06796771435682233,0.5119760479041916,0.05690205705449751,0.5060606060606061,3.0,2.0,True,2022
0,1,0,7.0,12.0,2.0,8.0,8.0,12.0,8.0,16.0,5.0,11.0,9.0,9.0,0.013662407577479083,0.5658263305322129,0.11808,0.875,1.0,2.0,False,2022
0,21,29,11.0,22.0,3.0,11.0,6.0,6.0,13.0,25.0,7.0,10.0,7.0,10.0,0.045593124127949365,0.43450479233226835,0.08980463280020112,0.5507246376811594,1.0,2.0,False,2022
1,29,21,13.0,25.0,7.0,10.0,7.0,10.0,11.0,22.0,3.0,11.0,6.0,6.0,0.08980463280020112,0.5507246376811594,0.03647449930235949,0.43312101910828027,2.0,1.0,True,2022
1,18,28,7.0,19.0,5.0,12.0,4.0,6.0,12.0,25.0,5.0,10.0,2.0,2.0,0.1713062034133413,0.6218487394957983,0.0915348570265849,0.3627760252365931,2.0,1.0,False,2022
0,28,18,12.0,25.0,5.0,10.0,2.0,2.0,7.0,19.0,5.0,12.0,4.0,6.0,0.0915348570265849,0.3627760252365931,0.13704496273067304,0.6201117318435754,1.0,2.0,True,2022
1,16,23,10.0,24.0,3.0,6.0,10.0,12.0,10.0,22.0,6.0,13.0,5.0,7.0,0.09802954835880931,0.41411042944785276,0.05223759546663247,0.41025641025641024,3.0,3.0,True,2022
0,23,16,10.0,22.0,6.0,13.0,5.0,7.0,10.0,24.0,3.0,6.0,10.0,12.0,0.05223759546663247,0.41025641025641024,0.11842363868704744,0.41590214067278286,3.0,3.0,False,2022
0,12,20,10.0,18.0,4.0,9.0,9.0,11.0,10.0,14.0,7.0,9.0,5.0,8.0,0.14084325748129753,0.5431034482758621,0.09965557470184976,0.6038781163434903,2.0,2.0,False,2022
1,15,7,8.0,19.0,3.0,11.0,11.0,11.0,9.0,17.0,4.0,6.0,3.0,3.0,0.09466580778718577,0.41823899371069184,0.13976074682310416,0.4247787610619469,1.0,2.0,False,2022
1,20,12,10.0,14.0,7.0,9.0,5.0,8.0,10.0,18.0,4.0,9.0,9.0,11.0,0.09965557470184976,0.6038781163434903,0.11267460598503802,0.5415472779369628,2.0,2.0,True,2022
0,6,27,13.0,24.0,3.0,8.0,9.0,9.0,10.0,20.0,3.0,7.0,7.0,9.0,0.16054346262936808,0.49557522123893805,0.10005997965431394,0.3474025974025974,1.0,2.0,False,2022
1,13,8,10.0,21.0,4.0,8.0,3.0,5.0,10.0,20.0,2.0,11.0,5.0,6.0,0.1346229451120494,0.4578313253012048,0.015529511016402642,0.4525993883792049,2.0,3.0,True,2022
0,8,13,10.0,20.0,2.0,11.0,5.0,6.0,10.0,21.0,4.0,8.0,3.0,5.0,0.015529511016402642,0.4525993883792049,0.14769835608963952,0.4594594594594595,3.0,2.0,False,2022
1,0,9,14.0,28.0,9.0,19.0,13.0,13.0,11.0,20.0,4.0,8.0,7.0,8.0,0.11808,0.875,0.052585475208144904,0.3867069486404834,1.0,2.0,True,2022
0,7,15,9.0,17.0,4.0,6.0,3.0,3.0,8.0,19.0,3.0,11.0,11.0,11.0,0.13976074682310416,0.4247787610619469,0.07573264622974861,0.4169278996865204,2.0,1.0,True,2022
1,27,6,10.0,20.0,3.0,7.0,7.0,9.0,13.0,24.0,3.0,8.0,9.0,9.0,0.10005997965431394,0.3474025974025974,0.12843477010349447,0.49411764705882355,2.0,1.0,True,2022
0,9,0,11.0,20.0,4.0,8.0,7.0,8.0,14.0,28.0,9.0,19.0,13.0,13.0,0.052585475208144904,0.3867069486404834,0.134464,0.8888888888888888,2.0,1.0,False,2022
0,9,11,11.0,21.0,6.0,11.0,3.0,7.0,11.0,20.0,5.0,11.0,6.0,6.0,0.04206838016651592,0.3855421686746988,0.10119476947779762,0.6136363636363636,1.0,2.0,False,2022
0,17,24,11.0,23.0,5.0,13.0,2.0,4.0,10.0,24.0,6.0,8.0,3.0,4.0,0.11063167714626361,0.5584045584045584,0.14093975385476368,0.6358695652173914,3.0,2.0,False,2022
1,18,4,12.0,24.0,5.0,12.0,5.0,5.0,12.0,26.0,5.0,9.0,7.0,13.0,0.13704496273067304,0.6201117318435754,0.06665605850911265,0.6514745308310992,1.0,2.0,False,2022
1,24,17,10.0,24.0,6.0,8.0,3.0,4.0,11.0,23.0,5.0,13.0,2.0,4.0,0.14093975385476368,0.6358695652173914,0.08850534171701088,0.5568181818181818,2.0,3.0,True,2022
0,4,18,12.0,26.0,5.0,9.0,7.0,13.0,12.0,24.0,5.0,12.0,5.0,5.0,0.06665605850911265,0.6514745308310992,0.10963597018453844,0.6183844011142061,2.0,1.0,True,2022
1,11,9,11.0,20.0,5.0,11.0,6.0,6.0,11.0,21.0,6.0,11.0,3.0,7.0,0.10119476947779762,0.6136363636363636,0.03365470413321274,0.3843843843843844,2.0,1.0,True,2022
1,28,4,8.0,15.0,6.0,8.0,4.0,4.0,8.0,16.0,7.0,13.0,3.0,4.0,0.11322788562126793,0.36477987421383645,0.09332484680729011,0.6524064171122995,2.0,1.0,False,2022
0,21,16,13.0,17.0,7.0,9.0,11.0,11.0,13.0,27.0,4.0,7.0,5.0,5.0,0.03647449930235949,0.43312101910828027,0.11842363868704744,0.41590214067278286,2.0,2.0,True,2022
0,15,5,14.0,24.0,3.0,9.0,7.0,8.0,11.0,21.0,5.0,7.0,10.0,13.0,0.07573264622974861,0.4169278996865204,0.05690205705449751,0.5060606060606061,2.0,3.0,False,2022
1,7,17,12.0,18.0,2.0,6.0,5.0,5.0,12.0,23.0,3.0,8.0,4.0,5.0,0.15180859745848332,0.4264705882352941,0.08850534171701088,0.5568181818181818,2.0,1.0,True,2022
0,17,7,12.0,23.0,3.0,8.0,4.0,5.0,12.0,18.0,2.0,6.0,5.0,5.0,0.08850534171701088,0.5568181818181818,0.16144687796678667,0.4281524926686217,1.0,2.0,False,2022
1,10,6,7.0,14.0,2.0,5.0,3.0,6.0,11.0,16.0,3.0,5.0,6.0,7.0,0.06897462458395669,0.38181818181818183,0.12843477010349447,0.49411764705882355,3.0,2.0,False,2022
0,6,10,11.0,16.0,3.0,5.0,6.0,7.0,7.0,14.0,2.0,5.0,3.0,6.0,0.12843477010349447,0.49411764705882355,0.05517969966716535,0.3806646525679758,2.0,3.0,True,2022
1,16,21,13.0,27.0,4.0,7.0,5.0,5.0,13.0,17.0,7.0,9.0,11.0,11.0,0.11842363868704744,0.41590214067278286,0.06917959944188759,0.43492063492063493,2.0,2.0,False,2022
1,5,15,11.0,21.0,5.0,7.0,10.0,13.0,14.0,24.0,3.0,9.0,7.0,8.0,0.05690205705449751,0.5060606060606061,0.060586116983798885,0.415625,3.0,2.0,True,2022
0,4,28,8.0,16.0,7.0,13.0,3.0,4.0,8.0,15.0,6.0,8.0,4.0,4.0,0.09332484680729011,0.6524064171122995,0.09058230849701435,0.36363636363636365,1.0,2.0,True,2022
1,8,26,10.0,22.0,4.0,10.0,9.0,11.0,8.0,19.0,3.0,7.0,9.0,11.0,0.012423608813122114,0.45121951219512196,0.09437417148545788,0.5134328358208955,2.0,3.0,False,2022
0,26,8,8.0,19.0,3.0,7.0,9.0,11.0,10.0,22.0,4.0,10.0,9.0,11.0,0.09437417148545788,0.5134328358208955,0.009938887050497692,0.44984802431610943,3.0,2.0,True,2022
1,29,12,10.0,23.0,5.0,8.0,3.0,4.0,11.0,22.0,5.0,13.0,10.0,11.0,0.11184370624016089,0.5520231213872833,0.11267460598503802,0.5415472779369628,2.0,2.0,True,2022
1,3,14,8.0,16.0,3.0,10.0,7.0,8.0,8.0,19.0,6.0,9.0,6.0,6.0,0.1461845026699259,0.38738738738738737,0.13186574607124793,0.4376899696048632,3.0,3.0,False,2022
0,19,1,12.0,23.0,4.0,9.0,7.0,9.0,8.0,20.0,3.0,11.0,8.0,14.0,0.01926215796267231,0.38412698412698415,0.010929926061983267,0.5642458100558659,5.0,3.0,True,2022
1,0,23,14.0,19.0,3.0,11.0,7.0,8.0,16.0,27.0,7.0,13.0,9.0,12.0,0.134464,0.8888888888888888,0.04179007637330597,0.40894568690095845,2.0,2.0,True,2022
0,12,29,11.0,22.0,5.0,13.0,10.0,11.0,10.0,23.0,5.0,8.0,3.0,4.0,0.11267460598503802,0.5415472779369628,0.1294749649921287,0.553314121037464,2.0,2.0,False,2022
0,23,0,16.0,27.0,7.0,13.0,9.0,12.0,14.0,19.0,3.0,11.0,7.0,8.0,0.04179007637330597,0.40894568690095845,0.1475712,0.9,2.0,2.0,False,2022
1,20,22,11.0,19.0,6.0,9.0,4.0,5.0,11.0,21.0,3.0,7.0,3.0,4.0,0.1197244597614798,0.6049723756906077,0.1011308123664771,0.543026706231454,2.0,3.0,True,2022
0,14,3,8.0,19.0,6.0,9.0,6.0,6.0,8.0,16.0,3.0,10.0,7.0,8.0,0.13186574607124793,0.4376899696048632,0.11694760213594071,0.38622754491017963,3.0,3.0,True,2022
1,27,13,8.0,20.0,7.0,10.0,5.0,6.0,9.0,18.0,5.0,9.0,7.0,10.0,0.12004798372345116,0.34951456310679613,0.14769835608963952,0.4594594594594595,2.0,2.0,True,2022
0,13,27,9.0,18.0,5.0,9.0,7.0,10.0,8.0,20.0,7.0,10.0,5.0,6.0,0.14769835608963952,0.4594594594594595,0.13603838697876092,0.35161290322580646,2.0,2.0,False,2022
0,25,2,7.0,14.0,4.0,9.0,7.0,8.0,8.0,24.0,3.0,7.0,3.0,4.0,0.09310293666201327,0.6318681318681318,0.082398751922033,0.5730337078651685,3.0,4.0,False,2022
0,22,20,11.0,21.0,3.0,7.0,3.0,4.0,11.0,19.0,6.0,9.0,4.0,5.0,0.1011308123664771,0.543026706231454,0.13577956780918385,0.6060606060606061,3.0,2.0,False,2022
1,2,25,8.0,24.0,3.0,7.0,3.0,4.0,7.0,14.0,4.0,9.0,7.0,8.0,0.082398751922033,0.5730337078651685,0.07448234932961062,0.6301369863013698,4.0,3.0,True,2022
1,1,19,8.0,20.0,3.0,11.0,8.0,14.0,12.0,23.0,4.0,9.0,7.0,9.0,0.010929926061983267,0.5642458100558659,0.05540972637013784,0.3860759493670886,3.0,5.0,False,2022
1,18,25,12.0,19.0,3.0,10.0,8.0,8.0,11.0,22.0,6.0,11.0,4.0,4.0,0.10963597018453844,0.6183844011142061,0.07448234932961062,0.6301369863013698,2.0,1.0,False,2022
1,11,22,11.0,20.0,3.0,10.0,5.0,7.0,10.0,23.0,3.0,7.0,8.0,9.0,0.12095581558223809,0.6147308781869688,0.08090464989318168,0.5414201183431953,2.0,1.0,False,2022
0,22,11,10.0,23.0,3.0,7.0,8.0,9.0,11.0,20.0,3.0,10.0,5.0,7.0,0.08090464989318168,0.5414201183431953,0.09676465246579047,0.6129943502824858,1.0,2.0,True,2022
0,25,18,11.0,22.0,6.0,11.0,4.0,4.0,12.0,19.0,3.0,10.0,8.0,8.0,0.07448234932961062,0.6301369863013698,0.08770877614763076,0.6166666666666667,1.0,2.0,True,2022
1,24,12,11.0,25.0,3.0,9.0,6.0,6.0,12.0,23.0,4.0,11.0,6.0,8.0,0.15275180308381092,0.6378378378378379,0.09013968478803042,0.54,2.0,1.0,True,2022
0,12,24,12.0,23.0,4.0,11.0,6.0,8.0,11.0,25.0,3.0,9.0,6.0,6.0,0.09013968478803042,0.54,0.16220144246704876,0.6397849462365591,1.0,2.0,False,2022
0,23,29,11.0,19.0,5.0,9.0,3.0,3.0,7.0,13.0,2.0,8.0,8.0,10.0,0.03343206109864478,0.40764331210191085,0.1294749649921287,0.553314121037464,2.0,2.0,True,2022
0,6,8,11.0,18.0,6.0,10.0,11.0,15.0,6.0,14.0,4.0,8.0,8.0,8.0,0.14274781608279558,0.49560117302052786,0.009938887050497692,0.44984802431610943,2.0,2.0,True,2022
1,29,23,7.0,13.0,2.0,8.0,8.0,10.0,11.0,19.0,5.0,9.0,3.0,3.0,0.1294749649921287,0.553314121037464,0.06674564887891583,0.4095238095238095,2.0,2.0,False,2022
0,7,16,7.0,17.0,5.0,8.0,3.0,3.0,10.0,19.0,2.0,6.0,6.0,9.0,0.16144687796678667,0.4281524926686217,0.09473891094963796,0.4146341463414634,2.0,2.0,True,2022
1,16,7,10.0,19.0,2.0,6.0,6.0,9.0,7.0,17.0,5.0,8.0,3.0,3.0,0.09473891094963796,0.4146341463414634,0.16915750237342936,0.4298245614035088,2.0,2.0,False,2022
0,13,5,12.0,23.0,6.0,13.0,5.0,8.0,7.0,14.0,4.0,6.0,5.0,6.0,0.11815868487171162,0.45808383233532934,0.08552164564359802,0.5075528700906344,2.0,2.0,True,2022
1,8,6,6.0,14.0,4.0,8.0,8.0,8.0,11.0,18.0,6.0,10.0,11.0,15.0,0.009938887050497692,0.44984802431610943,0.15419825286623645,0.49707602339181284,2.0,2.0,False,2022
0,15,26,8.0,14.0,4.0,9.0,4.0,6.0,9.0,24.0,2.0,8.0,2.0,3.0,0.060586116983798885,0.415625,0.11549933718836632,0.5148809523809523,2.0,2.0,False,2022
1,1,17,7.0,15.0,1.0,7.0,3.0,7.0,7.0,21.0,4.0,9.0,10.0,10.0,0.008743940849586613,0.5626740947075209,0.0708042733736087,0.5552407932011332,2.0,2.0,False,2022
1,5,13,7.0,14.0,4.0,6.0,5.0,6.0,12.0,23.0,6.0,13.0,5.0,8.0,0.08552164564359802,0.5075528700906344,0.1345269478973693,0.4597014925373134,2.0,2.0,False,2022
1,0,27,15.0,24.0,9.0,17.0,5.0,7.0,10.0,17.0,2.0,7.0,9.0,10.0,0.1475712,0.9,0.13603838697876092,0.35161290322580646,2.0,2.0,True,2022
0,17,1,7.0,21.0,4.0,9.0,10.0,10.0,7.0,15.0,1.0,7.0,3.0,7.0,0.0708042733736087,0.5552407932011332,0.006995152679669291,0.5611111111111111,2.0,2.0,True,2022
1,26,15,9.0,24.0,2.0,8.0,2.0,3.0,8.0,14.0,4.0,9.0,4.0,6.0,0.11549933718836632,0.5148809523809523,0.04846889358703911,0.4143302180685358,2.0,2.0,True,2022
1,2,4,16.0,27.0,5.0,13.0,4.0,4.0,10.0,25.0,5.0,12.0,4.0,5.0,0.10591900153762641,0.5746268656716418,0.1146598774458321,0.6533333333333333,2.0,2.0,True,2022
0,27,0,10.0,17.0,2.0,7.0,9.0,10.0,15.0,24.0,9.0,17.0,5.0,7.0,0.13603838697876092,0.35161290322580646,0.15805696,0.9090909090909091,2.0,2.0,False,2022
1,20,9,10.0,22.0,3.0,8.0,6.0,6.0,11.0,22.0,3.0,6.0,9.0,10.0,0.13577956780918385,0.6060606060606061,0.03365470413321274,0.3843843843843844,2.0,3.0,True,2022
0,9,20,11.0,22.0,3.0,6.0,9.0,10.0,10.0,22.0,3.0,8.0,6.0,6.0,0.03365470413321274,0.3843843843843844,0.14862365424734708,0.6071428571428571,3.0,2.0,False,2022
0,19,3,5.0,12.0,2.0,5.0,4.0,4.0,8.0,14.0,4.0,9.0,2.0,4.0,0.05540972637013784,0.3860759493670886,0.11694760213594071,0.38622754491017963,2.0,2.0,False,2022
1,21,28,9.0,17.0,4.0,10.0,5.0,8.0,9.0,19.0,4.0,9.0,4.0,5.0,0.06917959944188759,0.43492063492063493,0.09058230849701435,0.36363636363636365,2.0,2.0,True,2022
0,28,21,9.0,19.0,4.0,9.0,4.0,5.0,9.0,17.0,4.0,10.0,5.0,8.0,0.09058230849701435,0.36363636363636365,0.09534367955351006,0.43670886075949367,2.0,2.0,False,2022
0,4,2,10.0,25.0,5.0,12.0,4.0,5.0,16.0,27.0,5.0,13.0,4.0,4.0,0.1146598774458321,0.6533333333333333,0.12473520123010114,0.5762081784386617,2.0,2.0,False,2022
1,3,19,8.0,14.0,4.0,9.0,2.0,4.0,5.0,12.0,2.0,5.0,4.0,4.0,0.11694760213594071,0.38622754491017963,0.044327781096110276,0.38485804416403785,2.0,2.0,True,2022
1,25,19,9.0,16.0,4.0,10.0,5.0,9.0,9.0,16.0,3.0,8.0,6.0,7.0,0.09958587946368849,0.6311475409836066,0.044327781096110276,0.38485804416403785,2.0,1.0,False,2022
0,19,25,9.0,16.0,3.0,8.0,6.0,7.0,9.0,16.0,4.0,10.0,5.0,9.0,0.044327781096110276,0.38485804416403785,0.0796687035709508,0.6294277929155313,1.0,2.0,True,2022
0,2,3,10.0,22.0,3.0,8.0,6.0,6.0,8.0,17.0,2.0,8.0,6.0,6.0,0.12473520123010114,0.5762081784386617,0.13355808170875255,0.3880597014925373,1.0,1.0,False,2022
0,14,10,10.0,18.0,3.0,10.0,2.0,4.0,6.0,17.0,4.0,9.0,11.0,12.0,0.14549259685699834,0.4393939393939394,0.05517969966716535,0.3806646525679758,3.0,3.0,True,2022
1,11,12,8.0,19.0,6.0,13.0,5.0,5.0,10.0,23.0,6.0,11.0,6.0,6.0,0.09676465246579047,0.6129943502824858,0.07211174783042433,0.5384615384615384,2.0,2.0,False,2022
0,12,11,10.0,23.0,6.0,11.0,6.0,6.0,8.0,19.0,6.0,13.0,5.0,5.0,0.07211174783042433,0.5384615384615384,0.07741172197263238,0.6112676056338028,2.0,2.0,True,2022
0,16,8,8.0,18.0,3.0,5.0,5.0,7.0,7.0,17.0,3.0,6.0,5.0,6.0,0.07579112875971036,0.4133738601823708,0.007951109640398153,0.4484848484848485,1.0,1.0,False,2022
1,24,23,10.0,17.0,3.0,8.0,3.0,4.0,9.0,22.0,3.0,7.0,4.0,6.0,0.16220144246704876,0.6397849462365591,0.06674564887891583,0.4095238095238095,2.0,1.0,True,2022
0,23,24,9.0,22.0,3.0,7.0,4.0,6.0,10.0,17.0,3.0,8.0,3.0,4.0,0.06674564887891583,0.4095238095238095,0.16976115397363903,0.6417112299465241,1.0,2.0,False,2022
1,22,18,9.0,13.0,6.0,8.0,4.0,6.0,10.0,22.0,3.0,5.0,9.0,10.0,0.10472371991454535,0.5427728613569321,0.08770877614763076,0.6166666666666667,2.0,2.0,True,2022
1,3,2,8.0,17.0,2.0,8.0,6.0,6.0,10.0,22.0,3.0,8.0,6.0,6.0,0.13355808170875255,0.3880597014925373,0.09978816098408091,0.5740740740740741,1.0,1.0,True,2022
0,18,22,10.0,22.0,3.0,5.0,9.0,10.0,9.0,13.0,6.0,8.0,4.0,6.0,0.08770877614763076,0.6166666666666667,0.12377897593163627,0.5441176470588235,2.0,2.0,False,2022
1,8,16,7.0,17.0,3.0,6.0,5.0,6.0,8.0,18.0,3.0,5.0,5.0,7.0,0.007951109640398153,0.4484848484848485,0.06063290300776829,0.4121212121212121,1.0,1.0,True,2022
1,10,14,6.0,17.0,4.0,9.0,11.0,12.0,10.0,18.0,3.0,10.0,2.0,4.0,0.05517969966716535,0.3806646525679758,0.15639407748559866,0.44108761329305135,3.0,3.0,False,2022
1,26,6,8.0,14.0,3.0,7.0,4.0,4.0,10.0,17.0,9.0,12.0,13.0,14.0,0.13239946975069306,0.516320474777448,0.15419825286623645,0.49707602339181284,2.0,2.0,False,2022
0,5,29,9.0,20.0,6.0,9.0,3.0,4.0,14.0,24.0,5.0,7.0,4.0,5.0,0.06841731651487841,0.5060240963855421,0.10357997199370297,0.5517241379310345,2.0,2.0,False,2022
0,4,9,9.0,21.0,4.0,7.0,7.0,12.0,16.0,26.0,8.0,13.0,4.0,5.0,0.09172790195666568,0.651595744680851,0.026923763306570193,0.38323353293413176,2.0,2.0,False,2022
1,1,7,7.0,15.0,2.0,7.0,4.0,4.0,9.0,23.0,3.0,7.0,5.0,5.0,0.006995152679669291,0.5611111111111111,0.16915750237342936,0.4298245614035088,2.0,2.0,False,2022
0,27,24,12.0,27.0,6.0,13.0,10.0,11.0,7.0,25.0,3.0,11.0,11.0,11.0,0.10883070958300874,0.3504823151125402,0.16976115397363903,0.6417112299465241,2.0,1.0,True,2022
0,6,26,10.0,17.0,9.0,12.0,13.0,14.0,8.0,14.0,3.0,7.0,4.0,4.0,0.15419825286623645,0.49707602339181284,0.10591957580055444,0.514792899408284,2.0,2.0,True,2022
1,29,5,14.0,24.0,5.0,7.0,4.0,5.0,9.0,20.0,6.0,9.0,3.0,4.0,0.10357997199370297,0.5517241379310345,0.05473385321190273,0.5045045045045045,2.0,2.0,True,2022
1,24,27,7.0,25.0,3.0,11.0,11.0,11.0,12.0,27.0,6.0,13.0,10.0,11.0,0.16976115397363903,0.6417112299465241,0.127064567666407,0.3525641025641026,1.0,2.0,False,2022
0,17,20,7.0,17.0,5.0,10.0,3.0,3.0,11.0,17.0,4.0,8.0,4.0,4.0,0.09664341869888696,0.556497175141243,0.14862365424734708,0.6071428571428571,2.0,2.0,False,2022
1,9,4,16.0,26.0,8.0,13.0,4.0,5.0,9.0,21.0,4.0,7.0,7.0,12.0,0.026923763306570193,0.38323353293413176,0.07338232156533255,0.649867374005305,2.0,2.0,True,2022
1,20,17,11.0,17.0,4.0,8.0,4.0,4.0,7.0,17.0,5.0,10.0,3.0,3.0,0.14862365424734708,0.6071428571428571,0.07731473495910957,0.5549295774647888,2.0,2.0,True,2022
1,21,0,9.0,17.0,4.0,8.0,3.0,3.0,12.0,22.0,3.0,13.0,7.0,7.0,0.09534367955351006,0.43670886075949367,0.15805696,0.9090909090909091,2.0,2.0,True,2022
0,7,1,9.0,23.0,3.0,7.0,5.0,5.0,7.0,15.0,2.0,7.0,4.0,4.0,0.16915750237342936,0.4298245614035088,0.005596122143735433,0.5595567867036011,2.0,2.0,True,2022
0,0,21,12.0,22.0,3.0,13.0,7.0,7.0,9.0,17.0,4.0,8.0,3.0,3.0,0.15805696,0.9090909090909091,0.11627494364280806,0.4384858044164038,2.0,2.0,False,2022
0,27,29,15.0,23.0,7.0,13.0,6.0,6.0,9.0,19.0,4.0,9.0,9.0,10.0,0.127064567666407,0.3525641025641026,0.12286397759496237,0.5530085959885387,1.0,1.0,True,2022
0,7,23,10.0,16.0,2.0,6.0,13.0,15.0,10.0,21.0,5.0,11.0,10.0,11.0,0.17532600189874348,0.4314868804664723,0.053396519103132666,0.40822784810126583,1.0,2.0,True,2022
1,23,7,10.0,21.0,5.0,11.0,10.0,11.0,10.0,16.0,2.0,6.0,13.0,15.0,0.053396519103132666,0.40822784810126583,0.18026080151899476,0.4331395348837209,2.0,1.0,False,2022
0,22,28,9.0,20.0,3.0,7.0,7.0,7.0,8.0,15.0,4.0,7.0,2.0,3.0,0.12377897593163627,0.5441176470588235,0.07246584679761148,0.3625,2.0,3.0,False,2022
1,26,12,8.0,16.0,4.0,8.0,5.0,6.0,9.0,18.0,5.0,12.0,3.0,4.0,0.10591957580055444,0.514792899408284,0.09768939826433946,0.5397727272727273,1.0,2.0,False,2022
1,28,22,8.0,15.0,4.0,7.0,2.0,3.0,9.0,20.0,3.0,7.0,7.0,7.0,0.07246584679761148,0.3625,0.09902318074530901,0.5425219941348973,3.0,2.0,True,2022
0,12,26,9.0,18.0,5.0,12.0,3.0,4.0,8.0,16.0,4.0,8.0,5.0,6.0,0.09768939826433946,0.5397727272727273,0.08473566064044355,0.5132743362831859,2.0,1.0,True,2022
1,17,25,11.0,21.0,6.0,11.0,6.0,8.0,9.0,19.0,6.0,10.0,6.0,6.0,0.07731473495910957,0.5549295774647888,0.0796687035709508,0.6294277929155313,1.0,2.0,True,2022
1,14,8,8.0,20.0,4.0,8.0,7.0,11.0,9.0,23.0,4.0,7.0,11.0,12.0,0.15639407748559866,0.44108761329305135,0.04636088771231853,0.4501510574018127,2.0,2.0,True,2022
1,16,1,9.0,15.0,4.0,6.0,3.0,4.0,6.0,13.0,2.0,6.0,3.0,5.0,0.06063290300776829,0.4121212121212121,0.005596122143735433,0.5595567867036011,2.0,1.0,True,2022
1,19,15,10.0,20.0,5.0,11.0,6.0,7.0,9.0,19.0,6.0,10.0,2.0,3.0,0.07546222487688822,0.3867924528301887,0.04846889358703911,0.4143302180685358,2.0,3.0,False,2022
1,3,2,10.0,20.0,6.0,12.0,6.0,7.0,7.0,20.0,3.0,8.0,7.0,7.0,0.14684646536700205,0.3898809523809524,0.09978816098408091,0.5740740740740741,2.0,2.0,False,2022
0,8,14,9.0,23.0,4.0,7.0,11.0,12.0,8.0,20.0,4.0,8.0,7.0,11.0,0.04636088771231853,0.4501510574018127,0.16511526198847892,0.4427710843373494,2.0,2.0,False,2022
0,15,19,9.0,19.0,6.0,10.0,2.0,3.0,10.0,20.0,5.0,11.0,6.0,7.0,0.04846889358703911,0.4143302180685358,0.06036977990151058,0.38557993730407525,3.0,2.0,True,2022
1,13,20,11.0,23.0,5.0,8.0,3.0,5.0,15.0,26.0,3.0,6.0,5.0,6.0,0.1345269478973693,0.4597014925373134,0.15889892339787767,0.6082191780821918,3.0,1.0,True,2022
0,20,13,15.0,26.0,3.0,6.0,5.0,6.0,11.0,23.0,5.0,8.0,3.0,5.0,0.15889892339787767,0.6082191780821918,0.14762155831789542,0.46130952380952384,1.0,3.0,False,2022
0,2,3,7.0,20.0,3.0,8.0,7.0,7.0,10.0,20.0,6.0,12.0,6.0,7.0,0.09978816098408091,0.5740740740740741,0.11747717229360163,0.3887240356083086,2.0,2.0,True,2022
1,9,10,9.0,21.0,4.0,8.0,11.0,14.0,11.0,19.0,4.0,12.0,3.0,5.0,0.06153901064525615,0.3850746268656716,0.04414375973373228,0.3795180722891566,1.0,2.0,True,2022
0,10,9,11.0,19.0,4.0,12.0,3.0,5.0,9.0,21.0,4.0,8.0,11.0,14.0,0.04414375973373228,0.3795180722891566,0.08923120851620492,0.3869047619047619,2.0,1.0,False,2022
0,1,16,6.0,13.0,2.0,6.0,3.0,5.0,9.0,15.0,4.0,6.0,3.0,4.0,0.005596122143735433,0.5595567867036011,0.08850632240621463,0.41389728096676737,1.0,2.0,False,2022
0,25,17,9.0,19.0,6.0,10.0,6.0,6.0,11.0,21.0,6.0,11.0,6.0,8.0,0.0796687035709508,0.6294277929155313,0.10185178796728764,0.5561797752808989,2.0,1.0,False,2022
1,29,27,9.0,19.0,4.0,9.0,9.0,10.0,15.0,23.0,7.0,13.0,6.0,6.0,0.12286397759496237,0.5530085959885387,0.14165165413312558,0.3546325878594249,1.0,1.0,False,2022
1,11,18,9.0,20.0,5.0,12.0,4.0,7.0,7.0,19.0,2.0,8.0,4.0,5.0,0.07741172197263238,0.6112676056338028,0.0701670209181046,0.6149584487534626,3.0,3.0,True,2022
1,24,5,10.0,24.0,5.0,17.0,12.0,13.0,12.0,21.0,2.0,5.0,2.0,2.0,0.13580892317891122,0.6382978723404256,0.05473385321190273,0.5045045045045045,2.0,2.0,True,2022
0,18,11,7.0,19.0,2.0,8.0,4.0,5.0,9.0,20.0,5.0,12.0,4.0,7.0,0.0701670209181046,0.6149584487534626,0.1019293775781059,0.6123595505617978,3.0,3.0,False,2022
1,6,0,6.0,19.0,2.0,6.0,10.0,11.0,12.0,19.0,9.0,14.0,5.0,6.0,0.16335860229298915,0.49854227405247814,0.126445568,0.8333333333333334,2.0,2.0,False,2022
0,0,6,12.0,19.0,9.0,14.0,5.0,6.0,6.0,19.0,2.0,6.0,10.0,11.0,0.126445568,0.8333333333333334,0.1306868818343913,0.49709302325581395,2.0,2.0,True,2022
0,5,24,12.0,21.0,2.0,5.0,2.0,2.0,10.0,24.0,5.0,17.0,12.0,13.0,0.05473385321190273,0.5045045045045045,0.148647138543129,0.6402116402116402,2.0,2.0,False,2022
0,22,19,8.0,18.0,3.0,10.0,7.0,10.0,7.0,18.0,3.0,8.0,9.0,12.0,0.09902318074530901,0.5425219941348973,0.06036977990151058,0.38557993730407525,2.0,2.0,False,2022
1,17,27,8.0,18.0,3.0,9.0,7.0,7.0,11.0,20.0,7.0,12.0,7.0,8.0,0.10185178796728764,0.5561797752808989,0.14165165413312558,0.3546325878594249,2.0,2.0,True,2022
0,27,17,11.0,20.0,7.0,12.0,7.0,8.0,8.0,18.0,3.0,9.0,7.0,7.0,0.14165165413312558,0.3546325878594249,0.12148143037383012,0.5574229691876751,2.0,2.0,False,2022
1,7,13,11.0,21.0,4.0,9.0,3.0,4.0,9.0,23.0,3.0,8.0,5.0,5.0,0.18026080151899476,0.4331395348837209,0.14762155831789542,0.46130952380952384,2.0,2.0,True,2022
0,15,23,10.0,20.0,5.0,14.0,6.0,8.0,11.0,24.0,4.0,10.0,4.0,4.0,0.07877511486963129,0.4161490683229814,0.04271721528250613,0.4069400630914827,2.0,2.0,False,2022
1,26,1,14.0,22.0,4.0,11.0,2.0,4.0,6.0,16.0,3.0,9.0,6.0,6.0,0.08473566064044355,0.5132743362831859,0.004476897714988346,0.5580110497237569,2.0,2.0,True,2022
0,1,26,6.0,16.0,3.0,9.0,6.0,6.0,14.0,22.0,4.0,11.0,2.0,4.0,0.004476897714988346,0.5580110497237569,0.10778852851235485,0.5147058823529411,2.0,2.0,False,2022
1,28,10,7.0,19.0,4.0,12.0,3.0,5.0,6.0,21.0,3.0,9.0,4.0,4.0,0.09797267743808918,0.3644859813084112,0.035315007786985826,0.3783783783783784,2.0,2.0,False,2022
0,10,28,6.0,21.0,3.0,9.0,4.0,4.0,7.0,19.0,4.0,12.0,3.0,5.0,0.035315007786985826,0.3783783783783784,0.07837814195047135,0.36335403726708076,2.0,2.0,True,2022
1,4,29,18.0,23.0,4.0,8.0,8.0,11.0,9.0,18.0,3.0,8.0,4.0,4.0,0.07338232156533255,0.649867374005305,0.0982911820759699,0.5514285714285714,3.0,2.0,True,2022
1,23,15,11.0,24.0,4.0,10.0,4.0,4.0,10.0,20.0,5.0,14.0,6.0,8.0,0.04271721528250613,0.4069400630914827,0.06302009189570504,0.4148606811145511,2.0,2.0,True,2022
1,12,8,10.0,19.0,4.0,9.0,10.0,12.0,8.0,18.0,4.0,8.0,6.0,8.0,0.11815151861147158,0.5410764872521246,0.03708871016985482,0.44879518072289154,2.0,2.0,True,2022
0,29,4,9.0,18.0,3.0,8.0,4.0,4.0,18.0,23.0,4.0,8.0,8.0,11.0,0.0982911820759699,0.5514285714285714,0.09870585725226604,0.6507936507936508,2.0,3.0,False,2022
0,13,7,9.0,23.0,3.0,8.0,5.0,5.0,11.0,21.0,4.0,9.0,3.0,4.0,0.14762155831789542,0.46130952380952384,0.1842086412151958,0.43478260869565216,2.0,2.0,False,2022
1,19,22,7.0,18.0,3.0,8.0,9.0,12.0,8.0,18.0,3.0,10.0,7.0,10.0,0.06036977990151058,0.38557993730407525,0.0792185445962472,0.5409356725146199,2.0,2.0,True,2022
1,21,14,9.0,19.0,3.0,7.0,1.0,2.0,9.0,20.0,5.0,11.0,4.0,5.0,0.11627494364280806,0.4384858044164038,0.16511526198847892,0.4427710843373494,3.0,2.0,True,2022
0,8,12,8.0,18.0,4.0,8.0,6.0,8.0,10.0,19.0,4.0,9.0,10.0,12.0,0.03708871016985482,0.44879518072289154,0.13452121488917726,0.5423728813559322,2.0,2.0,False,2022
1,6,3,11.0,19.0,6.0,12.0,12.0,12.0,10.0,26.0,3.0,13.0,6.0,6.0,0.1306868818343913,0.49709302325581395,0.11747717229360163,0.3887240356083086,1.0,2.0,True,2022
0,3,6,10.0,26.0,3.0,13.0,6.0,6.0,11.0,19.0,6.0,12.0,12.0,12.0,0.11747717229360163,0.3887240356083086,0.14454950546751305,0.4985507246376812,2.0,1.0,False,2022
1,9,2,9.0,14.0,5.0,10.0,10.0,10.0,12.0,22.0,5.0,12.0,5.0,6.0,0.08923120851620492,0.3869047619047619,0.11983052878726472,0.5756457564575646,2.0,2.0,True,2022
0,2,9,12.0,22.0,5.0,12.0,5.0,6.0,9.0,14.0,5.0,10.0,10.0,10.0,0.11983052878726472,0.5756457564575646,0.11138496681296392,0.3887240356083086,2.0,2.0,False,2022
0,14,21,9.0,20.0,5.0,11.0,4.0,5.0,9.0,19.0,3.0,7.0,1.0,2.0,0.16511526198847892,0.4427710843373494,0.13301995491424645,0.44025157232704404,2.0,3.0,False,2022
1,20,18,10.0,17.0,4.0,6.0,7.0,9.0,9.0,18.0,3.0,8.0,2.0,4.0,0.12711913871830213,0.6065573770491803,0.05613361673448368,0.6132596685082873,3.0,2.0,False,2022
1,11,25,7.0,13.0,5.0,11.0,6.0,6.0,12.0,18.0,5.0,11.0,7.0,8.0,0.1019293775781059,0.6123595505617978,0.06373496285676064,0.6277173913043478,2.0,3.0,True,2022
0,25,11,12.0,18.0,5.0,11.0,7.0,8.0,7.0,13.0,5.0,11.0,6.0,6.0,0.06373496285676064,0.6277173913043478,0.12154350206248472,0.6134453781512605,3.0,2.0,False,2022
1,23,5,9.0,19.0,5.0,12.0,6.0,7.0,8.0,17.0,2.0,10.0,6.0,7.0,0.07417377222600491,0.4088050314465409,0.043787082569522184,0.5029940119760479,1.0,2.0,True,2022
1,12,14,11.0,19.0,3.0,8.0,10.0,10.0,11.0,18.0,4.0,9.0,5.0,6.0,0.13452121488917726,0.5423728813559322,0.13209220959078313,0.44144144144144143,1.0,1.0,True,2022
0,14,12,11.0,18.0,4.0,9.0,5.0,6.0,11.0,19.0,3.0,8.0,10.0,10.0,0.13209220959078313,0.44144144144144143,0.1476169719113418,0.543661971830986,1.0,1.0,False,2022
0,18,20,9.0,18.0,3.0,8.0,2.0,4.0,10.0,17.0,4.0,6.0,7.0,9.0,0.05613361673448368,0.6132596685082873,0.10169531097464171,0.6049046321525886,2.0,3.0,True,2022
1,3,0,10.0,22.0,4.0,11.0,3.0,4.0,15.0,27.0,9.0,16.0,3.0,4.0,0.09398173783488131,0.3875739644970414,0.1411564544,0.8461538461538461,1.0,2.0,False,2022
0,0,3,15.0,27.0,9.0,16.0,3.0,4.0,10.0,22.0,4.0,11.0,3.0,4.0,0.1411564544,0.8461538461538461,0.07518539026790505,0.3864306784660767,2.0,1.0,True,2022
0,24,16,9.0,18.0,5.0,9.0,3.0,3.0,13.0,21.0,3.0,7.0,3.0,3.0,0.148647138543129,0.6402116402116402,0.08850632240621463,0.41389728096676737,2.0,3.0,False,2022
1,16,24,13.0,21.0,3.0,7.0,3.0,3.0,9.0,18.0,5.0,9.0,3.0,3.0,0.08850632240621463,0.41389728096676737,0.1189177108345032,0.6368421052631579,3.0,2.0,True,2022
0,5,23,8.0,17.0,2.0,10.0,6.0,7.0,9.0,19.0,5.0,12.0,6.0,7.0,0.043787082569522184,0.5029940119760479,0.09933901778080394,0.4106583072100313,2.0,1.0,False,2022
0,0,19,13.0,22.0,4.0,8.0,8.0,11.0,8.0,17.0,5.0,12.0,6.0,6.0,0.15292516352000002,0.8571428571428571,0.08829582392120847,0.3875,1.0,2.0,True,2022
1,15,25,8.0,13.0,3.0,12.0,8.0,8.0,10.0,17.0,5.0,11.0,9.0,10.0,0.06302009189570504,0.4148606811145511,0.05098797028540851,0.6260162601626016,2.0,1.0,False,2022
0,25,15,10.0,17.0,5.0,11.0,9.0,10.0,8.0,13.0,3.0,12.0,8.0,8.0,0.05098797028540851,0.6260162601626016,0.05041607351656403,0.41358024691358025,1.0,2.0,True,2022
1,7,13,7.0,20.0,3.0,8.0,4.0,4.0,8.0,21.0,3.0,10.0,4.0,4.0,0.1842086412151958,0.43478260869565216,0.11809724665431634,0.4599406528189911,2.0,2.0,True,2022
0,13,7,8.0,21.0,3.0,10.0,4.0,4.0,7.0,20.0,3.0,8.0,4.0,4.0,0.11809724665431634,0.4599406528189911,0.18736691297215663,0.43641618497109824,2.0,2.0,False,2022
1,8,24,10.0,19.0,5.0,9.0,2.0,4.0,8.0,26.0,3.0,14.0,2.0,3.0,0.02967096813588386,0.44744744744744747,0.1189177108345032,0.6368421052631579,2.0,1.0,True,2022
0,24,8,8.0,26.0,3.0,14.0,2.0,3.0,10.0,19.0,5.0,9.0,2.0,4.0,0.1189177108345032,0.6368421052631579,0.06373677450870709,0.4491017964071856,1.0,2.0,False,2022
1,4,26,6.0,16.0,3.0,8.0,9.0,11.0,6.0,20.0,4.0,12.0,5.0,7.0,0.09870585725226604,0.6507936507936508,0.10778852851235485,0.5147058823529411,2.0,2.0,True,2022
0,26,4,6.0,20.0,4.0,12.0,5.0,7.0,6.0,16.0,3.0,8.0,9.0,11.0,0.10778852851235485,0.5147058823529411,0.11896468580181283,0.6517150395778364,2.0,2.0,False,2022
0,27,20,14.0,24.0,4.0,9.0,12.0,12.0,10.0,16.0,4.0,8.0,7.0,9.0,0.11332132330650047,0.3535031847133758,0.10169531097464171,0.6049046321525886,2.0,1.0,True,2022
1,21,22,12.0,22.0,4.0,9.0,6.0,7.0,6.0,10.0,4.0,7.0,7.0,8.0,0.13301995491424645,0.44025157232704404,0.0792185445962472,0.5409356725146199,2.0,2.0,True,2022
1,6,10,9.0,25.0,4.0,13.0,19.0,20.0,8.0,18.0,4.0,9.0,6.0,7.0,0.14454950546751305,0.4985507246376812,0.06825200622958866,0.38023952095808383,2.0,2.0,True,2022
0,10,6,8.0,18.0,4.0,9.0,6.0,7.0,9.0,25.0,4.0,13.0,19.0,20.0,0.06825200622958866,0.38023952095808383,0.15563960437401045,0.5,2.0,2.0,False,2022
1,2,29,13.0,26.0,4.0,9.0,7.0,10.0,12.0,21.0,3.0,7.0,7.0,9.0,0.09586442302981177,0.5735294117647058,0.07863294566077592,0.5498575498575499,2.0,2.0,True,2022
0,29,2,12.0,21.0,3.0,7.0,7.0,9.0,13.0,26.0,4.0,9.0,7.0,10.0,0.07863294566077592,0.5498575498575499,0.11669153842384943,0.575091575091575,2.0,2.0,False,2022
1,20,27,10.0,16.0,4.0,8.0,7.0,9.0,14.0,24.0,4.0,9.0,12.0,12.0,0.10169531097464171,0.6049046321525886,0.13065705864520036,0.35555555555555557,1.0,2.0,False,2022
0,22,21,6.0,10.0,4.0,7.0,7.0,8.0,12.0,22.0,4.0,9.0,6.0,7.0,0.0792185445962472,0.5409356725146199,0.14641596393139716,0.44200626959247646,2.0,2.0,False,2022
1,19,0,8.0,17.0,5.0,12.0,6.0,6.0,13.0,22.0,4.0,8.0,8.0,11.0,0.08829582392120847,0.3875,0.16234013081600002,0.8666666666666667,2.0,1.0,False,2022
0,18,17,11.0,21.0,3.0,6.0,9.0,9.0,10.0,21.0,5.0,13.0,14.0,14.0,0.08490689338758696,0.6143250688705234,0.12148143037383012,0.5574229691876751,2.0,3.0,False,2022
1,28,1,7.0,15.0,6.0,10.0,6.0,8.0,7.0,17.0,2.0,9.0,5.0,7.0,0.07837814195047135,0.36335403726708076,0.0035815181719906766,0.5564738292011019,3.0,3.0,True,2022
1,4,10,8.0,16.0,6.0,11.0,15.0,23.0,6.0,15.0,5.0,9.0,4.0,5.0,0.11896468580181283,0.6517150395778364,0.05460160498367093,0.37910447761194027,1.0,1.0,True,2022
0,1,28,7.0,17.0,2.0,9.0,5.0,7.0,7.0,15.0,6.0,10.0,6.0,8.0,0.0035815181719906766,0.5564738292011019,0.10270251356037707,0.3653250773993808,3.0,3.0,False,2022
1,15,11,9.0,17.0,3.0,8.0,4.0,6.0,11.0,22.0,3.0,7.0,5.0,6.0,0.05041607351656403,0.41358024691358025,0.12154350206248472,0.6134453781512605,1.0,2.0,False,2022
0,12,14,11.0,19.0,3.0,7.0,7.0,9.0,8.0,17.0,5.0,8.0,4.0,6.0,0.1476169719113418,0.543661971830986,0.10567376767262651,0.44011976047904194,2.0,2.0,False,2022
1,14,12,8.0,17.0,5.0,8.0,4.0,6.0,11.0,19.0,3.0,7.0,7.0,9.0,0.10567376767262651,0.44011976047904194,0.11809357752907343,0.5421348314606742,2.0,2.0,True,2022
1,17,18,10.0,21.0,5.0,13.0,14.0,14.0,11.0,21.0,3.0,6.0,9.0,9.0,0.12148143037383012,0.5574229691876751,0.06792551471006956,0.6126373626373627,3.0,2.0,True,2022
0,11,15,11.0,22.0,3.0,7.0,5.0,6.0,9.0,17.0,3.0,8.0,4.0,6.0,0.12154350206248472,0.6134453781512605,0.04033285881325123,0.4123076923076923,2.0,1.0,True,2022
0,16,23,6.0,13.0,4.0,8.0,8.0,10.0,9.0,15.0,5.0,9.0,6.0,9.0,0.11080505792497171,0.41566265060240964,0.09933901778080394,0.4106583072100313,2.0,2.0,False,2022
0,10,4,6.0,15.0,5.0,9.0,4.0,5.0,8.0,16.0,6.0,11.0,15.0,23.0,0.05460160498367093,0.37910447761194027,0.13517174864145026,0.6526315789473685,1.0,1.0,False,2022
0,21,9,15.0,28.0,3.0,9.0,3.0,5.0,10.0,15.0,4.0,7.0,8.0,8.0,0.14641596393139716,0.44200626959247646,0.11138496681296392,0.3887240356083086,1.0,3.0,False,2022
1,22,8,6.0,12.0,4.0,7.0,6.0,8.0,8.0,15.0,2.0,4.0,8.0,8.0,0.06337483567699777,0.5393586005830904,0.06373677450870709,0.4491017964071856,1.0,1.0,True,2022
1,9,21,10.0,15.0,4.0,7.0,8.0,8.0,15.0,28.0,3.0,9.0,3.0,5.0,0.11138496681296392,0.3887240356083086,0.11713277114511773,0.440625,3.0,1.0,True,2022
0,26,2,5.0,15.0,4.0,9.0,3.0,5.0,13.0,22.0,6.0,12.0,5.0,7.0,0.08623082280988388,0.5131964809384164,0.11669153842384943,0.575091575091575,1.0,1.0,False,2022
1,2,26,13.0,22.0,6.0,12.0,5.0,7.0,5.0,15.0,4.0,9.0,3.0,5.0,0.11669153842384943,0.575091575091575,0.0689846582479071,0.5116959064327485,1.0,1.0,True,2022
0,8,22,8.0,15.0,2.0,4.0,8.0,8.0,6.0,12.0,4.0,7.0,6.0,8.0,0.06373677450870709,0.4491017964071856,0.09069986854159821,0.5406976744186046,1.0,1.0,False,2022
1,23,16,9.0,15.0,5.0,9.0,6.0,9.0,6.0,13.0,4.0,8.0,8.0,10.0,0.09933901778080394,0.4106583072100313,0.08864404633997737,0.4144144144144144,2.0,2.0,True,2022
1,19,29,12.0,25.0,5.0,9.0,7.0,10.0,11.0,21.0,5.0,8.0,8.0,10.0,0.07063665913696678,0.3862928348909657,0.06290635652862073,0.5482954545454546,2.0,2.0,False,2022
1,7,20,9.0,15.0,4.0,10.0,5.0,5.0,7.0,15.0,2.0,7.0,6.0,8.0,0.18736691297215663,0.43641618497109824,0.08135624877971337,0.6032608695652174,2.0,2.0,True,2022
0,20,7,7.0,15.0,2.0,7.0,6.0,8.0,9.0,15.0,4.0,10.0,5.0,5.0,0.08135624877971337,0.6032608695652174,0.18989353037772533,0.43804034582132567,2.0,2.0,False,2022
1,24,13,12.0,25.0,4.0,8.0,4.0,6.0,10.0,18.0,1.0,5.0,5.0,6.0,0.09513416866760256,0.6335078534031413,0.09447779732345307,0.45857988165680474,2.0,2.0,True,2022
0,13,24,10.0,18.0,1.0,5.0,5.0,6.0,12.0,25.0,4.0,8.0,4.0,6.0,0.09447779732345307,0.45857988165680474,0.11610733493408205,0.6354166666666666,2.0,2.0,False,2022
0,25,0,8.0,18.0,3.0,12.0,2.0,7.0,12.0,20.0,8.0,11.0,7.0,7.0,0.08079037622832681,0.6270270270270271,0.16234013081600002,0.8666666666666667,2.0,2.0,False,2022
0,29,19,11.0,21.0,5.0,8.0,8.0,10.0,12.0,25.0,5.0,9.0,7.0,10.0,0.06290635652862073,0.5482954545454546,0.05650932730957342,0.38509316770186336,2.0,2.0,True,2022
0,28,27,13.0,19.0,2.0,8.0,7.0,8.0,10.0,20.0,3.0,7.0,9.0,9.0,0.10270251356037707,0.3653250773993808,0.13065705864520036,0.35555555555555557,1.0,2.0,False,2022
1,27,28,10.0,20.0,3.0,7.0,9.0,9.0,13.0,19.0,2.0,8.0,7.0,8.0,0.13065705864520036,0.35555555555555557,0.08216201084830166,0.36419753086419754,2.0,1.0,True,2022
1,0,25,12.0,20.0,8.0,11.0,7.0,7.0,8.0,18.0,3.0,12.0,2.0,7.0,0.16234013081600002,0.8666666666666667,0.06463230098266146,0.6253369272237197,2.0,2.0,True,2022
1,15,18,8.0,16.0,5.0,11.0,8.0,10.0,8.0,22.0,2.0,9.0,8.0,8.0,0.04033285881325123,0.4123076923076923,0.06792551471006956,0.6126373626373627,2.0,2.0,False,2022
1,9,26,9.0,20.0,5.0,9.0,7.0,7.0,6.0,16.0,3.0,8.0,5.0,5.0,0.12910797345037114,0.3905325443786982,0.0689846582479071,0.5116959064327485,2.0,2.0,True,2022
1,8,23,8.0,13.0,2.0,7.0,4.0,4.0,10.0,21.0,3.0,10.0,6.0,8.0,0.050989419606965666,0.44776119402985076,0.11947121422464316,0.4125,2.0,2.0,False,2022
0,21,14,11.0,24.0,8.0,11.0,5.0,7.0,10.0,18.0,2.0,8.0,7.0,8.0,0.11713277114511773,0.440625,0.1245390141381012,0.4417910447761194,2.0,2.0,True,2022
1,11,16,9.0,20.0,7.0,11.0,5.0,6.0,12.0,30.0,4.0,11.0,11.0,14.0,0.13723480164998778,0.6145251396648045,0.08864404633997737,0.4144144144144144,2.0,2.0,False,2022
0,16,11,12.0,30.0,4.0,11.0,11.0,14.0,9.0,20.0,7.0,11.0,5.0,6.0,0.08864404633997737,0.4144144144144144,0.10978784131999023,0.6128133704735376,2.0,2.0,True,2022
1,5,7,9.0,22.0,3.0,6.0,4.0,6.0,10.0,17.0,4.0,7.0,6.0,7.0,0.03502966605561775,0.5014925373134328,0.18989353037772533,0.43804034582132567,4.0,1.0,False,2022
0,7,5,10.0,17.0,4.0,7.0,6.0,7.0,9.0,22.0,3.0,6.0,4.0,6.0,0.18989353037772533,0.43804034582132567,0.0280237328444942,0.5,1.0,4.0,True,2022
0,18,15,8.0,22.0,2.0,9.0,8.0,8.0,8.0,16.0,5.0,11.0,8.0,10.0,0.06792551471006956,0.6126373626373627,0.032266287050600986,0.4110429447852761,2.0,2.0,True,2022
0,23,8,10.0,21.0,3.0,10.0,6.0,8.0,8.0,13.0,2.0,7.0,4.0,4.0,0.11947121422464316,0.4125,0.04079153568557253,0.44642857142857145,2.0,2.0,True,2022
0,10,4,6.0,15.0,3.0,7.0,5.0,6.0,8.0,14.0,5.0,7.0,4.0,6.0,0.04368128398693674,0.37797619047619047,0.13517174864145026,0.6526315789473685,2.0,2.0,False,2022
0,6,3,10.0,19.0,5.0,9.0,10.0,10.0,9.0,27.0,3.0,10.0,6.0,9.0,0.15563960437401045,0.5,0.07518539026790505,0.3864306784660767,3.0,4.0,True,2022
1,27,22,8.0,18.0,3.0,7.0,4.0,6.0,8.0,14.0,4.0,7.0,6.0,6.0,0.1445256469161603,0.3575949367088608,0.09069986854159821,0.5406976744186046,1.0,2.0,False,2022
0,22,27,8.0,14.0,4.0,7.0,6.0,6.0,8.0,18.0,3.0,7.0,4.0,6.0,0.09069986854159821,0.5406976744186046,0.11562051753292824,0.35646687697160884,2.0,1.0,True,2022
1,2,1,10.0,22.0,3.0,9.0,9.0,9.0,5.0,10.0,5.0,8.0,5.0,6.0,0.13335323073907954,0.5766423357664233,0.0028652145375925413,0.554945054945055,2.0,2.0,True,2022
0,1,2,5.0,10.0,5.0,8.0,5.0,6.0,10.0,22.0,3.0,9.0,9.0,9.0,0.0028652145375925413,0.554945054945055,0.14668258459126365,0.5781818181818181,2.0,2.0,False,2022
0,26,9,6.0,16.0,3.0,8.0,5.0,5.0,9.0,20.0,5.0,9.0,7.0,7.0,0.0689846582479071,0.5116959064327485,0.14328637876029693,0.39233038348082594,2.0,2.0,False,2022
1,3,6,9.0,27.0,3.0,10.0,6.0,9.0,10.0,19.0,5.0,9.0,10.0,10.0,0.07518539026790505,0.3864306784660767,0.16451168349920836,0.5014409221902018,4.0,3.0,False,2022
1,4,10,8.0,14.0,5.0,7.0,4.0,6.0,6.0,15.0,3.0,7.0,5.0,6.0,0.13517174864145026,0.6526315789473685,0.034945027189549394,0.3768545994065282,2.0,2.0,True,2022
1,14,21,10.0,18.0,2.0,8.0,7.0,8.0,11.0,24.0,8.0,11.0,5.0,7.0,0.1245390141381012,0.4417910447761194,0.1337062169160942,0.4423676012461059,2.0,2.0,False,2022
0,29,28,10.0,18.0,3.0,8.0,8.0,11.0,8.0,17.0,6.0,9.0,5.0,8.0,0.09032508522289659,0.5495750708215298,0.08216201084830166,0.36419753086419754,2.0,2.0,False,2022
0,13,24,9.0,21.0,4.0,11.0,10.0,10.0,12.0,23.0,3.0,8.0,11.0,12.0,0.07558223785876246,0.45722713864306785,0.11610733493408205,0.6354166666666666,2.0,2.0,True,2022
1,17,20,13.0,19.0,5.0,9.0,4.0,6.0,9.0,16.0,3.0,6.0,3.0,3.0,0.1371851442990641,0.5586592178770949,0.0650849990237707,0.6016260162601627,3.0,2.0,True,2022
0,20,17,9.0,16.0,3.0,6.0,3.0,3.0,13.0,19.0,5.0,9.0,4.0,6.0,0.0650849990237707,0.6016260162601627,0.1497481154392513,0.5598885793871866,2.0,3.0,False,2022
0,12,19,12.0,21.0,4.0,8.0,7.0,9.0,6.0,17.0,3.0,10.0,8.0,9.0,0.11809357752907343,0.5421348314606742,0.05650932730957342,0.38509316770186336,3.0,2.0,True,2022
1,19,12,6.0,17.0,3.0,10.0,8.0,9.0,12.0,21.0,4.0,8.0,7.0,9.0,0.05650932730957342,0.38509316770186336,0.13447486202325876,0.5434173669467787,2.0,3.0,False,2022
1,24,13,12.0,23.0,3.0,8.0,11.0,12.0,9.0,21.0,4.0,11.0,10.0,10.0,0.11610733493408205,0.6354166666666666,0.10046579028700997,0.4588235294117647,2.0,2.0,False,2022
1,28,29,8.0,17.0,6.0,9.0,5.0,8.0,10.0,18.0,3.0,8.0,8.0,11.0,0.08216201084830166,0.36419753086419754,0.07226006817831727,0.5480225988700564,2.0,2.0,True,2022
1,10,21,7.0,15.0,4.0,8.0,5.0,7.0,11.0,22.0,4.0,10.0,4.0,5.0,0.034945027189549394,0.3768545994065282,0.1337062169160942,0.4423676012461059,2.0,2.0,False,2022
0,9,5,14.0,22.0,4.0,6.0,8.0,8.0,9.0,20.0,4.0,7.0,3.0,4.0,0.14328637876029693,0.39233038348082594,0.0280237328444942,0.5,2.0,2.0,True,2022
1,15,17,8.0,15.0,5.0,11.0,5.0,7.0,12.0,20.0,5.0,12.0,15.0,16.0,0.032266287050600986,0.4110429447852761,0.1497481154392513,0.5598885793871866,2.0,1.0,True,2022
0,17,15,12.0,20.0,5.0,12.0,15.0,16.0,8.0,15.0,5.0,11.0,5.0,7.0,0.1497481154392513,0.5598885793871866,0.06581302964048079,0.41284403669724773,1.0,2.0,False,2022
1,26,11,8.0,19.0,5.0,12.0,6.0,8.0,7.0,16.0,4.0,10.0,5.0,6.0,0.05518772659832568,0.5102040816326531,0.10978784131999023,0.6128133704735376,2.0,2.0,False,2022
1,5,9,9.0,20.0,4.0,7.0,3.0,4.0,14.0,22.0,4.0,6.0,8.0,8.0,0.0280237328444942,0.5,0.15462910300823754,0.3941176470588235,2.0,2.0,False,2022
1,8,14,9.0,18.0,2.0,6.0,7.0,8.0,11.0,20.0,2.0,9.0,7.0,8.0,0.04079153568557253,0.44642857142857145,0.09963121131048096,0.44047619047619047,2.0,2.0,True,2022
0,14,8,11.0,20.0,2.0,9.0,7.0,8.0,9.0,18.0,2.0,6.0,7.0,8.0,0.09963121131048096,0.44047619047619047,0.07263322854845802,0.44807121661721067,2.0,2.0,False,2022
1,4,19,12.0,17.0,6.0,7.0,8.0,10.0,7.0,15.0,3.0,8.0,4.0,4.0,0.14813739891316022,0.6535433070866141,0.04520746184765874,0.38390092879256965,2.0,1.0,True,2022
0,21,10,11.0,22.0,4.0,10.0,4.0,5.0,7.0,15.0,4.0,8.0,5.0,7.0,0.1337062169160942,0.4423676012461059,0.027956021751639516,0.3757396449704142,2.0,2.0,True,2022
1,23,12,13.0,27.0,6.0,15.0,6.0,7.0,7.0,18.0,5.0,15.0,7.0,11.0,0.13557697137971453,0.4143302180685358,0.13447486202325876,0.5434173669467787,2.0,1.0,True,2022
0,12,23,7.0,18.0,5.0,15.0,7.0,11.0,13.0,27.0,6.0,15.0,6.0,7.0,0.13447486202325876,0.5434173669467787,0.1484615771037716,0.4161490683229814,1.0,2.0,False,2022
1,16,25,8.0,18.0,4.0,9.0,7.0,10.0,9.0,17.0,4.0,7.0,6.0,8.0,0.11091523707198188,0.4161676646706587,0.06463230098266146,0.6253369272237197,2.0,3.0,False,2022
1,2,6,6.0,16.0,3.0,9.0,6.0,8.0,8.0,16.0,7.0,10.0,8.0,9.0,0.14668258459126365,0.5781818181818181,0.16451168349920836,0.5014409221902018,2.0,2.0,False,2022
0,11,26,7.0,16.0,4.0,10.0,5.0,6.0,8.0,19.0,5.0,12.0,6.0,8.0,0.10978784131999023,0.6128133704735376,0.04415018127866054,0.5087209302325582,2.0,2.0,True,2022
0,6,2,8.0,16.0,7.0,10.0,8.0,9.0,6.0,16.0,3.0,9.0,6.0,8.0,0.16451168349920836,0.5014409221902018,0.11734606767301092,0.5760869565217391,2.0,2.0,True,2022
0,18,0,8.0,16.0,2.0,5.0,9.0,10.0,9.0,16.0,6.0,11.0,5.0,7.0,0.09434041176805565,0.6136986301369863,0.1698721046528,0.875,2.0,3.0,False,2022
1,0,18,9.0,16.0,6.0,11.0,5.0,7.0,8.0,16.0,2.0,5.0,9.0,10.0,0.1698721046528,0.875,0.07547232941444451,0.6120218579234973,3.0,2.0,True,2022
1,1,27,6.0,14.0,4.0,6.0,3.0,5.0,11.0,22.0,5.0,9.0,5.0,5.0,0.002292171630074033,0.5534246575342465,0.11562051753292824,0.35646687697160884,2.0,2.0,True,2022
0,7,3,14.0,21.0,3.0,5.0,7.0,8.0,9.0,20.0,5.0,8.0,7.0,9.0,0.19191482430218024,0.4396551724137931,0.06014831221432404,0.38529411764705884,2.0,2.0,True,2022
1,3,7,9.0,20.0,5.0,8.0,7.0,9.0,14.0,21.0,3.0,5.0,7.0,8.0,0.06014831221432404,0.38529411764705884,0.1935318594417442,0.44126074498567336,2.0,2.0,False,2022
1,22,29,9.0,21.0,5.0,12.0,5.0,6.0,13.0,29.0,5.0,12.0,9.0,11.0,0.11255989483327858,0.5420289855072464,0.07226006817831727,0.5480225988700564,2.0,1.0,False,2022
0,25,16,9.0,17.0,4.0,7.0,6.0,8.0,8.0,18.0,4.0,9.0,7.0,10.0,0.06463230098266146,0.6253369272237197,0.0887321896575855,0.41492537313432837,3.0,2.0,True,2022
0,19,4,7.0,15.0,3.0,8.0,4.0,4.0,12.0,17.0,6.0,7.0,8.0,10.0,0.04520746184765874,0.38390092879256965,0.1585099191305282,0.6544502617801047,1.0,2.0,False,2022
0,27,1,11.0,22.0,5.0,9.0,5.0,5.0,6.0,14.0,4.0,6.0,3.0,5.0,0.11562051753292824,0.35646687697160884,0.041833737304059225,0.5546448087431693,2.0,2.0,False,2022
0,29,22,13.0,29.0,5.0,12.0,9.0,11.0,9.0,21.0,5.0,12.0,5.0,6.0,0.07226006817831727,0.5480225988700564,0.09004791586662286,0.5404624277456648,1.0,2.0,True,2022
1,28,7,6.0,15.0,3.0,7.0,4.0,4.0,14.0,27.0,4.0,9.0,7.0,9.0,0.10572960867864131,0.36615384615384616,0.1935318594417442,0.44126074498567336,3.0,2.0,False,2022
1,16,9,7.0,15.0,3.0,6.0,4.0,4.0,12.0,16.0,3.0,5.0,4.0,5.0,0.0887321896575855,0.41492537313432837,0.15462910300823754,0.3941176470588235,2.0,2.0,False,2022
1,11,8,9.0,21.0,5.0,8.0,5.0,10.0,8.0,22.0,3.0,8.0,4.0,4.0,0.12783027305599218,0.6138888888888889,0.07263322854845802,0.44807121661721067,2.0,2.0,False,2022
0,8,11,8.0,22.0,3.0,8.0,4.0,4.0,9.0,21.0,5.0,8.0,5.0,10.0,0.07263322854845802,0.44807121661721067,0.10226421844479375,0.6121883656509696,2.0,2.0,True,2022
0,2,5,9.0,23.0,3.0,7.0,4.0,5.0,12.0,24.0,3.0,9.0,5.0,7.0,0.11734606767301092,0.5760869565217391,0.02241898627559536,0.49851632047477745,2.0,2.0,False,2022
0,14,26,8.0,18.0,4.0,7.0,5.0,5.0,7.0,16.0,2.0,6.0,5.0,5.0,0.07970496904838477,0.4391691394658754,0.04415018127866054,0.5087209302325582,2.0,2.0,True,2022
0,27,10,9.0,16.0,4.0,7.0,6.0,6.0,8.0,15.0,2.0,6.0,8.0,10.0,0.0924964140263426,0.3553459119496855,0.027956021751639516,0.3757396449704142,2.0,2.0,True,2022
1,26,14,7.0,16.0,2.0,6.0,5.0,5.0,8.0,18.0,4.0,7.0,5.0,5.0,0.04415018127866054,0.5087209302325582,0.10376397523870781,0.4408284023668639,2.0,2.0,False,2022
0,7,28,14.0,27.0,4.0,9.0,7.0,9.0,6.0,15.0,3.0,7.0,4.0,4.0,0.1935318594417442,0.44126074498567336,0.08458368694291304,0.36503067484662577,2.0,3.0,True,2022
1,5,2,12.0,24.0,3.0,9.0,5.0,7.0,9.0,23.0,3.0,7.0,4.0,5.0,0.02241898627559536,0.49851632047477745,0.09387685413840874,0.5740072202166066,2.0,2.0,True,2022
1,24,19,8.0,19.0,3.0,10.0,4.0,4.0,5.0,16.0,2.0,6.0,9.0,9.0,0.09288586794726564,0.6321243523316062,0.03616596947812699,0.38271604938271603,3.0,2.0,True,2022
1,10,27,8.0,15.0,2.0,6.0,8.0,10.0,9.0,16.0,4.0,7.0,6.0,6.0,0.027956021751639516,0.3757396449704142,0.11399713122107406,0.3573667711598746,2.0,2.0,False,2022
1,0,17,12.0,25.0,6.0,15.0,2.0,3.0,7.0,17.0,5.0,10.0,5.0,8.0,0.17589768372224,0.8823529411764706,0.11979849235140103,0.5583333333333333,2.0,2.0,True,2022
0,9,16,12.0,16.0,3.0,5.0,4.0,5.0,7.0,15.0,3.0,6.0,4.0,4.0,0.15462910300823754,0.3941176470588235,0.0709857517260684,0.41369047619047616,2.0,2.0,True,2022
0,19,24,5.0,16.0,2.0,6.0,9.0,9.0,8.0,19.0,3.0,10.0,4.0,4.0,0.03616596947812699,0.38271604938271603,0.1143086943578125,0.634020618556701,2.0,3.0,False,2022
0,25,22,10.0,21.0,4.0,10.0,7.0,9.0,8.0,15.0,3.0,8.0,6.0,7.0,0.09170584078612916,0.6263440860215054,0.09004791586662286,0.5404624277456648,2.0,2.0,False,2022
1,21,23,10.0,17.0,7.0,13.0,5.0,6.0,9.0,18.0,5.0,11.0,6.0,7.0,0.14696497353287535,0.4440993788819876,0.1484615771037716,0.4161490683229814,2.0,2.0,True,2022
0,17,0,7.0,17.0,5.0,10.0,5.0,8.0,12.0,25.0,6.0,15.0,2.0,3.0,0.11979849235140103,0.5583333333333333,0.180718146977792,0.8888888888888888,2.0,2.0,False,2022
1,22,25,8.0,15.0,3.0,8.0,6.0,7.0,10.0,21.0,4.0,10.0,7.0,9.0,0.09004791586662286,0.5404624277456648,0.07336467262890332,0.6246648793565683,2.0,2.0,True,2022
0,4,20,10.0,13.0,4.0,9.0,3.0,9.0,7.0,20.0,3.0,13.0,5.0,5.0,0.1585099191305282,0.6544502617801047,0.05206799921901656,0.6,2.0,3.0,True,2022
1,29,15,10.0,25.0,4.0,13.0,8.0,11.0,15.0,32.0,5.0,13.0,6.0,7.0,0.09780805454265382,0.5492957746478874,0.06581302964048079,0.41284403669724773,2.0,2.0,False,2022
0,23,21,9.0,18.0,5.0,11.0,6.0,7.0,10.0,17.0,7.0,13.0,5.0,6.0,0.1484615771037716,0.4161490683229814,0.15757197882630028,0.4458204334365325,2.0,2.0,False,2022
0,15,29,15.0,32.0,5.0,13.0,6.0,7.0,10.0,25.0,4.0,13.0,8.0,11.0,0.06581302964048079,0.41284403669724773,0.07824644363412306,0.547752808988764,2.0,2.0,True,2022
1,20,4,7.0,20.0,3.0,13.0,5.0,5.0,10.0,13.0,4.0,9.0,3.0,9.0,0.05206799921901656,0.6,0.16680793530442256,0.6553524804177546,3.0,2.0,False,2022
1,13,14,13.0,25.0,3.0,9.0,5.0,7.0,10.0,14.0,3.0,6.0,6.0,6.0,0.10046579028700997,0.4588235294117647,0.10376397523870781,0.4408284023668639,4.0,1.0,False,2022
0,21,1,9.0,23.0,6.0,16.0,7.0,9.0,13.0,19.0,5.0,11.0,6.0,10.0,0.15757197882630028,0.4458204334365325,0.041833737304059225,0.5546448087431693,1.0,3.0,False,2022
0,8,11,6.0,14.0,3.0,8.0,4.0,5.0,9.0,17.0,4.0,7.0,7.0,7.0,0.09810658283876642,0.44970414201183434,0.10226421844479375,0.6121883656509696,1.0,1.0,False,2022
1,1,21,13.0,19.0,5.0,11.0,6.0,10.0,9.0,23.0,6.0,16.0,7.0,9.0,0.041833737304059225,0.5546448087431693,0.12605758306104023,0.4444444444444444,3.0,1.0,True,2022
0,23,18,13.0,25.0,6.0,10.0,3.0,6.0,12.0,23.0,3.0,8.0,16.0,21.0,0.1187692616830173,0.4148606811145511,0.07547232941444451,0.6120218579234973,1.0,3.0,True,2022
1,11,8,9.0,17.0,4.0,7.0,7.0,7.0,6.0,14.0,3.0,8.0,4.0,5.0,0.10226421844479375,0.6121883656509696,0.07848526627101313,0.44837758112094395,1.0,1.0,True,2022
1,27,12,11.0,19.0,4.0,11.0,7.0,7.0,7.0,15.0,4.0,11.0,6.0,7.0,0.11399713122107406,0.3573667711598746,0.10757988961860701,0.5418994413407822,1.0,3.0,False,2022
1,18,23,12.0,23.0,3.0,8.0,16.0,21.0,13.0,25.0,6.0,10.0,3.0,6.0,0.07547232941444451,0.6120218579234973,0.13501540934641382,0.4166666666666667,3.0,1.0,False,2022
0,12,27,7.0,15.0,4.0,11.0,6.0,7.0,11.0,19.0,4.0,11.0,7.0,7.0,0.10757988961860701,0.5418994413407822,0.09119770497685925,0.35625,3.0,1.0,True,2022
0,10,3,8.0,13.0,3.0,6.0,3.0,5.0,11.0,21.0,4.0,8.0,3.0,4.0,0.02236481740131161,0.3746312684365782,0.04811864977145923,0.3841642228739003,1.0,3.0,False,2022
1,6,7,13.0,28.0,4.0,7.0,9.0,11.0,9.0,19.0,4.0,8.0,8.0,8.0,0.17160934679936665,0.5028735632183908,0.19482548755339538,0.44285714285714284,3.0,1.0,False,2022
0,7,6,9.0,19.0,4.0,8.0,8.0,8.0,13.0,28.0,4.0,7.0,9.0,11.0,0.19482548755339538,0.44285714285714284,0.13728747743949332,0.501432664756447,1.0,3.0,True,2022
1,9,28,10.0,22.0,5.0,10.0,8.0,10.0,7.0,17.0,4.0,7.0,5.0,7.0,0.16370328240659002,0.39589442815249265,0.08458368694291304,0.36503067484662577,1.0,1.0,False,2022
0,28,9,7.0,17.0,4.0,7.0,5.0,7.0,10.0,22.0,5.0,10.0,8.0,10.0,0.08458368694291304,0.36503067484662577,0.13096262592527202,0.39473684210526316,1.0,1.0,True,2022
1,3,10,11.0,21.0,4.0,8.0,3.0,4.0,8.0,13.0,3.0,6.0,3.0,5.0,0.04811864977145923,0.3841642228739003,0.017891853921049288,0.3735294117647059,3.0,1.0,True,2022
0,14,13,10.0,14.0,3.0,6.0,6.0,6.0,13.0,25.0,3.0,9.0,5.0,7.0,0.10376397523870781,0.4408284023668639,0.08037263222960797,0.4574780058651026,1.0,4.0,True,2022
1,24,0,11.0,24.0,3.0,7.0,5.0,6.0,12.0,22.0,7.0,13.0,5.0,8.0,0.1143086943578125,0.634020618556701,0.180718146977792,0.8888888888888888,2.0,2.0,False,2022
1,29,19,12.0,20.0,4.0,9.0,5.0,8.0,11.0,20.0,4.0,9.0,6.0,6.0,0.07824644363412306,0.547752808988764,0.02893277558250159,0.38153846153846155,2.0,2.0,True,2022
1,25,2,8.0,19.0,5.0,10.0,6.0,7.0,7.0,16.0,4.0,10.0,6.0,6.0,0.07336467262890332,0.6246648793565683,0.09387685413840874,0.5740072202166066,2.0,2.0,False,2022
0,2,25,7.0,16.0,4.0,10.0,6.0,6.0,8.0,19.0,5.0,10.0,6.0,7.0,0.09387685413840874,0.5740072202166066,0.058691738103122656,0.6229946524064172,2.0,2.0,True,2022
1,16,15,8.0,17.0,4.0,7.0,4.0,5.0,5.0,17.0,3.0,9.0,4.0,9.0,0.0709857517260684,0.41369047619047616,0.09265042371238463,0.4146341463414634,2.0,2.0,True,2022
0,4,22,11.0,21.0,2.0,7.0,6.0,10.0,9.0,13.0,4.0,8.0,4.0,4.0,0.16680793530442256,0.6553524804177546,0.11203833269329828,0.5417867435158501,2.0,2.0,True,2022
0,0,24,12.0,22.0,7.0,13.0,5.0,8.0,11.0,24.0,3.0,7.0,5.0,6.0,0.180718146977792,0.8888888888888888,0.09144695548625001,0.6307692307692307,2.0,2.0,True,2022
1,22,4,9.0,13.0,4.0,8.0,4.0,4.0,11.0,21.0,2.0,7.0,6.0,10.0,0.11203833269329828,0.5417867435158501,0.17344634824353805,0.65625,2.0,2.0,False,2022
0,19,29,11.0,20.0,4.0,9.0,6.0,6.0,12.0,20.0,4.0,9.0,5.0,8.0,0.02893277558250159,0.38153846153846155,0.10259715490729844,0.5490196078431373,2.0,2.0,False,2022
0,15,16,5.0,17.0,3.0,9.0,4.0,9.0,8.0,17.0,4.0,7.0,4.0,5.0,0.09265042371238463,0.4146341463414634,0.09678860138085472,0.41543026706231456,2.0,2.0,False,2022
0,10,18,11.0,24.0,3.0,8.0,6.0,8.0,10.0,20.0,3.0,7.0,7.0,10.0,0.017891853921049288,0.3735294117647059,0.06037786353155561,0.6103542234332425,2.0,2.0,False,2022
0,3,13,12.0,17.0,5.0,9.0,4.0,6.0,9.0,21.0,7.0,11.0,3.0,4.0,0.07849491981716739,0.38596491228070173,0.08037263222960797,0.4574780058651026,2.0,2.0,True,2022
0,17,11,10.0,17.0,4.0,7.0,5.0,7.0,12.0,20.0,6.0,10.0,3.0,4.0,0.09583879388112082,0.556786703601108,0.12181137475583499,0.6132596685082873,3.0,2.0,False,2022
0,22,23,9.0,20.0,3.0,8.0,6.0,7.0,13.0,22.0,3.0,9.0,5.0,8.0,0.08963066615463863,0.5402298850574713,0.13501540934641382,0.4166666666666667,1.0,2.0,False,2022
1,5,14,10.0,21.0,3.0,7.0,6.0,7.0,8.0,21.0,3.0,6.0,2.0,4.0,0.057935189020476285,0.5,0.12301118019096627,0.4424778761061947,3.0,2.0,True,2022
1,11,17,12.0,20.0,6.0,10.0,3.0,4.0,10.0,17.0,4.0,7.0,5.0,7.0,0.12181137475583499,0.6132596685082873,0.07667103510489666,0.5552486187845304,2.0,3.0,True,2022
0,14,5,8.0,21.0,3.0,6.0,2.0,4.0,10.0,21.0,3.0,7.0,6.0,7.0,0.12301118019096627,0.4424778761061947,0.08634815121638102,0.5014749262536873,2.0,3.0,False,2022
1,18,10,10.0,20.0,3.0,7.0,7.0,10.0,11.0,24.0,3.0,8.0,6.0,8.0,0.06037786353155561,0.6103542234332425,0.01431348313683943,0.3724340175953079,2.0,2.0,True,2022
1,23,22,13.0,22.0,3.0,9.0,5.0,8.0,9.0,20.0,3.0,8.0,6.0,7.0,0.13501540934641382,0.4166666666666667,0.0717045329237109,0.5386819484240688,2.0,1.0,True,2022
0,21,27,11.0,17.0,6.0,8.0,5.0,6.0,12.0,20.0,6.0,7.0,4.0,6.0,0.12605758306104023,0.4444444444444444,0.09119770497685925,0.35625,2.0,2.0,False,2022
1,24,8,10.0,20.0,4.0,10.0,4.0,4.0,15.0,24.0,7.0,8.0,4.0,4.0,0.09144695548625001,0.6307692307692307,0.07848526627101313,0.44837758112094395,1.0,2.0,False,2022
1,1,26,9.0,17.0,5.0,11.0,3.0,4.0,9.0,20.0,2.0,6.0,6.0,6.0,0.07346698984324737,0.555858310626703,0.035320145022928434,0.5072463768115942,2.0,3.0,True,2022
0,26,1,9.0,20.0,2.0,6.0,6.0,6.0,9.0,17.0,5.0,11.0,3.0,4.0,0.035320145022928434,0.5072463768115942,0.0987735918745979,0.5570652173913043,3.0,2.0,False,2022
1,13,3,9.0,21.0,7.0,11.0,3.0,4.0,12.0,17.0,5.0,9.0,4.0,6.0,0.08037263222960797,0.4574780058651026,0.1027959358537339,0.3877551020408163,2.0,2.0,False,2022
1,27,21,12.0,20.0,6.0,7.0,4.0,6.0,11.0,17.0,6.0,8.0,5.0,6.0,0.09119770497685925,0.35625,0.10084606644883218,0.4430769230769231,2.0,2.0,True,2022
0,20,12,9.0,14.0,5.0,8.0,6.0,8.0,11.0,19.0,6.0,12.0,5.0,6.0,0.041654399375213244,0.5983827493261455,0.1260639116948856,0.5431754874651811,3.0,2.0,True,2022
0,8,24,15.0,24.0,7.0,8.0,4.0,4.0,10.0,20.0,4.0,10.0,4.0,4.0,0.07848526627101313,0.44837758112094395,0.07315756438900001,0.6275510204081632,2.0,1.0,True,2022
1,12,20,11.0,19.0,6.0,12.0,5.0,6.0,9.0,14.0,5.0,8.0,6.0,8.0,0.1260639116948856,0.5431754874651811,0.0733235195001706,0.5994623655913979,2.0,3.0,False,2022
0,29,15,12.0,22.0,6.0,10.0,6.0,7.0,12.0,14.0,2.0,8.0,8.0,9.0,0.10259715490729844,0.5490196078431373,0.0741203389699077,0.4133738601823708,2.0,2.0,True,2022
1,25,16,9.0,19.0,3.0,8.0,3.0,4.0,8.0,18.0,5.0,9.0,6.0,6.0,0.058691738103122656,0.6229946524064172,0.09678860138085472,0.41543026706231456,2.0,2.0,False,2022
0,16,25,8.0,18.0,5.0,9.0,6.0,6.0,9.0,19.0,3.0,8.0,3.0,4.0,0.09678860138085472,0.41543026706231456,0.04695339048249812,0.6213333333333333,2.0,2.0,True,2022
1,15,29,12.0,14.0,2.0,8.0,8.0,9.0,12.0,22.0,6.0,10.0,6.0,7.0,0.0741203389699077,0.4133738601823708,0.12207772392583875,0.5502793296089385,2.0,2.0,False,2022
1,17,19,11.0,26.0,4.0,11.0,3.0,5.0,10.0,14.0,5.0,7.0,7.0,8.0,0.07667103510489666,0.5552486187845304,0.02314622046600127,0.3803680981595092,1.0,2.0,True,2022
0,19,17,10.0,14.0,5.0,7.0,7.0,8.0,11.0,26.0,4.0,11.0,3.0,5.0,0.02314622046600127,0.3803680981595092,0.10133682808391734,0.5564738292011019,2.0,1.0,False,2022
0,0,7,9.0,21.0,6.0,14.0,4.0,5.0,11.0,19.0,4.0,9.0,2.0,4.0,0.1845745175822336,0.8947368421052632,0.1958603900427163,0.4444444444444444,2.0,3.0,False,2022
1,6,28,11.0,23.0,3.0,10.0,9.0,10.0,11.0,22.0,4.0,10.0,3.0,4.0,0.13728747743949332,0.501432664756447,0.10766694955433045,0.3669724770642202,3.0,3.0,True,2022
0,28,6,11.0,22.0,4.0,10.0,3.0,4.0,11.0,23.0,3.0,10.0,9.0,10.0,0.10766694955433045,0.3669724770642202,0.14982998195159464,0.5028571428571429,3.0,3.0,False,2022
1,7,0,11.0,19.0,4.0,9.0,2.0,4.0,9.0,21.0,6.0,14.0,4.0,5.0,0.1958603900427163,0.4444444444444444,0.14765961406578687,0.85,3.0,2.0,True,2022
0,13,8,11.0,16.0,4.0,7.0,4.0,4.0,11.0,17.0,3.0,8.0,4.0,4.0,0.06429810578368637,0.45614035087719296,0.10278821301681051,0.45,2.0,2.0,True,2022
1,14,23,11.0,20.0,3.0,7.0,5.0,8.0,11.0,25.0,4.0,12.0,10.0,11.0,0.09840894415277301,0.4411764705882353,0.14801232747713106,0.41846153846153844,2.0,2.0,True,2022
1,12,3,9.0,23.0,3.0,7.0,4.0,6.0,7.0,13.0,6.0,8.0,5.0,5.0,0.10085112935590848,0.5416666666666666,0.1027959358537339,0.3877551020408163,2.0,2.0,False,2022
1,10,20,10.0,21.0,1.0,6.0,3.0,4.0,10.0,19.0,2.0,6.0,4.0,5.0,0.01431348313683943,0.3724340175953079,0.0733235195001706,0.5994623655913979,2.0,2.0,True,2022
0,20,10,10.0,19.0,2.0,6.0,4.0,5.0,10.0,21.0,1.0,6.0,3.0,4.0,0.0733235195001706,0.5994623655913979,0.05145078650947155,0.3742690058479532,2.0,2.0,False,2022
1,26,1,12.0,26.0,4.0,8.0,14.0,16.0,11.0,15.0,4.0,7.0,9.0,10.0,0.02825611601834275,0.5057803468208093,0.0987735918745979,0.5570652173913043,2.0,2.0,False,2022
0,1,26,11.0,15.0,4.0,7.0,9.0,10.0,12.0,26.0,4.0,8.0,14.0,16.0,0.0987735918745979,0.5570652173913043,0.022604892814674198,0.5043227665706052,2.0,2.0,True,2022
1,8,13,11.0,17.0,3.0,8.0,4.0,4.0,11.0,16.0,4.0,7.0,4.0,4.0,0.10278821301681051,0.45,0.0914384846269491,0.4577259475218659,2.0,2.0,False,2022
1,4,21,15.0,24.0,4.0,8.0,9.0,13.0,12.0,22.0,8.0,15.0,7.0,7.0,0.17344634824353805,0.65625,0.10084606644883218,0.4430769230769231,3.0,2.0,True,2022
0,23,14,11.0,25.0,4.0,12.0,10.0,11.0,11.0,20.0,3.0,7.0,5.0,8.0,0.14801232747713106,0.41846153846153844,0.1187271553222184,0.44281524926686217,2.0,2.0,False,2022
0,21,4,12.0,22.0,8.0,15.0,7.0,7.0,15.0,24.0,4.0,8.0,9.0,13.0,0.10084606644883218,0.4430769230769231,0.17875707859483042,0.6571428571428571,2.0,3.0,False,2022
0,3,12,7.0,13.0,6.0,8.0,5.0,5.0,9.0,23.0,3.0,7.0,4.0,6.0,0.1027959358537339,0.3877551020408163,0.08068090348472678,0.5401662049861495,2.0,2.0,True,2022
1,24,15,8.0,15.0,4.0,6.0,2.0,4.0,9.0,14.0,5.0,9.0,8.0,9.0,0.07315756438900001,0.6275510204081632,0.05929627117592616,0.4121212121212121,2.0,1.0,False,2022
0,15,24,9.0,14.0,5.0,9.0,8.0,9.0,8.0,15.0,4.0,6.0,2.0,4.0,0.05929627117592616,0.4121212121212121,0.05852605151120001,0.6243654822335025,1.0,2.0,True,2022
1,22,9,10.0,20.0,3.0,6.0,6.0,8.0,13.0,27.0,3.0,10.0,4.0,4.0,0.0717045329237109,0.5386819484240688,0.13096262592527202,0.39473684210526316,2.0,4.0,False,2022
0,9,22,13.0,27.0,3.0,10.0,4.0,4.0,10.0,20.0,3.0,6.0,6.0,8.0,0.13096262592527202,0.39473684210526316,0.05736362633896872,0.5371428571428571,4.0,2.0,True,2022
1,2,18,9.0,20.0,3.0,8.0,5.0,5.0,7.0,17.0,2.0,6.0,6.0,10.0,0.11510148331072698,0.5755395683453237,0.08830229082524449,0.6114130434782609,3.0,2.0,True,2022
0,18,2,7.0,17.0,2.0,6.0,6.0,10.0,9.0,20.0,3.0,8.0,5.0,5.0,0.08830229082524449,0.6114130434782609,0.1320811866485816,0.5770609318996416,2.0,3.0,False,2022
1,25,4,9.0,18.0,5.0,10.0,6.0,6.0,10.0,20.0,4.0,6.0,8.0,10.0,0.04695339048249812,0.6213333333333333,0.17875707859483042,0.6571428571428571,2.0,1.0,True,2022
0,4,25,10.0,20.0,4.0,6.0,8.0,10.0,9.0,18.0,5.0,10.0,6.0,6.0,0.17875707859483042,0.6571428571428571,0.0775627123859985,0.6223404255319149,1.0,2.0,False,2022
1,17,5,7.0,18.0,3.0,8.0,8.0,8.0,7.0,16.0,3.0,8.0,4.0,5.0,0.10133682808391734,0.5564738292011019,0.08634815121638102,0.5014749262536873,2.0,3.0,False,2022
0,5,17,7.0,16.0,3.0,8.0,4.0,5.0,7.0,18.0,3.0,8.0,8.0,8.0,0.08634815121638102,0.5014749262536873,0.08106946246713387,0.554945054945055,3.0,2.0,True,2022
1,7,19,8.0,14.0,4.0,8.0,4.0,7.0,10.0,19.0,3.0,6.0,12.0,14.0,0.19668831203417306,0.4460227272727273,0.018516976372801017,0.37920489296636084,2.0,2.0,True,2022
0,19,7,10.0,19.0,3.0,6.0,12.0,14.0,8.0,14.0,4.0,8.0,4.0,7.0,0.018516976372801017,0.37920489296636084,0.19735064962733845,0.4475920679886686,2.0,2.0,False,2022
0,27,28,12.0,19.0,5.0,10.0,10.0,11.0,14.0,21.0,4.0,10.0,9.0,10.0,0.11295816398148742,0.3582554517133956,0.08613355964346436,0.36585365853658536,3.0,2.0,True,2022
1,16,26,9.0,16.0,6.0,7.0,5.0,6.0,5.0,14.0,3.0,7.0,7.0,8.0,0.11743088110468378,0.4171597633136095,0.022604892814674198,0.5043227665706052,2.0,1.0,True,2022
0,26,16,5.0,14.0,3.0,7.0,7.0,8.0,9.0,16.0,6.0,7.0,5.0,6.0,0.022604892814674198,0.5043227665706052,0.13394470488374705,0.41887905604719766,1.0,2.0,False,2022
1,28,27,14.0,21.0,4.0,10.0,9.0,10.0,12.0,19.0,5.0,10.0,10.0,11.0,0.08613355964346436,0.36585365853658536,0.13036653118518993,0.36024844720496896,2.0,3.0,False,2022
0,12,22,9.0,18.0,6.0,13.0,6.0,7.0,8.0,16.0,3.0,7.0,10.0,11.0,0.08068090348472678,0.5401662049861495,0.05736362633896872,0.5371428571428571,2.0,2.0,True,2022
1,14,3,6.0,17.0,3.0,6.0,3.0,4.0,13.0,17.0,5.0,12.0,5.0,6.0,0.1187271553222184,0.44281524926686217,0.12223674868298713,0.38953488372093026,2.0,2.0,False,2022
0,3,14,13.0,17.0,5.0,12.0,5.0,6.0,6.0,17.0,3.0,6.0,3.0,4.0,0.12223674868298713,0.38953488372093026,0.09498172425777472,0.4415204678362573,2.0,2.0,True,2022
0,2,11,12.0,25.0,3.0,11.0,11.0,11.0,12.0,22.0,7.0,14.0,8.0,10.0,0.1320811866485816,0.5770609318996416,0.137449099804668,0.6143250688705234,2.0,4.0,False,2022
1,13,8,7.0,20.0,4.0,8.0,7.0,9.0,7.0,20.0,3.0,8.0,9.0,11.0,0.0914384846269491,0.4577259475218659,0.08223057041344842,0.44868035190615835,2.0,2.0,False,2022
0,24,29,7.0,20.0,6.0,9.0,6.0,6.0,10.0,23.0,4.0,8.0,7.0,11.0,0.05852605151120001,0.6243654822335025,0.12207772392583875,0.5502793296089385,2.0,3.0,True,2022
1,22,12,8.0,16.0,3.0,7.0,10.0,11.0,9.0,18.0,6.0,13.0,6.0,7.0,0.05736362633896872,0.5371428571428571,0.10454472278778142,0.5414364640883977,2.0,2.0,False,2022
0,10,1,10.0,20.0,3.0,9.0,5.0,5.0,10.0,18.0,4.0,10.0,6.0,7.0,0.05145078650947155,0.3742690058479532,0.11901887349967832,0.5582655826558266,2.0,2.0,False,2022
1,29,24,10.0,23.0,4.0,8.0,7.0,11.0,7.0,20.0,6.0,9.0,6.0,6.0,0.12207772392583875,0.5502793296089385,0.08682084120896001,0.6262626262626263,3.0,2.0,False,2022
1,0,7,8.0,20.0,6.0,11.0,2.0,3.0,7.0,17.0,3.0,5.0,9.0,11.0,0.14765961406578687,0.85,0.19735064962733845,0.4475920679886686,3.0,1.0,True,2022
0,7,0,7.0,17.0,3.0,5.0,9.0,11.0,8.0,20.0,6.0,11.0,2.0,3.0,0.19735064962733845,0.4475920679886686,0.1581276912526295,0.8571428571428571,1.0,3.0,False,2022
0,8,13,7.0,20.0,3.0,8.0,9.0,11.0,7.0,20.0,4.0,8.0,7.0,9.0,0.08223057041344842,0.44868035190615835,0.07315078770155928,0.4563953488372093,2.0,2.0,True,2022
1,6,23,9.0,18.0,4.0,9.0,12.0,15.0,7.0,22.0,4.0,14.0,6.0,6.0,0.14982998195159464,0.5028571428571429,0.11840986198170485,0.4171779141104294,3.0,2.0,True,2022
0,23,6,7.0,22.0,4.0,14.0,6.0,6.0,9.0,18.0,4.0,9.0,12.0,15.0,0.11840986198170485,0.4171779141104294,0.15986398556127573,0.5042735042735043,2.0,3.0,False,2022
1,9,18,8.0,22.0,2.0,6.0,7.0,8.0,10.0,23.0,3.0,5.0,7.0,8.0,0.14477010074021762,0.3965014577259475,0.0706418326601956,0.6097560975609756,2.0,2.0,False,2022
0,18,9,10.0,23.0,3.0,5.0,7.0,8.0,8.0,22.0,2.0,6.0,7.0,8.0,0.0706418326601956,0.6097560975609756,0.1158160805921741,0.3953488372093023,2.0,2.0,True,2022
1,1,10,10.0,18.0,4.0,10.0,6.0,7.0,10.0,20.0,3.0,9.0,5.0,5.0,0.11901887349967832,0.5582655826558266,0.04116062920757724,0.37317784256559766,2.0,2.0,True,2022
1,11,2,12.0,22.0,7.0,14.0,8.0,10.0,12.0,25.0,3.0,11.0,11.0,11.0,0.137449099804668,0.6143250688705234,0.10566494931886528,0.575,4.0,2.0,True,2022
0,24,15,7.0,21.0,4.0,8.0,4.0,5.0,9.0,22.0,6.0,11.0,5.0,5.0,0.08682084120896001,0.6262626262626263,0.08743701694074094,0.41389728096676737,1.0,3.0,False,2022
1,15,24,9.0,22.0,6.0,11.0,5.0,5.0,7.0,21.0,4.0,8.0,4.0,5.0,0.08743701694074094,0.41389728096676737,0.06945667296716801,0.6231155778894473,3.0,1.0,True,2022
1,17,2,8.0,21.0,3.0,9.0,6.0,8.0,10.0,17.0,5.0,10.0,9.0,10.0,0.08106946246713387,0.554945054945055,0.10566494931886528,0.575,2.0,1.0,False,2022
0,2,17,10.0,17.0,5.0,10.0,9.0,10.0,8.0,21.0,3.0,9.0,6.0,8.0,0.10566494931886528,0.575,0.06485556997370709,0.5534246575342465,1.0,2.0,True,2022
1,28,20,9.0,18.0,3.0,8.0,5.0,6.0,14.0,19.0,5.0,9.0,2.0,2.0,0.06890684771477149,0.364741641337386,0.058658815600136485,0.5978552278820375,2.0,3.0,False,2022
1,4,12,9.0,18.0,7.0,13.0,7.0,8.0,8.0,17.0,6.0,9.0,6.0,8.0,0.14300566287586433,0.655440414507772,0.10454472278778142,0.5414364640883977,2.0,1.0,True,2022
0,20,28,14.0,19.0,5.0,9.0,2.0,2.0,9.0,18.0,3.0,8.0,5.0,6.0,0.058658815600136485,0.5978552278820375,0.05512547817181719,0.36363636363636365,3.0,2.0,True,2022
1,6,27,12.0,26.0,2.0,6.0,3.0,4.0,13.0,24.0,2.0,9.0,11.0,13.0,0.15986398556127573,0.5042735042735043,0.13036653118518993,0.36024844720496896,1.0,2.0,False,2022
0,5,0,10.0,21.0,3.0,8.0,7.0,8.0,7.0,28.0,5.0,17.0,8.0,9.0,0.10907852097310482,0.5029411764705882,0.1581276912526295,0.8571428571428571,2.0,1.0,True,2022
0,16,13,12.0,20.0,4.0,6.0,6.0,7.0,7.0,21.0,5.0,9.0,10.0,14.0,0.13394470488374705,0.41887905604719766,0.07315078770155928,0.4563953488372093,2.0,1.0,True,2022
0,27,6,13.0,24.0,2.0,9.0,11.0,13.0,12.0,26.0,2.0,6.0,3.0,4.0,0.13036653118518993,0.36024844720496896,0.1278911884490206,0.5028409090909091,2.0,1.0,True,2022
0,12,4,8.0,17.0,6.0,9.0,6.0,8.0,9.0,18.0,7.0,13.0,7.0,8.0,0.10454472278778142,0.5414364640883977,0.15440453030069148,0.6563307493540051,1.0,2.0,False,2022
1,13,16,7.0,21.0,5.0,9.0,10.0,14.0,12.0,20.0,4.0,6.0,6.0,7.0,0.07315078770155928,0.4563953488372093,0.14715576390699764,0.42058823529411765,1.0,2.0,False,2022
1,0,5,7.0,28.0,5.0,17.0,8.0,9.0,10.0,21.0,3.0,8.0,7.0,8.0,0.1581276912526295,0.8571428571428571,0.12726281677848386,0.5043988269794721,1.0,2.0,False,2022
0,14,25,8.0,12.0,4.0,6.0,6.0,7.0,10.0,21.0,2.0,6.0,10.0,12.0,0.09498172425777472,0.4415204678362573,0.0775627123859985,0.6223404255319149,2.0,3.0,False,2022
1,25,14,10.0,21.0,2.0,6.0,10.0,12.0,8.0,12.0,4.0,6.0,6.0,7.0,0.0775627123859985,0.6223404255319149,0.07598537940621977,0.4402332361516035,3.0,2.0,True,2022
1,1,8,7.0,14.0,5.0,7.0,6.0,8.0,15.0,28.0,3.0,11.0,7.0,8.0,0.13521509879974264,0.5594594594594594,0.10578445633075872,0.4502923976608187,2.0,2.0,True,2022
0,11,3,12.0,21.0,4.0,9.0,7.0,8.0,11.0,19.0,5.0,8.0,4.0,4.0,0.14995927984373442,0.6153846153846154,0.1377893989463897,0.391304347826087,2.0,2.0,True,2022
0,21,9,11.0,17.0,6.0,10.0,7.0,8.0,12.0,22.0,7.0,11.0,5.0,5.0,0.08067685315906574,0.44171779141104295,0.1158160805921741,0.3953488372093023,4.0,2.0,True,2022
1,9,21,12.0,22.0,7.0,11.0,5.0,5.0,11.0,17.0,6.0,10.0,7.0,8.0,0.1158160805921741,0.3953488372093023,0.1045414825272526,0.4434250764525994,2.0,4.0,False,2022
1,3,11,11.0,19.0,5.0,8.0,4.0,4.0,12.0,21.0,4.0,9.0,7.0,8.0,0.1377893989463897,0.391304347826087,0.15996742387498752,0.6164383561643836,2.0,2.0,False,2022
0,8,1,15.0,28.0,3.0,11.0,7.0,8.0,7.0,14.0,5.0,7.0,6.0,8.0,0.10578445633075872,0.4502923976608187,0.14817207903979412,0.5606469002695418,2.0,2.0,False,2022
0,18,21,15.0,20.0,4.0,7.0,12.0,14.0,13.0,24.0,6.0,13.0,3.0,4.0,0.09651346612815648,0.6108108108108108,0.1045414825272526,0.4434250764525994,3.0,1.0,True,2022
0,3,4,10.0,15.0,5.0,11.0,5.0,6.0,9.0,19.0,3.0,7.0,7.0,8.0,0.11023151915711175,0.3901734104046243,0.15440453030069148,0.6563307493540051,1.0,2.0,False,2022
1,4,3,9.0,19.0,3.0,7.0,7.0,8.0,10.0,15.0,5.0,11.0,5.0,6.0,0.15440453030069148,0.6563307493540051,0.0881852153256894,0.38904899135446686,2.0,1.0,True,2022
1,23,9,11.0,24.0,6.0,13.0,6.0,7.0,8.0,18.0,7.0,14.0,11.0,13.0,0.09472788958536388,0.41590214067278286,0.09265286447373929,0.39420289855072466,3.0,1.0,False,2022
1,12,16,11.0,19.0,2.0,5.0,6.0,7.0,8.0,21.0,3.0,8.0,5.0,9.0,0.08363577823022514,0.5399449035812672,0.14715576390699764,0.42058823529411765,2.0,2.0,False,2022
1,17,24,12.0,24.0,2.0,8.0,7.0,10.0,9.0,19.0,3.0,10.0,3.0,6.0,0.06485556997370709,0.5534246575342465,0.06945667296716801,0.6231155778894473,2.0,2.0,False,2022
0,24,17,9.0,19.0,3.0,10.0,3.0,6.0,12.0,24.0,2.0,8.0,7.0,10.0,0.06945667296716801,0.6231155778894473,0.05188445597896567,0.5519125683060109,2.0,2.0,True,2022
0,9,23,8.0,18.0,7.0,14.0,11.0,13.0,11.0,24.0,6.0,13.0,6.0,7.0,0.09265286447373929,0.39420289855072466,0.07578231166829111,0.4146341463414634,1.0,3.0,True,2022
0,5,7,7.0,13.0,3.0,8.0,4.0,6.0,9.0,18.0,4.0,10.0,6.0,7.0,0.12726281677848386,0.5043988269794721,0.15788051970187075,0.4463276836158192,2.0,3.0,False,2022
1,7,5,9.0,18.0,4.0,10.0,6.0,7.0,7.0,13.0,3.0,8.0,4.0,6.0,0.15788051970187075,0.4463276836158192,0.10181025342278709,0.5029239766081871,3.0,2.0,True,2022
0,10,0,7.0,13.0,3.0,6.0,5.0,6.0,9.0,17.0,8.0,13.0,8.0,8.0,0.04116062920757724,0.37317784256559766,0.1265021530021036,0.8181818181818182,3.0,2.0,False,2022
0,14,22,12.0,19.0,2.0,4.0,9.0,10.0,11.0,18.0,3.0,4.0,8.0,8.0,0.07598537940621977,0.4402332361516035,0.04589090107117498,0.5356125356125356,1.0,3.0,False,2022
1,19,26,11.0,24.0,6.0,11.0,2.0,2.0,9.0,20.0,5.0,10.0,12.0,15.0,0.014813581098240814,0.3780487804878049,0.018083914251739358,0.5028735632183908,4.0,4.0,False,2022
0,26,19,9.0,20.0,5.0,10.0,12.0,15.0,11.0,24.0,6.0,11.0,2.0,2.0,0.018083914251739358,0.5028735632183908,0.011850864878592651,0.3768996960486322,4.0,4.0,True,2022
1,21,18,13.0,24.0,6.0,13.0,3.0,4.0,15.0,20.0,4.0,7.0,12.0,14.0,0.1045414825272526,0.4434250764525994,0.11721077290252517,0.6118598382749326,1.0,3.0,False,2022
1,27,20,13.0,24.0,4.0,9.0,3.0,4.0,8.0,20.0,3.0,9.0,4.0,6.0,0.14429322494815194,0.3622291021671827,0.0869270524801092,0.5989304812834224,2.0,2.0,True,2022
0,20,27,8.0,20.0,3.0,9.0,4.0,6.0,13.0,24.0,4.0,9.0,3.0,4.0,0.0869270524801092,0.5989304812834224,0.15543457995852156,0.36419753086419754,2.0,2.0,False,2022
1,22,14,11.0,18.0,3.0,4.0,8.0,8.0,12.0,19.0,2.0,4.0,9.0,10.0,0.04589090107117498,0.5356125356125356,0.060788303524975815,0.438953488372093,3.0,1.0,True,2022
1,0,10,9.0,17.0,8.0,13.0,8.0,8.0,7.0,13.0,3.0,6.0,5.0,6.0,0.1265021530021036,0.8181818181818182,0.03292850336606179,0.37209302325581395,2.0,3.0,True,2022
0,16,12,8.0,21.0,3.0,8.0,5.0,9.0,11.0,19.0,2.0,5.0,6.0,7.0,0.14715576390699764,0.42058823529411765,0.06690862258418011,0.5384615384615384,2.0,2.0,True,2022
1,13,6,9.0,21.0,4.0,11.0,7.0,8.0,10.0,22.0,3.0,8.0,6.0,7.0,0.05852063016124742,0.45507246376811594,0.1278911884490206,0.5028409090909091,3.0,3.0,False,2022
1,5,28,9.0,18.0,3.0,7.0,5.0,5.0,11.0,20.0,7.0,8.0,4.0,4.0,0.10181025342278709,0.5029239766081871,0.05512547817181719,0.36363636363636365,1.0,3.0,False,2022
1,29,2,13.0,19.0,2.0,5.0,5.0,6.0,13.0,22.0,5.0,7.0,8.0,10.0,0.097662179140671,0.5487465181058496,0.12453195945509221,0.5765124555160143,4.0,3.0,True,2022
0,6,13,10.0,22.0,3.0,8.0,6.0,7.0,9.0,21.0,4.0,11.0,7.0,8.0,0.1278911884490206,0.5028409090909091,0.04681650412899794,0.45375722543352603,3.0,3.0,True,2022
0,2,29,13.0,22.0,5.0,7.0,8.0,10.0,13.0,19.0,2.0,5.0,5.0,6.0,0.12453195945509221,0.5765124555160143,0.11812974331253681,0.55,3.0,4.0,False,2022
0,28,5,11.0,20.0,7.0,8.0,4.0,4.0,9.0,18.0,3.0,7.0,5.0,5.0,0.05512547817181719,0.36363636363636365,0.08144820273822967,0.5014577259475219,3.0,1.0,True,2022
0,11,23,14.0,23.0,6.0,13.0,5.0,7.0,8.0,16.0,4.0,9.0,6.0,8.0,0.15996742387498752,0.6164383561643836,0.07578231166829111,0.4146341463414634,3.0,2.0,True,2022
1,16,13,9.0,19.0,3.0,9.0,6.0,8.0,10.0,19.0,5.0,10.0,7.0,8.0,0.1577246111255981,0.4222873900293255,0.04681650412899794,0.45375722543352603,2.0,1.0,False,2022
0,4,12,12.0,17.0,4.0,8.0,7.0,12.0,9.0,21.0,6.0,13.0,4.0,4.0,0.16352362424055317,0.6572164948453608,0.06690862258418011,0.5384615384615384,2.0,2.0,False,2022
1,12,4,9.0,21.0,6.0,13.0,4.0,4.0,12.0,17.0,4.0,8.0,7.0,12.0,0.06690862258418011,0.5384615384615384,0.13081889939244254,0.6555269922879178,2.0,2.0,True,2022
1,8,20,12.0,21.0,4.0,12.0,3.0,3.0,17.0,23.0,4.0,7.0,5.0,9.0,0.08462756506460697,0.4489795918367347,0.06954164198408735,0.5973333333333334,3.0,2.0,False,2022
1,24,2,9.0,22.0,5.0,8.0,4.0,4.0,9.0,20.0,3.0,7.0,9.0,10.0,0.0955653383737344,0.625,0.09962556756407377,0.574468085106383,2.0,1.0,True,2022
1,15,10,12.0,18.0,5.0,10.0,7.0,8.0,12.0,22.0,6.0,9.0,7.0,7.0,0.10994961355259274,0.41566265060240964,0.03292850336606179,0.37209302325581395,4.0,2.0,True,2022
0,26,25,8.0,18.0,4.0,10.0,12.0,12.0,10.0,20.0,5.0,13.0,3.0,4.0,0.05446713140139149,0.504297994269341,0.10205016990879881,0.623342175066313,2.0,3.0,True,2022
0,13,16,10.0,19.0,5.0,10.0,7.0,8.0,9.0,19.0,3.0,9.0,6.0,8.0,0.04681650412899794,0.45375722543352603,0.12617968890047848,0.42105263157894735,1.0,2.0,True,2022
1,22,28,9.0,13.0,3.0,7.0,5.0,7.0,6.0,18.0,3.0,6.0,6.0,7.0,0.07671272085693998,0.5369318181818182,0.08410038253745375,0.36555891238670696,2.0,1.0,True,2022
0,10,15,12.0,22.0,6.0,9.0,7.0,7.0,12.0,18.0,5.0,10.0,7.0,8.0,0.03292850336606179,0.37209302325581395,0.1279596908420742,0.4174174174174174,2.0,4.0,False,2022
0,20,8,17.0,23.0,4.0,7.0,5.0,9.0,12.0,21.0,4.0,12.0,3.0,3.0,0.06954164198408735,0.5973333333333334,0.06770205205168559,0.4476744186046512,2.0,3.0,True,2022
1,23,11,8.0,16.0,4.0,9.0,6.0,8.0,14.0,23.0,6.0,13.0,5.0,7.0,0.07578231166829111,0.4146341463414634,0.16797393909999,0.6174863387978142,2.0,3.0,False,2022
0,28,22,6.0,18.0,3.0,6.0,6.0,7.0,9.0,13.0,3.0,7.0,5.0,7.0,0.08410038253745375,0.36555891238670696,0.101370176685552,0.5382436260623229,1.0,2.0,False,2022
1,1,6,8.0,16.0,4.0,11.0,6.0,9.0,7.0,16.0,3.0,12.0,14.0,16.0,0.14817207903979412,0.5606469002695418,0.14231295075921646,0.5042492917847026,3.0,1.0,True,2022
0,18,21,8.0,17.0,4.0,8.0,15.0,19.0,10.0,22.0,3.0,12.0,9.0,10.0,0.11721077290252517,0.6118598382749326,0.08363318602180207,0.4420731707317073,2.0,2.0,True,2022
1,21,18,10.0,22.0,3.0,12.0,9.0,10.0,8.0,17.0,4.0,8.0,15.0,19.0,0.08363318602180207,0.4420731707317073,0.13376861832202014,0.6129032258064516,2.0,2.0,False,2022
0,27,3,9.0,23.0,4.0,9.0,4.0,7.0,9.0,16.0,3.0,7.0,5.0,5.0,0.15543457995852156,0.36419753086419754,0.0881852153256894,0.38904899135446686,2.0,2.0,False,2022
1,3,27,9.0,16.0,3.0,7.0,5.0,5.0,9.0,23.0,4.0,9.0,4.0,7.0,0.0881852153256894,0.38904899135446686,0.12434766396681725,0.3630769230769231,2.0,2.0,True,2022
0,14,19,10.0,19.0,4.0,10.0,6.0,8.0,8.0,20.0,5.0,7.0,14.0,15.0,0.060788303524975815,0.438953488372093,0.011850864878592651,0.3768996960486322,2.0,2.0,True,2022
1,25,26,10.0,20.0,5.0,13.0,3.0,4.0,8.0,18.0,4.0,10.0,12.0,12.0,0.10205016990879881,0.623342175066313,0.0835737051211132,0.5057142857142857,3.0,2.0,False,2022
0,2,24,9.0,20.0,3.0,7.0,9.0,10.0,9.0,22.0,5.0,8.0,4.0,4.0,0.09962556756407377,0.574468085106383,0.11645227069898752,0.6268656716417911,1.0,2.0,False,2022
1,19,14,8.0,20.0,5.0,7.0,14.0,15.0,10.0,19.0,4.0,10.0,6.0,8.0,0.011850864878592651,0.3768996960486322,0.08863064281998065,0.4405797101449275,2.0,2.0,False,2022
0,17,0,8.0,23.0,3.0,7.0,9.0,11.0,8.0,19.0,6.0,17.0,8.0,9.0,0.05188445597896567,0.5519125683060109,0.14120172240168288,0.8260869565217391,2.0,2.0,False,2022
1,0,17,8.0,19.0,6.0,17.0,8.0,9.0,8.0,23.0,3.0,7.0,9.0,11.0,0.14120172240168288,0.8260869565217391,0.04150756478317254,0.5504087193460491,2.0,2.0,True,2022
0,6,1,7.0,16.0,3.0,12.0,14.0,16.0,8.0,16.0,4.0,11.0,6.0,9.0,0.14231295075921646,0.5042492917847026,0.1585376632318353,0.5618279569892473,1.0,3.0,False,2022
0,29,16,9.0,18.0,2.0,6.0,5.0,5.0,9.0,20.0,5.0,11.0,5.0,6.0,0.11812974331253681,0.55,0.12617968890047848,0.42105263157894735,2.0,1.0,False,2022
0,20,5,9.0,19.0,4.0,8.0,7.0,8.0,9.0,16.0,3.0,8.0,4.0,4.0,0.09563331358726987,0.598404255319149,0.08144820273822967,0.5014577259475219,1.0,2.0,False,2022
1,5,20,9.0,16.0,3.0,8.0,4.0,4.0,9.0,19.0,4.0,8.0,7.0,8.0,0.08144820273822967,0.5014577259475219,0.0765066508698159,0.596816976127321,2.0,1.0,True,2022
1,16,29,9.0,20.0,5.0,11.0,5.0,6.0,9.0,18.0,2.0,6.0,5.0,5.0,0.12617968890047848,0.42105263157894735,0.09450379465002945,0.5484764542936288,1.0,2.0,True,2022
0,11,18,8.0,19.0,5.0,10.0,6.0,8.0,8.0,18.0,2.0,6.0,4.0,4.0,0.16797393909999,0.6174863387978142,0.13376861832202014,0.6129032258064516,1.0,1.0,True,2022
1,18,11,8.0,18.0,2.0,6.0,4.0,4.0,8.0,19.0,5.0,10.0,6.0,8.0,0.13376861832202014,0.6129032258064516,0.174379151279992,0.6185286103542235,1.0,1.0,False,2022
1,8,19,9.0,19.0,4.0,8.0,4.0,4.0,7.0,17.0,3.0,7.0,4.0,5.0,0.06770205205168559,0.4476744186046512,0.00948069190287412,0.37575757575757573,2.0,2.0,True,2022
0,15,21,11.0,19.0,5.0,10.0,8.0,10.0,9.0,17.0,6.0,10.0,4.0,6.0,0.1279596908420742,0.4174174174174174,0.06690654881744165,0.44072948328267475,2.0,2.0,False,2022
0,28,25,6.0,16.0,3.0,7.0,7.0,8.0,9.0,18.0,5.0,11.0,7.0,8.0,0.067280306029963,0.3644578313253012,0.08164013592703905,0.6216931216931217,2.0,2.0,False,2022
1,7,2,9.0,16.0,4.0,8.0,2.0,2.0,10.0,25.0,2.0,7.0,5.0,6.0,0.16630441576149663,0.447887323943662,0.07970045405125901,0.5724381625441696,4.0,2.0,True,2022
1,25,28,9.0,18.0,5.0,11.0,7.0,8.0,6.0,16.0,3.0,7.0,7.0,8.0,0.08164013592703905,0.6216931216931217,0.0538242448239704,0.3633633633633634,2.0,2.0,True,2022
0,19,8,7.0,17.0,3.0,7.0,4.0,5.0,9.0,19.0,4.0,8.0,4.0,4.0,0.00948069190287412,0.37575757575757573,0.09416164164134846,0.4492753623188406,2.0,2.0,False,2022
1,26,29,8.0,17.0,3.0,11.0,3.0,3.0,13.0,20.0,6.0,8.0,4.0,4.0,0.0835737051211132,0.5057142857142857,0.09450379465002945,0.5484764542936288,2.0,1.0,False,2022
0,29,26,13.0,20.0,6.0,8.0,4.0,4.0,8.0,17.0,3.0,11.0,3.0,3.0,0.09450379465002945,0.5484764542936288,0.06685896409689056,0.5042735042735043,1.0,2.0,True,2022
1,23,3,8.0,19.0,3.0,8.0,5.0,6.0,9.0,11.0,4.0,7.0,7.0,7.0,0.060625849334632886,0.4133738601823708,0.11054817226055154,0.39080459770114945,2.0,2.0,False,2022
1,1,4,9.0,19.0,6.0,13.0,3.0,6.0,15.0,20.0,5.0,11.0,10.0,14.0,0.1585376632318353,0.5618279569892473,0.13081889939244254,0.6555269922879178,2.0,2.0,False,2022
1,22,13,11.0,23.0,4.0,9.0,5.0,6.0,11.0,25.0,2.0,9.0,4.0,4.0,0.101370176685552,0.5382436260623229,0.07745320330319835,0.4553314121037464,2.0,2.0,True,2022
0,4,1,15.0,20.0,5.0,11.0,10.0,14.0,9.0,19.0,6.0,13.0,3.0,6.0,0.13081889939244254,0.6555269922879178,0.12683013058546824,0.5603217158176944,2.0,2.0,True,2022
1,21,15,9.0,17.0,6.0,10.0,4.0,6.0,11.0,19.0,5.0,10.0,8.0,10.0,0.06690654881744165,0.44072948328267475,0.10236775267365936,0.4161676646706587,2.0,2.0,True,2022
1,9,6,10.0,27.0,5.0,8.0,9.0,10.0,12.0,22.0,3.0,6.0,6.0,7.0,0.11412229157899142,0.3959537572254335,0.11385036060737316,0.5028248587570622,4.0,2.0,False,2022
0,6,9,12.0,22.0,3.0,6.0,6.0,7.0,10.0,27.0,5.0,8.0,9.0,10.0,0.11385036060737316,0.5028248587570622,0.09129783326319314,0.39481268011527376,2.0,4.0,True,2022
0,3,23,9.0,11.0,4.0,7.0,7.0,7.0,8.0,19.0,3.0,8.0,5.0,6.0,0.11054817226055154,0.39080459770114945,0.04850067946770631,0.4121212121212121,2.0,2.0,True,2022
0,13,22,11.0,25.0,2.0,9.0,4.0,4.0,11.0,23.0,4.0,9.0,5.0,6.0,0.07745320330319835,0.4553314121037464,0.1210961413484416,0.53954802259887,2.0,2.0,False,2022
0,2,7,10.0,25.0,2.0,7.0,5.0,6.0,9.0,16.0,4.0,8.0,2.0,2.0,0.07970045405125901,0.5724381625441696,0.1730435326091973,0.449438202247191,2.0,4.0,False,2022
1,18,0,7.0,16.0,2.0,4.0,11.0,11.0,8.0,20.0,4.0,14.0,5.0,5.0,0.10701489465761611,0.6112600536193029,0.1529613779213463,0.8333333333333334,2.0,3.0,True,2022
1,16,1,7.0,18.0,3.0,9.0,9.0,14.0,7.0,12.0,4.0,9.0,7.0,14.0,0.14094375112038277,0.4227405247813411,0.12683013058546824,0.5603217158176944,2.0,1.0,True,2022
0,0,18,8.0,20.0,4.0,14.0,5.0,5.0,7.0,16.0,2.0,4.0,11.0,11.0,0.1529613779213463,0.8333333333333334,0.1256119157260929,0.6122994652406417,3.0,2.0,False,2022
0,11,14,10.0,20.0,4.0,9.0,4.0,4.0,9.0,19.0,2.0,4.0,2.0,5.0,0.174379151279992,0.6185286103542235,0.08863064281998065,0.4405797101449275,2.0,3.0,True,2022
1,14,11,9.0,19.0,2.0,4.0,2.0,5.0,10.0,20.0,4.0,9.0,4.0,4.0,0.08863064281998065,0.4405797101449275,0.17950332102399363,0.6195652173913043,3.0,2.0,False,2022
0,20,5,15.0,24.0,6.0,12.0,4.0,4.0,5.0,13.0,3.0,6.0,5.0,5.0,0.0765066508698159,0.596816976127321,0.10515856219058375,0.502906976744186,2.0,2.0,True,2022
1,12,27,9.0,18.0,5.0,9.0,3.0,3.0,11.0,20.0,7.0,12.0,4.0,5.0,0.09352689806734409,0.5397260273972603,0.12434766396681725,0.3630769230769231,3.0,3.0,True,2022
1,24,10,11.0,21.0,7.0,11.0,2.0,4.0,8.0,16.0,5.0,8.0,13.0,13.0,0.11645227069898752,0.6268656716417911,0.026342802692849433,0.3710144927536232,3.0,3.0,True,2022
0,15,3,7.0,14.0,4.0,10.0,4.0,6.0,7.0,17.0,4.0,10.0,9.0,10.0,0.10236775267365936,0.4161676646706587,0.12843853780844122,0.39255014326647564,1.0,1.0,False,2022
1,3,15,7.0,17.0,4.0,10.0,9.0,10.0,7.0,14.0,4.0,10.0,4.0,6.0,0.12843853780844122,0.39255014326647564,0.08189420213892748,0.41492537313432837,1.0,1.0,True,2022
0,27,12,11.0,20.0,7.0,12.0,4.0,5.0,9.0,18.0,5.0,9.0,3.0,3.0,0.12434766396681725,0.3630769230769231,0.11482151845387527,0.5409836065573771,3.0,3.0,False,2022
0,1,16,7.0,12.0,4.0,9.0,7.0,14.0,7.0,18.0,3.0,9.0,9.0,14.0,0.12683013058546824,0.5603217158176944,0.15275500089630623,0.42441860465116277,1.0,2.0,False,2022
0,10,24,8.0,16.0,5.0,8.0,13.0,13.0,11.0,21.0,7.0,11.0,2.0,4.0,0.026342802692849433,0.3710144927536232,0.13316181655919002,0.6287128712871287,3.0,3.0,False,2022
1,5,20,5.0,13.0,3.0,6.0,5.0,5.0,15.0,24.0,6.0,12.0,4.0,4.0,0.10515856219058375,0.502906976744186,0.10120532069585271,0.5978835978835979,2.0,2.0,False,2022
0,4,28,8.0,17.0,4.0,11.0,6.0,8.0,9.0,17.0,7.0,13.0,3.0,4.0,0.14465511951395402,0.6564102564102564,0.0538242448239704,0.3633633633633634,2.0,2.0,True,2022
0,8,5,11.0,25.0,3.0,6.0,5.0,8.0,10.0,17.0,3.0,6.0,5.0,9.0,0.09416164164134846,0.4492753623188406,0.08412684975246701,0.5014492753623189,2.0,1.0,False,2022
1,17,23,9.0,20.0,6.0,14.0,11.0,15.0,7.0,17.0,4.0,8.0,9.0,10.0,0.04150756478317254,0.5504087193460491,0.04850067946770631,0.4121212121212121,4.0,2.0,False,2022
1,26,13,6.0,15.0,3.0,6.0,5.0,6.0,6.0,17.0,2.0,6.0,5.0,8.0,0.06685896409689056,0.5042735042735043,0.061962562642558686,0.4540229885057471,2.0,2.0,False,2022
0,13,26,6.0,17.0,2.0,6.0,5.0,8.0,6.0,15.0,3.0,6.0,5.0,6.0,0.061962562642558686,0.4540229885057471,0.053487171277512444,0.5028409090909091,2.0,2.0,True,2022
0,23,17,7.0,17.0,4.0,8.0,9.0,10.0,9.0,20.0,6.0,14.0,11.0,15.0,0.04850067946770631,0.4121212121212121,0.03320605182653803,0.5489130434782609,2.0,4.0,True,2022
1,29,10,12.0,20.0,3.0,7.0,3.0,4.0,8.0,18.0,4.0,11.0,5.0,6.0,0.11560303572002355,0.5497237569060773,0.021074242154279547,0.3699421965317919,2.0,1.0,True,2022
1,19,6,9.0,19.0,6.0,13.0,3.0,5.0,16.0,31.0,5.0,10.0,14.0,15.0,0.007584553522299297,0.37462235649546827,0.13108028848589853,0.504225352112676,2.0,2.0,False,2022
0,6,19,16.0,31.0,5.0,10.0,14.0,15.0,9.0,19.0,6.0,13.0,3.0,5.0,0.13108028848589853,0.504225352112676,0.0060676428178394375,0.37349397590361444,2.0,2.0,True,2022
1,28,4,9.0,17.0,7.0,13.0,3.0,4.0,8.0,17.0,4.0,11.0,6.0,8.0,0.0538242448239704,0.3633633633633634,0.15572409561116324,0.6572890025575447,2.0,2.0,False,2022
0,10,29,8.0,18.0,4.0,11.0,5.0,6.0,12.0,20.0,3.0,7.0,3.0,4.0,0.021074242154279547,0.3699421965317919,0.13248242857601883,0.5509641873278237,1.0,2.0,False,2022
1,5,8,10.0,17.0,3.0,6.0,5.0,9.0,11.0,25.0,3.0,6.0,5.0,8.0,0.08412684975246701,0.5014492753623189,0.07532931331307877,0.4479768786127168,1.0,2.0,True,2022
0,7,24,6.0,15.0,3.0,7.0,4.0,4.0,10.0,16.0,3.0,5.0,5.0,5.0,0.1730435326091973,0.449438202247191,0.13316181655919002,0.6287128712871287,3.0,2.0,False,2022
0,4,2,8.0,16.0,2.0,7.0,6.0,8.0,16.0,25.0,7.0,13.0,4.0,5.0,0.15572409561116324,0.6572890025575447,0.06376036324100721,0.5704225352112676,1.0,3.0,False,2022
0,0,22,8.0,20.0,5.0,15.0,5.0,5.0,12.0,18.0,3.0,6.0,8.0,10.0,0.12236910233707703,0.8,0.1210961413484416,0.53954802259887,2.0,3.0,True,2022
1,16,18,9.0,17.0,3.0,6.0,5.0,6.0,9.0,17.0,2.0,5.0,3.0,4.0,0.15275500089630623,0.42441860465116277,0.1256119157260929,0.6122994652406417,2.0,2.0,True,2022
1,25,15,8.0,15.0,2.0,7.0,3.0,4.0,11.0,20.0,4.0,11.0,6.0,7.0,0.10531210874163124,0.6226912928759895,0.08189420213892748,0.41492537313432837,3.0,2.0,True,2022
0,18,16,9.0,17.0,2.0,5.0,3.0,4.0,9.0,17.0,3.0,6.0,5.0,6.0,0.1256119157260929,0.6122994652406417,0.16220400071704497,0.4260869565217391,2.0,2.0,False,2022
1,24,7,10.0,16.0,3.0,5.0,5.0,5.0,6.0,15.0,3.0,7.0,4.0,4.0,0.13316181655919002,0.6287128712871287,0.13843482608735785,0.4481792717086835,2.0,3.0,True,2022
1,20,14,9.0,14.0,3.0,7.0,9.0,11.0,8.0,19.0,5.0,10.0,5.0,6.0,0.10120532069585271,0.5978835978835979,0.07090451425598451,0.4393063583815029,2.0,2.0,True,2022
1,22,0,12.0,18.0,3.0,6.0,8.0,10.0,8.0,20.0,5.0,15.0,5.0,5.0,0.1210961413484416,0.53954802259887,0.13789528186966163,0.8076923076923077,3.0,2.0,False,2022
1,13,21,9.0,17.0,5.0,11.0,7.0,9.0,8.0,15.0,4.0,9.0,3.0,5.0,0.08957005011404695,0.45558739255014324,0.09352523905395334,0.44242424242424244,1.0,3.0,True,2022
0,15,25,11.0,20.0,4.0,11.0,6.0,7.0,8.0,15.0,2.0,7.0,3.0,4.0,0.08189420213892748,0.41492537313432837,0.12424968699330499,0.6236842105263158,2.0,3.0,False,2022
1,3,12,7.0,16.0,5.0,8.0,6.0,6.0,9.0,16.0,5.0,8.0,2.0,4.0,0.142750830246753,0.3942857142857143,0.11482151845387527,0.5409836065573771,2.0,2.0,True,2022
0,12,3,9.0,16.0,5.0,8.0,2.0,4.0,7.0,16.0,5.0,8.0,6.0,6.0,0.11482151845387527,0.5409836065573771,0.1542006641974024,0.396011396011396,2.0,2.0,False,2022
1,2,4,16.0,25.0,7.0,13.0,4.0,5.0,8.0,16.0,2.0,7.0,6.0,8.0,0.06376036324100721,0.5704225352112676,0.1245792764889306,0.6556122448979592,3.0,1.0,True,2022
1,9,1,14.0,22.0,5.0,9.0,8.0,9.0,10.0,16.0,6.0,8.0,7.0,9.0,0.09129783326319314,0.39481268011527376,0.10146410446837459,0.5588235294117647,3.0,2.0,False,2022
0,14,20,8.0,19.0,5.0,10.0,5.0,6.0,9.0,14.0,3.0,7.0,9.0,11.0,0.07090451425598451,0.4393063583815029,0.12096425655668216,0.5989445910290238,2.0,2.0,False,2022
0,1,9,10.0,16.0,6.0,8.0,7.0,9.0,14.0,22.0,5.0,9.0,8.0,9.0,0.10146410446837459,0.5588235294117647,0.07303826661055451,0.3936781609195402,2.0,3.0,True,2022
0,21,13,8.0,15.0,4.0,9.0,3.0,5.0,9.0,17.0,5.0,11.0,7.0,9.0,0.09352523905395334,0.44242424242424244,0.11165604009123756,0.45714285714285713,3.0,1.0,False,2022
1,6,25,12.0,29.0,7.0,14.0,8.0,8.0,12.0,23.0,6.0,14.0,6.0,8.0,0.14486423078871885,0.5056179775280899,0.12424968699330499,0.6236842105263158,2.0,1.0,True,2022
0,7,17,12.0,19.0,4.0,11.0,4.0,5.0,11.0,31.0,5.0,16.0,4.0,5.0,0.13843482608735785,0.4481792717086835,0.03320605182653803,0.5489130434782609,1.0,2.0,True,2022
1,17,7,11.0,31.0,5.0,16.0,4.0,5.0,12.0,19.0,4.0,11.0,4.0,5.0,0.03320605182653803,0.5489130434782609,0.15074786086988629,0.44972067039106145,2.0,1.0,False,2022
0,0,28,8.0,19.0,5.0,14.0,13.0,13.0,10.0,21.0,5.0,10.0,6.0,6.0,0.13789528186966163,0.8076923076923077,0.04305939585917632,0.36227544910179643,1.0,2.0,True,2022
0,25,6,12.0,23.0,6.0,14.0,6.0,8.0,12.0,29.0,7.0,14.0,8.0,8.0,0.12424968699330499,0.6236842105263158,0.15589138463097507,0.5070028011204482,1.0,2.0,False,2022
1,28,0,10.0,21.0,5.0,10.0,6.0,6.0,8.0,19.0,5.0,14.0,13.0,13.0,0.04305939585917632,0.36227544910179643,0.1503162254957293,0.8148148148148148,2.0,1.0,False,2022
1,11,24,10.0,15.0,6.0,7.0,5.0,7.0,10.0,20.0,4.0,6.0,3.0,3.0,0.17950332102399363,0.6195652173913043,0.146529453247352,0.6305418719211823,4.0,2.0,True,2022
1,26,8,10.0,25.0,5.0,8.0,9.0,9.0,11.0,21.0,5.0,10.0,11.0,15.0,0.053487171277512444,0.5028409090909091,0.07532931331307877,0.4479768786127168,3.0,3.0,False,2022
1,5,21,9.0,16.0,3.0,8.0,10.0,10.0,15.0,19.0,5.0,6.0,6.0,6.0,0.1073014798019736,0.5028901734104047,0.07482019124316266,0.44108761329305135,3.0,2.0,False,2022
0,24,11,10.0,20.0,4.0,6.0,3.0,3.0,10.0,15.0,6.0,7.0,5.0,7.0,0.146529453247352,0.6305418719211823,0.1836026568191949,0.6205962059620597,2.0,4.0,False,2022
0,14,15,13.0,24.0,2.0,6.0,4.0,5.0,10.0,16.0,4.0,7.0,8.0,13.0,0.05672361140478761,0.43804034582132567,0.06551536171114199,0.41369047619047616,2.0,2.0,False,2022
1,17,16,7.0,21.0,5.0,11.0,7.0,8.0,8.0,16.0,5.0,8.0,8.0,10.0,0.026564841461230428,0.5474254742547425,0.16220400071704497,0.4260869565217391,1.0,2.0,False,2022
0,16,17,8.0,16.0,5.0,8.0,8.0,10.0,7.0,21.0,5.0,11.0,7.0,8.0,0.16220400071704497,0.4260869565217391,0.02125187316898434,0.5459459459459459,2.0,1.0,True,2022
1,18,12,11.0,18.0,3.0,8.0,6.0,6.0,8.0,16.0,7.0,12.0,5.0,5.0,0.10048953258087431,0.6106666666666667,0.09185721476310021,0.5395095367847411,2.0,2.0,False,2022
0,12,18,8.0,16.0,7.0,12.0,5.0,5.0,11.0,18.0,3.0,8.0,6.0,6.0,0.09185721476310021,0.5395095367847411,0.08039162606469945,0.6090425531914894,2.0,2.0,True,2022
1,15,14,10.0,16.0,4.0,7.0,8.0,13.0,13.0,24.0,2.0,6.0,4.0,5.0,0.06551536171114199,0.41369047619047616,0.04537888912383009,0.4367816091954023,2.0,2.0,True,2022
0,21,5,15.0,19.0,5.0,6.0,6.0,6.0,9.0,16.0,3.0,8.0,10.0,10.0,0.07482019124316266,0.44108761329305135,0.08584118384157888,0.5014409221902018,2.0,3.0,True,2022
0,8,26,11.0,21.0,5.0,10.0,11.0,15.0,10.0,25.0,5.0,8.0,9.0,9.0,0.07532931331307877,0.4479768786127168,0.04278973702200996,0.5014164305949008,3.0,3.0,True,2022
0,22,4,6.0,13.0,3.0,7.0,4.0,4.0,12.0,18.0,4.0,6.0,4.0,4.0,0.09687691307875328,0.5380281690140845,0.1245792764889306,0.6556122448979592,2.0,2.0,False,2022
1,20,23,11.0,16.0,4.0,9.0,4.0,5.0,14.0,21.0,10.0,14.0,5.0,5.0,0.12096425655668216,0.5989445910290238,0.07880054357416505,0.41389728096676737,2.0,3.0,False,2022
0,23,20,14.0,21.0,10.0,14.0,5.0,5.0,11.0,16.0,4.0,9.0,4.0,5.0,0.07880054357416505,0.41389728096676737,0.09677140524534573,0.5973684210526315,3.0,2.0,True,2022
1,13,29,11.0,23.0,4.0,11.0,6.0,6.0,9.0,19.0,5.0,9.0,6.0,8.0,0.11165604009123756,0.45714285714285713,0.13248242857601883,0.5509641873278237,2.0,3.0,False,2022
0,29,13,9.0,19.0,5.0,9.0,6.0,8.0,11.0,23.0,4.0,11.0,6.0,6.0,0.13248242857601883,0.5509641873278237,0.08932483207299005,0.45584045584045585,3.0,2.0,True,2022
1,3,1,7.0,11.0,3.0,6.0,4.0,4.0,7.0,14.0,2.0,6.0,6.0,10.0,0.1542006641974024,0.396011396011396,0.12117128357469968,0.56,2.0,2.0,True,2022
0,1,3,7.0,14.0,2.0,6.0,6.0,10.0,7.0,11.0,3.0,6.0,4.0,4.0,0.12117128357469968,0.56,0.16336053135792192,0.3977272727272727,2.0,2.0,False,2022
0,9,10,11.0,22.0,3.0,8.0,5.0,5.0,7.0,17.0,3.0,7.0,4.0,5.0,0.07303826661055451,0.3936781609195402,0.016859393723423637,0.3688760806916426,2.0,3.0,True,2022
1,4,22,12.0,18.0,4.0,6.0,4.0,4.0,6.0,13.0,3.0,7.0,4.0,4.0,0.1245792764889306,0.6556122448979592,0.07750153046300262,0.5365168539325843,2.0,2.0,True,2022
1,10,9,7.0,17.0,3.0,7.0,4.0,5.0,11.0,22.0,3.0,8.0,5.0,5.0,0.016859393723423637,0.3688760806916426,0.0984306132884436,0.3954154727793696,3.0,2.0,False,2022
0,28,1,8.0,18.0,7.0,10.0,6.0,7.0,8.0,12.0,2.0,7.0,7.0,8.0,0.03444751668734106,0.3611940298507463,0.09693702685975975,0.5585106382978723,2.0,1.0,True,2022
1,7,14,6.0,11.0,4.0,8.0,5.0,6.0,11.0,18.0,2.0,5.0,4.0,4.0,0.15074786086988629,0.44972067039106145,0.04537888912383009,0.4367816091954023,2.0,1.0,True,2022
0,14,7,11.0,18.0,2.0,5.0,4.0,4.0,6.0,11.0,4.0,8.0,5.0,6.0,0.04537888912383009,0.4367816091954023,0.16059828869590903,0.45125348189415043,1.0,2.0,False,2022
1,22,19,12.0,18.0,3.0,10.0,7.0,9.0,9.0,17.0,3.0,8.0,7.0,7.0,0.07750153046300262,0.5365168539325843,0.0060676428178394375,0.37349397590361444,1.0,4.0,True,2022
1,6,18,13.0,24.0,4.0,8.0,6.0,6.0,13.0,21.0,3.0,9.0,9.0,11.0,0.15589138463097507,0.5070028011204482,0.08039162606469945,0.6090425531914894,2.0,1.0,True,2022
0,18,6,13.0,21.0,3.0,9.0,9.0,11.0,13.0,24.0,4.0,8.0,6.0,6.0,0.08039162606469945,0.6090425531914894,0.16471310770478004,0.5083798882681564,1.0,2.0,False,2022
1,1,28,8.0,12.0,2.0,7.0,7.0,8.0,8.0,18.0,7.0,10.0,6.0,7.0,0.09693702685975975,0.5585106382978723,0.06755801334987284,0.3630952380952381,1.0,2.0,False,2022
0,19,22,9.0,17.0,3.0,8.0,7.0,7.0,12.0,18.0,3.0,10.0,7.0,9.0,0.0060676428178394375,0.37349397590361444,0.10200122437040211,0.5378151260504201,4.0,1.0,False,2022
1,11,5,10.0,23.0,4.0,11.0,6.0,8.0,10.0,16.0,4.0,8.0,6.0,6.0,0.1836026568191949,0.6205962059620597,0.08584118384157888,0.5014409221902018,2.0,2.0,False,2022
1,10,12,11.0,23.0,4.0,8.0,5.0,6.0,11.0,20.0,8.0,11.0,3.0,4.0,0.01348751497873891,0.367816091954023,0.11348577181048018,0.5407608695652174,2.0,2.0,False,2022
1,23,29,11.0,20.0,3.0,13.0,4.0,5.0,5.0,13.0,3.0,9.0,7.0,11.0,0.10304043485933204,0.41566265060240964,0.14598594286081507,0.5521978021978022,2.0,2.0,True,2022
0,5,11,10.0,16.0,4.0,8.0,6.0,6.0,10.0,23.0,4.0,11.0,6.0,8.0,0.08584118384157888,0.5014409221902018,0.14688212545535592,0.6189189189189189,2.0,2.0,True,2022
1,15,16,9.0,16.0,4.0,9.0,7.0,8.0,10.0,20.0,4.0,5.0,9.0,9.0,0.09241228936891359,0.41543026706231456,0.16976320057363598,0.4277456647398844,2.0,2.0,False,2022
1,17,21,12.0,19.0,8.0,13.0,13.0,14.0,11.0,17.0,4.0,9.0,4.0,4.0,0.02125187316898434,0.5459459459459459,0.09985615299453013,0.4427710843373494,2.0,2.0,True,2022
0,21,17,11.0,17.0,4.0,9.0,4.0,4.0,12.0,19.0,8.0,13.0,13.0,14.0,0.09985615299453013,0.4427710843373494,0.05700149853518747,0.5471698113207547,2.0,2.0,False,2022
0,12,10,11.0,20.0,8.0,11.0,3.0,4.0,11.0,23.0,4.0,8.0,5.0,6.0,0.11348577181048018,0.5407608695652174,0.010790011982991128,0.3667621776504298,2.0,2.0,True,2022
1,8,4,11.0,17.0,8.0,12.0,7.0,9.0,18.0,36.0,7.0,12.0,3.0,4.0,0.10026345065046302,0.4495677233429395,0.13966342119114447,0.6564885496183206,2.0,2.0,True,2022
0,4,8,18.0,36.0,7.0,12.0,3.0,4.0,11.0,17.0,8.0,12.0,7.0,9.0,0.13966342119114447,0.6564885496183206,0.12021076052037043,0.4511494252873563,2.0,2.0,False,2022
1,2,0,9.0,19.0,4.0,10.0,6.0,6.0,11.0,21.0,5.0,14.0,9.0,9.0,0.09100829059280577,0.5719298245614035,0.1503162254957293,0.8148148148148148,4.0,3.0,False,2022
0,0,2,11.0,21.0,5.0,14.0,9.0,9.0,9.0,19.0,4.0,10.0,6.0,6.0,0.1503162254957293,0.8148148148148148,0.07280663247424461,0.5699300699300699,3.0,4.0,True,2022
1,9,20,12.0,27.0,1.0,6.0,9.0,10.0,8.0,13.0,4.0,9.0,4.0,5.0,0.0984306132884436,0.3954154727793696,0.09677140524534573,0.5973684210526315,2.0,2.0,False,2022
0,20,9,8.0,13.0,4.0,9.0,4.0,5.0,12.0,27.0,1.0,6.0,9.0,10.0,0.09677140524534573,0.5973684210526315,0.07874449063075488,0.3942857142857143,2.0,2.0,True,2022
0,29,23,5.0,13.0,3.0,9.0,7.0,11.0,11.0,20.0,3.0,13.0,4.0,5.0,0.14598594286081507,0.5521978021978022,0.12243234788746563,0.4174174174174174,2.0,2.0,False,2022
0,16,15,10.0,20.0,4.0,5.0,9.0,9.0,9.0,16.0,4.0,9.0,7.0,8.0,0.16976320057363598,0.4277456647398844,0.07392983149513087,0.41420118343195267,2.0,2.0,True,2022
1,11,14,12.0,25.0,4.0,12.0,4.0,6.0,13.0,24.0,3.0,9.0,9.0,10.0,0.14688212545535592,0.6189189189189189,0.03630311129906407,0.4355300859598854,1.0,2.0,False,2022
1,19,1,9.0,19.0,3.0,9.0,2.0,3.0,9.0,19.0,4.0,9.0,3.0,4.0,0.00485411425427155,0.37237237237237236,0.0775496214878078,0.5570291777188329,2.0,2.0,False,2022
1,25,0,9.0,17.0,6.0,10.0,5.0,7.0,9.0,15.0,4.0,8.0,4.0,6.0,0.099399749594644,0.6220472440944882,0.16025298039658345,0.8214285714285714,4.0,1.0,True,2022
0,0,25,9.0,15.0,4.0,8.0,4.0,6.0,9.0,17.0,6.0,10.0,5.0,7.0,0.16025298039658345,0.8214285714285714,0.1195197996757152,0.6230366492146597,1.0,4.0,False,2022
1,26,24,12.0,19.0,4.0,8.0,3.0,5.0,9.0,20.0,7.0,13.0,5.0,7.0,0.04278973702200996,0.5014164305949008,0.11722356259788161,0.6274509803921569,3.0,3.0,True,2022
0,24,26,9.0,20.0,7.0,13.0,5.0,7.0,12.0,19.0,4.0,8.0,3.0,5.0,0.11722356259788161,0.6274509803921569,0.07423178961760797,0.5028248587570622,3.0,3.0,False,2022
0,14,11,13.0,24.0,3.0,9.0,9.0,10.0,12.0,25.0,4.0,12.0,4.0,6.0,0.03630311129906407,0.4355300859598854,0.11750570036428473,0.6172506738544474,2.0,1.0,True,2022
1,6,10,10.0,24.0,3.0,14.0,3.0,4.0,10.0,22.0,3.0,6.0,6.0,6.0,0.16471310770478004,0.5083798882681564,0.010790011982991128,0.3667621776504298,2.0,1.0,False,2022
0,1,19,9.0,19.0,4.0,9.0,3.0,4.0,9.0,19.0,3.0,9.0,2.0,3.0,0.0775496214878078,0.5570291777188329,0.00388329140341724,0.3712574850299401,2.0,2.0,True,2022
0,10,6,10.0,22.0,3.0,6.0,6.0,6.0,10.0,24.0,3.0,14.0,3.0,4.0,0.010790011982991128,0.3667621776504298,0.13177048616382403,0.5069637883008357,1.0,2.0,True,2022
1,2,28,9.0,24.0,5.0,13.0,4.0,5.0,13.0,24.0,5.0,11.0,8.0,10.0,0.07280663247424461,0.5699300699300699,0.06755801334987284,0.3630952380952381,1.0,2.0,True,2022
0,28,2,13.0,24.0,5.0,11.0,8.0,10.0,9.0,24.0,5.0,13.0,4.0,5.0,0.06755801334987284,0.3630952380952381,0.0982453059793957,0.5714285714285714,2.0,1.0,False,2022
0,3,4,10.0,14.0,5.0,9.0,5.0,5.0,11.0,21.0,4.0,9.0,2.0,2.0,0.16336053135792192,0.3977272727272727,0.11173073695291558,0.6548223350253807,3.0,1.0,True,2022
1,4,3,11.0,21.0,4.0,9.0,2.0,2.0,10.0,14.0,5.0,9.0,5.0,5.0,0.11173073695291558,0.6548223350253807,0.17068842508633755,0.39943342776203966,1.0,3.0,False,2022
0,5,15,11.0,17.0,4.0,8.0,4.0,4.0,12.0,19.0,7.0,9.0,5.0,6.0,0.10867294707326311,0.5028735632183908,0.07392983149513087,0.41420118343195267,2.0,2.0,False,2022
1,7,21,9.0,15.0,4.0,10.0,3.0,4.0,10.0,16.0,2.0,9.0,5.0,6.0,0.16059828869590903,0.45125348189415043,0.0798849223956241,0.44144144144144143,3.0,2.0,True,2022
0,21,7,10.0,16.0,2.0,9.0,5.0,6.0,9.0,15.0,4.0,10.0,3.0,4.0,0.0798849223956241,0.44144144144144143,0.16847863095672722,0.4527777777777778,2.0,3.0,False,2022
1,23,13,8.0,16.0,4.0,12.0,11.0,13.0,10.0,19.0,4.0,13.0,9.0,9.0,0.12243234788746563,0.4174174174174174,0.08932483207299005,0.45584045584045585,2.0,4.0,True,2022
0,13,23,10.0,19.0,4.0,13.0,9.0,9.0,8.0,16.0,4.0,12.0,11.0,13.0,0.08932483207299005,0.45584045584045585,0.13794587830997249,0.41916167664670656,4.0,2.0,False,2022
1,15,5,12.0,19.0,7.0,9.0,5.0,6.0,11.0,17.0,4.0,8.0,4.0,4.0,0.07392983149513087,0.41420118343195267,0.0869383576586105,0.501432664756447,2.0,2.0,True,2022
1,19,12,7.0,13.0,3.0,7.0,9.0,10.0,7.0,16.0,4.0,11.0,11.0,16.0,0.00388329140341724,0.3712574850299401,0.13078861744838416,0.5420054200542005,1.0,2.0,True,2022
0,12,19,7.0,16.0,4.0,11.0,11.0,16.0,7.0,13.0,3.0,7.0,9.0,10.0,0.13078861744838416,0.5420054200542005,0.043106633122733794,0.373134328358209,2.0,1.0,False,2022
1,27,29,11.0,24.0,3.0,9.0,16.0,17.0,11.0,21.0,5.0,12.0,8.0,11.0,0.0994781311734538,0.3619631901840491,0.11678875428865206,0.5506849315068493,8.0,2.0,True,2022
0,29,27,11.0,21.0,5.0,12.0,8.0,11.0,11.0,24.0,3.0,9.0,16.0,17.0,0.11678875428865206,0.5506849315068493,0.11958250493876303,0.363914373088685,2.0,8.0,False,2022
0,17,16,10.0,19.0,5.0,9.0,11.0,12.0,12.0,25.0,4.0,10.0,9.0,9.0,0.05700149853518747,0.5471698113207547,0.1758105604589088,0.42939481268011526,2.0,2.0,True,2022
1,16,17,12.0,25.0,4.0,10.0,9.0,9.0,10.0,19.0,5.0,9.0,11.0,12.0,0.1758105604589088,0.42939481268011526,0.08560119882814998,0.5483870967741935,2.0,2.0,False,2022
0,15,0,8.0,18.0,6.0,13.0,6.0,7.0,13.0,27.0,4.0,12.0,2.0,3.0,0.09914386519610471,0.415929203539823,0.12820238431726677,0.7931034482758621,1.0,2.0,False,2022
1,11,21,8.0,20.0,5.0,11.0,15.0,16.0,8.0,20.0,4.0,10.0,3.0,3.0,0.11750570036428473,0.6172506738544474,0.06390793791649928,0.44011976047904194,2.0,1.0,True,2022
0,21,11,8.0,20.0,4.0,10.0,3.0,3.0,8.0,20.0,5.0,11.0,15.0,16.0,0.06390793791649928,0.44011976047904194,0.1340045602914278,0.6182795698924731,1.0,2.0,False,2022
1,16,26,10.0,23.0,5.0,9.0,3.0,5.0,8.0,19.0,3.0,11.0,7.0,8.0,0.14064844836712703,0.4281609195402299,0.07423178961760797,0.5028248587570622,1.0,2.0,False,2022
0,26,16,8.0,19.0,3.0,11.0,7.0,8.0,10.0,23.0,5.0,9.0,3.0,5.0,0.07423178961760797,0.5028248587570622,0.11251875869370162,0.4269340974212034,2.0,1.0,True,2022
0,5,24,10.0,22.0,4.0,6.0,3.0,3.0,8.0,17.0,3.0,9.0,6.0,7.0,0.0869383576586105,0.501432664756447,0.09377885007830529,0.624390243902439,1.0,2.0,True,2022
1,24,5,8.0,17.0,3.0,9.0,6.0,7.0,10.0,22.0,4.0,6.0,3.0,3.0,0.09377885007830529,0.624390243902439,0.10955068612688838,0.5028571428571429,2.0,1.0,False,2022
0,1,27,8.0,14.0,3.0,9.0,6.0,9.0,11.0,18.0,5.0,9.0,7.0,8.0,0.10203969719024623,0.5582010582010583,0.11958250493876303,0.363914373088685,2.0,1.0,False,2022
1,2,18,9.0,22.0,3.0,9.0,9.0,10.0,14.0,27.0,3.0,8.0,12.0,14.0,0.0982453059793957,0.5714285714285714,0.06431330085175956,0.6074270557029178,2.0,4.0,False,2022
0,18,2,14.0,27.0,3.0,8.0,12.0,14.0,9.0,22.0,3.0,9.0,9.0,10.0,0.06431330085175956,0.6074270557029178,0.07859624478351655,0.5694444444444444,4.0,2.0,True,2022
1,0,15,13.0,27.0,4.0,12.0,2.0,3.0,8.0,18.0,6.0,13.0,6.0,7.0,0.12820238431726677,0.7931034482758621,0.07931509215688377,0.4147058823529412,2.0,1.0,True,2022
1,27,1,11.0,18.0,5.0,9.0,7.0,8.0,8.0,14.0,3.0,9.0,6.0,9.0,0.11958250493876303,0.363914373088685,0.08163175775219698,0.5567282321899736,1.0,2.0,True,2022
0,17,8,13.0,24.0,6.0,11.0,7.0,8.0,12.0,22.0,6.0,9.0,5.0,5.0,0.08560119882814998,0.5483870967741935,0.12021076052037043,0.4511494252873563,2.0,4.0,False,2022
1,28,19,9.0,24.0,4.0,11.0,4.0,5.0,7.0,19.0,3.0,13.0,4.0,5.0,0.05404641067989827,0.3620178041543027,0.043106633122733794,0.373134328358209,3.0,2.0,True,2022
0,22,12,5.0,15.0,3.0,8.0,6.0,6.0,10.0,17.0,6.0,12.0,5.0,6.0,0.10200122437040211,0.5378151260504201,0.10463089395870732,0.5405405405405406,5.0,2.0,False,2022
1,8,17,12.0,22.0,6.0,9.0,5.0,5.0,13.0,24.0,6.0,11.0,7.0,8.0,0.12021076052037043,0.4511494252873563,0.06848095906251998,0.546916890080429,4.0,2.0,True,2022
1,12,22,10.0,17.0,6.0,12.0,5.0,6.0,5.0,15.0,3.0,8.0,6.0,6.0,0.10463089395870732,0.5405405405405406,0.0816009794963217,0.5363128491620112,2.0,5.0,True,2022
0,7,29,9.0,17.0,6.0,11.0,5.0,5.0,13.0,20.0,3.0,8.0,6.0,6.0,0.16847863095672722,0.4527777777777778,0.09343100343092164,0.5491803278688525,2.0,2.0,True,2022
1,29,7,13.0,20.0,3.0,8.0,6.0,6.0,9.0,17.0,6.0,11.0,5.0,5.0,0.09343100343092164,0.5491803278688525,0.17478290476538177,0.45429362880886426,2.0,2.0,False,2022
1,13,23,10.0,18.0,3.0,9.0,6.0,8.0,9.0,18.0,6.0,12.0,5.0,5.0,0.07145986565839205,0.45454545454545453,0.13794587830997249,0.41916167664670656,2.0,2.0,True,2022
0,23,13,9.0,18.0,6.0,12.0,5.0,5.0,10.0,18.0,3.0,9.0,6.0,8.0,0.13794587830997249,0.41916167664670656,0.09716789252671362,0.45609065155807366,2.0,2.0,False,2022
0,19,28,7.0,19.0,3.0,13.0,4.0,5.0,9.0,24.0,4.0,11.0,4.0,5.0,0.043106633122733794,0.373134328358209,0.0832371285439186,0.363905325443787,2.0,3.0,False,2022
0,3,2,11.0,22.0,2.0,8.0,5.0,7.0,12.0,22.0,5.0,10.0,5.0,5.0,0.17068842508633755,0.39943342776203966,0.07859624478351655,0.5694444444444444,4.0,2.0,False,2022
0,24,15,8.0,18.0,3.0,7.0,4.0,4.0,7.0,22.0,5.0,18.0,5.0,6.0,0.07502308006264423,0.6213592233009708,0.07931509215688377,0.4147058823529412,2.0,2.0,True,2022
1,26,20,10.0,24.0,4.0,10.0,7.0,7.0,5.0,11.0,2.0,7.0,4.0,6.0,0.09938543169408638,0.504225352112676,0.11741712419627659,0.5984251968503937,2.0,5.0,True,2022
0,20,26,5.0,11.0,2.0,7.0,4.0,6.0,10.0,24.0,4.0,10.0,7.0,7.0,0.11741712419627659,0.5984251968503937,0.11950834535526911,0.5056179775280899,5.0,2.0,False,2022
1,15,24,7.0,22.0,5.0,18.0,5.0,6.0,8.0,18.0,3.0,7.0,4.0,4.0,0.07931509215688377,0.4147058823529412,0.10001846405011539,0.6231884057971014,2.0,2.0,False,2022
0,10,9,10.0,24.0,2.0,11.0,11.0,11.0,11.0,23.0,6.0,10.0,7.0,8.0,0.0486320095863929,0.36857142857142855,0.07874449063075488,0.3942857142857143,4.0,5.0,True,2022
1,2,3,12.0,22.0,5.0,10.0,5.0,5.0,11.0,22.0,2.0,8.0,5.0,7.0,0.07859624478351655,0.5694444444444444,0.13655074006907003,0.3983050847457627,2.0,4.0,True,2022
1,9,10,11.0,23.0,6.0,10.0,7.0,8.0,10.0,24.0,2.0,11.0,11.0,11.0,0.07874449063075488,0.3942857142857143,0.07890560766911434,0.37037037037037035,5.0,4.0,False,2022
0,1,4,6.0,13.0,3.0,8.0,8.0,11.0,10.0,18.0,4.0,12.0,8.0,9.0,0.08163175775219698,0.5567282321899736,0.08938458956233246,0.6531645569620254,2.0,4.0,False,2022
1,4,1,10.0,18.0,4.0,12.0,8.0,9.0,6.0,13.0,3.0,8.0,8.0,11.0,0.08938458956233246,0.6531645569620254,0.0653054062017576,0.5552631578947368,4.0,2.0,True,2022
1,10,8,9.0,16.0,4.0,6.0,8.0,9.0,12.0,23.0,5.0,14.0,7.0,7.0,0.07890560766911434,0.37037037037037035,0.13616860841629636,0.45272206303724927,1.0,2.0,False,2022
1,29,5,15.0,26.0,2.0,7.0,5.0,9.0,11.0,16.0,4.0,8.0,6.0,7.0,0.07474480274473731,0.547683923705722,0.10955068612688838,0.5028571428571429,2.0,3.0,False,2022
1,28,14,14.0,27.0,7.0,14.0,9.0,9.0,7.0,16.0,4.0,8.0,7.0,10.0,0.0832371285439186,0.363905325443787,0.06904248903925125,0.43714285714285717,2.0,5.0,False,2022
0,8,10,12.0,23.0,5.0,14.0,7.0,7.0,9.0,16.0,4.0,6.0,8.0,9.0,0.13616860841629636,0.45272206303724927,0.06312448613529147,0.3693181818181818,2.0,1.0,True,2022
0,9,18,7.0,17.0,2.0,9.0,6.0,7.0,7.0,17.0,2.0,6.0,9.0,10.0,0.0629955925046039,0.39316239316239315,0.09145064068140765,0.6084656084656085,1.0,3.0,True,2022
0,14,28,7.0,16.0,4.0,8.0,7.0,10.0,14.0,27.0,7.0,14.0,9.0,9.0,0.06904248903925125,0.43714285714285717,0.06658970283513488,0.36283185840707965,5.0,2.0,True,2022
0,26,7,10.0,20.0,3.0,9.0,7.0,7.0,12.0,23.0,5.0,7.0,3.0,6.0,0.11950834535526911,0.5056179775280899,0.17478290476538177,0.45429362880886426,1.0,2.0,False,2022
1,7,26,12.0,23.0,5.0,7.0,3.0,6.0,10.0,20.0,3.0,9.0,7.0,7.0,0.17478290476538177,0.45429362880886426,0.09560667628421529,0.5042016806722689,2.0,1.0,True,2022
0,23,11,13.0,25.0,7.0,16.0,3.0,4.0,10.0,20.0,4.0,11.0,4.0,9.0,0.11035670264797799,0.417910447761194,0.1340045602914278,0.6182795698924731,2.0,3.0,False,2022
1,11,23,10.0,20.0,4.0,11.0,4.0,9.0,13.0,25.0,7.0,16.0,3.0,4.0,0.1340045602914278,0.6182795698924731,0.0882853621183824,0.4166666666666667,3.0,2.0,True,2022
1,18,9,7.0,17.0,2.0,6.0,9.0,10.0,7.0,17.0,2.0,9.0,6.0,7.0,0.09145064068140765,0.6084656084656085,0.09039647400368314,0.39488636363636365,3.0,1.0,False,2022
0,4,13,8.0,15.0,3.0,7.0,8.0,8.0,7.0,16.0,3.0,10.0,4.0,4.0,0.11150767164986597,0.6540404040404041,0.09716789252671362,0.45609065155807366,1.0,2.0,True,2022
0,5,29,11.0,16.0,4.0,8.0,6.0,7.0,15.0,26.0,2.0,7.0,5.0,9.0,0.10955068612688838,0.5028571428571429,0.05979584219578985,0.5461956521739131,3.0,2.0,True,2022
1,22,1,14.0,18.0,3.0,11.0,6.0,8.0,7.0,14.0,6.0,9.0,9.0,11.0,0.0816009794963217,0.5363128491620112,0.0653054062017576,0.5552631578947368,2.0,1.0,True,2022
0,19,12,7.0,15.0,5.0,10.0,11.0,11.0,11.0,21.0,5.0,11.0,4.0,5.0,0.034485306498187034,0.37202380952380953,0.12370471516696586,0.5417789757412399,2.0,2.0,False,2022
1,13,4,7.0,16.0,3.0,10.0,4.0,4.0,8.0,15.0,3.0,7.0,8.0,8.0,0.09716789252671362,0.45609065155807366,0.12920613731989278,0.654911838790932,2.0,1.0,False,2022
0,21,20,7.0,15.0,5.0,11.0,5.0,5.0,13.0,34.0,3.0,10.0,4.0,4.0,0.05112635033319942,0.4388059701492537,0.09393369935702127,0.5968586387434555,3.0,1.0,True,2022
1,12,19,11.0,21.0,5.0,11.0,4.0,5.0,7.0,15.0,5.0,10.0,11.0,11.0,0.12370471516696586,0.5417789757412399,0.027588245198549625,0.37091988130563797,2.0,2.0,True,2022
0,16,0,8.0,15.0,3.0,7.0,9.0,10.0,13.0,22.0,8.0,14.0,12.0,12.0,0.11251875869370162,0.4269340974212034,0.14256190745381342,0.8,3.0,3.0,False,2022
1,0,16,13.0,22.0,8.0,14.0,12.0,12.0,8.0,15.0,3.0,7.0,9.0,10.0,0.14256190745381342,0.8,0.0900150069549613,0.4257142857142857,3.0,3.0,True,2022
0,1,22,7.0,14.0,6.0,9.0,9.0,11.0,14.0,18.0,3.0,11.0,6.0,8.0,0.0653054062017576,0.5552631578947368,0.10528078359705735,0.5376044568245125,1.0,2.0,False,2022
1,20,21,13.0,34.0,3.0,10.0,4.0,4.0,7.0,15.0,5.0,11.0,5.0,5.0,0.09393369935702127,0.5968586387434555,0.08090108026655954,0.44047619047619047,1.0,3.0,False,2022
1,29,6,14.0,25.0,3.0,9.0,8.0,9.0,11.0,25.0,8.0,13.0,13.0,17.0,0.05979584219578985,0.5461956521739131,0.13177048616382403,0.5069637883008357,2.0,7.0,False,2022
1,4,2,13.0,23.0,4.0,9.0,10.0,15.0,8.0,20.0,4.0,10.0,7.0,8.0,0.12920613731989278,0.654911838790932,0.10287699582681324,0.5709342560553633,2.0,3.0,True,2022
1,11,13,11.0,26.0,4.0,8.0,10.0,11.0,10.0,25.0,3.0,5.0,11.0,13.0,0.14720364823314225,0.6193029490616622,0.0777343140213709,0.4548022598870056,2.0,2.0,True,2022
1,7,0,8.0,19.0,3.0,8.0,5.0,5.0,10.0,27.0,5.0,16.0,8.0,9.0,0.1798263238123054,0.4558011049723757,0.15404952596305072,0.8064516129032258,2.0,2.0,False,2022
0,13,11,10.0,25.0,3.0,5.0,11.0,13.0,11.0,26.0,4.0,8.0,10.0,11.0,0.0777343140213709,0.4548022598870056,0.15776291858651378,0.6203208556149733,2.0,2.0,False,2022
0,2,4,8.0,20.0,4.0,10.0,7.0,8.0,13.0,23.0,4.0,9.0,10.0,15.0,0.10287699582681324,0.5709342560553633,0.1433649098559142,0.6557788944723618,3.0,2.0,False,2022
0,6,29,11.0,25.0,8.0,13.0,13.0,17.0,14.0,25.0,3.0,9.0,8.0,9.0,0.13177048616382403,0.5069637883008357,0.04783667375663188,0.5447154471544715,7.0,2.0,True,2022
1,28,9,9.0,15.0,6.0,12.0,2.0,4.0,8.0,18.0,4.0,8.0,3.0,6.0,0.06658970283513488,0.36283185840707965,0.09039647400368314,0.39488636363636365,2.0,2.0,True,2022
0,0,7,10.0,27.0,5.0,16.0,8.0,9.0,8.0,19.0,3.0,8.0,5.0,5.0,0.15404952596305072,0.8064516129032258,0.1438610590498443,0.45454545454545453,2.0,2.0,True,2022
0,9,28,8.0,18.0,4.0,8.0,3.0,6.0,9.0,15.0,6.0,12.0,2.0,4.0,0.09039647400368314,0.39488636363636365,0.0932717622681079,0.36470588235294116,2.0,2.0,False,2022
0,18,14,12.0,17.0,3.0,8.0,10.0,11.0,6.0,13.0,4.0,9.0,7.0,8.0,0.07316051254512612,0.6068601583113457,0.095233991231401,0.43874643874643876,3.0,3.0,True,2022
1,27,22,12.0,20.0,5.0,9.0,5.0,7.0,9.0,22.0,3.0,10.0,6.0,7.0,0.13566600395101042,0.36585365853658536,0.10528078359705735,0.5376044568245125,6.0,3.0,True,2022
0,16,15,11.0,19.0,4.0,8.0,10.0,13.0,6.0,12.0,3.0,5.0,6.0,6.0,0.0900150069549613,0.4257142857142857,0.06345207372550701,0.41348973607038125,3.0,4.0,True,2022
0,19,5,13.0,19.0,2.0,6.0,12.0,14.0,10.0,12.0,4.0,5.0,5.0,7.0,0.027588245198549625,0.37091988130563797,0.12764054890151072,0.5042735042735043,3.0,3.0,False,2022
1,5,19,10.0,12.0,4.0,5.0,5.0,7.0,13.0,19.0,2.0,6.0,12.0,14.0,0.12764054890151072,0.5042735042735043,0.0220705961588397,0.3698224852071006,3.0,3.0,True,2022
1,14,18,6.0,13.0,4.0,9.0,7.0,8.0,12.0,17.0,3.0,8.0,10.0,11.0,0.095233991231401,0.43874643874643876,0.0985284100361009,0.6078947368421053,3.0,3.0,False,2022
1,26,8,11.0,20.0,3.0,7.0,8.0,13.0,10.0,17.0,3.0,8.0,6.0,9.0,0.09560667628421529,0.5042016806722689,0.14893488673303706,0.4542857142857143,3.0,3.0,True,2022
0,8,26,10.0,17.0,3.0,8.0,6.0,9.0,11.0,20.0,3.0,7.0,8.0,13.0,0.14893488673303706,0.4542857142857143,0.11648534102737222,0.505586592178771,3.0,3.0,False,2022
0,10,12,7.0,14.0,3.0,7.0,4.0,5.0,8.0,15.0,3.0,9.0,7.0,9.0,0.06312448613529147,0.3693181818181818,0.1389637721335727,0.543010752688172,3.0,3.0,False,2022
0,20,24,9.0,24.0,4.0,9.0,7.0,7.0,8.0,17.0,2.0,8.0,4.0,5.0,0.07514695948561702,0.5953002610966057,0.10001846405011539,0.6231884057971014,3.0,4.0,True,2022
1,3,25,9.0,17.0,6.0,9.0,2.0,3.0,11.0,20.0,2.0,10.0,7.0,9.0,0.13655074006907003,0.3983050847457627,0.1195197996757152,0.6230366492146597,4.0,8.0,True,2022
0,25,3,11.0,20.0,2.0,10.0,7.0,9.0,9.0,17.0,6.0,9.0,2.0,3.0,0.1195197996757152,0.6230366492146597,0.14924059205525603,0.4,8.0,4.0,False,2022
0,22,27,9.0,22.0,3.0,10.0,6.0,7.0,12.0,20.0,5.0,9.0,5.0,7.0,0.10528078359705735,0.5376044568245125,0.14853280316080836,0.3677811550151976,3.0,6.0,False,2022
1,12,10,8.0,15.0,3.0,9.0,7.0,9.0,7.0,14.0,3.0,7.0,4.0,5.0,0.1389637721335727,0.543010752688172,0.050499588908233174,0.36827195467422097,3.0,3.0,True,2022
1,24,20,8.0,17.0,2.0,8.0,4.0,5.0,9.0,24.0,4.0,9.0,7.0,7.0,0.10001846405011539,0.6231884057971014,0.10011756758849362,0.5963541666666666,4.0,3.0,False,2022
1,15,16,6.0,12.0,3.0,5.0,6.0,6.0,11.0,19.0,4.0,8.0,10.0,13.0,0.06345207372550701,0.41348973607038125,0.11201200556396904,0.42735042735042733,4.0,3.0,False,2022
0,27,9,14.0,22.0,5.0,8.0,5.0,8.0,11.0,23.0,8.0,13.0,12.0,12.0,0.14853280316080836,0.3677811550151976,0.07231717920294652,0.3937677053824363,1.0,2.0,True,2022
0,16,7,14.0,25.0,6.0,11.0,5.0,7.0,10.0,20.0,4.0,10.0,7.0,9.0,0.11201200556396904,0.42735042735042733,0.1438610590498443,0.45454545454545453,1.0,2.0,True,2022
0,11,5,9.0,21.0,4.0,7.0,6.0,7.0,8.0,16.0,3.0,6.0,2.0,3.0,0.15776291858651378,0.6203208556149733,0.14211243912120858,0.5056818181818182,2.0,1.0,True,2022
1,5,11,8.0,16.0,3.0,6.0,2.0,3.0,9.0,21.0,4.0,7.0,6.0,7.0,0.14211243912120858,0.5056818181818182,0.16621033486921105,0.6213333333333333,1.0,2.0,False,2022
1,17,13,7.0,15.0,3.0,8.0,13.0,14.0,12.0,21.0,3.0,7.0,7.0,9.0,0.06848095906251998,0.546916890080429,0.06218745121709672,0.4535211267605634,6.0,2.0,False,2022
0,13,17,12.0,21.0,3.0,7.0,7.0,9.0,7.0,15.0,3.0,8.0,13.0,14.0,0.06218745121709672,0.4535211267605634,0.054784767250015985,0.5454545454545454,2.0,6.0,True,2022
1,7,16,10.0,20.0,4.0,10.0,7.0,9.0,14.0,25.0,6.0,11.0,5.0,7.0,0.1438610590498443,0.45454545454545453,0.12960960445117525,0.4289772727272727,2.0,1.0,False,2022
1,23,2,10.0,18.0,6.0,10.0,3.0,6.0,8.0,24.0,5.0,14.0,8.0,13.0,0.0882853621183824,0.4166666666666667,0.0823015966614506,0.5689655172413793,4.0,2.0,True,2022
1,24,6,6.0,14.0,4.0,7.0,8.0,8.0,15.0,25.0,6.0,13.0,5.0,6.0,0.0800147712400923,0.6201923076923077,0.1454163889310592,0.5083333333333333,1.0,2.0,False,2022
1,21,1,10.0,17.0,7.0,12.0,5.0,6.0,6.0,15.0,4.0,14.0,5.0,6.0,0.08090108026655954,0.44047619047619047,0.052244324961406075,0.5538057742782152,4.0,4.0,True,2022
0,1,21,6.0,15.0,4.0,14.0,5.0,6.0,10.0,17.0,7.0,12.0,5.0,6.0,0.052244324961406075,0.5538057742782152,0.10472086421324764,0.4421364985163205,4.0,4.0,False,2022
0,2,23,8.0,24.0,5.0,14.0,8.0,13.0,10.0,18.0,6.0,10.0,3.0,6.0,0.0823015966614506,0.5689655172413793,0.11062828969470591,0.41839762611275966,2.0,4.0,False,2022
0,6,24,15.0,25.0,6.0,13.0,5.0,6.0,6.0,14.0,4.0,7.0,8.0,8.0,0.1454163889310592,0.5083333333333333,0.06401181699207384,0.6172248803827751,2.0,1.0,True,2022
1,9,27,11.0,23.0,8.0,13.0,12.0,12.0,14.0,22.0,5.0,8.0,5.0,8.0,0.07231717920294652,0.3937677053824363,0.1588262425286467,0.3696969696969697,2.0,1.0,False,2022
0,4,10,10.0,19.0,5.0,5.0,7.0,10.0,12.0,20.0,4.0,8.0,10.0,10.0,0.1433649098559142,0.6557788944723618,0.050499588908233174,0.36827195467422097,3.0,2.0,True,2022
1,12,14,9.0,19.0,8.0,16.0,9.0,10.0,8.0,19.0,5.0,10.0,4.0,5.0,0.15117101770685815,0.5442359249329759,0.0761871929851208,0.4375,2.0,2.0,True,2022
1,15,26,9.0,17.0,5.0,9.0,5.0,7.0,9.0,24.0,2.0,7.0,14.0,17.0,0.05076165898040561,0.41228070175438597,0.11648534102737222,0.505586592178771,2.0,2.0,True,2022
1,25,18,11.0,24.0,5.0,13.0,6.0,6.0,11.0,16.0,5.0,8.0,13.0,14.0,0.09561583974057217,0.6214099216710183,0.0985284100361009,0.6078947368421053,2.0,2.0,False,2022
0,26,15,9.0,24.0,2.0,7.0,14.0,17.0,9.0,17.0,5.0,9.0,5.0,7.0,0.11648534102737222,0.505586592178771,0.08060932718432448,0.4139941690962099,2.0,2.0,False,2022
1,10,4,12.0,20.0,4.0,8.0,10.0,10.0,10.0,19.0,5.0,5.0,7.0,10.0,0.050499588908233174,0.36827195467422097,0.15469192788473135,0.656641604010025,2.0,3.0,False,2022
1,8,3,10.0,18.0,5.0,10.0,7.0,9.0,10.0,25.0,7.0,12.0,4.0,4.0,0.11914790938642965,0.452991452991453,0.14924059205525603,0.4,2.0,2.0,True,2022
0,18,25,11.0,16.0,5.0,8.0,13.0,14.0,11.0,24.0,5.0,13.0,6.0,6.0,0.0985284100361009,0.6078947368421053,0.07649267179245774,0.6197916666666666,2.0,2.0,True,2022
0,20,0,8.0,19.0,4.0,7.0,6.0,8.0,8.0,20.0,5.0,14.0,6.0,10.0,0.10011756758849362,0.5963541666666666,0.16323962077044057,0.8125,2.0,3.0,True,2022
0,28,23,7.0,20.0,3.0,9.0,2.0,4.0,8.0,23.0,4.0,16.0,3.0,6.0,0.0932717622681079,0.36470588235294116,0.11062828969470591,0.41839762611275966,3.0,1.0,True,2022
0,14,12,8.0,19.0,5.0,10.0,4.0,5.0,9.0,19.0,8.0,16.0,9.0,10.0,0.0761871929851208,0.4375,0.1609368141654865,0.5454545454545454,2.0,2.0,False,2022
1,1,29,8.0,17.0,5.0,9.0,4.0,6.0,11.0,19.0,4.0,8.0,8.0,9.0,0.04179545996912486,0.5523560209424084,0.04783667375663188,0.5447154471544715,1.0,3.0,False,2022
0,29,1,11.0,19.0,4.0,8.0,8.0,9.0,8.0,17.0,5.0,9.0,4.0,6.0,0.04783667375663188,0.5447154471544715,0.033436367975299884,0.5509138381201044,3.0,1.0,True,2022
1,0,20,8.0,20.0,5.0,14.0,6.0,10.0,8.0,19.0,4.0,7.0,6.0,8.0,0.16323962077044057,0.8125,0.1200940540707949,0.5974025974025974,3.0,2.0,False,2022
0,3,8,10.0,25.0,7.0,12.0,4.0,4.0,10.0,18.0,5.0,10.0,7.0,9.0,0.14924059205525603,0.4,0.13531832750914372,0.45454545454545453,2.0,2.0,False,2022
1,23,28,8.0,23.0,4.0,16.0,3.0,6.0,7.0,20.0,3.0,9.0,2.0,4.0,0.11062828969470591,0.41839762611275966,0.11461740981448632,0.36656891495601174,1.0,3.0,False,2022
0,21,22,13.0,23.0,5.0,9.0,4.0,7.0,8.0,23.0,4.0,12.0,8.0,14.0,0.10472086421324764,0.4421364985163205,0.08422462687764588,0.5361111111111111,2.0,3.0,True,2022
0,26,7,10.0,22.0,2.0,7.0,5.0,6.0,12.0,24.0,6.0,12.0,8.0,12.0,0.09318827282189777,0.5041782729805014,0.11508884723987545,0.4532967032967033,1.0,2.0,False,2022
0,11,17,8.0,16.0,3.0,7.0,6.0,12.0,11.0,23.0,5.0,14.0,7.0,10.0,0.16621033486921105,0.6213333333333333,0.054784767250015985,0.5454545454545454,2.0,2.0,True,2022
1,16,29,13.0,27.0,6.0,10.0,9.0,12.0,13.0,25.0,8.0,14.0,3.0,4.0,0.12960960445117525,0.4289772727272727,0.0782693390053055,0.5459459459459459,2.0,1.0,True,2022
1,15,13,7.0,13.0,3.0,5.0,4.0,4.0,11.0,19.0,3.0,6.0,7.0,8.0,0.08060932718432448,0.4139941690962099,0.08974996097367738,0.4550561797752809,1.0,2.0,True,2022
1,17,11,11.0,23.0,5.0,14.0,7.0,10.0,8.0,16.0,3.0,7.0,6.0,12.0,0.054784767250015985,0.5454545454545454,0.17296826789536884,0.6223404255319149,2.0,2.0,False,2022
1,7,26,12.0,24.0,6.0,12.0,8.0,12.0,10.0,22.0,2.0,7.0,5.0,6.0,0.11508884723987545,0.4532967032967033,0.07455061825751821,0.5027777777777778,2.0,1.0,True,2022
0,13,15,11.0,19.0,3.0,6.0,7.0,8.0,7.0,13.0,3.0,5.0,4.0,4.0,0.08974996097367738,0.4550561797752809,0.1044874617474596,0.41569767441860467,2.0,1.0,False,2022
1,19,28,13.0,19.0,6.0,13.0,8.0,8.0,12.0,17.0,5.0,8.0,8.0,8.0,0.0220705961588397,0.3698224852071006,0.11461740981448632,0.36656891495601174,3.0,1.0,False,2022
0,28,19,12.0,17.0,5.0,8.0,8.0,8.0,13.0,19.0,6.0,13.0,8.0,8.0,0.11461740981448632,0.36656891495601174,0.01765647692707176,0.3687315634218289,1.0,3.0,True,2022
1,22,21,8.0,23.0,4.0,12.0,8.0,14.0,13.0,23.0,5.0,9.0,4.0,7.0,0.08422462687764588,0.5361111111111111,0.12377669137059813,0.4437869822485207,3.0,2.0,False,2022
1,27,9,10.0,18.0,5.0,9.0,6.0,8.0,10.0,23.0,3.0,7.0,4.0,4.0,0.1588262425286467,0.3696969696969697,0.05785374336235721,0.3926553672316384,2.0,2.0,True,2022
0,9,27,10.0,23.0,3.0,7.0,4.0,4.0,10.0,18.0,5.0,9.0,6.0,8.0,0.05785374336235721,0.3926553672316384,0.16706099402291735,0.3716012084592145,2.0,2.0,False,2022
1,2,24,13.0,36.0,2.0,13.0,3.0,5.0,9.0,21.0,5.0,10.0,5.0,6.0,0.06584127732916048,0.5670103092783505,0.06401181699207384,0.6172248803827751,2.0,2.0,False,2022
0,24,2,9.0,21.0,5.0,10.0,5.0,6.0,13.0,36.0,2.0,13.0,3.0,5.0,0.06401181699207384,0.6172248803827751,0.05267302186332838,0.565068493150685,2.0,2.0,True,2022
0,29,16,13.0,25.0,8.0,14.0,3.0,4.0,13.0,27.0,6.0,10.0,9.0,12.0,0.0782693390053055,0.5459459459459459,0.1436876835609402,0.43059490084985835,1.0,2.0,False,2022
0,3,14,10.0,20.0,4.0,10.0,6.0,8.0,13.0,23.0,4.0,6.0,3.0,5.0,0.11939247364420483,0.398876404494382,0.06094975438809665,0.43626062322946174,2.0,2.0,False,2022
1,14,3,13.0,23.0,4.0,6.0,3.0,5.0,10.0,20.0,4.0,10.0,6.0,8.0,0.06094975438809665,0.43626062322946174,0.09551397891536387,0.39775910364145656,2.0,2.0,True,2022
1,10,4,7.0,15.0,3.0,8.0,8.0,10.0,13.0,22.0,3.0,7.0,7.0,7.0,0.04039967112658654,0.3672316384180791,0.15469192788473135,0.656641604010025,2.0,2.0,False,2022
0,18,6,11.0,23.0,5.0,8.0,9.0,12.0,13.0,24.0,3.0,8.0,14.0,18.0,0.11882272802888072,0.6089238845144357,0.15633311114484738,0.5096952908587258,2.0,3.0,True,2022
0,4,10,13.0,22.0,3.0,7.0,7.0,7.0,7.0,15.0,3.0,8.0,8.0,10.0,0.15469192788473135,0.656641604010025,0.03231973690126923,0.36619718309859156,2.0,2.0,True,2022
1,6,18,13.0,24.0,3.0,8.0,14.0,18.0,11.0,23.0,5.0,8.0,9.0,12.0,0.15633311114484738,0.5096952908587258,0.13505818242310458,0.6099476439790575,3.0,2.0,False,2022
1,26,28,9.0,24.0,3.0,9.0,3.0,4.0,10.0,20.0,2.0,8.0,5.0,9.0,0.07455061825751821,0.5027777777777778,0.13169392785158904,0.3684210526315789,2.0,2.0,True,2022
1,1,12,9.0,15.0,3.0,8.0,4.0,4.0,12.0,21.0,4.0,9.0,11.0,11.0,0.033436367975299884,0.5509138381201044,0.1609368141654865,0.5454545454545454,3.0,3.0,False,2022
1,11,23,12.0,21.0,6.0,11.0,9.0,10.0,9.0,21.0,6.0,14.0,4.0,5.0,0.17296826789536884,0.6223404255319149,0.08850263175576473,0.4171597633136095,2.0,3.0,True,2022
1,16,5,12.0,20.0,3.0,7.0,3.0,5.0,7.0,12.0,3.0,8.0,5.0,6.0,0.1436876835609402,0.43059490084985835,0.11368995129696687,0.5042492917847026,2.0,4.0,True,2022
0,23,11,9.0,21.0,6.0,14.0,4.0,5.0,12.0,21.0,6.0,11.0,9.0,10.0,0.08850263175576473,0.4171597633136095,0.17837461431629506,0.623342175066313,3.0,2.0,False,2022
1,25,24,10.0,27.0,4.0,13.0,7.0,9.0,7.0,16.0,5.0,8.0,5.0,5.0,0.07649267179245774,0.6197916666666666,0.09120945359365909,0.6190476190476191,3.0,2.0,True,2022
0,24,25,7.0,16.0,5.0,8.0,5.0,5.0,10.0,27.0,4.0,13.0,7.0,9.0,0.09120945359365909,0.6190476190476191,0.10119413743396619,0.6207792207792208,2.0,3.0,False,2022
1,15,13,7.0,14.0,4.0,5.0,3.0,4.0,11.0,19.0,3.0,5.0,6.0,7.0,0.1044874617474596,0.41569767441860467,0.0717999687789419,0.453781512605042,2.0,2.0,False,2022
0,13,15,11.0,19.0,3.0,5.0,6.0,7.0,7.0,14.0,4.0,5.0,3.0,4.0,0.0717999687789419,0.453781512605042,0.08358996939796767,0.4144927536231884,2.0,2.0,True,2022
0,28,26,10.0,20.0,2.0,8.0,5.0,9.0,9.0,24.0,3.0,9.0,3.0,4.0,0.13169392785158904,0.3684210526315789,0.09964049460601458,0.5041551246537396,2.0,2.0,False,2022
0,12,1,12.0,21.0,4.0,9.0,11.0,11.0,9.0,15.0,3.0,8.0,4.0,4.0,0.1609368141654865,0.5454545454545454,0.026749094380239907,0.5494791666666666,3.0,3.0,True,2022
1,29,17,16.0,26.0,5.0,10.0,6.0,9.0,9.0,22.0,6.0,14.0,7.0,9.0,0.0626154712042444,0.5444743935309974,0.043827813800012785,0.544,2.0,2.0,True,2022
0,17,29,9.0,22.0,6.0,14.0,7.0,9.0,16.0,26.0,5.0,10.0,6.0,9.0,0.043827813800012785,0.544,0.09009237696339552,0.5456989247311828,2.0,2.0,False,2022
1,22,27,11.0,22.0,5.0,9.0,7.0,8.0,8.0,24.0,6.0,7.0,11.0,12.0,0.06737970150211671,0.5346260387811634,0.16706099402291735,0.3716012084592145,2.0,2.0,False,2022
0,27,22,8.0,24.0,6.0,7.0,11.0,12.0,11.0,22.0,5.0,9.0,7.0,8.0,0.16706099402291735,0.3716012084592145,0.053903761201693365,0.5331491712707183,2.0,2.0,True,2022
1,3,9,10.0,18.0,7.0,14.0,8.0,10.0,11.0,28.0,5.0,12.0,8.0,10.0,0.09551397891536387,0.39775910364145656,0.04628299468988577,0.39154929577464787,1.0,2.0,False,2022
0,9,3,11.0,28.0,5.0,12.0,8.0,10.0,10.0,18.0,7.0,14.0,8.0,10.0,0.04628299468988577,0.39154929577464787,0.07641118313229109,0.39664804469273746,2.0,1.0,True,2022
1,2,7,10.0,20.0,3.0,9.0,7.0,7.0,8.0,26.0,4.0,9.0,7.0,7.0,0.05267302186332838,0.565068493150685,0.13207107779190036,0.4547945205479452,2.0,2.0,True,2022
0,7,2,8.0,26.0,4.0,9.0,7.0,7.0,10.0,20.0,3.0,9.0,7.0,7.0,0.13207107779190036,0.4547945205479452,0.08213841749066271,0.5665529010238908,2.0,2.0,False,2022
0,5,16,7.0,12.0,3.0,8.0,5.0,6.0,12.0,20.0,3.0,7.0,3.0,5.0,0.11368995129696687,0.5042492917847026,0.15495014684875213,0.4322033898305085,4.0,2.0,False,2022
0,24,6,8.0,15.0,4.0,9.0,7.0,9.0,11.0,24.0,5.0,11.0,13.0,15.0,0.07296756287492727,0.6161137440758294,0.1250664889158779,0.5082872928176796,1.0,2.0,True,2022
1,4,8,12.0,18.0,5.0,12.0,9.0,12.0,9.0,16.0,4.0,13.0,5.0,9.0,0.1637535423077851,0.6575,0.13531832750914372,0.45454545454545453,2.0,4.0,True,2022
1,14,27,12.0,20.0,3.0,10.0,11.0,13.0,11.0,22.0,7.0,12.0,7.0,10.0,0.08875980351047733,0.4378531073446328,0.17364879521833387,0.37349397590361444,2.0,1.0,False,2022
0,27,14,11.0,22.0,7.0,12.0,7.0,10.0,12.0,20.0,3.0,10.0,11.0,13.0,0.17364879521833387,0.37349397590361444,0.07100784280838186,0.43661971830985913,1.0,2.0,True,2022
1,11,0,9.0,19.0,4.0,10.0,10.0,11.0,9.0,19.0,6.0,12.0,6.0,7.0,0.17837461431629506,0.623342175066313,0.13059169661635245,0.7878787878787878,1.0,4.0,False,2022
0,0,11,9.0,19.0,6.0,12.0,6.0,7.0,9.0,19.0,4.0,10.0,10.0,11.0,0.13059169661635245,0.7878787878787878,0.14269969145303604,0.6216931216931217,4.0,1.0,True,2022
0,20,1,8.0,15.0,3.0,8.0,7.0,9.0,7.0,13.0,5.0,8.0,12.0,14.0,0.1200940540707949,0.5974025974025974,0.026749094380239907,0.5494791666666666,4.0,1.0,True,2022
1,19,5,13.0,32.0,3.0,12.0,8.0,9.0,10.0,22.0,5.0,12.0,8.0,10.0,0.01765647692707176,0.3687315634218289,0.0909519610375735,0.5028248587570622,3.0,1.0,True,2022
0,5,19,10.0,22.0,5.0,12.0,8.0,10.0,13.0,32.0,3.0,12.0,8.0,9.0,0.0909519610375735,0.5028248587570622,0.05412518154165741,0.37058823529411766,1.0,3.0,False,2022
1,6,24,11.0,24.0,5.0,11.0,13.0,15.0,8.0,15.0,4.0,9.0,7.0,9.0,0.1250664889158779,0.5082872928176796,0.09837405029994181,0.6179245283018868,2.0,1.0,False,2022
1,1,20,7.0,13.0,5.0,8.0,12.0,14.0,8.0,15.0,3.0,8.0,7.0,9.0,0.026749094380239907,0.5494791666666666,0.13607524325663592,0.5984455958549223,1.0,4.0,False,2022
0,8,4,9.0,16.0,4.0,13.0,5.0,9.0,12.0,18.0,5.0,12.0,9.0,12.0,0.13531832750914372,0.45454545454545453,0.17100283384622805,0.6583541147132169,4.0,2.0,False,2022
1,29,23,8.0,16.0,4.0,9.0,9.0,12.0,10.0,19.0,4.0,11.0,4.0,6.0,0.09009237696339552,0.5456989247311828,0.07080210540461178,0.415929203539823,2.0,2.0,True,2022
1,3,22,11.0,16.0,3.0,6.0,6.0,8.0,10.0,17.0,6.0,9.0,9.0,10.0,0.07641118313229109,0.39664804469273746,0.053903761201693365,0.5331491712707183,2.0,2.0,True,2022
1,15,12,9.0,18.0,7.0,14.0,14.0,15.0,11.0,23.0,4.0,11.0,3.0,3.0,0.08358996939796767,0.4144927536231884,0.16874945133238922,0.5466666666666666,2.0,2.0,True,2022
1,25,28,11.0,17.0,7.0,13.0,6.0,9.0,7.0,14.0,4.0,10.0,5.0,7.0,0.10119413743396619,0.6207792207792208,0.10535514228127123,0.3673469387755102,2.0,2.0,True,2022
0,28,25,7.0,14.0,4.0,10.0,5.0,7.0,11.0,17.0,7.0,13.0,6.0,9.0,0.10535514228127123,0.3673469387755102,0.12095530994717296,0.6217616580310881,2.0,2.0,False,2022
1,26,13,7.0,16.0,3.0,6.0,4.0,5.0,6.0,14.0,3.0,8.0,3.0,3.0,0.09964049460601458,0.5041551246537396,0.09743997502315352,0.4553072625698324,2.0,2.0,False,2022
0,13,26,6.0,14.0,3.0,8.0,3.0,3.0,7.0,16.0,3.0,6.0,4.0,5.0,0.09743997502315352,0.4553072625698324,0.07971239568481167,0.5027624309392266,2.0,2.0,True,2022
1,2,10,19.0,29.0,5.0,10.0,9.0,9.0,11.0,19.0,4.0,8.0,7.0,7.0,0.08213841749066271,0.5665529010238908,0.03231973690126923,0.36619718309859156,2.0,3.0,True,2022
0,22,3,10.0,17.0,6.0,9.0,9.0,10.0,11.0,16.0,3.0,6.0,6.0,8.0,0.053903761201693365,0.5331491712707183,0.10112894650583289,0.3983286908077994,2.0,2.0,False,2022
1,21,7,6.0,14.0,3.0,7.0,4.0,6.0,9.0,19.0,5.0,9.0,3.0,3.0,0.12377669137059813,0.4437869822485207,0.10565686223352029,0.453551912568306,4.0,2.0,False,2022
0,23,29,10.0,19.0,4.0,11.0,4.0,6.0,8.0,16.0,4.0,9.0,9.0,12.0,0.07080210540461178,0.415929203539823,0.11207390157071642,0.546916890080429,2.0,2.0,False,2022
0,12,15,11.0,23.0,4.0,11.0,3.0,3.0,9.0,18.0,7.0,14.0,14.0,15.0,0.16874945133238922,0.5466666666666666,0.10687197551837416,0.4161849710982659,2.0,2.0,False,2022
0,7,21,9.0,19.0,5.0,9.0,3.0,3.0,6.0,14.0,3.0,7.0,4.0,6.0,0.10565686223352029,0.453551912568306,0.0990213530964785,0.4424778761061947,2.0,4.0,True,2022
0,10,2,11.0,19.0,4.0,8.0,7.0,7.0,19.0,29.0,5.0,10.0,9.0,9.0,0.03231973690126923,0.36619718309859156,0.10571073399253017,0.5680272108843537,3.0,2.0,False,2022
0,23,24,11.0,17.0,5.0,10.0,5.0,5.0,7.0,13.0,2.0,5.0,4.0,4.0,0.05664168432368942,0.4147058823529412,0.09837405029994181,0.6179245283018868,1.0,2.0,True,2022
0,21,14,11.0,22.0,5.0,9.0,3.0,3.0,13.0,26.0,6.0,11.0,10.0,11.0,0.0990213530964785,0.4424778761061947,0.07100784280838186,0.43661971830985913,1.0,2.0,False,2022
1,17,9,13.0,21.0,9.0,16.0,8.0,8.0,17.0,26.0,7.0,12.0,15.0,15.0,0.03506225104001023,0.5425531914893617,0.07702639575190862,0.39325842696629215,3.0,3.0,True,2022
1,4,19,11.0,21.0,4.0,8.0,9.0,13.0,12.0,22.0,8.0,13.0,2.0,4.0,0.17100283384622805,0.6583541147132169,0.05412518154165741,0.37058823529411766,2.0,2.0,False,2022
0,9,17,17.0,26.0,7.0,12.0,15.0,15.0,13.0,21.0,9.0,16.0,8.0,8.0,0.07702639575190862,0.39325842696629215,0.06804980083200818,0.5437665782493368,3.0,3.0,False,2022
1,18,1,12.0,20.0,5.0,8.0,6.0,7.0,6.0,13.0,4.0,8.0,7.0,8.0,0.13505818242310458,0.6099476439790575,0.021399275504191927,0.548051948051948,4.0,2.0,True,2022
0,1,18,6.0,13.0,4.0,8.0,7.0,8.0,12.0,20.0,5.0,8.0,6.0,7.0,0.021399275504191927,0.548051948051948,0.14804654593848365,0.6109660574412533,2.0,4.0,False,2022
1,8,11,9.0,18.0,3.0,10.0,4.0,4.0,11.0,19.0,5.0,11.0,4.0,6.0,0.10825466200731497,0.45325779036827196,0.14269969145303604,0.6216931216931217,2.0,2.0,False,2022
0,19,4,12.0,22.0,8.0,13.0,2.0,4.0,11.0,21.0,4.0,8.0,9.0,13.0,0.05412518154165741,0.37058823529411766,0.13680226707698245,0.6567164179104478,2.0,2.0,True,2022
0,11,8,11.0,19.0,5.0,11.0,4.0,6.0,9.0,18.0,3.0,10.0,4.0,4.0,0.14269969145303604,0.6216931216931217,0.08660372960585197,0.4519774011299435,2.0,2.0,True,2022
0,16,6,14.0,23.0,5.0,11.0,6.0,10.0,8.0,24.0,2.0,8.0,8.0,9.0,0.15495014684875213,0.4322033898305085,0.10005319113270232,0.5068870523415978,3.0,2.0,True,2022
1,0,12,12.0,17.0,5.0,10.0,4.0,5.0,8.0,23.0,4.0,13.0,6.0,7.0,0.14447335729308197,0.7941176470588235,0.13499956106591138,0.5452127659574468,2.0,1.0,True,2022
0,12,0,8.0,23.0,4.0,13.0,6.0,7.0,12.0,17.0,5.0,10.0,4.0,5.0,0.13499956106591138,0.5452127659574468,0.15557868583446557,0.8,1.0,2.0,False,2022
1,13,20,7.0,18.0,4.0,8.0,6.0,8.0,11.0,18.0,2.0,6.0,6.0,6.0,0.1179519800185228,0.4568245125348189,0.13607524325663592,0.5984455958549223,1.0,2.0,True,2022
0,20,13,11.0,18.0,2.0,6.0,6.0,6.0,7.0,18.0,4.0,8.0,6.0,8.0,0.13607524325663592,0.5984455958549223,0.13436158401481824,0.4583333333333333,2.0,1.0,False,2022
1,27,10,11.0,24.0,4.0,9.0,7.0,13.0,8.0,17.0,5.0,10.0,5.0,5.0,0.1789190361746671,0.37537537537537535,0.02585578952101538,0.3651685393258427,2.0,1.0,True,2022
0,10,27,8.0,17.0,5.0,10.0,5.0,5.0,11.0,24.0,4.0,9.0,7.0,13.0,0.02585578952101538,0.3651685393258427,0.18313522893973366,0.3772455089820359,1.0,2.0,False,2022
1,6,16,8.0,24.0,2.0,8.0,8.0,9.0,14.0,23.0,5.0,11.0,6.0,10.0,0.10005319113270232,0.5068870523415978,0.16396011747900172,0.43380281690140843,2.0,3.0,False,2022
1,24,23,7.0,13.0,2.0,5.0,4.0,4.0,11.0,17.0,5.0,10.0,5.0,5.0,0.09837405029994181,0.6179245283018868,0.08531334745895156,0.41642228739002934,2.0,1.0,False,2022
1,14,21,13.0,26.0,6.0,11.0,10.0,11.0,11.0,22.0,5.0,9.0,3.0,3.0,0.07100784280838186,0.43661971830985913,0.0792170824771828,0.4411764705882353,2.0,1.0,True,2022
1,29,15,12.0,26.0,6.0,11.0,5.0,8.0,12.0,21.0,7.0,13.0,5.0,6.0,0.11207390157071642,0.546916890080429,0.10687197551837416,0.4161849710982659,2.0,2.0,True,2022
1,25,5,12.0,23.0,7.0,14.0,6.0,9.0,9.0,13.0,3.0,7.0,5.0,6.0,0.12095530994717296,0.6217616580310881,0.0727615688300588,0.5014084507042254,2.0,3.0,True,2022
0,5,25,9.0,13.0,3.0,7.0,5.0,6.0,12.0,23.0,7.0,14.0,6.0,9.0,0.0727615688300588,0.5014084507042254,0.13676424795773837,0.6227390180878553,3.0,2.0,False,2022
1,28,22,12.0,20.0,2.0,7.0,6.0,8.0,8.0,16.0,4.0,8.0,5.0,12.0,0.08428411382501698,0.36627906976744184,0.043123008961354695,0.5316804407713499,2.0,2.0,True,2022
0,22,28,8.0,16.0,4.0,8.0,5.0,12.0,12.0,20.0,2.0,7.0,6.0,8.0,0.043123008961354695,0.5316804407713499,0.10742729106001359,0.3681159420289855,2.0,2.0,False,2022
1,8,7,10.0,18.0,6.0,12.0,6.0,8.0,12.0,24.0,5.0,9.0,6.0,7.0,0.08660372960585197,0.4519774011299435,0.12452548978681624,0.4550408719346049,1.0,2.0,False,2022
1,3,16,11.0,26.0,4.0,11.0,6.0,6.0,9.0,21.0,3.0,8.0,8.0,9.0,0.10112894650583289,0.3983286908077994,0.16396011747900172,0.43380281690140843,2.0,1.0,False,2022
0,16,3,9.0,21.0,3.0,8.0,8.0,9.0,11.0,26.0,4.0,11.0,6.0,6.0,0.16396011747900172,0.43380281690140843,0.08090315720466631,0.3972222222222222,1.0,2.0,True,2022
0,7,8,12.0,24.0,5.0,9.0,6.0,7.0,10.0,18.0,6.0,12.0,6.0,8.0,0.12452548978681624,0.4550408719346049,0.06928298368468158,0.4507042253521127,2.0,1.0,True,2022
0,15,29,12.0,21.0,7.0,13.0,5.0,6.0,12.0,26.0,6.0,11.0,5.0,8.0,0.10687197551837416,0.4161849710982659,0.12965912125657314,0.5481283422459893,2.0,2.0,False,2022
0,19,21,7.0,13.0,4.0,9.0,3.0,5.0,10.0,16.0,9.0,14.0,4.0,8.0,0.08330014523332593,0.3724340175953079,0.0792170824771828,0.4411764705882353,2.0,2.0,False,2022
0,26,23,6.0,15.0,2.0,6.0,7.0,7.0,8.0,17.0,5.0,10.0,4.0,5.0,0.07971239568481167,0.5027624309392266,0.08531334745895156,0.41642228739002934,3.0,2.0,False,2022
0,1,14,8.0,17.0,3.0,7.0,6.0,6.0,10.0,25.0,5.0,9.0,6.0,8.0,0.01711942040335354,0.5466321243523317,0.09680627424670549,0.43820224719101125,2.0,2.0,True,2022
1,14,1,10.0,25.0,5.0,9.0,6.0,8.0,8.0,17.0,3.0,7.0,6.0,6.0,0.09680627424670549,0.43820224719101125,0.053695536322682834,0.5478036175710594,2.0,2.0,False,2022
0,9,15,10.0,19.0,3.0,7.0,7.0,7.0,12.0,23.0,5.0,7.0,5.0,7.0,0.061621116601526894,0.39215686274509803,0.08549758041469932,0.414985590778098,2.0,1.0,True,2022
1,17,12,9.0,18.0,5.0,10.0,9.0,10.0,9.0,23.0,7.0,13.0,7.0,12.0,0.06804980083200818,0.5437665782493368,0.1079996488527291,0.5437665782493368,2.0,2.0,False,2022
0,12,17,9.0,23.0,7.0,13.0,7.0,12.0,9.0,18.0,5.0,10.0,9.0,10.0,0.1079996488527291,0.5437665782493368,0.054439840665606545,0.5423280423280423,2.0,2.0,True,2022
1,10,18,9.0,21.0,3.0,8.0,6.0,10.0,12.0,22.0,4.0,9.0,7.0,10.0,0.020684631616812305,0.3641456582633053,0.14804654593848365,0.6109660574412533,2.0,2.0,False,2022
0,18,10,12.0,22.0,4.0,9.0,7.0,10.0,9.0,21.0,3.0,8.0,6.0,10.0,0.14804654593848365,0.6109660574412533,0.016547705293449844,0.36312849162011174,2.0,2.0,True,2022
1,23,26,8.0,17.0,5.0,10.0,4.0,5.0,6.0,15.0,2.0,6.0,7.0,7.0,0.08531334745895156,0.41642228739002934,0.06376991654784933,0.5013774104683195,2.0,3.0,True,2022
1,4,25,9.0,16.0,3.0,9.0,6.0,8.0,13.0,23.0,5.0,10.0,6.0,8.0,0.13680226707698245,0.6567164179104478,0.13676424795773837,0.6227390180878553,2.0,1.0,False,2022
1,15,9,12.0,23.0,5.0,7.0,5.0,7.0,10.0,19.0,3.0,7.0,7.0,7.0,0.08549758041469932,0.414985590778098,0.0892968932812215,0.39385474860335196,1.0,2.0,False,2022
1,20,11,10.0,17.0,5.0,9.0,5.0,6.0,12.0,22.0,4.0,9.0,11.0,13.0,0.10886019460530874,0.5968992248062015,0.15415975316242886,0.6226912928759895,2.0,2.0,False,2022
0,11,20,12.0,22.0,4.0,9.0,11.0,13.0,10.0,17.0,5.0,9.0,5.0,6.0,0.15415975316242886,0.6226912928759895,0.08708815568424699,0.595360824742268,2.0,2.0,True,2022
1,13,0,7.0,18.0,4.0,8.0,10.0,12.0,7.0,24.0,2.0,9.0,4.0,4.0,0.13436158401481824,0.4583333333333333,0.15557868583446557,0.8,2.0,2.0,True,2022
0,0,13,7.0,24.0,2.0,9.0,4.0,4.0,7.0,18.0,4.0,8.0,10.0,12.0,0.15557868583446557,0.8,0.14748926721185457,0.4598337950138504,2.0,2.0,False,2022
1,21,19,10.0,16.0,9.0,14.0,4.0,8.0,7.0,13.0,4.0,9.0,3.0,5.0,0.0792170824771828,0.4411764705882353,0.06664011618666074,0.3713450292397661,2.0,2.0,True,2022
1,2,5,12.0,25.0,4.0,8.0,6.0,6.0,11.0,21.0,3.0,7.0,3.0,3.0,0.10571073399253017,0.5680272108843537,0.05820925506404704,0.5,3.0,1.0,False,2022
0,5,2,11.0,21.0,3.0,7.0,3.0,3.0,12.0,25.0,4.0,8.0,6.0,6.0,0.05820925506404704,0.5,0.08456858719402413,0.5661016949152542,1.0,3.0,True,2022
0,6,22,15.0,24.0,2.0,6.0,8.0,10.0,12.0,19.0,4.0,9.0,11.0,13.0,0.08004255290616186,0.5054945054945055,0.034498407169083756,0.5302197802197802,2.0,1.0,True,2022
0,25,4,13.0,23.0,5.0,10.0,6.0,8.0,9.0,16.0,3.0,9.0,6.0,8.0,0.13676424795773837,0.6227390180878553,0.10944181366158597,0.6550868486352357,1.0,2.0,True,2022
1,22,6,12.0,19.0,4.0,9.0,11.0,13.0,15.0,24.0,2.0,6.0,8.0,10.0,0.034498407169083756,0.5302197802197802,0.1040340423249295,0.5068493150684932,1.0,2.0,False,2022
0,2,28,12.0,21.0,6.0,11.0,6.0,6.0,15.0,25.0,10.0,14.0,4.0,6.0,0.08456858719402413,0.5661016949152542,0.10742729106001359,0.3681159420289855,1.0,2.0,False,2022
1,7,24,9.0,22.0,4.0,7.0,2.0,2.0,8.0,17.0,3.0,8.0,7.0,7.0,0.139620391829453,0.45652173913043476,0.07869924023995345,0.6150234741784038,2.0,3.0,True,2022
1,28,2,15.0,25.0,10.0,14.0,4.0,6.0,12.0,21.0,6.0,11.0,6.0,6.0,0.10742729106001359,0.3681159420289855,0.06765486975521931,0.5641891891891891,2.0,1.0,True,2022
0,24,7,8.0,17.0,3.0,8.0,7.0,7.0,9.0,22.0,4.0,7.0,2.0,2.0,0.07869924023995345,0.6150234741784038,0.15169631346356238,0.45799457994579945,3.0,2.0,False,2022
1,16,19,10.0,19.0,2.0,6.0,3.0,6.0,5.0,19.0,2.0,10.0,4.0,4.0,0.17116809398320137,0.4353932584269663,0.06664011618666074,0.3713450292397661,2.0,1.0,True,2022
0,19,16,5.0,19.0,2.0,10.0,4.0,4.0,10.0,19.0,2.0,6.0,3.0,6.0,0.06664011618666074,0.3713450292397661,0.17693447518656108,0.4369747899159664,1.0,2.0,False,2022
1,8,0,12.0,21.0,3.0,9.0,7.0,8.0,7.0,17.0,2.0,9.0,6.0,7.0,0.06928298368468158,0.4507042253521127,0.12446294866757246,0.7777777777777778,2.0,1.0,True,2022
0,0,8,7.0,17.0,2.0,9.0,6.0,7.0,12.0,21.0,3.0,9.0,7.0,8.0,0.12446294866757246,0.7777777777777778,0.09542638694774526,0.45224719101123595,1.0,2.0,False,2022
1,29,9,13.0,24.0,7.0,12.0,6.0,6.0,8.0,21.0,4.0,9.0,8.0,10.0,0.12965912125657314,0.5481283422459893,0.0892968932812215,0.39385474860335196,3.0,2.0,True,2022
0,5,18,10.0,23.0,3.0,7.0,4.0,5.0,10.0,23.0,3.0,8.0,11.0,15.0,0.08656740405123763,0.5014005602240896,0.15843723675078691,0.6119791666666666,2.0,2.0,False,2022
0,11,25,10.0,21.0,7.0,12.0,7.0,10.0,12.0,22.0,4.0,12.0,9.0,9.0,0.16332780252994308,0.6236842105263158,0.1494113983661907,0.6237113402061856,2.0,2.0,False,2022
1,26,23,5.0,12.0,3.0,7.0,5.0,6.0,11.0,16.0,6.0,9.0,5.0,6.0,0.06376991654784933,0.5013774104683195,0.10825067796716123,0.41812865497076024,2.0,2.0,False,2022
1,1,13,8.0,13.0,3.0,8.0,4.0,7.0,7.0,11.0,5.0,10.0,4.0,7.0,0.053695536322682834,0.5478036175710594,0.14748926721185457,0.4598337950138504,2.0,2.0,False,2022
1,18,5,10.0,23.0,3.0,8.0,11.0,15.0,10.0,23.0,3.0,7.0,4.0,5.0,0.15843723675078691,0.6119791666666666,0.0692539232409901,0.5,2.0,2.0,True,2022
0,3,17,10.0,17.0,5.0,8.0,5.0,8.0,6.0,17.0,5.0,8.0,5.0,8.0,0.08090315720466631,0.3972222222222222,0.054439840665606545,0.5423280423280423,3.0,2.0,True,2022
1,17,3,6.0,17.0,5.0,8.0,5.0,8.0,10.0,17.0,5.0,8.0,5.0,8.0,0.054439840665606545,0.5423280423280423,0.10472252576373305,0.3988919667590028,2.0,3.0,False,2022
1,25,11,12.0,22.0,4.0,12.0,9.0,9.0,10.0,21.0,7.0,12.0,7.0,10.0,0.1494113983661907,0.6237113402061856,0.13066224202395446,0.6220472440944882,2.0,2.0,True,2022
0,13,1,7.0,11.0,5.0,10.0,4.0,7.0,8.0,13.0,3.0,8.0,4.0,7.0,0.14748926721185457,0.4598337950138504,0.04295642905814627,0.5463917525773195,2.0,2.0,True,2022
0,15,20,11.0,23.0,4.0,7.0,8.0,10.0,13.0,20.0,3.0,6.0,4.0,8.0,0.06839806433175946,0.41379310344827586,0.08708815568424699,0.595360824742268,2.0,2.0,False,2022
1,27,14,9.0,19.0,6.0,11.0,8.0,8.0,9.0,17.0,2.0,5.0,9.0,9.0,0.18313522893973366,0.3772455089820359,0.0774450193973644,0.4369747899159664,4.0,2.0,True,2022
0,14,27,9.0,17.0,2.0,5.0,9.0,9.0,9.0,19.0,6.0,11.0,8.0,8.0,0.0774450193973644,0.4369747899159664,0.1865081831517869,0.37910447761194027,2.0,4.0,False,2022
1,6,4,10.0,19.0,1.0,6.0,8.0,8.0,11.0,17.0,5.0,9.0,7.0,10.0,0.1040340423249295,0.5068493150684932,0.10944181366158597,0.6550868486352357,2.0,2.0,False,2022
0,4,6,11.0,17.0,5.0,9.0,7.0,10.0,10.0,19.0,1.0,6.0,8.0,8.0,0.10944181366158597,0.6550868486352357,0.0832272338599436,0.505464480874317,2.0,2.0,True,2022
0,9,29,8.0,21.0,4.0,9.0,8.0,10.0,13.0,24.0,7.0,12.0,6.0,6.0,0.0892968932812215,0.39385474860335196,0.1437272970052585,0.5493333333333333,2.0,3.0,False,2022
1,20,15,13.0,20.0,3.0,6.0,4.0,8.0,11.0,23.0,4.0,7.0,8.0,10.0,0.08708815568424699,0.595360824742268,0.05471845146540757,0.41260744985673353,2.0,2.0,True,2022
0,23,26,11.0,16.0,6.0,9.0,5.0,6.0,5.0,12.0,3.0,7.0,5.0,6.0,0.10825067796716123,0.41812865497076024,0.051015933238279465,0.5,2.0,2.0,True,2022
1,24,16,9.0,17.0,4.0,6.0,7.0,7.0,9.0,17.0,5.0,8.0,10.0,10.0,0.06295939219196275,0.6121495327102804,0.17693447518656108,0.4369747899159664,2.0,2.0,False,2022
1,19,10,8.0,17.0,2.0,6.0,6.0,8.0,8.0,18.0,6.0,12.0,6.0,8.0,0.05331209294932859,0.37026239067055394,0.016547705293449844,0.36312849162011174,2.0,3.0,True,2022
1,7,12,8.0,15.0,4.0,10.0,13.0,13.0,12.0,20.0,8.0,16.0,6.0,6.0,0.15169631346356238,0.45799457994579945,0.12639971908218328,0.544973544973545,2.0,3.0,False,2022
0,12,7,12.0,20.0,8.0,16.0,6.0,6.0,8.0,15.0,4.0,10.0,13.0,13.0,0.12639971908218328,0.544973544973545,0.1213570507708499,0.45675675675675675,3.0,2.0,True,2022
1,22,11,18.0,22.0,4.0,7.0,5.0,6.0,13.0,27.0,6.0,12.0,4.0,4.0,0.027598725735267005,0.5287671232876713,0.13066224202395446,0.6220472440944882,3.0,1.0,True,2022
0,16,24,9.0,17.0,5.0,8.0,10.0,10.0,9.0,17.0,4.0,6.0,7.0,7.0,0.17693447518656108,0.4369747899159664,0.0503675137535702,0.6093023255813953,2.0,2.0,True,2022
1,2,28,9.0,15.0,3.0,8.0,7.0,8.0,7.0,21.0,4.0,9.0,3.0,5.0,0.06765486975521931,0.5641891891891891,0.12594183284801086,0.3699421965317919,2.0,2.0,True,2022
1,21,4,11.0,19.0,6.0,11.0,2.0,3.0,11.0,20.0,4.0,8.0,18.0,20.0,0.10337366598174624,0.44281524926686217,0.12755345092926879,0.655940594059406,3.0,1.0,True,2022
0,4,21,11.0,20.0,4.0,8.0,18.0,20.0,11.0,19.0,6.0,11.0,2.0,3.0,0.12755345092926879,0.655940594059406,0.12269893278539698,0.4444444444444444,1.0,3.0,False,2022
0,28,2,7.0,21.0,4.0,9.0,3.0,5.0,9.0,15.0,3.0,8.0,7.0,8.0,0.12594183284801086,0.3699421965317919,0.09412389580417543,0.5656565656565656,2.0,2.0,False,2022
0,10,19,8.0,18.0,6.0,12.0,6.0,8.0,8.0,17.0,2.0,6.0,6.0,8.0,0.016547705293449844,0.36312849162011174,0.08264967435946288,0.37209302325581395,3.0,2.0,False,2022
0,11,22,13.0,27.0,6.0,12.0,4.0,4.0,18.0,22.0,4.0,7.0,5.0,6.0,0.13066224202395446,0.6220472440944882,0.06207898058821361,0.5300546448087432,1.0,3.0,False,2022
0,9,24,8.0,21.0,3.0,8.0,4.0,5.0,8.0,14.0,5.0,8.0,2.0,2.0,0.0714375146249772,0.39275766016713093,0.0503675137535702,0.6093023255813953,2.0,1.0,False,2022
0,8,25,7.0,13.0,3.0,8.0,9.0,10.0,11.0,27.0,8.0,17.0,10.0,10.0,0.09542638694774526,0.45224719101123595,0.15952911869295255,0.6246786632390745,3.0,2.0,False,2022
1,25,8,11.0,27.0,8.0,17.0,10.0,10.0,7.0,13.0,3.0,8.0,9.0,10.0,0.15952911869295255,0.6246786632390745,0.0763411095581962,0.45098039215686275,2.0,3.0,True,2022
0,15,17,7.0,14.0,2.0,8.0,3.0,4.0,10.0,17.0,7.0,11.0,4.0,4.0,0.05471845146540757,0.41260744985673353,0.043551872532485235,0.5408970976253298,2.0,2.0,False,2022
1,29,16,14.0,19.0,4.0,6.0,4.0,4.0,9.0,14.0,5.0,8.0,8.0,12.0,0.1437272970052585,0.5493333333333333,0.18154758014924888,0.43854748603351956,2.0,1.0,False,2022
1,10,14,13.0,20.0,3.0,6.0,4.0,5.0,10.0,22.0,3.0,7.0,4.0,6.0,0.013238164234759875,0.362116991643454,0.06195601551789152,0.43575418994413406,1.0,2.0,False,2022
0,14,10,10.0,22.0,3.0,7.0,4.0,6.0,13.0,20.0,3.0,6.0,4.0,5.0,0.06195601551789152,0.43575418994413406,0.0105905313878079,0.3611111111111111,2.0,1.0,True,2022
1,26,20,5.0,14.0,3.0,9.0,5.0,6.0,8.0,21.0,6.0,9.0,5.0,5.0,0.051015933238279465,0.5,0.10967052454739759,0.596401028277635,2.0,2.0,False,2022
0,20,26,8.0,21.0,6.0,9.0,5.0,5.0,5.0,14.0,3.0,9.0,5.0,6.0,0.10967052454739759,0.596401028277635,0.040812746590623575,0.4986301369863014,2.0,2.0,True,2022
0,16,29,9.0,14.0,5.0,8.0,8.0,12.0,14.0,19.0,4.0,6.0,4.0,4.0,0.18154758014924888,0.43854748603351956,0.1149818376042068,0.5478723404255319,1.0,2.0,True,2022
1,17,15,10.0,17.0,7.0,11.0,4.0,4.0,7.0,14.0,2.0,8.0,3.0,4.0,0.043551872532485235,0.5408970976253298,0.04377476117232605,0.4114285714285714,2.0,2.0,True,2022
1,24,9,8.0,14.0,5.0,8.0,2.0,2.0,8.0,21.0,3.0,8.0,4.0,5.0,0.0503675137535702,0.6093023255813953,0.05715001169998176,0.39166666666666666,1.0,2.0,True,2022
0,27,13,9.0,21.0,3.0,7.0,4.0,4.0,8.0,23.0,6.0,9.0,4.0,4.0,0.1865081831517869,0.37910447761194027,0.15799141376948367,0.4613259668508287,2.0,2.0,False,2022
1,13,27,8.0,23.0,6.0,9.0,4.0,4.0,9.0,21.0,3.0,7.0,4.0,4.0,0.15799141376948367,0.4613259668508287,0.14920654652142953,0.37797619047619047,2.0,2.0,True,2022
0,5,6,9.0,22.0,3.0,8.0,4.0,6.0,11.0,21.0,3.0,12.0,6.0,7.0,0.0692539232409901,0.5,0.0832272338599436,0.505464480874317,2.0,2.0,False,2022
1,0,3,10.0,21.0,4.0,11.0,4.0,4.0,8.0,12.0,3.0,7.0,4.0,4.0,0.09957035893405797,0.7567567567567568,0.10472252576373305,0.3988919667590028,3.0,2.0,True,2022
1,1,23,8.0,16.0,4.0,10.0,4.0,5.0,15.0,25.0,5.0,9.0,6.0,8.0,0.04295642905814627,0.5463917525773195,0.126600542373729,0.4198250728862974,2.0,2.0,False,2022
0,3,0,8.0,12.0,3.0,7.0,4.0,4.0,10.0,21.0,4.0,11.0,4.0,4.0,0.10472252576373305,0.3988919667590028,0.11965628714724637,0.7631578947368421,2.0,3.0,False,2022
1,6,5,11.0,21.0,3.0,12.0,6.0,7.0,9.0,22.0,3.0,8.0,4.0,6.0,0.0832272338599436,0.505464480874317,0.05540313859279208,0.4986072423398329,2.0,2.0,True,2022
0,23,1,15.0,25.0,5.0,9.0,6.0,8.0,8.0,16.0,4.0,10.0,4.0,5.0,0.126600542373729,0.4198250728862974,0.034365143246517016,0.5449871465295629,2.0,2.0,True,2022
1,15,3,8.0,16.0,5.0,8.0,5.0,8.0,8.0,14.0,3.0,8.0,6.0,7.0,0.04377476117232605,0.4114285714285714,0.08377802061098644,0.39779005524861877,1.0,1.0,False,2022
1,17,6,10.0,24.0,5.0,11.0,6.0,8.0,9.0,21.0,4.0,8.0,8.0,8.0,0.07484149802598819,0.5421052631578948,0.10658178708795488,0.5068119891008175,1.0,1.0,True,2022
0,6,17,9.0,21.0,4.0,8.0,8.0,8.0,10.0,24.0,5.0,11.0,6.0,8.0,0.10658178708795488,0.5068119891008175,0.09987319842079054,0.5433070866141733,1.0,1.0,False,2022
0,5,28,11.0,19.0,2.0,7.0,4.0,5.0,12.0,20.0,4.0,7.0,5.0,9.0,0.05540313859279208,0.4986072423398329,0.10075346627840868,0.3688760806916426,1.0,2.0,False,2022
0,3,15,8.0,14.0,3.0,8.0,6.0,7.0,8.0,16.0,5.0,8.0,5.0,8.0,0.08377802061098644,0.39779005524861877,0.035019808937860844,0.41025641025641024,1.0,1.0,True,2022
0,11,19,11.0,25.0,4.0,9.0,6.0,7.0,10.0,17.0,5.0,9.0,4.0,4.0,0.10452979361916356,0.6204188481675392,0.08264967435946288,0.37209302325581395,2.0,2.0,False,2022
1,28,5,12.0,20.0,4.0,7.0,5.0,9.0,11.0,19.0,2.0,7.0,4.0,5.0,0.10075346627840868,0.3688760806916426,0.04432251087423366,0.49722222222222223,2.0,1.0,True,2022
0,22,2,8.0,13.0,3.0,8.0,6.0,6.0,11.0,26.0,3.0,7.0,10.0,11.0,0.06207898058821361,0.5300546448087432,0.09412389580417543,0.5656565656565656,2.0,2.0,False,2022
1,19,11,10.0,17.0,5.0,9.0,4.0,4.0,11.0,25.0,4.0,9.0,6.0,7.0,0.08264967435946288,0.37209302325581395,0.08362383489533085,0.618798955613577,2.0,2.0,True,2022
1,21,4,8.0,19.0,4.0,12.0,7.0,8.0,10.0,19.0,4.0,7.0,5.0,8.0,0.12269893278539698,0.4444444444444444,0.10204276074341503,0.654320987654321,2.0,2.0,True,2022
0,4,21,10.0,19.0,4.0,7.0,5.0,8.0,8.0,19.0,4.0,12.0,7.0,8.0,0.10204276074341503,0.654320987654321,0.1381591462283176,0.446064139941691,2.0,2.0,False,2022
1,2,22,11.0,26.0,3.0,7.0,10.0,11.0,8.0,13.0,3.0,8.0,6.0,6.0,0.09412389580417543,0.5656565656565656,0.04966318447057089,0.5286103542234333,2.0,2.0,True,2022
0,18,1,9.0,17.0,2.0,6.0,13.0,13.0,6.0,12.0,3.0,7.0,4.0,6.0,0.1667497894006295,0.612987012987013,0.034365143246517016,0.5449871465295629,3.0,1.0,True,2022
1,1,18,6.0,12.0,3.0,7.0,4.0,6.0,9.0,17.0,2.0,6.0,13.0,13.0,0.034365143246517016,0.5449871465295629,0.17339983152050362,0.6139896373056994,1.0,3.0,False,2022
1,24,20,6.0,15.0,3.0,7.0,3.0,3.0,11.0,16.0,1.0,6.0,7.0,7.0,0.08029401100285616,0.6111111111111112,0.12773641963791807,0.5974358974358974,2.0,2.0,True,2022
1,14,26,12.0,17.0,3.0,7.0,7.0,7.0,13.0,22.0,2.0,7.0,5.0,6.0,0.08956481241431322,0.4373259052924791,0.040812746590623575,0.4986301369863014,2.0,2.0,True,2022
1,8,23,11.0,19.0,6.0,7.0,7.0,9.0,10.0,21.0,6.0,12.0,7.0,11.0,0.0763411095581962,0.45098039215686275,0.1412804338989832,0.42151162790697677,2.0,2.0,True,2022
0,26,14,13.0,22.0,2.0,7.0,5.0,6.0,12.0,17.0,3.0,7.0,7.0,7.0,0.040812746590623575,0.4986301369863014,0.11165184993145058,0.4388888888888889,2.0,2.0,False,2022
1,25,7,10.0,23.0,4.0,13.0,5.0,8.0,7.0,14.0,5.0,11.0,6.0,8.0,0.16762329495436207,0.6256410256410256,0.1213570507708499,0.45675675675675675,2.0,3.0,False,2022
0,7,25,7.0,14.0,5.0,11.0,6.0,8.0,10.0,23.0,4.0,13.0,5.0,8.0,0.1213570507708499,0.45675675675675675,0.13409863596348964,0.6240409207161125,3.0,2.0,True,2022
1,27,19,10.0,18.0,4.0,7.0,4.0,5.0,6.0,15.0,2.0,10.0,5.0,6.0,0.14920654652142953,0.37797619047619047,0.1061197394875703,0.3739130434782609,2.0,1.0,True,2022
0,0,16,8.0,21.0,3.0,9.0,9.0,10.0,11.0,23.0,5.0,8.0,6.0,8.0,0.11965628714724637,0.7631578947368421,0.18523806411939908,0.4401114206128134,2.0,2.0,False,2022
0,20,24,11.0,16.0,1.0,6.0,7.0,7.0,6.0,15.0,3.0,7.0,3.0,3.0,0.12773641963791807,0.5974358974358974,0.10423520880228491,0.6129032258064516,2.0,2.0,False,2022
0,19,27,6.0,15.0,2.0,10.0,5.0,6.0,10.0,18.0,4.0,7.0,4.0,5.0,0.1061197394875703,0.3739130434782609,0.15936523721714363,0.3798219584569733,1.0,2.0,False,2022
1,16,0,11.0,23.0,5.0,8.0,6.0,8.0,8.0,21.0,3.0,9.0,9.0,10.0,0.18523806411939908,0.4401114206128134,0.09572502971779709,0.7435897435897436,2.0,2.0,True,2022
0,23,8,10.0,21.0,6.0,12.0,7.0,11.0,11.0,19.0,6.0,7.0,7.0,9.0,0.1412804338989832,0.42151162790697677,0.10107288764655695,0.45251396648044695,2.0,2.0,False,2022
0,29,15,13.0,29.0,6.0,12.0,5.0,10.0,11.0,21.0,3.0,6.0,7.0,9.0,0.1149818376042068,0.5478723404255319,0.035019808937860844,0.41025641025641024,3.0,2.0,False,2022
1,14,10,7.0,14.0,3.0,7.0,4.0,5.0,7.0,17.0,3.0,8.0,5.0,6.0,0.11165184993145058,0.4388888888888889,0.0105905313878079,0.3611111111111111,1.0,3.0,True,2022
0,10,14,7.0,17.0,3.0,8.0,5.0,6.0,7.0,14.0,3.0,7.0,4.0,5.0,0.0105905313878079,0.3611111111111111,0.12932147994516047,0.4404432132963989,3.0,1.0,False,2022
1,11,3,8.0,17.0,4.0,11.0,2.0,4.0,10.0,15.0,4.0,8.0,4.0,4.0,0.08362383489533085,0.618798955613577,0.10702241648878914,0.39944903581267216,2.0,2.0,False,2022
1,5,1,12.0,26.0,6.0,11.0,5.0,7.0,9.0,17.0,6.0,7.0,7.0,10.0,0.04432251087423366,0.49722222222222223,0.027492114597213613,0.5435897435897435,2.0,2.0,False,2022
0,1,5,9.0,17.0,6.0,7.0,7.0,10.0,12.0,26.0,6.0,11.0,5.0,7.0,0.027492114597213613,0.5435897435897435,0.03545800869938693,0.49584487534626037,2.0,2.0,True,2022
1,15,29,11.0,21.0,3.0,6.0,7.0,9.0,13.0,29.0,6.0,12.0,5.0,10.0,0.035019808937860844,0.41025641025641024,0.09198547008336544,0.5464190981432361,2.0,3.0,True,2022
1,18,21,10.0,17.0,2.0,5.0,10.0,14.0,13.0,20.0,4.0,9.0,4.0,4.0,0.17339983152050362,0.6139896373056994,0.1381591462283176,0.446064139941691,2.0,2.0,False,2022
1,28,13,13.0,22.0,4.0,7.0,4.0,6.0,8.0,23.0,3.0,9.0,4.0,6.0,0.12060277302272696,0.3706896551724138,0.16639313101558692,0.4628099173553719,2.0,3.0,True,2022
0,13,28,8.0,23.0,3.0,9.0,4.0,6.0,13.0,22.0,4.0,7.0,4.0,6.0,0.16639313101558692,0.4628099173553719,0.13648221841818156,0.37249283667621774,3.0,2.0,False,2022
0,2,22,11.0,19.0,7.0,11.0,7.0,8.0,8.0,14.0,3.0,9.0,3.0,5.0,0.11529911664334036,0.5671140939597316,0.04966318447057089,0.5286103542234333,2.0,2.0,True,2022
1,27,6,8.0,16.0,4.0,8.0,5.0,7.0,10.0,14.0,6.0,8.0,10.0,11.0,0.15936523721714363,0.3798219584569733,0.08526542967036391,0.5054347826086957,1.0,2.0,False,2022
0,6,27,10.0,14.0,6.0,8.0,10.0,11.0,8.0,16.0,4.0,8.0,5.0,7.0,0.08526542967036391,0.5054347826086957,0.1274921897737149,0.378698224852071,2.0,1.0,True,2022
1,9,12,6.0,15.0,3.0,11.0,6.0,7.0,9.0,19.0,4.0,10.0,3.0,4.0,0.05715001169998176,0.39166666666666666,0.14111977526574662,0.5461741424802111,3.0,4.0,False,2022
0,12,9,9.0,19.0,4.0,10.0,3.0,4.0,6.0,15.0,3.0,11.0,6.0,7.0,0.14111977526574662,0.5461741424802111,0.04572000935998541,0.39058171745152354,4.0,3.0,True,2022
0,21,18,13.0,20.0,4.0,9.0,4.0,4.0,10.0,17.0,2.0,5.0,10.0,14.0,0.1381591462283176,0.446064139941691,0.1387198652164029,0.6124031007751938,2.0,2.0,True,2022
1,22,2,8.0,14.0,3.0,9.0,3.0,5.0,11.0,19.0,7.0,11.0,7.0,8.0,0.04966318447057089,0.5286103542234333,0.13223929331467227,0.568561872909699,2.0,2.0,False,2022
0,3,11,10.0,15.0,4.0,8.0,4.0,4.0,8.0,17.0,4.0,11.0,2.0,4.0,0.10702241648878914,0.39944903581267216,0.06689906791626468,0.6171875,2.0,2.0,True,2022
1,8,24,10.0,19.0,4.0,10.0,3.0,4.0,5.0,14.0,2.0,9.0,5.0,5.0,0.10107288764655695,0.45251396648044695,0.10423520880228491,0.6129032258064516,2.0,2.0,True,2022
0,24,8,5.0,14.0,2.0,9.0,5.0,5.0,10.0,19.0,4.0,10.0,3.0,4.0,0.10423520880228491,0.6129032258064516,0.12085831011724557,0.45403899721448465,2.0,2.0,False,2022
1,4,0,11.0,17.0,5.0,7.0,8.0,12.0,6.0,16.0,3.0,7.0,4.0,6.0,0.08163420859473203,0.6527093596059114,0.09572502971779709,0.7435897435897436,3.0,2.0,True,2022
0,0,4,6.0,16.0,3.0,7.0,4.0,6.0,11.0,17.0,5.0,7.0,8.0,12.0,0.09572502971779709,0.7435897435897436,0.10530736687578561,0.6535626535626535,2.0,3.0,False,2022
1,16,23,6.0,16.0,3.0,8.0,9.0,10.0,11.0,20.0,6.0,11.0,7.0,7.0,0.18819045129551928,0.44166666666666665,0.11302434711918656,0.42028985507246375,2.0,2.0,True,2022
0,23,16,11.0,20.0,6.0,11.0,7.0,7.0,6.0,16.0,3.0,8.0,9.0,10.0,0.11302434711918656,0.42028985507246375,0.1905523610364154,0.44321329639889195,2.0,2.0,False,2022
0,17,20,7.0,14.0,4.0,10.0,3.0,5.0,9.0,12.0,5.0,8.0,3.0,6.0,0.09987319842079054,0.5433070866141733,0.10218913571033446,0.5959079283887468,3.0,2.0,False,2022
1,6,26,8.0,22.0,3.0,11.0,9.0,9.0,11.0,18.0,6.0,11.0,9.0,10.0,0.10821234373629111,0.5067750677506775,0.03265019727249886,0.4972677595628415,1.0,2.0,False,2022
0,26,6,11.0,18.0,6.0,11.0,9.0,10.0,8.0,22.0,3.0,11.0,9.0,9.0,0.03265019727249886,0.4972677595628415,0.08656987498903289,0.5054054054054054,2.0,1.0,True,2022
1,20,17,9.0,12.0,5.0,8.0,3.0,6.0,7.0,14.0,4.0,10.0,3.0,5.0,0.10218913571033446,0.5959079283887468,0.07989855873663243,0.5418848167539267,2.0,3.0,True,2022
1,22,7,9.0,19.0,7.0,14.0,5.0,6.0,12.0,25.0,6.0,13.0,7.0,8.0,0.03973054757645671,0.5271739130434783,0.1370856406166799,0.4582210242587601,2.0,3.0,False,2022
1,5,3,14.0,23.0,4.0,9.0,3.0,4.0,11.0,25.0,4.0,8.0,6.0,6.0,0.03545800869938693,0.49584487534626037,0.12561793319103132,0.4010989010989011,2.0,2.0,False,2022
0,3,5,11.0,25.0,4.0,8.0,6.0,6.0,14.0,23.0,4.0,9.0,3.0,4.0,0.12561793319103132,0.4010989010989011,0.028366406959509545,0.494475138121547,2.0,2.0,True,2022
1,12,9,7.0,16.0,4.0,8.0,9.0,9.0,7.0,14.0,3.0,7.0,7.0,7.0,0.1528958202125973,0.5473684210526316,0.04572000935998541,0.39058171745152354,2.0,2.0,True,2022
1,15,1,12.0,20.0,4.0,10.0,5.0,6.0,8.0,18.0,4.0,7.0,6.0,6.0,0.06801584715028867,0.4119318181818182,0.06199369167777089,0.5447570332480819,2.0,2.0,True,2022
0,1,15,8.0,18.0,4.0,7.0,6.0,6.0,12.0,20.0,4.0,10.0,5.0,6.0,0.06199369167777089,0.5447570332480819,0.09441267772023094,0.41359773371104813,2.0,2.0,False,2022
0,2,18,7.0,18.0,3.0,9.0,5.0,6.0,8.0,16.0,5.0,9.0,9.0,9.0,0.13223929331467227,0.568561872909699,0.1387198652164029,0.6124031007751938,2.0,2.0,False,2022
1,16,13,8.0,15.0,2.0,6.0,2.0,4.0,12.0,22.0,3.0,9.0,3.0,4.0,0.1905523610364154,0.44321329639889195,0.13311450481246953,0.46153846153846156,1.0,2.0,False,2022
0,9,12,7.0,14.0,3.0,7.0,7.0,7.0,7.0,16.0,4.0,8.0,9.0,9.0,0.04572000935998541,0.39058171745152354,0.16231665617007784,0.5485564304461942,2.0,2.0,False,2022
1,19,25,9.0,16.0,3.0,7.0,9.0,10.0,8.0,21.0,6.0,14.0,6.0,9.0,0.08489579159005624,0.37283236994219654,0.13409863596348964,0.6240409207161125,3.0,3.0,True,2022
1,27,0,9.0,17.0,4.0,10.0,7.0,7.0,10.0,19.0,5.0,10.0,3.0,4.0,0.1274921897737149,0.378698224852071,0.07658002377423767,0.725,2.0,1.0,False,2022
0,10,21,11.0,17.0,4.0,12.0,4.0,6.0,8.0,23.0,4.0,15.0,4.0,4.0,0.008472425110246321,0.3601108033240997,0.15052731698265406,0.4476744186046512,2.0,2.0,True,2022
1,21,10,8.0,23.0,4.0,15.0,4.0,4.0,11.0,17.0,4.0,12.0,4.0,6.0,0.15052731698265406,0.4476744186046512,0.04677794008819706,0.36187845303867405,2.0,2.0,False,2022
0,0,27,10.0,19.0,5.0,10.0,3.0,4.0,9.0,17.0,4.0,10.0,7.0,7.0,0.07658002377423767,0.725,0.10199375181897193,0.3775811209439528,1.0,2.0,True,2022
0,7,22,12.0,25.0,6.0,13.0,7.0,8.0,9.0,19.0,7.0,14.0,5.0,6.0,0.1370856406166799,0.4582210242587601,0.03178443806116536,0.5257452574525745,3.0,2.0,True,2022
0,13,16,12.0,22.0,3.0,9.0,3.0,4.0,8.0,15.0,2.0,6.0,2.0,4.0,0.13311450481246953,0.46153846153846156,0.15244188882913232,0.4419889502762431,2.0,1.0,True,2022
0,25,19,8.0,21.0,6.0,14.0,6.0,9.0,9.0,16.0,3.0,7.0,9.0,10.0,0.13409863596348964,0.6240409207161125,0.107916633272045,0.3746397694524496,3.0,3.0,False,2022
1,18,2,8.0,16.0,5.0,9.0,9.0,9.0,7.0,18.0,3.0,9.0,5.0,6.0,0.1387198652164029,0.6124031007751938,0.10579143465173782,0.5666666666666667,2.0,2.0,True,2022
0,25,4,11.0,23.0,3.0,13.0,5.0,9.0,6.0,17.0,3.0,8.0,17.0,17.0,0.10727890877079171,0.6224489795918368,0.10530736687578561,0.6535626535626535,1.0,2.0,True,2022
1,4,25,6.0,17.0,3.0,8.0,17.0,17.0,11.0,23.0,3.0,13.0,5.0,9.0,0.10530736687578561,0.6535626535626535,0.12582312701663337,0.6234096692111959,2.0,1.0,False,2022
0,3,26,11.0,20.0,3.0,8.0,5.0,8.0,7.0,19.0,3.0,6.0,7.0,9.0,0.14049434655282506,0.40273972602739727,0.0661201578179991,0.4986376021798365,1.0,2.0,True,2022
0,29,20,9.0,23.0,3.0,8.0,5.0,7.0,10.0,15.0,6.0,10.0,5.0,5.0,0.09198547008336544,0.5464190981432361,0.12175130856826757,0.5969387755102041,3.0,2.0,False,2022
1,14,17,9.0,18.0,4.0,10.0,5.0,5.0,11.0,21.0,7.0,14.0,5.0,10.0,0.12932147994516047,0.4404432132963989,0.07989855873663243,0.5418848167539267,3.0,2.0,False,2022
1,12,18,10.0,12.0,2.0,9.0,6.0,8.0,12.0,22.0,5.0,9.0,8.0,11.0,0.16231665617007784,0.5485564304461942,0.1509758921731223,0.6134020618556701,1.0,1.0,False,2022
1,26,3,7.0,19.0,3.0,6.0,7.0,9.0,11.0,20.0,3.0,8.0,5.0,8.0,0.0661201578179991,0.4986376021798365,0.15239547724226005,0.40437158469945356,2.0,1.0,False,2022
1,5,24,8.0,17.0,3.0,7.0,6.0,6.0,7.0,17.0,4.0,8.0,4.0,5.0,0.028366406959509545,0.494475138121547,0.08338816704182793,0.6100917431192661,1.0,2.0,True,2022
0,17,14,11.0,21.0,7.0,14.0,5.0,10.0,9.0,18.0,4.0,10.0,5.0,5.0,0.07989855873663243,0.5418848167539267,0.10345718395612838,0.43922651933701656,2.0,3.0,True,2022
0,24,5,7.0,17.0,4.0,8.0,4.0,5.0,8.0,17.0,3.0,7.0,6.0,6.0,0.08338816704182793,0.6100917431192661,0.06269312556760763,0.49586776859504134,2.0,1.0,False,2022
0,27,2,12.0,20.0,5.0,10.0,9.0,9.0,8.0,24.0,3.0,5.0,6.0,6.0,0.10199375181897193,0.3775811209439528,0.10579143465173782,0.5666666666666667,1.0,1.0,False,2022
1,13,10,8.0,19.0,3.0,9.0,9.0,12.0,8.0,11.0,2.0,6.0,4.0,6.0,0.14649160384997564,0.46301369863013697,0.04677794008819706,0.36187845303867405,1.0,1.0,True,2022
1,6,8,9.0,15.0,4.0,7.0,7.0,8.0,8.0,21.0,2.0,7.0,5.0,8.0,0.08656987498903289,0.5054054054054054,0.12085831011724557,0.45403899721448465,2.0,2.0,True,2022
0,8,6,8.0,21.0,2.0,7.0,5.0,8.0,9.0,15.0,4.0,7.0,7.0,8.0,0.12085831011724557,0.45403899721448465,0.10925589999122631,0.5067385444743935,2.0,2.0,False,2022
1,2,27,8.0,24.0,3.0,5.0,6.0,6.0,12.0,20.0,5.0,10.0,9.0,9.0,0.10579143465173782,0.5666666666666667,0.08159500145517753,0.3764705882352941,1.0,1.0,True,2022
1,20,29,10.0,15.0,6.0,10.0,5.0,5.0,9.0,23.0,3.0,8.0,5.0,7.0,0.12175130856826757,0.5969387755102041,0.07358837606669236,0.544973544973545,2.0,3.0,True,2022
0,18,12,12.0,22.0,5.0,9.0,8.0,11.0,10.0,12.0,2.0,9.0,6.0,8.0,0.1509758921731223,0.6134020618556701,0.12985332493606228,0.5471204188481675,1.0,1.0,True,2022
1,9,28,11.0,23.0,4.0,12.0,3.0,4.0,10.0,21.0,4.0,8.0,8.0,10.0,0.036576007487988324,0.38950276243093923,0.13648221841818156,0.37249283667621774,1.0,3.0,False,2022
0,28,9,10.0,21.0,4.0,8.0,8.0,10.0,11.0,23.0,4.0,12.0,3.0,4.0,0.13648221841818156,0.37249283667621774,0.02926080599039066,0.3884297520661157,3.0,1.0,True,2022
0,10,13,8.0,11.0,2.0,6.0,4.0,6.0,8.0,19.0,3.0,9.0,9.0,12.0,0.04677794008819706,0.36187845303867405,0.1571932830799805,0.4644808743169399,1.0,1.0,False,2022
1,15,1,9.0,16.0,5.0,10.0,7.0,7.0,8.0,15.0,5.0,9.0,6.0,7.0,0.09441267772023094,0.41359773371104813,0.04959495334221671,0.5433673469387755,2.0,2.0,False,2022
0,1,15,8.0,15.0,5.0,9.0,6.0,7.0,9.0,16.0,5.0,10.0,7.0,7.0,0.04959495334221671,0.5433673469387755,0.07553014217618476,0.4124293785310734,2.0,2.0,True,2022
1,23,0,11.0,20.0,5.0,9.0,3.0,5.0,6.0,14.0,3.0,8.0,7.0,10.0,0.09041947769534925,0.4190751445086705,0.10126401901939013,0.7317073170731707,3.0,2.0,True,2022
0,7,19,11.0,18.0,3.0,6.0,7.0,10.0,9.0,15.0,4.0,6.0,7.0,13.0,0.14966851249334395,0.4596774193548387,0.107916633272045,0.3746397694524496,2.0,2.0,True,2022
0,11,20,11.0,24.0,4.0,12.0,5.0,7.0,10.0,18.0,3.0,10.0,3.0,3.0,0.06689906791626468,0.6171875,0.13740104685461405,0.5979643765903307,4.0,1.0,True,2022
1,20,11,10.0,18.0,3.0,10.0,3.0,3.0,11.0,24.0,4.0,12.0,5.0,7.0,0.13740104685461405,0.5979643765903307,0.09351925433301174,0.6181818181818182,1.0,4.0,False,2022
1,19,7,9.0,15.0,4.0,6.0,7.0,13.0,11.0,18.0,3.0,6.0,7.0,10.0,0.107916633272045,0.3746397694524496,0.15973480999467515,0.46112600536193027,2.0,2.0,False,2022
0,0,23,6.0,14.0,3.0,8.0,7.0,10.0,11.0,20.0,5.0,9.0,3.0,5.0,0.10126401901939013,0.7317073170731707,0.11233558215627941,0.4207492795389049,2.0,3.0,False,2022
0,25,12,9.0,20.0,6.0,16.0,7.0,9.0,8.0,16.0,3.0,6.0,7.0,8.0,0.12582312701663337,0.6234096692111959,0.12985332493606228,0.5471204188481675,2.0,2.0,False,2022
1,9,4,7.0,17.0,3.0,9.0,14.0,14.0,11.0,22.0,4.0,9.0,10.0,14.0,0.02926080599039066,0.3884297520661157,0.08424589350062849,0.6519607843137255,2.0,2.0,True,2022
0,18,14,10.0,20.0,3.0,6.0,9.0,10.0,6.0,15.0,2.0,6.0,6.0,7.0,0.16078071373849784,0.6143958868894601,0.10345718395612838,0.43922651933701656,2.0,2.0,False,2022
1,14,18,6.0,15.0,2.0,6.0,6.0,7.0,10.0,20.0,3.0,6.0,9.0,10.0,0.10345718395612838,0.43922651933701656,0.12862457099079827,0.6128205128205129,2.0,2.0,True,2022
1,5,7,9.0,16.0,2.0,7.0,5.0,7.0,18.0,33.0,5.0,13.0,7.0,8.0,0.06269312556760763,0.49586776859504134,0.15973480999467515,0.46112600536193027,2.0,1.0,False,2022
1,10,17,7.0,18.0,2.0,7.0,4.0,6.0,10.0,21.0,4.0,10.0,5.0,5.0,0.03742235207055765,0.3608815426997245,0.10391884698930594,0.5430809399477807,2.0,2.0,False,2022
0,17,10,10.0,21.0,4.0,10.0,5.0,5.0,7.0,18.0,2.0,7.0,4.0,6.0,0.10391884698930594,0.5430809399477807,0.02993788165644612,0.3598901098901099,2.0,2.0,True,2022
1,28,21,7.0,18.0,3.0,7.0,3.0,4.0,14.0,20.0,5.0,11.0,5.0,5.0,0.14918577473454525,0.3742857142857143,0.12042185358612326,0.4463768115942029,2.0,3.0,False,2022
0,21,28,14.0,20.0,5.0,11.0,5.0,5.0,7.0,18.0,3.0,7.0,3.0,4.0,0.12042185358612326,0.4463768115942029,0.1193486197876362,0.3732193732193732,3.0,2.0,True,2022
1,12,25,8.0,16.0,3.0,6.0,7.0,8.0,9.0,20.0,6.0,16.0,7.0,9.0,0.12985332493606228,0.5471204188481675,0.1006585016133067,0.6218274111675127,2.0,2.0,True,2022
0,27,16,10.0,24.0,4.0,7.0,4.0,4.0,10.0,17.0,3.0,7.0,6.0,7.0,0.08159500145517753,0.3764705882352941,0.15244188882913232,0.4419889502762431,2.0,3.0,False,2022
1,16,27,10.0,17.0,3.0,7.0,6.0,7.0,10.0,24.0,4.0,7.0,4.0,4.0,0.15244188882913232,0.4419889502762431,0.06527600116414203,0.375366568914956,3.0,2.0,True,2022
0,11,29,6.0,18.0,5.0,9.0,7.0,8.0,9.0,20.0,3.0,8.0,4.0,8.0,0.09351925433301174,0.6181818181818182,0.07358837606669236,0.544973544973545,1.0,2.0,False,2022
0,22,24,10.0,18.0,5.0,8.0,6.0,7.0,11.0,16.0,7.0,10.0,13.0,14.0,0.03178443806116536,0.5257452574525745,0.06671053363346234,0.6073059360730594,3.0,2.0,False,2022
1,13,26,6.0,17.0,4.0,7.0,12.0,14.0,11.0,18.0,2.0,6.0,11.0,12.0,0.1571932830799805,0.4644808743169399,0.05289612625439928,0.49728260869565216,2.0,2.0,True,2022
0,26,13,11.0,18.0,2.0,6.0,11.0,12.0,6.0,17.0,4.0,7.0,12.0,14.0,0.05289612625439928,0.49728260869565216,0.16575462646398442,0.4659400544959128,2.0,2.0,False,2022
1,3,6,10.0,19.0,4.0,9.0,7.0,7.0,12.0,23.0,3.0,8.0,10.0,15.0,0.15239547724226005,0.40437158469945356,0.10925589999122631,0.5067385444743935,2.0,2.0,True,2022
0,6,3,12.0,23.0,3.0,8.0,10.0,15.0,10.0,19.0,4.0,9.0,7.0,7.0,0.10925589999122631,0.5067385444743935,0.16191638179380802,0.40599455040871935,2.0,2.0,False,2022
1,2,8,9.0,18.0,3.0,7.0,9.0,11.0,9.0,19.0,3.0,8.0,4.0,6.0,0.12463314772139025,0.5681063122923588,0.09668664809379646,0.4527777777777778,2.0,2.0,True,2022
1,24,22,11.0,16.0,7.0,10.0,13.0,14.0,10.0,18.0,5.0,8.0,6.0,7.0,0.06671053363346234,0.6073059360730594,0.02542755044893229,0.5243243243243243,2.0,3.0,True,2022
0,8,2,9.0,19.0,3.0,8.0,4.0,6.0,9.0,18.0,3.0,7.0,9.0,11.0,0.09668664809379646,0.4527777777777778,0.1397065181771122,0.5695364238410596,2.0,2.0,False,2022
0,4,9,11.0,22.0,4.0,9.0,10.0,14.0,7.0,17.0,3.0,9.0,14.0,14.0,0.08424589350062849,0.6519607843137255,0.06340864479231254,0.3901098901098901,2.0,2.0,False,2022
0,7,5,18.0,33.0,5.0,13.0,7.0,8.0,9.0,16.0,2.0,7.0,5.0,7.0,0.15973480999467515,0.46112600536193027,0.05015450045408611,0.4945054945054945,1.0,2.0,True,2022
1,29,11,9.0,20.0,3.0,8.0,4.0,8.0,6.0,18.0,5.0,9.0,7.0,8.0,0.07358837606669236,0.544973544973545,0.07481540346640939,0.616580310880829,2.0,1.0,True,2022
0,19,0,7.0,17.0,4.0,9.0,9.0,12.0,8.0,13.0,4.0,8.0,6.0,6.0,0.086333306617636,0.3735632183908046,0.0810112152155121,0.7142857142857143,2.0,2.0,False,2022
1,28,23,10.0,17.0,5.0,10.0,9.0,11.0,8.0,17.0,4.0,9.0,6.0,7.0,0.1193486197876362,0.3732193732193732,0.11233558215627941,0.4207492795389049,1.0,2.0,False,2022
1,0,19,8.0,13.0,4.0,8.0,6.0,6.0,7.0,17.0,4.0,9.0,9.0,12.0,0.0810112152155121,0.7142857142857143,0.0690666452941088,0.37249283667621774,2.0,2.0,True,2022
0,23,28,8.0,17.0,4.0,9.0,6.0,7.0,10.0,17.0,5.0,10.0,9.0,11.0,0.11233558215627941,0.4207492795389049,0.09547889583010896,0.3721590909090909,2.0,1.0,True,2022
1,12,17,8.0,13.0,4.0,8.0,7.0,7.0,10.0,20.0,6.0,14.0,6.0,8.0,0.1438826599488498,0.5483028720626631,0.12313507759144475,0.5442708333333334,2.0,2.0,True,2022
0,16,4,12.0,27.0,4.0,10.0,9.0,10.0,12.0,25.0,3.0,6.0,7.0,8.0,0.16195351106330586,0.44352617079889806,0.06739671480050279,0.6503667481662592,2.0,2.0,False,2022
0,6,14,13.0,23.0,5.0,8.0,5.0,6.0,7.0,18.0,3.0,7.0,6.0,8.0,0.08740471999298105,0.5053763440860215,0.1227657471649027,0.44077134986225897,2.0,2.0,True,2022
1,11,1,11.0,27.0,3.0,13.0,5.0,7.0,7.0,16.0,5.0,9.0,8.0,10.0,0.07481540346640939,0.616580310880829,0.07967596267377337,0.544529262086514,2.0,3.0,False,2022
0,1,11,7.0,16.0,5.0,9.0,8.0,10.0,11.0,27.0,3.0,13.0,5.0,7.0,0.07967596267377337,0.544529262086514,0.059852322773127506,0.6149870801033591,3.0,2.0,True,2022
1,5,26,11.0,20.0,6.0,9.0,2.0,2.0,8.0,21.0,3.0,6.0,4.0,4.0,0.05015450045408611,0.4945054945054945,0.042316901003519425,0.4959349593495935,2.0,2.0,True,2022
1,29,22,11.0,22.0,4.0,7.0,5.0,7.0,12.0,16.0,3.0,8.0,5.0,5.0,0.09887070085335388,0.5461741424802111,0.02542755044893229,0.5243243243243243,2.0,2.0,False,2022
0,26,5,8.0,21.0,3.0,6.0,4.0,4.0,11.0,20.0,6.0,9.0,2.0,2.0,0.042316901003519425,0.4959349593495935,0.08012360036326889,0.4958904109589041,2.0,2.0,False,2022
1,15,19,11.0,23.0,7.0,13.0,11.0,14.0,10.0,18.0,5.0,9.0,5.0,6.0,0.07553014217618476,0.4124293785310734,0.0690666452941088,0.37249283667621774,3.0,1.0,False,2022
1,18,10,17.0,23.0,2.0,6.0,15.0,17.0,12.0,15.0,7.0,8.0,3.0,6.0,0.12862457099079827,0.6128205128205129,0.02993788165644612,0.3598901098901099,2.0,2.0,True,2022
0,10,18,12.0,15.0,7.0,8.0,3.0,6.0,17.0,23.0,2.0,6.0,15.0,17.0,0.02993788165644612,0.3598901098901099,0.1428996567926386,0.6138107416879796,2.0,2.0,False,2022
1,4,16,12.0,25.0,3.0,6.0,7.0,8.0,12.0,27.0,4.0,10.0,9.0,10.0,0.06739671480050279,0.6503667481662592,0.1295628088506447,0.4423076923076923,2.0,2.0,True,2022
1,14,6,7.0,18.0,3.0,7.0,6.0,8.0,13.0,23.0,5.0,8.0,5.0,6.0,0.1227657471649027,0.44077134986225897,0.10992377599438483,0.5067024128686327,2.0,2.0,False,2022
1,2,21,9.0,20.0,5.0,11.0,3.0,3.0,10.0,18.0,6.0,11.0,3.0,3.0,0.1397065181771122,0.5695364238410596,0.1363374828688986,0.4479768786127168,2.0,2.0,False,2022
0,22,29,12.0,16.0,3.0,8.0,5.0,5.0,11.0,22.0,4.0,7.0,5.0,7.0,0.02542755044893229,0.5243243243243243,0.0790965606826831,0.5447368421052632,2.0,2.0,True,2022
0,24,20,15.0,22.0,4.0,11.0,4.0,6.0,16.0,25.0,4.0,7.0,14.0,16.0,0.09336842690676989,0.6090909090909091,0.10992083748369123,0.5964467005076142,2.0,3.0,False,2022
1,13,25,13.0,24.0,4.0,10.0,11.0,12.0,8.0,20.0,3.0,15.0,7.0,8.0,0.16575462646398442,0.4659400544959128,0.1006585016133067,0.6218274111675127,2.0,2.0,True,2022
0,25,13,8.0,20.0,3.0,15.0,7.0,8.0,13.0,24.0,4.0,10.0,11.0,12.0,0.1006585016133067,0.6218274111675127,0.17260370117118753,0.4673913043478261,2.0,2.0,False,2022
1,27,3,14.0,24.0,3.0,6.0,5.0,5.0,9.0,18.0,5.0,9.0,5.0,6.0,0.06527600116414203,0.375366568914956,0.16191638179380802,0.40599455040871935,2.0,2.0,True,2022
0,3,27,9.0,18.0,5.0,9.0,5.0,6.0,14.0,24.0,3.0,6.0,5.0,5.0,0.16191638179380802,0.40599455040871935,0.09222080093131362,0.37719298245614036,2.0,2.0,False,2022
0,21,2,10.0,18.0,6.0,11.0,3.0,3.0,9.0,20.0,5.0,11.0,3.0,3.0,0.1363374828688986,0.4479768786127168,0.11176521454168975,0.5676567656765676,2.0,2.0,True,2022
1,9,23,10.0,17.0,6.0,10.0,11.0,11.0,10.0,18.0,5.0,13.0,6.0,9.0,0.06340864479231254,0.3901098901098901,0.12986846572502353,0.4224137931034483,2.0,1.0,True,2022
0,23,9,10.0,18.0,5.0,13.0,6.0,9.0,10.0,17.0,6.0,10.0,11.0,11.0,0.12986846572502353,0.4224137931034483,0.09072691583385002,0.3917808219178082,1.0,2.0,False,2022
0,17,12,10.0,20.0,6.0,14.0,6.0,8.0,8.0,13.0,4.0,8.0,7.0,7.0,0.12313507759144475,0.5442708333333334,0.15510612795907985,0.5494791666666666,2.0,2.0,False,2022
1,20,24,16.0,25.0,4.0,7.0,14.0,16.0,15.0,22.0,4.0,11.0,4.0,6.0,0.10992083748369123,0.5964467005076142,0.07469474152541591,0.6063348416289592,3.0,2.0,True,2022
0,19,15,10.0,18.0,5.0,9.0,5.0,6.0,11.0,23.0,7.0,13.0,11.0,14.0,0.0690666452941088,0.37249283667621774,0.060424113740947805,0.4112676056338028,1.0,3.0,True,2022
1,13,7,9.0,23.0,3.0,9.0,8.0,11.0,11.0,25.0,3.0,8.0,5.0,7.0,0.17260370117118753,0.4673913043478261,0.16778784799574012,0.4625668449197861,1.0,3.0,False,2022
0,8,28,8.0,16.0,4.0,10.0,6.0,9.0,6.0,13.0,3.0,9.0,5.0,10.0,0.07734931847503716,0.4515235457063712,0.09547889583010896,0.3721590909090909,3.0,2.0,True,2022
1,28,8,6.0,13.0,3.0,9.0,5.0,10.0,8.0,16.0,4.0,10.0,6.0,9.0,0.09547889583010896,0.3721590909090909,0.10187945478002973,0.4530386740331492,2.0,3.0,False,2022
1,0,22,12.0,27.0,6.0,16.0,9.0,9.0,10.0,16.0,4.0,9.0,8.0,10.0,0.1048089721724097,0.7209302325581395,0.06034204035914583,0.5256064690026954,2.0,1.0,False,2022
0,7,13,11.0,25.0,3.0,8.0,5.0,7.0,9.0,23.0,3.0,9.0,8.0,11.0,0.16778784799574012,0.4625668449197861,0.13808296093695002,0.46612466124661245,3.0,1.0,True,2022
0,22,0,10.0,16.0,4.0,9.0,8.0,10.0,12.0,27.0,6.0,16.0,9.0,9.0,0.06034204035914583,0.5256064690026954,0.08384717773792776,0.7045454545454546,1.0,2.0,True,2022
0,25,14,12.0,19.0,4.0,11.0,5.0,5.0,10.0,19.0,5.0,7.0,4.0,5.0,0.08052680129064535,0.620253164556962,0.09821259773192216,0.43956043956043955,2.0,2.0,True,2022
0,17,2,9.0,19.0,5.0,10.0,10.0,13.0,8.0,20.0,3.0,7.0,11.0,14.0,0.0985080620731558,0.5428571428571428,0.11176521454168975,0.5676567656765676,2.0,2.0,True,2022
1,11,19,8.0,17.0,3.0,8.0,8.0,11.0,11.0,23.0,5.0,11.0,3.0,4.0,0.059852322773127506,0.6149870801033591,0.09525331623528703,0.3742857142857143,2.0,2.0,True,2022
1,14,25,10.0,19.0,5.0,7.0,4.0,5.0,12.0,19.0,4.0,11.0,5.0,5.0,0.09821259773192216,0.43956043956043955,0.1044214410325163,0.6212121212121212,2.0,2.0,False,2022
1,5,6,8.0,20.0,3.0,7.0,8.0,8.0,13.0,24.0,4.0,8.0,7.0,7.0,0.08012360036326889,0.4958904109589041,0.10992377599438483,0.5067024128686327,2.0,2.0,False,2022
0,6,5,13.0,24.0,4.0,8.0,7.0,7.0,8.0,20.0,3.0,7.0,8.0,8.0,0.10992377599438483,0.5067024128686327,0.06409888029061511,0.49453551912568305,2.0,2.0,True,2022
1,18,24,15.0,25.0,3.0,7.0,7.0,10.0,8.0,14.0,3.0,7.0,2.0,4.0,0.1428996567926386,0.6138107416879796,0.07469474152541591,0.6063348416289592,2.0,2.0,False,2022
0,24,18,8.0,14.0,3.0,7.0,2.0,4.0,15.0,25.0,3.0,7.0,7.0,10.0,0.07469474152541591,0.6063348416289592,0.11431972543411088,0.6122448979591837,2.0,2.0,True,2022
1,10,29,6.0,16.0,3.0,10.0,9.0,10.0,12.0,23.0,4.0,7.0,5.0,6.0,0.023950305325156896,0.3589041095890411,0.0790965606826831,0.5447368421052632,2.0,2.0,False,2022
1,4,27,11.0,23.0,1.0,7.0,8.0,12.0,9.0,18.0,3.0,9.0,17.0,18.0,0.09391737184040225,0.651219512195122,0.09222080093131362,0.37719298245614036,2.0,2.0,True,2022
0,19,11,11.0,23.0,5.0,11.0,3.0,4.0,8.0,17.0,3.0,8.0,8.0,11.0,0.09525331623528703,0.3742857142857143,0.087881858218502,0.615979381443299,2.0,2.0,False,2022
1,0,1,7.0,21.0,4.0,13.0,6.0,8.0,7.0,14.0,3.0,6.0,4.0,5.0,0.08384717773792776,0.7045454545454546,0.1037407701390187,0.5456852791878173,1.0,2.0,True,2022
1,21,26,9.0,18.0,6.0,11.0,5.0,6.0,10.0,23.0,2.0,7.0,8.0,9.0,0.14906998629511886,0.4495677233429395,0.03385352080281554,0.4945945945945946,2.0,2.0,True,2022
0,27,4,9.0,18.0,3.0,9.0,17.0,18.0,11.0,23.0,1.0,7.0,8.0,12.0,0.09222080093131362,0.37719298245614036,0.11513389747232179,0.6520681265206812,2.0,2.0,False,2022
0,12,9,7.0,16.0,5.0,10.0,7.0,7.0,8.0,15.0,5.0,11.0,12.0,15.0,0.15510612795907985,0.5494791666666666,0.09072691583385002,0.3917808219178082,2.0,2.0,False,2022
1,2,17,8.0,20.0,3.0,7.0,11.0,14.0,9.0,19.0,5.0,10.0,10.0,13.0,0.11176521454168975,0.5676567656765676,0.11880644965852465,0.5440414507772021,2.0,2.0,False,2022
1,9,12,8.0,15.0,5.0,11.0,12.0,15.0,7.0,16.0,5.0,10.0,7.0,7.0,0.09072691583385002,0.3917808219178082,0.12408490236726388,0.548051948051948,2.0,2.0,True,2022
0,16,20,15.0,26.0,2.0,7.0,7.0,11.0,11.0,18.0,4.0,9.0,6.0,6.0,0.1295628088506447,0.4423076923076923,0.127936669986953,0.5974683544303797,2.0,2.0,True,2022
1,20,16,11.0,18.0,4.0,9.0,6.0,6.0,15.0,26.0,2.0,7.0,7.0,11.0,0.127936669986953,0.5974683544303797,0.14365024708051574,0.4438356164383562,2.0,2.0,False,2022
0,1,0,7.0,14.0,3.0,6.0,4.0,5.0,7.0,21.0,4.0,13.0,6.0,8.0,0.1037407701390187,0.5456852791878173,0.1070777421903422,0.7111111111111111,2.0,1.0,False,2022
0,26,21,10.0,23.0,2.0,7.0,8.0,9.0,9.0,18.0,6.0,11.0,5.0,6.0,0.03385352080281554,0.4945945945945946,0.1592559890360951,0.4511494252873563,2.0,2.0,False,2022
0,29,10,12.0,23.0,4.0,7.0,5.0,6.0,6.0,16.0,3.0,10.0,9.0,10.0,0.0790965606826831,0.5447368421052632,0.019160244260125518,0.35792349726775957,2.0,2.0,True,2022
0,15,4,11.0,18.0,5.0,9.0,4.0,6.0,12.0,20.0,5.0,10.0,6.0,6.0,0.060424113740947805,0.4112676056338028,0.11513389747232179,0.6520681265206812,3.0,1.0,False,2022
0,26,3,12.0,23.0,3.0,7.0,2.0,5.0,9.0,20.0,3.0,5.0,4.0,7.0,0.027082816642252434,0.49326145552560646,0.12953310543504643,0.4048913043478261,1.0,3.0,False,2022
1,7,22,10.0,23.0,2.0,7.0,3.0,3.0,7.0,15.0,3.0,7.0,5.0,7.0,0.17423027839659208,0.464,0.08827363228731666,0.5268817204301075,2.0,2.0,True,2022
1,4,15,12.0,20.0,5.0,10.0,6.0,6.0,11.0,18.0,5.0,9.0,4.0,6.0,0.11513389747232179,0.6520681265206812,0.048339290992758244,0.4101123595505618,1.0,3.0,True,2022
0,22,7,7.0,15.0,3.0,7.0,5.0,7.0,10.0,23.0,2.0,7.0,3.0,3.0,0.08827363228731666,0.5268817204301075,0.17938422271727367,0.4654255319148936,2.0,2.0,False,2022
1,3,26,9.0,20.0,3.0,5.0,4.0,7.0,12.0,23.0,3.0,7.0,2.0,5.0,0.12953310543504643,0.4048913043478261,0.021666253313801946,0.49193548387096775,3.0,1.0,True,2022
0,17,25,8.0,18.0,5.0,9.0,2.0,5.0,13.0,20.0,4.0,15.0,3.0,4.0,0.11880644965852465,0.5440414507772021,0.1044214410325163,0.6212121212121212,2.0,2.0,True,2022
0,27,10,15.0,21.0,2.0,8.0,11.0,13.0,9.0,14.0,3.0,5.0,7.0,8.0,0.07377664074505089,0.3760932944606414,0.019160244260125518,0.35792349726775957,2.0,2.0,False,2022
1,14,2,7.0,17.0,2.0,7.0,5.0,5.0,18.0,28.0,9.0,14.0,6.0,6.0,0.07857007818553773,0.4383561643835616,0.0894121716333518,0.5657894736842105,2.0,2.0,False,2022
0,2,14,18.0,28.0,9.0,14.0,6.0,6.0,7.0,17.0,2.0,7.0,5.0,5.0,0.0894121716333518,0.5657894736842105,0.06285606254843018,0.4371584699453552,2.0,2.0,True,2022
1,13,16,13.0,25.0,2.0,7.0,9.0,12.0,14.0,31.0,1.0,8.0,7.0,10.0,0.13808296093695002,0.46612466124661245,0.14365024708051574,0.4438356164383562,3.0,2.0,True,2022
0,24,28,10.0,18.0,4.0,10.0,7.0,11.0,9.0,24.0,4.0,8.0,7.0,7.0,0.09975579322033272,0.6081081081081081,0.07638311666408718,0.37110481586402266,2.0,3.0,False,2022
1,23,6,8.0,18.0,4.0,8.0,7.0,9.0,11.0,20.0,5.0,10.0,5.0,5.0,0.10389477258001882,0.42120343839541546,0.12793902079550787,0.5080213903743316,4.0,2.0,True,2022
1,10,27,9.0,14.0,3.0,5.0,7.0,8.0,15.0,21.0,2.0,8.0,11.0,13.0,0.019160244260125518,0.35792349726775957,0.05902131259604071,0.375,2.0,2.0,True,2022
1,25,17,13.0,20.0,4.0,15.0,3.0,4.0,8.0,18.0,5.0,9.0,2.0,5.0,0.1044214410325163,0.6212121212121212,0.1350451597268197,0.5452196382428941,2.0,2.0,False,2022
1,28,24,9.0,24.0,4.0,8.0,7.0,7.0,10.0,18.0,4.0,10.0,7.0,11.0,0.07638311666408718,0.37110481586402266,0.07980463457626617,0.6053811659192825,3.0,2.0,True,2022
1,12,29,8.0,18.0,6.0,11.0,5.0,5.0,12.0,22.0,4.0,9.0,8.0,11.0,0.12408490236726388,0.548051948051948,0.10327724854614648,0.5459317585301837,2.0,2.0,True,2022
0,19,20,8.0,15.0,3.0,8.0,6.0,9.0,12.0,19.0,2.0,6.0,9.0,10.0,0.07620265298822962,0.3732193732193732,0.10234933598956239,0.5959595959595959,2.0,2.0,False,2022
0,18,5,16.0,32.0,3.0,5.0,6.0,6.0,11.0,16.0,3.0,7.0,7.0,10.0,0.11431972543411088,0.6122448979591837,0.06409888029061511,0.49453551912568305,2.0,2.0,True,2022
0,29,12,12.0,22.0,4.0,9.0,8.0,11.0,8.0,18.0,6.0,11.0,5.0,5.0,0.10327724854614648,0.5459317585301837,0.1392679218938111,0.5492227979274611,2.0,2.0,False,2022
0,16,13,14.0,31.0,1.0,8.0,7.0,10.0,13.0,25.0,2.0,7.0,9.0,12.0,0.14365024708051574,0.4438356164383562,0.15046636874956004,0.46756756756756757,2.0,3.0,False,2022
0,6,23,11.0,20.0,5.0,10.0,5.0,5.0,8.0,18.0,4.0,8.0,7.0,9.0,0.12793902079550787,0.5080213903743316,0.12311581806401506,0.4228571428571429,2.0,4.0,False,2022
0,9,21,9.0,20.0,8.0,15.0,7.0,9.0,8.0,17.0,2.0,9.0,7.0,7.0,0.11258153266708001,0.39344262295081966,0.1592559890360951,0.4511494252873563,2.0,2.0,True,2022
1,21,9,8.0,17.0,2.0,9.0,7.0,7.0,9.0,20.0,8.0,15.0,7.0,9.0,0.1592559890360951,0.4511494252873563,0.13006522613366403,0.39509536784741145,2.0,2.0,False,2022
1,0,11,7.0,20.0,4.0,13.0,2.0,2.0,7.0,17.0,4.0,7.0,6.0,7.0,0.1070777421903422,0.7111111111111111,0.087881858218502,0.615979381443299,2.0,2.0,True,2022
1,20,19,12.0,19.0,2.0,6.0,9.0,10.0,8.0,15.0,3.0,8.0,6.0,9.0,0.10234933598956239,0.5959595959595959,0.0609621223905837,0.3721590909090909,2.0,2.0,True,2022
0,11,0,7.0,17.0,4.0,7.0,6.0,7.0,7.0,20.0,4.0,13.0,2.0,2.0,0.087881858218502,0.615979381443299,0.12566219375227378,0.717391304347826,2.0,2.0,False,2022
1,5,18,11.0,16.0,3.0,7.0,7.0,10.0,16.0,32.0,3.0,5.0,6.0,6.0,0.06409888029061511,0.49453551912568305,0.13145578034728872,0.6132315521628499,2.0,2.0,False,2022
0,22,8,8.0,21.0,7.0,12.0,4.0,6.0,8.0,14.0,5.0,9.0,9.0,9.0,0.07061890582985333,0.5254691689008043,0.10187945478002973,0.4530386740331492,2.0,4.0,False,2022
1,7,11,14.0,35.0,5.0,13.0,3.0,6.0,9.0,20.0,4.0,11.0,5.0,9.0,0.17938422271727367,0.4654255319148936,0.0703054865748016,0.6143958868894601,2.0,1.0,True,2022
0,11,7,9.0,20.0,4.0,11.0,5.0,9.0,14.0,35.0,5.0,13.0,3.0,6.0,0.0703054865748016,0.6143958868894601,0.18350737817381896,0.46684350132625996,1.0,2.0,False,2022
1,26,27,9.0,17.0,4.0,11.0,11.0,14.0,10.0,19.0,4.0,10.0,8.0,10.0,0.021666253313801946,0.49193548387096775,0.05902131259604071,0.375,2.0,1.0,False,2022
0,28,3,9.0,17.0,4.0,7.0,5.0,10.0,6.0,19.0,6.0,12.0,3.0,7.0,0.10110649333126973,0.3728813559322034,0.14362648434803713,0.4065040650406504,1.0,2.0,False,2022
1,8,22,8.0,14.0,5.0,9.0,9.0,9.0,8.0,21.0,7.0,12.0,4.0,6.0,0.10187945478002973,0.4530386740331492,0.056495124663882665,0.5240641711229946,4.0,2.0,True,2022
1,3,28,6.0,19.0,6.0,12.0,3.0,7.0,9.0,17.0,4.0,7.0,5.0,10.0,0.14362648434803713,0.4065040650406504,0.08088519466501579,0.37183098591549296,2.0,1.0,True,2022
0,27,26,10.0,19.0,4.0,10.0,8.0,10.0,9.0,17.0,4.0,11.0,11.0,14.0,0.05902131259604071,0.375,0.017333002651041558,0.4906166219839142,1.0,2.0,True,2022
0,24,14,10.0,21.0,5.0,9.0,6.0,6.0,8.0,15.0,2.0,7.0,6.0,10.0,0.07980463457626617,0.6053811659192825,0.06285606254843018,0.4371584699453552,2.0,2.0,True,2022
1,14,24,8.0,15.0,2.0,7.0,6.0,10.0,10.0,21.0,5.0,9.0,6.0,6.0,0.06285606254843018,0.4371584699453552,0.10384370766101295,0.6071428571428571,2.0,2.0,False,2022
1,25,21,11.0,21.0,5.0,10.0,5.0,6.0,8.0,16.0,2.0,8.0,8.0,9.0,0.08353715282601304,0.6196473551637279,0.1274047912288761,0.4498567335243553,2.0,2.0,True,2022
1,0,13,8.0,16.0,4.0,10.0,4.0,4.0,7.0,17.0,4.0,7.0,7.0,7.0,0.12566219375227378,0.717391304347826,0.15046636874956004,0.46756756756756757,2.0,2.0,True,2022
1,17,23,8.0,18.0,4.0,13.0,4.0,6.0,14.0,27.0,5.0,13.0,7.0,11.0,0.1350451597268197,0.5452196382428941,0.12311581806401506,0.4228571428571429,2.0,2.0,False,2022
1,18,8,13.0,24.0,3.0,7.0,18.0,20.0,11.0,22.0,5.0,9.0,6.0,7.0,0.13145578034728872,0.6132315521628499,0.12150356382402379,0.45454545454545453,2.0,1.0,True,2022
0,21,25,8.0,16.0,2.0,8.0,8.0,9.0,11.0,21.0,5.0,10.0,5.0,6.0,0.1274047912288761,0.4498567335243553,0.10682972226081042,0.6206030150753769,2.0,2.0,False,2022
0,23,17,14.0,27.0,5.0,13.0,7.0,11.0,8.0,18.0,4.0,13.0,4.0,6.0,0.12311581806401506,0.4228571428571429,0.10803612778145577,0.5438144329896907,2.0,2.0,True,2022
1,1,5,6.0,16.0,2.0,8.0,4.0,6.0,9.0,15.0,4.0,5.0,2.0,2.0,0.08299261611121496,0.5443037974683544,0.05127910423249209,0.49318801089918257,4.0,2.0,False,2022
1,6,29,11.0,24.0,3.0,9.0,9.0,9.0,14.0,21.0,6.0,12.0,3.0,3.0,0.1023512166364063,0.5066666666666667,0.08262179883691718,0.5445026178010471,2.0,2.0,False,2022
0,15,2,4.0,15.0,3.0,9.0,3.0,3.0,14.0,23.0,7.0,14.0,3.0,3.0,0.048339290992758244,0.4101123595505618,0.11152973730668143,0.5672131147540984,3.0,2.0,False,2022
0,13,0,7.0,17.0,4.0,7.0,7.0,7.0,8.0,16.0,4.0,10.0,4.0,4.0,0.15046636874956004,0.46756756756756757,0.14052975500181902,0.723404255319149,2.0,2.0,False,2022
1,19,20,14.0,26.0,6.0,9.0,5.0,5.0,9.0,20.0,3.0,8.0,7.0,7.0,0.0609621223905837,0.3721590909090909,0.12187946879164993,0.5969773299748111,2.0,2.0,False,2022
0,20,19,9.0,20.0,3.0,8.0,7.0,7.0,14.0,26.0,6.0,9.0,5.0,5.0,0.12187946879164993,0.5969773299748111,0.04876969791246696,0.37110481586402266,2.0,2.0,True,2022
0,8,18,11.0,22.0,5.0,9.0,6.0,7.0,13.0,24.0,3.0,7.0,18.0,20.0,0.12150356382402379,0.45454545454545453,0.14516462427783097,0.6142131979695431,1.0,2.0,False,2022
0,29,6,14.0,21.0,6.0,12.0,3.0,3.0,11.0,24.0,3.0,9.0,9.0,9.0,0.08262179883691718,0.5445026178010471,0.08188097330912504,0.5053191489361702,2.0,2.0,True,2022
1,2,15,14.0,23.0,7.0,14.0,3.0,3.0,4.0,15.0,3.0,9.0,3.0,3.0,0.11152973730668143,0.5672131147540984,0.038671432794206595,0.40896358543417366,2.0,3.0,True,2022
0,5,1,9.0,15.0,4.0,5.0,2.0,2.0,6.0,16.0,2.0,8.0,4.0,6.0,0.05127910423249209,0.49318801089918257,0.06639409288897197,0.5429292929292929,2.0,4.0,True,2022
1,3,4,9.0,17.0,6.0,14.0,5.0,7.0,10.0,15.0,3.0,7.0,11.0,12.0,0.1549011874784297,0.4081081081081081,0.13210711797785743,0.6529126213592233,2.0,4.0,True,2022
0,7,11,16.0,28.0,2.0,6.0,9.0,11.0,9.0,19.0,6.0,12.0,7.0,9.0,0.18350737817381896,0.46684350132625996,0.05624438925984128,0.6128205128205129,2.0,2.0,True,2022
1,5,16,8.0,17.0,4.0,9.0,6.0,7.0,15.0,28.0,3.0,5.0,8.0,10.0,0.08102328338599367,0.4945652173913043,0.1149201976644126,0.4426229508196721,1.0,3.0,False,2022
0,16,5,15.0,28.0,3.0,5.0,8.0,10.0,8.0,17.0,4.0,9.0,6.0,7.0,0.1149201976644126,0.4426229508196721,0.06481862670879493,0.4932249322493225,3.0,1.0,True,2022
1,17,13,9.0,17.0,4.0,10.0,7.0,12.0,9.0,18.0,4.0,7.0,5.0,8.0,0.10803612778145577,0.5438144329896907,0.12037309499964803,0.46630727762803237,1.0,1.0,False,2022
1,10,24,9.0,12.0,3.0,6.0,7.0,7.0,6.0,14.0,4.0,7.0,7.0,8.0,0.05532819540810041,0.35967302452316074,0.10384370766101295,0.6071428571428571,3.0,1.0,False,2022
1,12,28,9.0,13.0,7.0,11.0,8.0,9.0,7.0,12.0,3.0,7.0,2.0,4.0,0.1392679218938111,0.5492227979274611,0.08088519466501579,0.37183098591549296,3.0,2.0,True,2022
0,28,12,7.0,12.0,3.0,7.0,2.0,4.0,9.0,13.0,7.0,11.0,8.0,9.0,0.08088519466501579,0.37183098591549296,0.15141433751504887,0.5503875968992248,2.0,3.0,False,2022
1,22,21,8.0,14.0,3.0,7.0,6.0,6.0,12.0,18.0,10.0,15.0,5.0,6.0,0.056495124663882665,0.5240641711229946,0.10192383298310088,0.44857142857142857,2.0,1.0,False,2022
0,13,17,9.0,18.0,4.0,7.0,5.0,8.0,9.0,17.0,4.0,10.0,7.0,12.0,0.12037309499964803,0.46630727762803237,0.08642890222516461,0.5424164524421594,1.0,1.0,True,2022
1,11,7,9.0,19.0,6.0,12.0,7.0,9.0,16.0,28.0,2.0,6.0,9.0,11.0,0.05624438925984128,0.6128205128205129,0.18680590253905513,0.46825396825396826,2.0,2.0,False,2022
0,4,3,10.0,15.0,3.0,7.0,11.0,12.0,9.0,17.0,6.0,14.0,5.0,7.0,0.13210711797785743,0.6529126213592233,0.16392094998274379,0.40970350404312667,4.0,2.0,False,2022
0,15,9,8.0,17.0,4.0,9.0,11.0,12.0,7.0,18.0,3.0,8.0,6.0,7.0,0.038671432794206595,0.40896358543417366,0.13006522613366403,0.39509536784741145,1.0,3.0,False,2022
1,9,15,7.0,18.0,3.0,8.0,6.0,7.0,8.0,17.0,4.0,9.0,11.0,12.0,0.13006522613366403,0.39509536784741145,0.030937146235365275,0.40782122905027934,3.0,1.0,True,2022
0,20,6,8.0,20.0,7.0,10.0,8.0,8.0,8.0,16.0,4.0,8.0,5.0,6.0,0.13750357503331995,0.5979899497487438,0.08188097330912504,0.5053191489361702,1.0,1.0,True,2022
0,24,10,6.0,14.0,4.0,7.0,7.0,8.0,9.0,12.0,3.0,6.0,7.0,7.0,0.10384370766101295,0.6071428571428571,0.04426255632648033,0.358695652173913,1.0,3.0,True,2022
0,25,27,11.0,22.0,6.0,10.0,6.0,9.0,11.0,19.0,2.0,5.0,6.0,7.0,0.10682972226081042,0.6206030150753769,0.08721705007683257,0.37681159420289856,1.0,2.0,False,2022
1,27,25,11.0,19.0,2.0,5.0,6.0,7.0,11.0,22.0,6.0,10.0,6.0,9.0,0.08721705007683257,0.37681159420289856,0.08546377780864833,0.6190476190476191,2.0,1.0,True,2022
1,6,20,8.0,16.0,4.0,8.0,5.0,6.0,8.0,20.0,7.0,10.0,8.0,8.0,0.08188097330912504,0.5053191489361702,0.15000286002665594,0.5989974937343359,1.0,1.0,False,2022
0,21,22,12.0,18.0,10.0,15.0,5.0,6.0,8.0,14.0,3.0,7.0,6.0,6.0,0.10192383298310088,0.44857142857142857,0.04519609973110613,0.5226666666666666,1.0,2.0,True,2022
0,29,18,14.0,21.0,2.0,6.0,4.0,4.0,10.0,20.0,4.0,7.0,8.0,13.0,0.10609743906953376,0.5456919060052219,0.14516462427783097,0.6142131979695431,2.0,2.0,False,2022
1,18,29,10.0,20.0,4.0,7.0,8.0,13.0,14.0,21.0,2.0,6.0,4.0,4.0,0.14516462427783097,0.6142131979695431,0.084877951255627,0.5442708333333334,2.0,2.0,True,2022
1,0,23,10.0,20.0,6.0,10.0,6.0,6.0,12.0,22.0,3.0,11.0,9.0,9.0,0.14052975500181902,0.723404255319149,0.13849265445121203,0.42450142450142453,2.0,2.0,True,2022
0,23,0,12.0,22.0,3.0,11.0,9.0,9.0,10.0,20.0,6.0,10.0,6.0,6.0,0.13849265445121203,0.42450142450142453,0.15242380400145522,0.7291666666666666,2.0,2.0,False,2022
1,12,24,8.0,15.0,7.0,12.0,16.0,16.0,7.0,15.0,5.0,11.0,5.0,6.0,0.15141433751504887,0.5503875968992248,0.12307496612881035,0.6088888888888889,2.0,2.0,True,2022
0,20,8,11.0,19.0,3.0,8.0,4.0,4.0,7.0,14.0,2.0,8.0,8.0,10.0,0.15000286002665594,0.5989974937343359,0.09720285105921903,0.4532967032967033,2.0,3.0,True,2022
1,7,23,10.0,26.0,5.0,10.0,7.0,9.0,9.0,20.0,4.0,11.0,5.0,8.0,0.18680590253905513,0.46825396825396826,0.11079412356096963,0.42329545454545453,2.0,1.0,True,2022
0,23,7,9.0,20.0,4.0,11.0,5.0,8.0,10.0,26.0,5.0,10.0,7.0,9.0,0.11079412356096963,0.42329545454545453,0.18944472203124413,0.46965699208443273,1.0,2.0,False,2022
1,10,19,8.0,15.0,4.0,6.0,8.0,8.0,5.0,17.0,2.0,6.0,6.0,7.0,0.04426255632648033,0.358695652173913,0.04876969791246696,0.37110481586402266,2.0,3.0,True,2022
0,19,10,5.0,17.0,2.0,6.0,6.0,7.0,8.0,15.0,4.0,6.0,8.0,8.0,0.04876969791246696,0.37110481586402266,0.07541004506118426,0.3604336043360434,3.0,2.0,False,2022
1,26,22,10.0,16.0,3.0,9.0,4.0,6.0,9.0,19.0,4.0,7.0,6.0,9.0,0.017333002651041558,0.4906166219839142,0.04519609973110613,0.5226666666666666,4.0,2.0,False,2022
0,22,26,9.0,19.0,4.0,7.0,6.0,9.0,10.0,16.0,3.0,9.0,4.0,6.0,0.04519609973110613,0.5226666666666666,0.013866402120833246,0.4893048128342246,2.0,4.0,True,2022
0,27,5,13.0,23.0,4.0,10.0,8.0,9.0,12.0,24.0,4.0,8.0,4.0,5.0,0.10977364006146603,0.3786127167630058,0.06481862670879493,0.4932249322493225,2.0,2.0,False,2022
1,4,28,12.0,19.0,4.0,9.0,12.0,16.0,10.0,20.0,5.0,12.0,8.0,10.0,0.10568569438228595,0.6513317191283293,0.06470815573201263,0.3707865168539326,2.0,2.0,True,2022
1,8,20,7.0,14.0,2.0,8.0,8.0,10.0,11.0,19.0,3.0,8.0,4.0,4.0,0.09720285105921903,0.4532967032967033,0.16000228802132477,0.6,3.0,2.0,False,2022
0,24,12,7.0,15.0,5.0,11.0,5.0,6.0,8.0,15.0,7.0,12.0,16.0,16.0,0.12307496612881035,0.6088888888888889,0.1611314700120391,0.5515463917525774,2.0,2.0,False,2022
0,28,4,10.0,20.0,5.0,12.0,8.0,10.0,12.0,19.0,4.0,9.0,12.0,16.0,0.06470815573201263,0.3707865168539326,0.12454855550582875,0.6521739130434783,2.0,2.0,False,2022
1,5,27,12.0,24.0,4.0,8.0,4.0,5.0,13.0,23.0,4.0,10.0,8.0,9.0,0.06481862670879493,0.4932249322493225,0.08781891204917283,0.37752161383285304,2.0,2.0,True,2022
1,9,2,8.0,25.0,3.0,9.0,5.0,6.0,9.0,22.0,2.0,9.0,8.0,8.0,0.14405218090693123,0.3967391304347826,0.12922378984534516,0.5686274509803921,2.0,3.0,True,2022
0,29,21,12.0,23.0,3.0,9.0,8.0,10.0,10.0,18.0,4.0,10.0,7.0,8.0,0.084877951255627,0.5442708333333334,0.12153906638648071,0.45014245014245013,1.0,2.0,False,2022
0,2,9,9.0,22.0,2.0,9.0,8.0,8.0,8.0,25.0,3.0,9.0,5.0,6.0,0.12922378984534516,0.5686274509803921,0.15524174472554497,0.3983739837398374,3.0,2.0,False,2022
0,17,1,11.0,20.0,5.0,9.0,9.0,11.0,9.0,17.0,4.0,8.0,7.0,9.0,0.08642890222516461,0.5424164524421594,0.06639409288897197,0.5429292929292929,2.0,3.0,True,2022
1,1,17,9.0,17.0,4.0,8.0,7.0,9.0,11.0,20.0,5.0,9.0,9.0,11.0,0.06639409288897197,0.5429292929292929,0.1091431217801317,0.5435897435897435,3.0,2.0,False,2022
0,11,16,7.0,16.0,4.0,9.0,3.0,4.0,10.0,22.0,3.0,6.0,8.0,13.0,0.04499551140787302,0.6112531969309463,0.1319361581315301,0.444141689373297,2.0,2.0,False,2022
1,21,29,10.0,18.0,4.0,10.0,7.0,8.0,12.0,23.0,3.0,9.0,8.0,10.0,0.12153906638648071,0.45014245014245013,0.0679023610045016,0.5428571428571428,2.0,1.0,True,2022
1,16,11,10.0,22.0,3.0,6.0,8.0,13.0,7.0,16.0,4.0,9.0,3.0,4.0,0.1319361581315301,0.444141689373297,0.035996409126298416,0.6096938775510204,2.0,2.0,True,2022
1,18,15,10.0,18.0,3.0,7.0,14.0,18.0,11.0,19.0,5.0,9.0,11.0,12.0,0.15613169942226476,0.6151898734177215,0.030937146235365275,0.40782122905027934,2.0,3.0,True,2022
0,14,16,11.0,17.0,4.0,8.0,5.0,7.0,15.0,27.0,4.0,8.0,3.0,4.0,0.050284850038744146,0.4359673024523161,0.14554892650522405,0.44565217391304346,4.0,1.0,False,2022
0,15,18,11.0,19.0,5.0,9.0,11.0,12.0,10.0,18.0,3.0,7.0,14.0,18.0,0.030937146235365275,0.40782122905027934,0.16490535953781182,0.6161616161616161,3.0,2.0,False,2022
1,8,2,8.0,11.0,3.0,9.0,4.0,5.0,17.0,26.0,4.0,13.0,5.0,7.0,0.07776228084737521,0.4520547945205479,0.10337903187627613,0.5667752442996743,1.0,1.0,False,2022
0,2,8,17.0,26.0,4.0,13.0,5.0,7.0,8.0,11.0,3.0,9.0,4.0,5.0,0.10337903187627613,0.5667752442996743,0.06220982467790017,0.45081967213114754,1.0,1.0,True,2022
1,12,25,14.0,25.0,5.0,14.0,8.0,11.0,13.0,28.0,5.0,15.0,6.0,6.0,0.1611314700120391,0.5515463917525774,0.08546377780864833,0.6190476190476191,1.0,3.0,False,2022
0,25,12,13.0,28.0,5.0,15.0,6.0,6.0,14.0,25.0,5.0,14.0,8.0,11.0,0.08546377780864833,0.6190476190476191,0.12890517600963128,0.5501285347043702,3.0,1.0,True,2022
0,6,0,9.0,21.0,6.0,12.0,11.0,12.0,10.0,18.0,4.0,10.0,6.0,6.0,0.06550477864730003,0.5039787798408488,0.15242380400145522,0.7291666666666666,3.0,2.0,False,2022
1,16,14,15.0,27.0,4.0,8.0,3.0,4.0,11.0,17.0,4.0,8.0,5.0,7.0,0.14554892650522405,0.44565217391304346,0.04022788003099532,0.43478260869565216,1.0,4.0,True,2022
1,0,6,10.0,18.0,4.0,10.0,6.0,6.0,9.0,21.0,6.0,12.0,11.0,12.0,0.15242380400145522,0.7291666666666666,0.05240382291784003,0.5026455026455027,2.0,3.0,True,2022
1,13,22,12.0,21.0,6.0,9.0,4.0,7.0,9.0,17.0,3.0,7.0,4.0,6.0,0.13629847599971842,0.46774193548387094,0.0761568797848849,0.523936170212766,3.0,1.0,True,2022
0,22,13,9.0,17.0,3.0,7.0,4.0,6.0,12.0,21.0,6.0,9.0,4.0,7.0,0.0761568797848849,0.523936170212766,0.14903878079977476,0.4691689008042895,1.0,3.0,False,2022
1,7,5,12.0,24.0,4.0,9.0,3.0,4.0,10.0,21.0,6.0,9.0,2.0,3.0,0.18944472203124413,0.46965699208443273,0.09185490136703596,0.4945945945945946,2.0,2.0,True,2022
0,5,7,10.0,21.0,6.0,9.0,2.0,3.0,12.0,24.0,4.0,9.0,3.0,4.0,0.09185490136703596,0.4945945945945946,0.1915557776249953,0.4710526315789474,2.0,2.0,False,2022
1,10,13,9.0,16.0,3.0,6.0,4.0,5.0,13.0,22.0,4.0,9.0,4.0,6.0,0.07541004506118426,0.3604336043360434,0.14903878079977476,0.4691689008042895,2.0,1.0,True,2022
0,13,10,13.0,22.0,4.0,9.0,4.0,6.0,9.0,16.0,3.0,6.0,4.0,5.0,0.14903878079977476,0.4691689008042895,0.10032803604894742,0.3621621621621622,1.0,2.0,False,2022
1,23,11,10.0,17.0,3.0,9.0,8.0,9.0,8.0,17.0,4.0,9.0,5.0,6.0,0.0886352988487757,0.42209631728045327,0.035996409126298416,0.6096938775510204,2.0,2.0,True,2022
1,4,20,9.0,19.0,2.0,5.0,10.0,15.0,10.0,17.0,4.0,8.0,2.0,4.0,0.12454855550582875,0.6521739130434783,0.16000228802132477,0.6,2.0,2.0,False,2022
0,3,19,9.0,18.0,5.0,10.0,7.0,9.0,11.0,21.0,3.0,9.0,6.0,8.0,0.16392094998274379,0.40970350404312667,0.03901575832997357,0.3700564971751412,4.0,2.0,False,2022
0,11,23,8.0,17.0,4.0,9.0,5.0,6.0,10.0,17.0,3.0,9.0,8.0,9.0,0.035996409126298416,0.6096938775510204,0.11090823907902056,0.423728813559322,2.0,2.0,False,2022
1,27,17,11.0,18.0,3.0,9.0,5.0,5.0,13.0,23.0,5.0,10.0,4.0,6.0,0.08781891204917283,0.37752161383285304,0.1091431217801317,0.5435897435897435,2.0,2.0,True,2022
0,17,27,13.0,23.0,5.0,10.0,4.0,6.0,11.0,18.0,3.0,9.0,5.0,5.0,0.1091431217801317,0.5435897435897435,0.11025512963933826,0.3793103448275862,2.0,2.0,False,2022
1,9,29,12.0,22.0,4.0,10.0,8.0,11.0,12.0,20.0,8.0,14.0,6.0,9.0,0.15524174472554497,0.3983739837398374,0.0679023610045016,0.5428571428571428,2.0,2.0,True,2022
0,29,9,12.0,20.0,8.0,14.0,6.0,9.0,12.0,22.0,4.0,10.0,8.0,11.0,0.0679023610045016,0.5428571428571428,0.16419339578043596,0.4,2.0,2.0,False,2022
1,19,3,11.0,21.0,3.0,9.0,6.0,8.0,9.0,18.0,5.0,10.0,7.0,9.0,0.03901575832997357,0.3700564971751412,0.13113675998619503,0.40860215053763443,2.0,4.0,True,2022
0,24,21,8.0,14.0,3.0,6.0,3.0,4.0,8.0,19.0,2.0,9.0,6.0,8.0,0.09845997290304828,0.6061946902654868,0.13723125310918455,0.45170454545454547,2.0,2.0,True,2022
1,21,24,8.0,19.0,2.0,9.0,6.0,8.0,8.0,14.0,3.0,6.0,3.0,4.0,0.13723125310918455,0.45170454545454547,0.11876797832243864,0.6079295154185022,2.0,2.0,False,2022
0,20,4,10.0,17.0,4.0,8.0,2.0,4.0,9.0,19.0,2.0,5.0,10.0,15.0,0.16000228802132477,0.6,0.099638844404663,0.6506024096385542,2.0,2.0,True,2022
0,15,28,8.0,17.0,3.0,12.0,5.0,7.0,7.0,14.0,4.0,8.0,5.0,6.0,0.02474971698829222,0.40668523676880225,0.05176652458561011,0.3697478991596639,2.0,3.0,False,2022
0,0,1,13.0,23.0,7.0,14.0,7.0,8.0,8.0,16.0,5.0,10.0,6.0,6.0,0.16193904320116417,0.7346938775510204,0.053115274311177574,0.5415617128463476,2.0,3.0,True,2022
1,18,16,13.0,25.0,2.0,8.0,6.0,7.0,15.0,30.0,5.0,9.0,7.0,10.0,0.16490535953781182,0.6161616161616161,0.15643914120417926,0.44715447154471544,2.0,2.0,True,2022
0,16,18,15.0,30.0,5.0,9.0,7.0,10.0,13.0,25.0,2.0,8.0,6.0,7.0,0.15643914120417926,0.44715447154471544,0.17192428763024944,0.6171284634760705,2.0,2.0,False,2022
1,26,17,6.0,16.0,3.0,8.0,4.0,4.0,10.0,17.0,3.0,12.0,2.0,3.0,0.013866402120833246,0.4893048128342246,0.08731449742410537,0.5421994884910486,3.0,1.0,True,2022
0,17,26,10.0,17.0,3.0,12.0,2.0,3.0,6.0,16.0,3.0,8.0,4.0,4.0,0.08731449742410537,0.5421994884910486,0.0510931216966666,0.49066666666666664,1.0,3.0,False,2022
1,28,15,7.0,14.0,4.0,8.0,5.0,6.0,8.0,17.0,3.0,12.0,5.0,7.0,0.05176652458561011,0.3697478991596639,0.019799773590633778,0.40555555555555556,3.0,2.0,True,2022
0,24,22,9.0,18.0,5.0,11.0,4.0,4.0,12.0,19.0,4.0,7.0,4.0,6.0,0.11876797832243864,0.6079295154185022,0.06092550382790792,0.5225464190981433,1.0,2.0,False,2022
1,3,8,8.0,16.0,3.0,8.0,4.0,4.0,9.0,15.0,3.0,11.0,5.0,6.0,0.13113675998619503,0.40860215053763443,0.06220982467790017,0.45081967213114754,1.0,2.0,True,2022
0,8,3,9.0,15.0,3.0,11.0,5.0,6.0,8.0,16.0,3.0,8.0,4.0,4.0,0.06220982467790017,0.45081967213114754,0.14490940798895602,0.4101876675603217,2.0,1.0,False,2022
1,2,12,11.0,19.0,4.0,9.0,4.0,6.0,9.0,19.0,9.0,17.0,2.0,3.0,0.1227032255010209,0.5681818181818182,0.12890517600963128,0.5501285347043702,2.0,2.0,True,2022
0,12,2,9.0,19.0,9.0,17.0,2.0,3.0,11.0,19.0,4.0,9.0,4.0,6.0,0.12890517600963128,0.5501285347043702,0.13816258040081672,0.56957928802589,2.0,2.0,False,2022
1,9,25,9.0,16.0,5.0,11.0,4.0,4.0,10.0,22.0,9.0,15.0,6.0,8.0,0.16419339578043596,0.4,0.10837102224691866,0.62,1.0,2.0,False,2022
0,25,9,10.0,22.0,9.0,15.0,6.0,8.0,9.0,16.0,5.0,11.0,4.0,4.0,0.10837102224691866,0.62,0.13135471662434878,0.39892183288409705,2.0,1.0,True,2022
1,1,0,8.0,16.0,5.0,10.0,6.0,6.0,13.0,23.0,7.0,14.0,7.0,8.0,0.053115274311177574,0.5415617128463476,0.16955123456093132,0.74,3.0,2.0,False,2022
1,22,24,12.0,19.0,4.0,7.0,4.0,6.0,9.0,18.0,5.0,11.0,4.0,4.0,0.06092550382790792,0.5225464190981433,0.09501438265795091,0.6052631578947368,2.0,1.0,True,2022
1,23,20,8.0,12.0,6.0,9.0,7.0,8.0,6.0,12.0,3.0,7.0,8.0,9.0,0.11090823907902056,0.423728813559322,0.1680018304170598,0.600997506234414,2.0,2.0,True,2022
1,25,12,11.0,20.0,6.0,10.0,9.0,11.0,13.0,17.0,3.0,7.0,10.0,10.0,0.12669681779753492,0.6209476309226932,0.10312414080770502,0.5487179487179488,1.0,1.0,True,2022
0,12,25,13.0,17.0,3.0,7.0,10.0,10.0,11.0,20.0,6.0,10.0,9.0,11.0,0.10312414080770502,0.5487179487179488,0.14135745423802795,0.6218905472636815,1.0,1.0,False,2022
1,5,0,12.0,21.0,4.0,7.0,2.0,4.0,9.0,24.0,6.0,13.0,9.0,9.0,0.07348392109362877,0.49326145552560646,0.16955123456093132,0.74,2.0,1.0,False,2022
0,0,5,9.0,24.0,6.0,13.0,9.0,9.0,12.0,21.0,4.0,7.0,2.0,4.0,0.16955123456093132,0.74,0.058787136874903015,0.49193548387096775,1.0,2.0,True,2022
1,7,6,13.0,23.0,4.0,8.0,9.0,9.0,10.0,20.0,3.0,8.0,7.0,9.0,0.1915557776249953,0.4710526315789474,0.05240382291784003,0.5026455026455027,2.0,3.0,True,2022
0,6,7,10.0,20.0,3.0,8.0,7.0,9.0,13.0,23.0,4.0,8.0,9.0,9.0,0.05240382291784003,0.5026455026455027,0.19324462209999624,0.47244094488188976,3.0,2.0,False,2022
0,10,27,11.0,16.0,3.0,6.0,4.0,4.0,12.0,20.0,3.0,5.0,8.0,8.0,0.10032803604894742,0.3621621621621622,0.11025512963933826,0.3793103448275862,2.0,2.0,False,2022
0,14,4,9.0,19.0,3.0,8.0,4.0,6.0,14.0,21.0,4.0,7.0,5.0,5.0,0.04022788003099532,0.43478260869565216,0.099638844404663,0.6506024096385542,3.0,2.0,False,2022
1,19,8,7.0,14.0,3.0,7.0,3.0,3.0,8.0,18.0,2.0,6.0,9.0,10.0,0.07121260666397886,0.37183098591549296,0.049767859742320134,0.44959128065395093,2.0,1.0,False,2022
0,8,19,8.0,18.0,2.0,6.0,9.0,10.0,7.0,14.0,3.0,7.0,3.0,3.0,0.049767859742320134,0.44959128065395093,0.056970085331183085,0.3707865168539326,1.0,2.0,True,2022
1,27,10,12.0,20.0,3.0,5.0,8.0,8.0,11.0,16.0,3.0,6.0,4.0,4.0,0.11025512963933826,0.3793103448275862,0.08026242883915793,0.3611859838274933,2.0,2.0,True,2022
1,4,14,14.0,21.0,4.0,7.0,5.0,5.0,9.0,19.0,3.0,8.0,4.0,6.0,0.099638844404663,0.6506024096385542,0.03218230402479626,0.43360433604336046,2.0,3.0,True,2022
0,20,23,6.0,12.0,3.0,7.0,8.0,9.0,8.0,12.0,6.0,9.0,7.0,8.0,0.1680018304170598,0.600997506234414,0.12872659126321645,0.4253521126760563,2.0,2.0,False,2022
0,16,28,9.0,27.0,4.0,11.0,6.0,8.0,11.0,18.0,8.0,12.0,8.0,11.0,0.12515131296334342,0.44594594594594594,0.0814132196684881,0.3715083798882682,2.0,2.0,True,2022
1,15,6,8.0,19.0,3.0,9.0,4.0,5.0,9.0,15.0,4.0,8.0,5.0,7.0,0.019799773590633778,0.40555555555555556,0.041923058334272026,0.5013192612137203,2.0,1.0,True,2022
0,20,11,10.0,16.0,4.0,5.0,2.0,3.0,6.0,16.0,3.0,5.0,5.0,7.0,0.13440146433364783,0.599502487562189,0.028797127301038734,0.6081424936386769,1.0,3.0,False,2022
1,11,20,6.0,16.0,3.0,5.0,5.0,7.0,10.0,16.0,4.0,5.0,2.0,3.0,0.028797127301038734,0.6081424936386769,0.10752117146691827,0.598014888337469,3.0,1.0,True,2022
0,6,15,9.0,15.0,4.0,8.0,5.0,7.0,8.0,19.0,3.0,9.0,4.0,5.0,0.041923058334272026,0.5013192612137203,0.05583981887250702,0.407202216066482,1.0,2.0,False,2022
1,18,14,11.0,27.0,3.0,6.0,5.0,8.0,10.0,19.0,4.0,6.0,5.0,6.0,0.17192428763024944,0.6171284634760705,0.03218230402479626,0.43360433604336046,2.0,1.0,False,2022
0,14,18,10.0,19.0,4.0,6.0,5.0,6.0,11.0,27.0,3.0,6.0,5.0,8.0,0.03218230402479626,0.43360433604336046,0.13753943010419956,0.6155778894472361,1.0,2.0,True,2022
1,29,17,10.0,18.0,5.0,8.0,10.0,14.0,10.0,20.0,5.0,11.0,5.0,6.0,0.05432188880360128,0.5414507772020726,0.06985159793928429,0.5408163265306123,3.0,2.0,True,2022
1,28,16,11.0,18.0,8.0,12.0,8.0,11.0,9.0,27.0,4.0,11.0,6.0,8.0,0.0814132196684881,0.3715083798882682,0.14012105037067474,0.4474393530997305,2.0,2.0,False,2022
1,22,10,10.0,24.0,5.0,9.0,5.0,8.0,7.0,16.0,6.0,11.0,9.0,10.0,0.08874040306232633,0.5238095238095238,0.08026242883915793,0.3611859838274933,2.0,1.0,False,2022
0,10,22,7.0,16.0,6.0,11.0,9.0,10.0,10.0,24.0,5.0,9.0,5.0,8.0,0.08026242883915793,0.3611859838274933,0.07099232244986106,0.5224274406332454,1.0,2.0,True,2022
1,2,21,8.0,16.0,6.0,8.0,6.0,6.0,12.0,24.0,4.0,10.0,10.0,13.0,0.13816258040081672,0.56957928802589,0.10978500248734764,0.45042492917847027,2.0,3.0,True,2022
1,1,3,7.0,14.0,3.0,10.0,6.0,7.0,12.0,20.0,3.0,7.0,5.0,9.0,0.04249221944894206,0.5402010050251256,0.14490940798895602,0.4101876675603217,2.0,2.0,True,2022
0,3,1,12.0,20.0,3.0,7.0,5.0,9.0,7.0,14.0,3.0,10.0,6.0,7.0,0.14490940798895602,0.4101876675603217,0.07399377555915365,0.5413533834586466,2.0,2.0,False,2022
1,13,26,16.0,33.0,5.0,13.0,3.0,4.0,9.0,17.0,6.0,10.0,7.0,8.0,0.1192310246398198,0.4679144385026738,0.0510931216966666,0.49066666666666664,3.0,2.0,False,2022
0,26,13,9.0,17.0,6.0,10.0,7.0,8.0,16.0,33.0,5.0,13.0,3.0,4.0,0.0510931216966666,0.49066666666666664,0.09538481971185583,0.4666666666666667,2.0,3.0,True,2022
0,17,29,10.0,20.0,5.0,11.0,5.0,6.0,10.0,18.0,5.0,8.0,10.0,14.0,0.06985159793928429,0.5408163265306123,0.08345751104288102,0.5426356589147286,2.0,3.0,False,2022
0,21,2,12.0,24.0,4.0,10.0,10.0,13.0,8.0,16.0,6.0,8.0,6.0,6.0,0.10978500248734764,0.45042492917847027,0.15053006432065338,0.5709677419354838,3.0,2.0,False,2022
0,29,24,12.0,24.0,3.0,8.0,6.0,7.0,11.0,20.0,6.0,7.0,2.0,4.0,0.08345751104288102,0.5426356589147286,0.09501438265795091,0.6052631578947368,1.0,3.0,False,2022
1,25,27,9.0,22.0,5.0,9.0,6.0,7.0,13.0,21.0,4.0,8.0,14.0,14.0,0.14135745423802795,0.6218905472636815,0.1282041037114706,0.38108882521489973,2.0,2.0,True,2022
0,27,25,13.0,21.0,4.0,8.0,14.0,14.0,9.0,22.0,5.0,9.0,6.0,7.0,0.1282041037114706,0.38108882521489973,0.15308596339042235,0.6228287841191067,2.0,2.0,False,2022
1,5,12,7.0,13.0,4.0,8.0,6.0,8.0,11.0,20.0,4.0,8.0,4.0,6.0,0.058787136874903015,0.49193548387096775,0.08249931264616402,0.5473145780051151,2.0,2.0,False,2022
0,12,5,11.0,20.0,4.0,8.0,4.0,6.0,7.0,13.0,4.0,8.0,6.0,8.0,0.08249931264616402,0.5473145780051151,0.04702970949992241,0.4906166219839142,2.0,2.0,True,2022
1,24,29,11.0,20.0,6.0,7.0,2.0,4.0,12.0,24.0,3.0,8.0,6.0,7.0,0.09501438265795091,0.6052631578947368,0.06676600883430481,0.5412371134020618,3.0,1.0,True,2022
1,0,15,8.0,12.0,7.0,9.0,4.0,6.0,11.0,17.0,3.0,6.0,8.0,9.0,0.17564098764874508,0.7450980392156863,0.05583981887250702,0.407202216066482,2.0,1.0,True,2022
0,15,0,11.0,17.0,3.0,6.0,8.0,9.0,8.0,12.0,7.0,9.0,4.0,6.0,0.05583981887250702,0.407202216066482,0.18051279011899607,0.75,1.0,2.0,False,2022
1,19,23,8.0,21.0,5.0,11.0,7.0,8.0,9.0,21.0,5.0,9.0,9.0,10.0,0.056970085331183085,0.3707865168539326,0.12872659126321645,0.4253521126760563,2.0,2.0,False,2022
0,23,19,9.0,21.0,5.0,9.0,9.0,10.0,8.0,21.0,5.0,11.0,7.0,8.0,0.12872659126321645,0.4253521126760563,0.045576068264946465,0.3697478991596639,2.0,2.0,True,2022
1,9,7,16.0,25.0,6.0,10.0,5.0,7.0,13.0,27.0,3.0,8.0,5.0,7.0,0.13135471662434878,0.39892183288409705,0.19324462209999624,0.47244094488188976,3.0,2.0,True,2022
0,7,9,13.0,27.0,3.0,8.0,5.0,7.0,16.0,25.0,6.0,10.0,5.0,7.0,0.19324462209999624,0.47244094488188976,0.14508377329947902,0.40053763440860213,2.0,3.0,False,2022
0,3,21,12.0,20.0,6.0,14.0,5.0,7.0,9.0,21.0,4.0,14.0,3.0,3.0,0.11592752639116481,0.4090909090909091,0.08782800198987811,0.4491525423728814,2.0,2.0,True,2022
0,6,11,11.0,20.0,3.0,8.0,5.0,6.0,8.0,14.0,6.0,7.0,5.0,5.0,0.03353844666741762,0.5,0.06303770184083099,0.6091370558375635,2.0,2.0,False,2022
1,25,9,11.0,18.0,5.0,10.0,8.0,9.0,10.0,20.0,4.0,9.0,7.0,8.0,0.15308596339042235,0.6228287841191067,0.14508377329947902,0.40053763440860213,1.0,1.0,True,2022
0,9,25,10.0,20.0,4.0,9.0,7.0,8.0,11.0,18.0,5.0,10.0,8.0,9.0,0.14508377329947902,0.40053763440860213,0.1624687707123379,0.6237623762376238,1.0,1.0,False,2022
1,5,1,11.0,17.0,5.0,6.0,5.0,5.0,7.0,15.0,3.0,5.0,7.0,8.0,0.04702970949992241,0.4906166219839142,0.07399377555915365,0.5413533834586466,1.0,2.0,True,2022
0,1,5,7.0,15.0,3.0,5.0,7.0,8.0,11.0,17.0,5.0,6.0,5.0,5.0,0.07399377555915365,0.5413533834586466,0.07762376759993793,0.4919786096256685,2.0,1.0,False,2022
1,17,26,9.0,24.0,3.0,9.0,4.0,5.0,7.0,17.0,4.0,9.0,5.0,8.0,0.055881278351427435,0.539440203562341,0.08087449735733328,0.4920212765957447,2.0,2.0,False,2022
0,26,17,7.0,17.0,4.0,9.0,5.0,8.0,9.0,24.0,3.0,9.0,4.0,5.0,0.08087449735733328,0.4920212765957447,0.044705022681141945,0.5380710659898477,2.0,2.0,True,2022
1,22,27,19.0,26.0,3.0,8.0,3.0,3.0,16.0,26.0,2.0,8.0,9.0,9.0,0.07099232244986106,0.5224274406332454,0.10256328296917647,0.38,2.0,1.0,False,2022
1,19,2,8.0,17.0,4.0,7.0,5.0,6.0,9.0,21.0,4.0,9.0,6.0,6.0,0.045576068264946465,0.3697478991596639,0.15053006432065338,0.5709677419354838,1.0,2.0,False,2022
1,20,8,8.0,15.0,5.0,8.0,8.0,8.0,9.0,20.0,3.0,5.0,7.0,7.0,0.10752117146691827,0.598014888337469,0.0798142877938561,0.45108695652173914,2.0,3.0,False,2022
0,8,20,9.0,20.0,3.0,5.0,7.0,7.0,8.0,15.0,5.0,8.0,8.0,8.0,0.0798142877938561,0.45108695652173914,0.08601693717353462,0.5965346534653465,3.0,2.0,True,2022
1,13,18,13.0,28.0,4.0,11.0,6.0,9.0,7.0,17.0,3.0,6.0,11.0,14.0,0.09538481971185583,0.4666666666666667,0.13753943010419956,0.6155778894472361,2.0,2.0,True,2022
0,18,13,7.0,17.0,3.0,6.0,11.0,14.0,13.0,28.0,4.0,11.0,6.0,9.0,0.13753943010419956,0.6155778894472361,0.11630785576948469,0.46808510638297873,2.0,2.0,False,2022
1,21,3,9.0,21.0,4.0,14.0,3.0,3.0,12.0,20.0,6.0,14.0,5.0,7.0,0.08782800198987811,0.4491525423728814,0.13274202111293185,0.4106666666666667,2.0,2.0,False,2022
0,27,22,16.0,26.0,2.0,8.0,9.0,9.0,19.0,26.0,3.0,8.0,3.0,3.0,0.10256328296917647,0.38,0.05679385795988885,0.5210526315789473,1.0,2.0,True,2022
0,2,19,9.0,21.0,4.0,9.0,6.0,6.0,8.0,17.0,4.0,7.0,5.0,6.0,0.15053006432065338,0.5709677419354838,0.03646085461195717,0.3687150837988827,2.0,1.0,True,2022
1,11,6,8.0,14.0,6.0,7.0,5.0,5.0,11.0,20.0,3.0,8.0,5.0,6.0,0.06303770184083099,0.6091370558375635,0.026830757333934096,0.49868766404199477,2.0,2.0,True,2022
0,7,14,8.0,14.0,2.0,6.0,4.0,5.0,5.0,12.0,1.0,5.0,5.0,5.0,0.15459569767999698,0.4712041884816754,0.065745843219837,0.43513513513513513,2.0,3.0,True,2022
0,16,10,14.0,21.0,4.0,9.0,5.0,7.0,8.0,14.0,3.0,6.0,4.0,6.0,0.14012105037067474,0.4474393530997305,0.10420994307132633,0.3629032258064516,3.0,3.0,True,2022
1,17,4,7.0,18.0,5.0,13.0,5.0,6.0,11.0,13.0,6.0,8.0,11.0,15.0,0.044705022681141945,0.5380710659898477,0.11971107552373039,0.6514423076923077,1.0,4.0,False,2022
1,14,7,5.0,12.0,1.0,5.0,5.0,5.0,8.0,14.0,2.0,6.0,4.0,5.0,0.065745843219837,0.43513513513513513,0.16367655814399762,0.4725848563968668,3.0,2.0,False,2022
1,15,26,8.0,17.0,4.0,9.0,6.0,9.0,10.0,19.0,3.0,9.0,5.0,6.0,0.044671855098005614,0.40607734806629836,0.10469959788586662,0.493368700265252,2.0,1.0,True,2022
0,26,15,10.0,19.0,3.0,9.0,5.0,6.0,8.0,17.0,4.0,9.0,6.0,9.0,0.10469959788586662,0.493368700265252,0.0757374840784045,0.40771349862258954,1.0,2.0,False,2022
1,10,16,8.0,14.0,3.0,6.0,4.0,6.0,14.0,21.0,4.0,9.0,5.0,7.0,0.10420994307132633,0.3629032258064516,0.15209684029653978,0.4489247311827957,3.0,3.0,False,2022
0,12,21,10.0,21.0,5.0,8.0,7.0,7.0,6.0,15.0,3.0,9.0,2.0,4.0,0.10599945011693121,0.548469387755102,0.07026240159190249,0.447887323943662,2.0,1.0,True,2022
1,21,12,6.0,15.0,3.0,9.0,2.0,4.0,10.0,21.0,5.0,8.0,7.0,7.0,0.07026240159190249,0.447887323943662,0.12479956009354498,0.549618320610687,1.0,2.0,False,2022
1,29,28,13.0,24.0,4.0,8.0,5.0,7.0,13.0,28.0,4.0,10.0,8.0,10.0,0.06676600883430481,0.5412371134020618,0.06513057573479047,0.37047353760445684,2.0,3.0,True,2022
0,28,29,13.0,28.0,4.0,10.0,8.0,10.0,13.0,24.0,4.0,8.0,5.0,7.0,0.06513057573479047,0.37047353760445684,0.09341280706744384,0.5424164524421594,3.0,2.0,False,2022
0,4,17,11.0,13.0,6.0,8.0,11.0,15.0,7.0,18.0,5.0,13.0,5.0,6.0,0.11971107552373039,0.6514423076923077,0.035764018144913555,0.5367088607594936,4.0,1.0,True,2022
0,4,24,11.0,16.0,6.0,9.0,10.0,12.0,9.0,16.0,5.0,8.0,6.0,7.0,0.1357688604189843,0.6522781774580336,0.11601150612636073,0.6069868995633187,1.0,3.0,True,2022
1,24,4,9.0,16.0,5.0,8.0,6.0,7.0,11.0,16.0,6.0,9.0,10.0,12.0,0.11601150612636073,0.6069868995633187,0.14861508833518744,0.65311004784689,3.0,1.0,False,2022
0,8,1,12.0,21.0,3.0,7.0,7.0,10.0,8.0,15.0,5.0,9.0,4.0,4.0,0.10385143023508489,0.45257452574525747,0.05919502044732292,0.54,2.0,2.0,True,2022
0,2,10,10.0,22.0,4.0,9.0,5.0,5.0,6.0,13.0,2.0,4.0,7.0,7.0,0.16042405145652272,0.572347266881029,0.08336795445706106,0.36193029490616624,2.0,1.0,True,2022
0,6,20,10.0,26.0,5.0,12.0,4.0,6.0,12.0,15.0,2.0,7.0,5.0,6.0,0.026830757333934096,0.49868766404199477,0.08601693717353462,0.5965346534653465,2.0,2.0,False,2022
0,19,23,7.0,16.0,6.0,11.0,4.0,5.0,11.0,18.0,5.0,9.0,7.0,9.0,0.03646085461195717,0.3687150837988827,0.14298127301057317,0.42696629213483145,2.0,3.0,False,2022
1,1,8,8.0,15.0,5.0,9.0,4.0,4.0,12.0,21.0,3.0,7.0,7.0,10.0,0.05919502044732292,0.54,0.12308114418806793,0.4540540540540541,2.0,2.0,False,2022
1,10,2,6.0,13.0,2.0,4.0,7.0,7.0,10.0,22.0,4.0,9.0,5.0,5.0,0.08336795445706106,0.36193029490616624,0.16833924116521817,0.5737179487179487,1.0,2.0,False,2022
1,13,9,9.0,17.0,6.0,10.0,5.0,6.0,10.0,20.0,3.0,8.0,6.0,7.0,0.11630785576948469,0.46808510638297873,0.11606701863958321,0.39946380697050937,2.0,2.0,True,2022
1,3,22,8.0,16.0,4.0,10.0,5.0,9.0,7.0,15.0,2.0,7.0,6.0,6.0,0.13274202111293185,0.4106666666666667,0.05679385795988885,0.5210526315789473,2.0,2.0,True,2022
0,22,3,7.0,15.0,2.0,7.0,6.0,6.0,8.0,16.0,4.0,10.0,5.0,9.0,0.05679385795988885,0.5210526315789473,0.1461936168903455,0.4122340425531915,2.0,2.0,False,2022
1,27,18,18.0,30.0,2.0,7.0,9.0,11.0,14.0,23.0,3.0,5.0,10.0,11.0,0.12205062637534118,0.3817663817663818,0.11003154408335965,0.6140350877192983,2.0,2.0,False,2022
0,9,13,10.0,20.0,3.0,8.0,6.0,7.0,9.0,17.0,6.0,10.0,5.0,6.0,0.11606701863958321,0.39946380697050937,0.13304628461558773,0.46949602122015915,2.0,2.0,False,2022
1,23,19,11.0,18.0,5.0,9.0,7.0,9.0,7.0,16.0,6.0,11.0,4.0,5.0,0.14298127301057317,0.42696629213483145,0.02916868368956574,0.36768802228412256,3.0,2.0,True,2022
0,18,27,14.0,23.0,3.0,5.0,10.0,11.0,18.0,30.0,2.0,7.0,9.0,11.0,0.11003154408335965,0.6140350877192983,0.09764050110027295,0.3806818181818182,2.0,2.0,True,2022
1,20,6,12.0,15.0,2.0,7.0,5.0,6.0,10.0,26.0,5.0,12.0,4.0,6.0,0.08601693717353462,0.5965346534653465,0.021464605867147275,0.4973821989528796,2.0,2.0,True,2022
1,26,0,9.0,21.0,3.0,12.0,5.0,7.0,6.0,15.0,4.0,10.0,6.0,7.0,0.0837596783086933,0.49206349206349204,0.18051279011899607,0.75,2.0,4.0,False,2022
0,28,11,10.0,25.0,4.0,8.0,8.0,12.0,13.0,26.0,3.0,10.0,6.0,6.0,0.05210446058783238,0.36944444444444446,0.09043016147266479,0.610126582278481,2.0,3.0,False,2022
1,14,12,9.0,15.0,2.0,6.0,5.0,6.0,7.0,13.0,4.0,9.0,7.0,8.0,0.0525966745758696,0.4339622641509434,0.12479956009354498,0.549618320610687,2.0,2.0,False,2022
0,12,14,7.0,13.0,4.0,9.0,7.0,8.0,9.0,15.0,2.0,6.0,5.0,6.0,0.12479956009354498,0.549618320610687,0.04207733966069568,0.4327956989247312,2.0,2.0,True,2022
1,11,28,13.0,26.0,3.0,10.0,6.0,6.0,10.0,25.0,4.0,8.0,8.0,12.0,0.09043016147266479,0.610126582278481,0.0416835684702659,0.3684210526315789,3.0,2.0,True,2022
0,7,27,14.0,23.0,5.0,10.0,5.0,6.0,16.0,27.0,4.0,7.0,10.0,10.0,0.16367655814399762,0.4725848563968668,0.09764050110027295,0.3806818181818182,2.0,1.0,True,2022
0,25,21,10.0,18.0,6.0,11.0,6.0,7.0,8.0,19.0,4.0,11.0,7.0,7.0,0.1624687707123379,0.6237623762376238,0.05620992127352199,0.44662921348314605,3.0,2.0,True,2022
1,27,7,16.0,27.0,4.0,7.0,10.0,10.0,14.0,23.0,5.0,10.0,5.0,6.0,0.09764050110027295,0.3806818181818182,0.1709412465151981,0.4739583333333333,1.0,2.0,False,2022
0,0,26,6.0,15.0,4.0,10.0,6.0,7.0,9.0,21.0,3.0,12.0,5.0,7.0,0.18051279011899607,0.75,0.06700774264695464,0.49076517150395776,4.0,2.0,True,2022
1,21,25,8.0,19.0,4.0,11.0,7.0,7.0,10.0,18.0,6.0,11.0,6.0,7.0,0.05620992127352199,0.44662921348314605,0.16997501656987032,0.6246913580246913,2.0,3.0,False,2022
0,1,8,9.0,16.0,7.0,12.0,8.0,10.0,11.0,17.0,3.0,9.0,6.0,6.0,0.04735601635785834,0.5386533665835411,0.12308114418806793,0.4540540540540541,2.0,2.0,False,2022
0,23,15,10.0,15.0,7.0,8.0,3.0,4.0,11.0,22.0,4.0,7.0,12.0,12.0,0.15438501840845853,0.42857142857142855,0.0757374840784045,0.40771349862258954,2.0,3.0,True,2022
1,17,10,7.0,17.0,3.0,9.0,6.0,8.0,9.0,18.0,5.0,9.0,2.0,2.0,0.035764018144913555,0.5367088607594936,0.06669436356564885,0.3609625668449198,3.0,2.0,False,2022
0,24,16,7.0,14.0,3.0,5.0,5.0,7.0,12.0,19.0,2.0,5.0,9.0,9.0,0.09280920490108859,0.6043478260869565,0.15209684029653978,0.4489247311827957,2.0,3.0,False,2022
0,10,17,9.0,18.0,5.0,9.0,2.0,2.0,7.0,17.0,3.0,9.0,6.0,8.0,0.06669436356564885,0.3609625668449198,0.028611214515930843,0.5353535353535354,2.0,3.0,True,2022
1,18,7,13.0,25.0,2.0,8.0,6.0,6.0,11.0,23.0,3.0,8.0,10.0,11.0,0.12802523526668771,0.615,0.1709412465151981,0.4739583333333333,2.0,1.0,False,2022
0,7,18,11.0,23.0,3.0,8.0,10.0,11.0,13.0,25.0,2.0,8.0,6.0,6.0,0.1709412465151981,0.4739583333333333,0.10242018821335017,0.6134663341645885,1.0,2.0,True,2022
1,8,1,11.0,17.0,3.0,9.0,6.0,6.0,9.0,16.0,7.0,12.0,8.0,10.0,0.12308114418806793,0.4540540540540541,0.037884813086286676,0.5373134328358209,2.0,2.0,True,2022
1,15,23,11.0,22.0,4.0,7.0,12.0,12.0,10.0,15.0,7.0,8.0,3.0,4.0,0.0757374840784045,0.40771349862258954,0.16350801472676682,0.4301675977653631,3.0,2.0,False,2022
1,16,24,12.0,19.0,2.0,5.0,9.0,9.0,7.0,14.0,3.0,5.0,5.0,7.0,0.15209684029653978,0.4489247311827957,0.07424736392087086,0.6017316017316018,3.0,2.0,True,2022
0,4,29,17.0,20.0,5.0,10.0,8.0,13.0,11.0,19.0,3.0,10.0,6.0,10.0,0.14861508833518744,0.65311004784689,0.09341280706744384,0.5424164524421594,2.0,3.0,True,2022
0,28,20,11.0,22.0,4.0,10.0,3.0,4.0,8.0,14.0,4.0,7.0,6.0,7.0,0.0416835684702659,0.3684210526315789,0.10881354973882769,0.5975308641975309,1.0,2.0,False,2022
1,13,19,9.0,18.0,5.0,9.0,10.0,14.0,6.0,16.0,1.0,7.0,5.0,7.0,0.13304628461558773,0.46949602122015915,0.02916868368956574,0.36768802228412256,2.0,2.0,True,2022
0,19,13,6.0,16.0,1.0,7.0,5.0,7.0,9.0,18.0,5.0,9.0,10.0,14.0,0.02916868368956574,0.36768802228412256,0.1464370276924702,0.4708994708994709,2.0,2.0,False,2022
1,6,2,8.0,17.0,7.0,13.0,3.0,5.0,9.0,16.0,6.0,13.0,3.0,4.0,0.021464605867147275,0.4973821989528796,0.16833924116521817,0.5737179487179487,2.0,2.0,False,2022
0,2,6,9.0,16.0,6.0,13.0,3.0,4.0,8.0,17.0,7.0,13.0,3.0,5.0,0.16833924116521817,0.5737179487179487,0.01717168469371782,0.4960835509138381,2.0,2.0,True,2022
0,22,9,8.0,16.0,2.0,8.0,10.0,12.0,13.0,20.0,6.0,9.0,5.0,6.0,0.04543508636791108,0.5196850393700787,0.09285361491166658,0.3983957219251337,2.0,2.0,False,2022
1,29,4,11.0,19.0,3.0,10.0,6.0,10.0,17.0,20.0,5.0,10.0,8.0,13.0,0.09341280706744384,0.5424164524421594,0.15889207066814995,0.6539379474940334,3.0,2.0,False,2022
1,20,28,8.0,14.0,4.0,7.0,6.0,7.0,11.0,22.0,4.0,10.0,3.0,4.0,0.10881354973882769,0.5975308641975309,0.03334685477621272,0.3674033149171271,2.0,1.0,True,2022
1,9,22,13.0,20.0,6.0,9.0,5.0,6.0,8.0,16.0,2.0,8.0,10.0,12.0,0.09285361491166658,0.3983957219251337,0.03634806909432887,0.518324607329843,2.0,2.0,True,2022
1,11,0,7.0,16.0,4.0,10.0,6.0,6.0,5.0,14.0,3.0,8.0,5.0,6.0,0.11234412917813183,0.6111111111111112,0.18441023209519686,0.7547169811320755,2.0,2.0,True,2022
1,15,23,10.0,20.0,4.0,8.0,10.0,10.0,10.0,25.0,6.0,13.0,3.0,4.0,0.0605899872627236,0.4065934065934066,0.16350801472676682,0.4301675977653631,1.0,1.0,True,2022
0,23,15,10.0,25.0,6.0,13.0,3.0,4.0,10.0,20.0,4.0,8.0,10.0,10.0,0.16350801472676682,0.4301675977653631,0.08847198981017887,0.40821917808219177,1.0,1.0,False,2022
1,17,29,11.0,23.0,5.0,11.0,4.0,5.0,13.0,22.0,4.0,7.0,4.0,6.0,0.028611214515930843,0.5353535353535354,0.07473024565395507,0.541025641025641,1.0,1.0,True,2022
0,29,17,13.0,22.0,4.0,7.0,4.0,6.0,11.0,23.0,5.0,11.0,4.0,5.0,0.07473024565395507,0.541025641025641,0.06288897161274468,0.5365239294710328,1.0,1.0,False,2022
0,0,11,5.0,14.0,3.0,8.0,5.0,6.0,7.0,16.0,4.0,10.0,6.0,6.0,0.18441023209519686,0.7547169811320755,0.12987530334250547,0.6120906801007556,2.0,2.0,False,2022
0,25,26,13.0,17.0,6.0,14.0,6.0,6.0,7.0,16.0,4.0,12.0,5.0,6.0,0.16997501656987032,0.6246913580246913,0.06700774264695464,0.49076517150395776,2.0,2.0,True,2022
1,3,5,12.0,15.0,3.0,4.0,6.0,7.0,8.0,21.0,3.0,9.0,3.0,4.0,0.1461936168903455,0.4122340425531915,0.07762376759993793,0.4919786096256685,3.0,5.0,True,2022
0,5,3,8.0,21.0,3.0,9.0,3.0,4.0,12.0,15.0,3.0,4.0,6.0,7.0,0.07762376759993793,0.4919786096256685,0.15695489351227637,0.41379310344827586,5.0,3.0,False,2022
1,21,27,12.0,25.0,5.0,11.0,6.0,6.0,13.0,19.0,5.0,10.0,7.0,10.0,0.04496793701881759,0.44537815126050423,0.07811240088021836,0.37960339943342775,2.0,2.0,False,2022
0,27,21,13.0,19.0,5.0,10.0,7.0,10.0,12.0,25.0,5.0,11.0,6.0,6.0,0.07811240088021836,0.37960339943342775,0.03597434961505407,0.4441340782122905,2.0,2.0,True,2022
1,26,25,7.0,16.0,4.0,12.0,5.0,6.0,13.0,17.0,6.0,14.0,6.0,6.0,0.06700774264695464,0.49076517150395776,0.17598001325589627,0.625615763546798,2.0,2.0,False,2022
1,1,25,11.0,16.0,6.0,9.0,6.0,9.0,15.0,26.0,6.0,13.0,7.0,8.0,0.037884813086286676,0.5373134328358209,0.17598001325589627,0.625615763546798,2.0,1.0,False,2022
1,14,6,7.0,15.0,2.0,8.0,6.0,6.0,11.0,22.0,4.0,8.0,10.0,11.0,0.04207733966069568,0.4327956989247312,0.01717168469371782,0.4960835509138381,3.0,2.0,True,2022
0,6,14,11.0,22.0,4.0,8.0,10.0,11.0,7.0,15.0,2.0,8.0,6.0,6.0,0.01717168469371782,0.4960835509138381,0.07366187172855654,0.4343163538873995,2.0,3.0,False,2022
1,7,4,12.0,19.0,3.0,9.0,7.0,7.0,9.0,15.0,3.0,7.0,8.0,14.0,0.17675299721215848,0.4753246753246753,0.15889207066814995,0.6539379474940334,2.0,2.0,True,2022
0,4,7,9.0,15.0,3.0,7.0,8.0,14.0,12.0,19.0,3.0,9.0,7.0,7.0,0.15889207066814995,0.6539379474940334,0.18140239776972678,0.47668393782383417,2.0,2.0,False,2022
1,8,12,7.0,21.0,4.0,11.0,4.0,4.0,13.0,21.0,4.0,10.0,11.0,11.0,0.13846491535045433,0.4555256064690027,0.13983964807483598,0.550761421319797,2.0,3.0,False,2022
0,12,8,13.0,21.0,4.0,10.0,11.0,11.0,7.0,21.0,4.0,11.0,4.0,4.0,0.13983964807483598,0.550761421319797,0.11077193228036346,0.4543010752688172,3.0,2.0,True,2022
1,0,28,11.0,25.0,5.0,16.0,8.0,8.0,10.0,23.0,5.0,13.0,8.0,12.0,0.1475281856761575,0.7407407407407407,0.03334685477621272,0.3674033149171271,1.0,2.0,False,2022
1,19,16,7.0,16.0,3.0,8.0,6.0,7.0,7.0,17.0,4.0,8.0,7.0,10.0,0.023334946951652592,0.36666666666666664,0.16167747223723183,0.450402144772118,2.0,2.0,False,2022
0,16,19,7.0,17.0,4.0,8.0,7.0,10.0,7.0,16.0,3.0,8.0,6.0,7.0,0.16167747223723183,0.450402144772118,0.018667957561322075,0.3656509695290859,2.0,2.0,True,2022
1,13,24,17.0,26.0,7.0,14.0,10.0,14.0,9.0,16.0,3.0,6.0,8.0,10.0,0.1464370276924702,0.4708994708994709,0.07424736392087086,0.6017316017316018,2.0,2.0,True,2022
0,24,13,9.0,16.0,3.0,6.0,8.0,10.0,17.0,26.0,7.0,14.0,10.0,14.0,0.07424736392087086,0.6017316017316018,0.15714962215397615,0.47229551451187335,2.0,2.0,False,2022
0,25,1,15.0,26.0,6.0,13.0,7.0,8.0,11.0,16.0,6.0,9.0,6.0,9.0,0.17598001325589627,0.625615763546798,0.03030785046902934,0.5359801488833746,1.0,2.0,True,2022
0,28,0,10.0,23.0,5.0,13.0,8.0,12.0,11.0,25.0,5.0,16.0,8.0,8.0,0.03334685477621272,0.3674033149171271,0.118022548540926,0.7272727272727273,2.0,1.0,True,2022
0,3,22,10.0,19.0,3.0,6.0,6.0,6.0,9.0,17.0,4.0,10.0,5.0,6.0,0.15695489351227637,0.41379310344827586,0.03634806909432887,0.518324607329843,2.0,3.0,True,2022
1,11,10,7.0,19.0,4.0,11.0,9.0,10.0,9.0,17.0,3.0,7.0,3.0,6.0,0.12987530334250547,0.6120906801007556,0.09335549085251908,0.3626666666666667,2.0,3.0,True,2022
0,10,11,9.0,17.0,3.0,7.0,3.0,6.0,7.0,19.0,4.0,11.0,9.0,10.0,0.09335549085251908,0.3626666666666667,0.1439002426740044,0.6130653266331658,3.0,2.0,False,2022
1,18,26,9.0,25.0,2.0,7.0,8.0,11.0,8.0,17.0,2.0,5.0,4.0,4.0,0.10242018821335017,0.6134663341645885,0.05360619411756371,0.48947368421052634,3.0,2.0,True,2022
1,19,21,8.0,16.0,4.0,8.0,6.0,6.0,10.0,18.0,7.0,10.0,4.0,5.0,0.018667957561322075,0.3656509695290859,0.03597434961505407,0.4441340782122905,1.0,2.0,False,2022
1,22,3,9.0,17.0,4.0,10.0,5.0,6.0,10.0,19.0,3.0,6.0,6.0,6.0,0.03634806909432887,0.518324607329843,0.1655639148098211,0.41534391534391535,3.0,2.0,False,2022
0,26,18,8.0,17.0,2.0,5.0,4.0,4.0,9.0,25.0,2.0,7.0,8.0,11.0,0.05360619411756371,0.48947368421052634,0.12193615057068015,0.6144278606965174,2.0,3.0,False,2022
1,9,5,8.0,17.0,5.0,10.0,6.0,6.0,11.0,18.0,6.0,8.0,8.0,9.0,0.11428289192933325,0.4,0.062099014079950346,0.49066666666666664,3.0,2.0,False,2022
0,20,2,9.0,20.0,3.0,10.0,4.0,4.0,8.0,19.0,3.0,8.0,8.0,10.0,0.12705083979106216,0.5985221674876847,0.17467139293217454,0.5750798722044729,3.0,3.0,False,2022
0,21,19,10.0,18.0,7.0,10.0,4.0,5.0,8.0,16.0,4.0,8.0,6.0,6.0,0.03597434961505407,0.4441340782122905,0.01493436604905766,0.36464088397790057,2.0,1.0,True,2022
0,23,27,12.0,22.0,3.0,9.0,4.0,6.0,14.0,22.0,6.0,10.0,7.0,7.0,0.13080641178141345,0.42896935933147634,0.10248992070417469,0.3813559322033898,2.0,2.0,False,2022
1,2,20,8.0,19.0,3.0,8.0,8.0,10.0,9.0,20.0,3.0,10.0,4.0,4.0,0.17467139293217454,0.5750798722044729,0.10164067183284972,0.597051597051597,3.0,3.0,True,2022
1,27,23,14.0,22.0,6.0,10.0,7.0,7.0,12.0,22.0,3.0,9.0,4.0,6.0,0.10248992070417469,0.3813559322033898,0.10464512942513075,0.42777777777777776,2.0,2.0,True,2022
0,5,9,11.0,18.0,6.0,8.0,8.0,9.0,8.0,17.0,5.0,10.0,6.0,6.0,0.062099014079950346,0.49066666666666664,0.0914263135434666,0.39893617021276595,2.0,3.0,True,2022
0,10,7,7.0,14.0,4.0,10.0,5.0,8.0,10.0,24.0,3.0,9.0,3.0,3.0,0.07468439268201527,0.3617021276595745,0.18140239776972678,0.47668393782383417,1.0,2.0,False,2022
1,7,10,10.0,24.0,3.0,9.0,3.0,3.0,7.0,14.0,4.0,10.0,5.0,8.0,0.18140239776972678,0.47668393782383417,0.05974751414561221,0.36074270557029176,2.0,1.0,True,2022
1,17,28,11.0,23.0,6.0,12.0,6.0,8.0,8.0,20.0,5.0,10.0,12.0,13.0,0.06288897161274468,0.5365239294710328,0.06667748382097018,0.3691460055096419,3.0,2.0,True,2022
0,20,25,10.0,16.0,3.0,9.0,8.0,10.0,16.0,22.0,6.0,11.0,5.0,6.0,0.10164067183284972,0.597051597051597,0.18078401060471702,0.6265356265356266,1.0,2.0,True,2022
1,14,15,7.0,16.0,4.0,11.0,6.0,8.0,10.0,21.0,4.0,7.0,7.0,9.0,0.07366187172855654,0.4343163538873995,0.08847198981017887,0.40821917808219177,2.0,3.0,False,2022
0,15,14,10.0,21.0,4.0,7.0,7.0,9.0,7.0,16.0,4.0,11.0,6.0,8.0,0.08847198981017887,0.40821917808219177,0.05892949738284523,0.43315508021390375,3.0,2.0,True,2022
0,3,18,11.0,23.0,3.0,6.0,4.0,5.0,11.0,22.0,4.0,5.0,14.0,15.0,0.1655639148098211,0.41534391534391535,0.12193615057068015,0.6144278606965174,1.0,1.0,False,2022
1,18,3,11.0,22.0,4.0,5.0,14.0,15.0,11.0,23.0,3.0,6.0,4.0,5.0,0.12193615057068015,0.6144278606965174,0.1324511318478569,0.41424802110817943,1.0,1.0,True,2022
1,25,20,16.0,22.0,6.0,11.0,5.0,6.0,10.0,16.0,3.0,9.0,8.0,10.0,0.18078401060471702,0.6265356265356266,0.12131253746627979,0.5980392156862745,2.0,1.0,False,2022
1,8,5,15.0,24.0,3.0,7.0,5.0,5.0,13.0,22.0,4.0,8.0,4.0,4.0,0.11077193228036346,0.4543010752688172,0.08967921126396028,0.4920212765957447,2.0,1.0,False,2022
0,28,17,8.0,20.0,5.0,10.0,12.0,13.0,11.0,23.0,6.0,12.0,6.0,8.0,0.06667748382097018,0.3691460055096419,0.09031117729019573,0.5376884422110553,2.0,3.0,False,2022
1,12,6,8.0,12.0,5.0,8.0,7.0,7.0,10.0,22.0,3.0,9.0,6.0,6.0,0.15187171845986877,0.5518987341772152,0.013737347754974255,0.4947916666666667,2.0,2.0,True,2022
0,29,0,9.0,27.0,3.0,10.0,6.0,10.0,12.0,22.0,5.0,9.0,9.0,9.0,0.05978419652316406,0.5396419437340153,0.118022548540926,0.7272727272727273,3.0,2.0,False,2022
1,13,24,15.0,33.0,6.0,13.0,9.0,13.0,10.0,21.0,2.0,5.0,2.0,5.0,0.15714962215397615,0.47229551451187335,0.05939789113669669,0.5991379310344828,2.0,2.0,False,2022
0,26,27,8.0,21.0,5.0,12.0,10.0,14.0,14.0,25.0,4.0,6.0,14.0,16.0,0.042884955294050967,0.4881889763779528,0.12199193656333976,0.38309859154929576,1.0,1.0,False,2022
1,0,29,12.0,22.0,5.0,9.0,9.0,9.0,9.0,27.0,3.0,10.0,6.0,10.0,0.118022548540926,0.7272727272727273,0.04782735721853125,0.5382653061224489,2.0,3.0,True,2022
0,6,12,10.0,22.0,3.0,9.0,6.0,6.0,8.0,12.0,5.0,8.0,7.0,7.0,0.013737347754974255,0.4947916666666667,0.16149737476789502,0.553030303030303,2.0,2.0,False,2022
0,16,21,12.0,21.0,4.0,12.0,7.0,7.0,11.0,27.0,6.0,17.0,7.0,9.0,0.16934197778978546,0.45187165775401067,0.06877947969204326,0.4456824512534819,2.0,1.0,True,2022
0,24,13,10.0,21.0,2.0,5.0,2.0,5.0,15.0,33.0,6.0,13.0,9.0,13.0,0.05939789113669669,0.5991379310344828,0.12571969772318092,0.4710526315789474,2.0,2.0,True,2022
1,21,16,11.0,27.0,6.0,17.0,7.0,9.0,12.0,21.0,4.0,12.0,7.0,7.0,0.06877947969204326,0.4456824512534819,0.17547358223182835,0.4533333333333333,1.0,2.0,False,2022
1,27,26,14.0,25.0,4.0,6.0,14.0,16.0,8.0,21.0,5.0,12.0,10.0,14.0,0.12199193656333976,0.38309859154929576,0.034307964235240775,0.4869109947643979,1.0,1.0,True,2022
0,5,8,13.0,22.0,4.0,8.0,4.0,4.0,15.0,24.0,3.0,7.0,5.0,5.0,0.08967921126396028,0.4920212765957447,0.08861754582429077,0.45308310991957107,1.0,2.0,True,2022
0,23,22,13.0,25.0,7.0,13.0,7.0,7.0,9.0,19.0,6.0,13.0,6.0,6.0,0.10464512942513075,0.42777777777777776,0.029078455275463093,0.5169712793733682,2.0,2.0,True,2022
0,9,2,9.0,26.0,4.0,12.0,8.0,8.0,13.0,27.0,4.0,10.0,8.0,9.0,0.0914263135434666,0.39893617021276595,0.17973711434573963,0.5764331210191083,2.0,2.0,False,2022
1,22,23,9.0,19.0,6.0,13.0,6.0,6.0,13.0,25.0,7.0,13.0,7.0,7.0,0.029078455275463093,0.5169712793733682,0.12371610354010461,0.4293628808864266,2.0,2.0,False,2022
1,2,9,13.0,27.0,4.0,10.0,8.0,9.0,9.0,26.0,4.0,12.0,8.0,8.0,0.17973711434573963,0.5764331210191083,0.07314105083477328,0.3978779840848806,2.0,2.0,True,2022
0,1,11,6.0,13.0,3.0,6.0,3.0,6.0,9.0,15.0,5.0,9.0,7.0,8.0,0.03030785046902934,0.5359801488833746,0.1439002426740044,0.6130653266331658,4.0,3.0,False,2022
1,20,10,10.0,26.0,3.0,9.0,5.0,5.0,12.0,22.0,3.0,8.0,7.0,8.0,0.12131253746627979,0.5980392156862745,0.05974751414561221,0.36074270557029176,2.0,2.0,True,2022
0,26,28,11.0,22.0,4.0,7.0,8.0,8.0,11.0,26.0,6.0,14.0,7.0,7.0,0.034307964235240775,0.4869109947643979,0.05334198705677614,0.36813186813186816,2.0,2.0,True,2022
1,8,25,9.0,13.0,5.0,8.0,6.0,6.0,7.0,19.0,4.0,9.0,9.0,12.0,0.08861754582429077,0.45308310991957107,0.1446272084837736,0.625,2.0,2.0,True,2022
1,28,26,11.0,26.0,6.0,14.0,7.0,7.0,11.0,22.0,4.0,7.0,8.0,8.0,0.05334198705677614,0.36813186813186816,0.06744637138819262,0.48825065274151436,2.0,2.0,False,2022
1,24,0,11.0,17.0,4.0,7.0,3.0,5.0,11.0,18.0,8.0,13.0,3.0,3.0,0.08751831290935735,0.6008583690987125,0.13441803883274078,0.7321428571428571,2.0,2.0,True,2022
1,11,1,9.0,15.0,5.0,9.0,7.0,8.0,6.0,13.0,3.0,6.0,3.0,6.0,0.1439002426740044,0.6130653266331658,0.024246280375223472,0.5346534653465347,3.0,4.0,True,2022
1,14,19,10.0,18.0,4.0,7.0,5.0,5.0,7.0,17.0,4.0,10.0,6.0,7.0,0.05892949738284523,0.43315508021390375,0.01493436604905766,0.36464088397790057,2.0,3.0,True,2022
0,25,8,7.0,19.0,4.0,9.0,9.0,12.0,9.0,13.0,5.0,8.0,6.0,6.0,0.1446272084837736,0.625,0.11089403665943262,0.45454545454545453,2.0,2.0,False,2022
1,27,5,16.0,24.0,5.0,7.0,8.0,8.0,9.0,17.0,3.0,5.0,5.0,7.0,0.1375935492506718,0.3848314606741573,0.11174336901116821,0.493368700265252,2.0,2.0,True,2022
0,17,4,12.0,24.0,7.0,16.0,7.0,8.0,9.0,16.0,4.0,10.0,9.0,10.0,0.09031117729019573,0.5376884422110553,0.12711365653451995,0.6523809523809524,2.0,4.0,True,2022
0,10,20,12.0,22.0,3.0,8.0,7.0,8.0,10.0,26.0,3.0,9.0,5.0,5.0,0.05974751414561221,0.36074270557029176,0.13705002997302382,0.5990220048899756,2.0,2.0,False,2022
0,0,24,11.0,18.0,8.0,13.0,3.0,3.0,11.0,17.0,4.0,7.0,3.0,5.0,0.13441803883274078,0.7321428571428571,0.11001465032748588,0.6025641025641025,2.0,2.0,False,2022
0,5,27,9.0,17.0,3.0,5.0,5.0,7.0,16.0,24.0,5.0,7.0,8.0,8.0,0.11174336901116821,0.493368700265252,0.15007483940053742,0.3865546218487395,2.0,2.0,False,2022
1,6,15,10.0,18.0,3.0,8.0,6.0,6.0,9.0,18.0,3.0,6.0,6.0,7.0,0.010989878203979404,0.4935064935064935,0.1107775918481431,0.4098360655737705,2.0,2.0,True,2022
0,15,6,9.0,18.0,3.0,6.0,6.0,7.0,10.0,18.0,3.0,8.0,6.0,6.0,0.1107775918481431,0.4098360655737705,0.048791902563183526,0.4948186528497409,2.0,2.0,False,2022
1,4,17,9.0,16.0,4.0,10.0,9.0,10.0,12.0,24.0,7.0,16.0,7.0,8.0,0.12711365653451995,0.6523809523809524,0.11224894183215658,0.5388471177944862,4.0,2.0,False,2022
0,19,14,7.0,17.0,4.0,10.0,6.0,7.0,10.0,18.0,4.0,7.0,5.0,5.0,0.01493436604905766,0.36464088397790057,0.08714359790627618,0.43466666666666665,3.0,2.0,False,2022
0,16,8,11.0,20.0,3.0,9.0,4.0,5.0,12.0,25.0,1.0,6.0,6.0,7.0,0.17547358223182835,0.4533333333333333,0.11089403665943262,0.45454545454545453,3.0,1.0,True,2022
1,7,24,11.0,19.0,3.0,6.0,2.0,3.0,10.0,26.0,4.0,8.0,2.0,4.0,0.18512191821578142,0.4780361757105943,0.11001465032748588,0.6025641025641025,3.0,1.0,True,2022
0,24,7,10.0,26.0,4.0,8.0,2.0,4.0,11.0,19.0,3.0,6.0,2.0,3.0,0.11001465032748588,0.6025641025641025,0.18809753457262512,0.4793814432989691,1.0,3.0,False,2022
1,18,2,3.0,11.0,2.0,6.0,13.0,16.0,10.0,17.0,5.0,8.0,6.0,6.0,0.13754892045654413,0.6153846153846154,0.1837896914765917,0.5777777777777777,3.0,2.0,False,2022
0,2,18,10.0,17.0,5.0,8.0,6.0,6.0,3.0,11.0,2.0,6.0,13.0,16.0,0.1837896914765917,0.5777777777777777,0.1100391363652353,0.6138613861386139,2.0,3.0,True,2022
1,23,21,12.0,26.0,4.0,14.0,11.0,13.0,9.0,22.0,3.0,8.0,7.0,10.0,0.12371610354010461,0.4293628808864266,0.05502358375363461,0.4444444444444444,2.0,3.0,True,2022
1,8,16,12.0,25.0,1.0,6.0,6.0,7.0,11.0,20.0,3.0,9.0,4.0,5.0,0.11089403665943262,0.45454545454545453,0.18037886578546272,0.45478723404255317,1.0,3.0,False,2022
1,4,22,17.0,21.0,3.0,6.0,14.0,18.0,14.0,20.0,8.0,12.0,4.0,8.0,0.10169092522761596,0.6508313539192399,0.023262764220370474,0.515625,1.0,2.0,True,2022
1,12,13,10.0,19.0,2.0,7.0,13.0,14.0,6.0,19.0,4.0,8.0,9.0,12.0,0.16149737476789502,0.553030303030303,0.12571969772318092,0.4710526315789474,3.0,3.0,False,2022
0,13,12,6.0,19.0,4.0,8.0,9.0,12.0,10.0,19.0,2.0,7.0,13.0,14.0,0.12571969772318092,0.4710526315789474,0.129197899814316,0.5516372795969773,3.0,3.0,True,2022
1,9,3,13.0,22.0,4.0,7.0,11.0,13.0,12.0,22.0,5.0,12.0,4.0,6.0,0.07314105083477328,0.3978779840848806,0.1324511318478569,0.41424802110817943,2.0,3.0,True,2022
0,3,9,12.0,22.0,5.0,12.0,4.0,6.0,13.0,22.0,4.0,7.0,11.0,13.0,0.1324511318478569,0.41424802110817943,0.09851284066781861,0.3994708994708995,3.0,2.0,False,2022
0,21,23,9.0,22.0,3.0,8.0,7.0,10.0,12.0,26.0,4.0,14.0,11.0,13.0,0.05502358375363461,0.4444444444444444,0.1389728828320837,0.430939226519337,3.0,2.0,False,2022
0,22,4,14.0,20.0,8.0,12.0,4.0,8.0,17.0,21.0,3.0,6.0,14.0,18.0,0.023262764220370474,0.515625,0.12135274018209277,0.6516587677725119,2.0,1.0,False,2022
1,16,17,11.0,20.0,7.0,12.0,21.0,25.0,12.0,18.0,5.0,10.0,7.0,10.0,0.18037886578546272,0.45478723404255317,0.11224894183215658,0.5388471177944862,1.0,2.0,False,2022
0,1,7,8.0,24.0,3.0,14.0,8.0,8.0,9.0,22.0,3.0,6.0,9.0,9.0,0.024246280375223472,0.5346534653465347,0.18809753457262512,0.4793814432989691,2.0,1.0,False,2022
0,9,10,9.0,13.0,4.0,6.0,8.0,8.0,9.0,19.0,3.0,8.0,7.0,8.0,0.09851284066781861,0.3994708994708995,0.047798011316489766,0.35978835978835977,1.0,2.0,True,2022
1,26,5,10.0,20.0,3.0,7.0,8.0,9.0,10.0,18.0,3.0,8.0,7.0,7.0,0.06744637138819262,0.48825065274151436,0.08939469520893457,0.49206349206349204,2.0,2.0,False,2022
0,6,28,9.0,21.0,6.0,9.0,4.0,6.0,10.0,22.0,4.0,12.0,7.0,8.0,0.048791902563183526,0.4948186528497409,0.04267358964542091,0.36712328767123287,2.0,2.0,True,2022
1,28,6,10.0,22.0,4.0,12.0,7.0,8.0,9.0,21.0,6.0,9.0,4.0,6.0,0.04267358964542091,0.36712328767123287,0.07903352205054683,0.49612403100775193,2.0,2.0,False,2022
0,25,23,10.0,24.0,5.0,12.0,5.0,7.0,9.0,14.0,2.0,10.0,6.0,10.0,0.11570176678701889,0.6234718826405868,0.1389728828320837,0.430939226519337,2.0,1.0,True,2022
1,23,25,9.0,14.0,2.0,10.0,6.0,10.0,10.0,24.0,5.0,12.0,5.0,7.0,0.1389728828320837,0.430939226519337,0.1325614134296151,0.624390243902439,1.0,2.0,False,2022
0,5,26,10.0,18.0,3.0,8.0,7.0,7.0,10.0,20.0,3.0,7.0,8.0,9.0,0.08939469520893457,0.49206349206349204,0.053957097110554096,0.4869791666666667,2.0,2.0,True,2022
1,10,9,9.0,19.0,3.0,8.0,7.0,8.0,9.0,13.0,4.0,6.0,8.0,8.0,0.047798011316489766,0.35978835978835977,0.11881027253425488,0.40105540897097625,2.0,1.0,False,2022
1,7,1,9.0,22.0,3.0,6.0,9.0,9.0,8.0,24.0,3.0,14.0,8.0,8.0,0.18809753457262512,0.4793814432989691,0.019397024300178776,0.5333333333333333,1.0,2.0,True,2022
0,20,0,13.0,24.0,4.0,7.0,6.0,9.0,10.0,19.0,3.0,10.0,4.0,8.0,0.13705002997302382,0.5990220048899756,0.10753443106619262,0.7192982456140351,2.0,2.0,True,2022
0,11,29,13.0,24.0,5.0,11.0,6.0,7.0,14.0,23.0,3.0,8.0,4.0,7.0,0.1551201941392035,0.6140350877192983,0.04782735721853125,0.5382653061224489,2.0,4.0,False,2022
0,15,27,14.0,26.0,6.0,11.0,7.0,8.0,16.0,27.0,6.0,11.0,5.0,5.0,0.08862207347851449,0.4087193460490463,0.15007483940053742,0.3865546218487395,2.0,2.0,False,2022
1,22,14,9.0,17.0,1.0,6.0,8.0,10.0,9.0,27.0,6.0,12.0,4.0,4.0,0.018610211376296378,0.5142857142857142,0.08714359790627618,0.43466666666666665,1.0,2.0,True,2022
1,29,11,14.0,23.0,3.0,8.0,4.0,7.0,13.0,24.0,5.0,11.0,6.0,7.0,0.04782735721853125,0.5382653061224489,0.1240961553113628,0.6125,4.0,2.0,True,2022
1,2,19,12.0,21.0,4.0,7.0,6.0,6.0,8.0,22.0,5.0,8.0,4.0,4.0,0.18703175318127335,0.5791139240506329,0.011947492839246128,0.36363636363636365,1.0,2.0,False,2022
0,19,2,8.0,22.0,5.0,8.0,4.0,4.0,12.0,21.0,4.0,7.0,6.0,6.0,0.011947492839246128,0.36363636363636365,0.1496254025450187,0.5772870662460567,2.0,1.0,True,2022
1,27,15,16.0,27.0,6.0,11.0,5.0,5.0,14.0,26.0,6.0,11.0,7.0,8.0,0.15007483940053742,0.3865546218487395,0.0708976587828116,0.4076086956521739,2.0,2.0,True,2022
1,0,20,10.0,19.0,3.0,10.0,4.0,8.0,13.0,24.0,4.0,7.0,6.0,9.0,0.10753443106619262,0.7192982456140351,0.14964002397841908,0.6,2.0,2.0,False,2022
0,14,22,9.0,27.0,6.0,12.0,4.0,4.0,9.0,17.0,1.0,6.0,8.0,10.0,0.08714359790627618,0.43466666666666665,0.05488816910103711,0.5155440414507773,2.0,1.0,False,2022
0,17,16,12.0,18.0,5.0,10.0,7.0,10.0,11.0,20.0,7.0,12.0,21.0,25.0,0.11224894183215658,0.5388471177944862,0.14430309262837018,0.4535809018567639,2.0,1.0,True,2022
1,21,12,10.0,21.0,4.0,12.0,6.0,9.0,9.0,24.0,6.0,13.0,5.0,10.0,0.044018867002907684,0.44321329639889195,0.129197899814316,0.5516372795969773,2.0,2.0,False,2022
1,8,13,14.0,26.0,7.0,10.0,6.0,7.0,17.0,35.0,7.0,14.0,8.0,12.0,0.0887152293275461,0.4533333333333333,0.14057575817854473,0.47244094488188976,2.0,2.0,False,2022
0,13,8,17.0,35.0,7.0,14.0,8.0,12.0,14.0,26.0,7.0,10.0,6.0,7.0,0.14057575817854473,0.47244094488188976,0.07097218346203688,0.4521276595744681,2.0,2.0,True,2022
1,4,18,13.0,23.0,4.0,12.0,5.0,8.0,14.0,21.0,5.0,10.0,11.0,14.0,0.12135274018209277,0.6516587677725119,0.1100391363652353,0.6138613861386139,2.0,2.0,False,2022
1,24,1,8.0,13.0,8.0,9.0,9.0,9.0,8.0,15.0,5.0,10.0,4.0,5.0,0.0880117202619887,0.6,0.019397024300178776,0.5333333333333333,2.0,1.0,True,2022
1,6,14,8.0,17.0,5.0,9.0,6.0,6.0,8.0,15.0,4.0,6.0,4.0,4.0,0.07903352205054683,0.49612403100775193,0.06971487832502095,0.43351063829787234,1.0,1.0,False,2022
0,12,21,9.0,24.0,6.0,13.0,5.0,10.0,10.0,21.0,4.0,12.0,6.0,9.0,0.129197899814316,0.5516372795969773,0.03521509360232615,0.4419889502762431,2.0,2.0,True,2022
0,14,6,8.0,15.0,4.0,6.0,4.0,4.0,8.0,17.0,5.0,9.0,6.0,6.0,0.06971487832502095,0.43351063829787234,0.06322681764043746,0.4948453608247423,1.0,1.0,True,2022
0,1,24,8.0,15.0,5.0,10.0,4.0,5.0,8.0,13.0,8.0,9.0,9.0,9.0,0.019397024300178776,0.5333333333333333,0.11040937620959095,0.6016949152542372,1.0,2.0,False,2022
0,18,4,14.0,21.0,5.0,10.0,11.0,14.0,13.0,23.0,4.0,12.0,5.0,8.0,0.1100391363652353,0.6138613861386139,0.09708219214567422,0.6501182033096927,2.0,2.0,True,2022
1,6,2,10.0,19.0,3.0,7.0,4.0,6.0,10.0,20.0,5.0,9.0,6.0,8.0,0.06322681764043746,0.4948453608247423,0.1496254025450187,0.5772870662460567,7.0,8.0,False,2022
0,7,26,10.0,17.0,4.0,8.0,6.0,6.0,13.0,22.0,2.0,6.0,5.0,6.0,0.19047802765810012,0.480719794344473,0.053957097110554096,0.4869791666666667,8.0,8.0,True,2022
0,20,15,11.0,17.0,3.0,6.0,6.0,7.0,15.0,23.0,2.0,6.0,5.0,6.0,0.14964002397841908,0.6,0.0708976587828116,0.4076086956521739,8.0,8.0,True,2022
1,17,0,7.0,14.0,4.0,7.0,6.0,6.0,6.0,13.0,4.0,8.0,10.0,12.0,0.1297991534657253,0.54,0.0860275448529541,0.7068965517241379,8.0,8.0,False,2022
0,0,17,6.0,13.0,4.0,8.0,10.0,12.0,7.0,14.0,4.0,7.0,6.0,6.0,0.0860275448529541,0.7068965517241379,0.10383932277258023,0.5386533665835411,8.0,8.0,True,2022
1,23,16,13.0,21.0,5.0,8.0,8.0,9.0,7.0,25.0,3.0,8.0,9.0,11.0,0.11117830626566697,0.4297520661157025,0.14430309262837018,0.4535809018567639,8.0,8.0,True,2022
1,26,7,13.0,22.0,2.0,6.0,5.0,6.0,10.0,17.0,4.0,8.0,6.0,6.0,0.053957097110554096,0.4869791666666667,0.1923824221264801,0.48205128205128206,8.0,8.0,False,2022
1,19,3,8.0,16.0,4.0,7.0,9.0,10.0,6.0,16.0,2.0,7.0,8.0,10.0,0.049557994271396906,0.36538461538461536,0.10596090547828552,0.4131578947368421,8.0,9.0,True,2022
1,27,9,15.0,21.0,2.0,8.0,5.0,8.0,11.0,24.0,5.0,12.0,8.0,11.0,0.16005987152042994,0.388268156424581,0.11881027253425488,0.40105540897097625,8.0,8.0,True,2022
0,9,27,11.0,24.0,5.0,12.0,8.0,11.0,15.0,21.0,2.0,8.0,5.0,8.0,0.11881027253425488,0.40105540897097625,0.16804789721634397,0.38997214484679665,8.0,8.0,False,2022
0,2,6,10.0,20.0,5.0,9.0,6.0,8.0,10.0,19.0,3.0,7.0,4.0,6.0,0.1496254025450187,0.5772870662460567,0.05058145411234997,0.493573264781491,8.0,7.0,True,2022
0,16,23,7.0,25.0,3.0,8.0,9.0,11.0,13.0,21.0,5.0,8.0,8.0,9.0,0.14430309262837018,0.4535809018567639,0.12894264501253355,0.43131868131868134,8.0,8.0,False,2022
0,3,19,6.0,16.0,2.0,7.0,8.0,10.0,8.0,16.0,4.0,7.0,9.0,10.0,0.10596090547828552,0.4131578947368421,0.07964639541711753,0.36712328767123287,9.0,8.0,False,2022
1,15,20,15.0,23.0,2.0,6.0,5.0,6.0,11.0,17.0,3.0,6.0,6.0,7.0,0.0708976587828116,0.4076086956521739,0.15971201918273525,0.6009732360097324,8.0,8.0,False,2022
0,26,22,13.0,24.0,3.0,7.0,9.0,12.0,12.0,21.0,5.0,9.0,7.0,10.0,0.043165677688443274,0.4857142857142857,0.05488816910103711,0.5155440414507773,1.0,9.0,True,2022
0,5,14,12.0,20.0,5.0,9.0,7.0,8.0,13.0,27.0,4.0,10.0,7.0,8.0,0.11151575616714766,0.49340369393139843,0.09577190266001676,0.4350132625994695,9.0,8.0,True,2022
0,1,10,9.0,16.0,4.0,9.0,3.0,13.0,9.0,13.0,5.0,7.0,5.0,7.0,0.01551761944014302,0.5320197044334976,0.03823840905319181,0.35883905013192613,8.0,9.0,False,2022
1,14,5,13.0,27.0,4.0,10.0,7.0,8.0,12.0,20.0,5.0,9.0,7.0,8.0,0.09577190266001676,0.4350132625994695,0.12921260493371814,0.49473684210526314,8.0,9.0,False,2022
0,13,11,9.0,24.0,5.0,9.0,4.0,4.0,11.0,19.0,7.0,12.0,4.0,5.0,0.15246060654283577,0.4738219895287958,0.1240961553113628,0.6125,8.0,9.0,False,2022
1,7,8,10.0,24.0,3.0,10.0,8.0,8.0,11.0,18.0,3.0,6.0,10.0,11.0,0.1923824221264801,0.48205128205128206,0.07097218346203688,0.4521276595744681,1.0,8.0,False,2022
0,8,7,11.0,18.0,3.0,6.0,10.0,11.0,10.0,24.0,3.0,10.0,8.0,8.0,0.07097218346203688,0.4521276595744681,0.15390593770118408,0.48081841432225064,8.0,1.0,True,2022
1,10,1,9.0,13.0,5.0,7.0,5.0,7.0,9.0,16.0,4.0,9.0,3.0,13.0,0.03823840905319181,0.35883905013192613,0.012414095552114417,0.5307125307125307,9.0,8.0,True,2022
1,28,12,13.0,22.0,6.0,11.0,14.0,22.0,9.0,20.0,4.0,9.0,9.0,9.0,0.03413887171633673,0.366120218579235,0.1433583198514528,0.5527638190954773,9.0,8.0,False,2022
1,11,13,11.0,19.0,7.0,12.0,4.0,5.0,9.0,24.0,5.0,9.0,4.0,4.0,0.1240961553113628,0.6125,0.12196848523426862,0.4725848563968668,9.0,8.0,True,2022
1,29,24,9.0,21.0,4.0,9.0,7.0,8.0,9.0,17.0,5.0,8.0,6.0,8.0,0.07826188577482499,0.539440203562341,0.11040937620959095,0.6016949152542372,9.0,8.0,False,2022
0,24,29,9.0,17.0,5.0,8.0,6.0,8.0,9.0,21.0,4.0,9.0,7.0,8.0,0.11040937620959095,0.6016949152542372,0.06260950861985999,0.5380710659898477,8.0,9.0,True,2022
1,22,26,12.0,21.0,5.0,9.0,7.0,10.0,13.0,24.0,3.0,7.0,9.0,12.0,0.05488816910103711,0.5155440414507773,0.07453254215075462,0.48704663212435234,9.0,1.0,False,2022
1,21,25,10.0,16.0,5.0,10.0,2.0,3.0,13.0,18.0,2.0,7.0,3.0,7.0,0.03521509360232615,0.4419889502762431,0.1325614134296151,0.624390243902439,8.0,9.0,True,2022
0,25,21,13.0,18.0,2.0,7.0,3.0,7.0,10.0,16.0,5.0,10.0,2.0,3.0,0.1325614134296151,0.624390243902439,0.06817207488186092,0.44352617079889806,9.0,8.0,False,2022
0,12,28,9.0,20.0,4.0,9.0,9.0,9.0,13.0,22.0,6.0,11.0,14.0,22.0,0.1433583198514528,0.5527638190954773,0.02731109737306938,0.3651226158038147,8.0,9.0,True,2022
0,18,23,12.0,18.0,5.0,7.0,11.0,13.0,8.0,19.0,2.0,7.0,7.0,7.0,0.12803130909218824,0.6148148148148148,0.12894264501253355,0.43131868131868134,8.0,1.0,True,2022
1,23,18,8.0,19.0,2.0,7.0,7.0,7.0,12.0,18.0,5.0,7.0,11.0,13.0,0.12894264501253355,0.43131868131868134,0.1424250472737506,0.6157635467980296,1.0,8.0,False,2022
0,15,20,10.0,19.0,4.0,8.0,9.0,9.0,8.0,16.0,5.0,8.0,6.0,8.0,0.056718127026249274,0.4065040650406504,0.15971201918273525,0.6009732360097324,2.0,2.0,False,2022
1,4,6,11.0,20.0,8.0,14.0,12.0,16.0,14.0,26.0,4.0,8.0,8.0,9.0,0.09708219214567422,0.6501182033096927,0.05058145411234997,0.493573264781491,9.0,2.0,False,2022
0,6,4,14.0,26.0,4.0,8.0,8.0,9.0,11.0,20.0,8.0,14.0,12.0,16.0,0.05058145411234997,0.493573264781491,0.07766575371653937,0.6485849056603774,2.0,9.0,True,2022
1,12,5,14.0,21.0,4.0,9.0,12.0,15.0,9.0,17.0,4.0,6.0,4.0,5.0,0.15468665588116226,0.5538847117794486,0.12921260493371814,0.49473684210526314,1.0,1.0,True,2022
0,5,12,9.0,17.0,4.0,6.0,4.0,5.0,14.0,21.0,4.0,9.0,12.0,15.0,0.12921260493371814,0.49473684210526314,0.1637493247049298,0.555,1.0,1.0,False,2022
1,19,2,11.0,19.0,2.0,6.0,5.0,5.0,10.0,24.0,4.0,9.0,6.0,8.0,0.07964639541711753,0.36712328767123287,0.15970032203601495,0.5786163522012578,2.0,2.0,False,2022
0,2,19,10.0,24.0,4.0,9.0,6.0,8.0,11.0,19.0,2.0,6.0,5.0,5.0,0.15970032203601495,0.5786163522012578,0.06371711633369402,0.366120218579235,2.0,2.0,True,2022
0,14,3,13.0,22.0,8.0,11.0,5.0,5.0,7.0,18.0,6.0,9.0,5.0,6.0,0.0766175221280134,0.43386243386243384,0.08476872438262842,0.4120734908136483,1.0,2.0,False,2022
1,27,16,10.0,29.0,3.0,6.0,9.0,10.0,15.0,28.0,3.0,7.0,13.0,15.0,0.16804789721634397,0.38997214484679665,0.11544247410269615,0.4523809523809524,2.0,2.0,False,2022
0,16,27,15.0,28.0,3.0,7.0,13.0,15.0,10.0,29.0,3.0,6.0,9.0,10.0,0.11544247410269615,0.4523809523809524,0.1344383177730752,0.3888888888888889,2.0,2.0,True,2022
1,9,25,17.0,24.0,4.0,7.0,6.0,6.0,8.0,22.0,5.0,14.0,3.0,4.0,0.0950482180274039,0.4,0.10604913074369209,0.6228710462287105,2.0,1.0,True,2022
0,25,9,8.0,22.0,5.0,14.0,3.0,4.0,17.0,24.0,4.0,7.0,6.0,6.0,0.10604913074369209,0.6228710462287105,0.11603857442192314,0.4015748031496063,1.0,2.0,False,2022
1,3,14,7.0,18.0,6.0,9.0,5.0,6.0,13.0,22.0,8.0,11.0,5.0,5.0,0.08476872438262842,0.4120734908136483,0.06129401770241072,0.43271767810026385,2.0,1.0,True,2022
1,20,15,8.0,16.0,5.0,8.0,6.0,8.0,10.0,19.0,4.0,8.0,9.0,9.0,0.15971201918273525,0.6009732360097324,0.045374501620999416,0.40540540540540543,2.0,2.0,True,2022
0,2,22,10.0,22.0,4.0,12.0,8.0,8.0,9.0,15.0,6.0,9.0,4.0,5.0,0.16776025762881197,0.5799373040752351,0.043910535280829686,0.5142118863049095,1.0,2.0,False,2022
1,29,8,13.0,23.0,3.0,8.0,6.0,7.0,8.0,18.0,4.0,7.0,4.0,7.0,0.06260950861985999,0.5380710659898477,0.09677774676962951,0.4535809018567639,2.0,2.0,False,2022
1,17,20,6.0,18.0,2.0,9.0,6.0,9.0,7.0,12.0,5.0,6.0,6.0,6.0,0.10383932277258023,0.5386533665835411,0.1677696153461882,0.6019417475728155,3.0,1.0,False,2022
1,7,11,12.0,24.0,4.0,8.0,5.0,5.0,10.0,20.0,6.0,11.0,6.0,8.0,0.15390593770118408,0.48081841432225064,0.13927692424909024,0.6134663341645885,2.0,2.0,False,2022
0,11,7,10.0,20.0,6.0,11.0,6.0,8.0,12.0,24.0,4.0,8.0,5.0,5.0,0.13927692424909024,0.6134663341645885,0.12312475016094726,0.47959183673469385,2.0,2.0,True,2022
1,28,18,9.0,22.0,6.0,11.0,8.0,12.0,8.0,18.0,3.0,7.0,23.0,27.0,0.02731109737306938,0.3651226158038147,0.1424250472737506,0.6157635467980296,2.0,2.0,False,2022
0,18,28,8.0,18.0,3.0,7.0,23.0,27.0,9.0,22.0,6.0,11.0,8.0,12.0,0.1424250472737506,0.6157635467980296,0.021848877898455504,0.3641304347826087,2.0,2.0,True,2022
0,8,29,8.0,18.0,4.0,7.0,4.0,7.0,13.0,23.0,3.0,8.0,6.0,7.0,0.09677774676962951,0.4535809018567639,0.050087606895887996,0.5367088607594936,2.0,2.0,True,2022
0,20,17,7.0,12.0,5.0,6.0,6.0,6.0,6.0,18.0,2.0,9.0,6.0,9.0,0.1677696153461882,0.6019417475728155,0.08307145821806419,0.5373134328358209,1.0,3.0,True,2022
1,1,24,6.0,18.0,4.0,10.0,4.0,6.0,9.0,21.0,2.0,7.0,6.0,9.0,0.012414095552114417,0.5307125307125307,0.12832750096767276,0.6033755274261603,2.0,2.0,False,2022
1,0,13,11.0,25.0,3.0,10.0,4.0,5.0,10.0,21.0,4.0,9.0,11.0,12.0,0.10882203588236328,0.711864406779661,0.12196848523426862,0.4725848563968668,3.0,2.0,False,2022
0,13,0,10.0,21.0,4.0,9.0,11.0,12.0,11.0,25.0,3.0,10.0,4.0,5.0,0.12196848523426862,0.4725848563968668,0.08705762870589062,0.7,2.0,3.0,True,2022
1,21,19,12.0,24.0,6.0,10.0,10.0,11.0,11.0,19.0,4.0,10.0,4.0,6.0,0.06817207488186092,0.44352617079889806,0.06371711633369402,0.366120218579235,2.0,1.0,False,2022
1,22,2,9.0,15.0,6.0,9.0,4.0,5.0,10.0,22.0,4.0,12.0,8.0,8.0,0.043910535280829686,0.5142118863049095,0.13420820610304957,0.578125,2.0,1.0,True,2022
0,19,21,11.0,19.0,4.0,10.0,4.0,6.0,12.0,24.0,6.0,10.0,10.0,11.0,0.06371711633369402,0.366120218579235,0.054537659905488735,0.4423076923076923,1.0,2.0,True,2022
0,24,1,9.0,21.0,2.0,7.0,6.0,9.0,6.0,18.0,4.0,10.0,4.0,6.0,0.12832750096767276,0.6033755274261603,0.009931276441691533,0.5294117647058824,2.0,2.0,True,2022
0,22,10,7.0,13.0,3.0,7.0,6.0,6.0,8.0,15.0,2.0,7.0,4.0,6.0,0.07512842822466374,0.5154639175257731,0.07059072724255346,0.3605263157894737,1.0,3.0,False,2022
1,26,15,12.0,16.0,3.0,6.0,10.0,14.0,10.0,20.0,4.0,6.0,10.0,14.0,0.07453254215075462,0.48704663212435234,0.045374501620999416,0.40540540540540543,3.0,2.0,False,2022
0,15,26,10.0,20.0,4.0,6.0,10.0,14.0,12.0,16.0,3.0,6.0,10.0,14.0,0.045374501620999416,0.40540540540540543,0.0596260337206037,0.48578811369509045,2.0,3.0,True,2022
1,4,21,7.0,16.0,5.0,10.0,14.0,14.0,9.0,18.0,4.0,9.0,7.0,8.0,0.07766575371653937,0.6485849056603774,0.054537659905488735,0.4423076923076923,2.0,1.0,True,2022
0,21,4,9.0,18.0,4.0,9.0,7.0,8.0,7.0,16.0,5.0,10.0,14.0,14.0,0.054537659905488735,0.4423076923076923,0.1021326029732315,0.6494117647058824,1.0,2.0,False,2022
1,12,27,7.0,13.0,4.0,8.0,7.0,10.0,8.0,16.0,3.0,8.0,4.0,6.0,0.1637493247049298,0.555,0.1344383177730752,0.3888888888888889,2.0,2.0,True,2022
1,10,22,8.0,15.0,2.0,7.0,4.0,6.0,7.0,13.0,3.0,7.0,6.0,6.0,0.07059072724255346,0.3605263157894737,0.06010274257973099,0.5141388174807198,3.0,1.0,True,2022
1,16,5,22.0,30.0,4.0,5.0,5.0,7.0,9.0,20.0,4.0,7.0,4.0,5.0,0.13235397928215692,0.45382585751978893,0.10337008394697451,0.49343832020997375,2.0,2.0,True,2022
0,5,16,9.0,20.0,4.0,7.0,4.0,5.0,22.0,30.0,4.0,5.0,5.0,7.0,0.10337008394697451,0.49343832020997375,0.14588318342572554,0.45526315789473687,2.0,2.0,False,2022
1,3,23,9.0,14.0,5.0,10.0,7.0,8.0,8.0,17.0,5.0,8.0,5.0,6.0,0.10781497950610272,0.41361256544502617,0.10315411601002684,0.4301369863013699,2.0,3.0,False,2022
0,23,3,8.0,17.0,5.0,8.0,5.0,6.0,9.0,14.0,5.0,10.0,7.0,8.0,0.10315411601002684,0.4301369863013699,0.08625198360488218,0.412532637075718,3.0,2.0,True,2022
0,25,6,12.0,14.0,3.0,5.0,5.0,7.0,5.0,12.0,2.0,6.0,5.0,5.0,0.08483930459495367,0.6213592233009708,0.08046516328987999,0.4948717948717949,2.0,2.0,True,2022
1,6,25,5.0,12.0,2.0,6.0,5.0,5.0,12.0,14.0,3.0,5.0,5.0,7.0,0.08046516328987999,0.4948717948717949,0.10787144367596295,0.6222760290556901,2.0,2.0,False,2022
0,27,12,8.0,16.0,3.0,8.0,4.0,6.0,7.0,13.0,4.0,8.0,7.0,10.0,0.1344383177730752,0.3888888888888889,0.17099945976394385,0.5561097256857855,2.0,2.0,False,2022
0,13,29,9.0,21.0,4.0,7.0,7.0,11.0,10.0,18.0,3.0,7.0,5.0,6.0,0.1375747881874149,0.4739583333333333,0.050087606895887996,0.5367088607594936,2.0,2.0,True,2022
1,14,19,7.0,15.0,3.0,8.0,6.0,6.0,9.0,18.0,3.0,5.0,5.0,5.0,0.06129401770241072,0.43271767810026385,0.09097369306695523,0.3678474114441417,3.0,2.0,True,2022
0,19,14,9.0,18.0,3.0,5.0,5.0,5.0,7.0,15.0,3.0,8.0,6.0,6.0,0.09097369306695523,0.3678474114441417,0.08903521416192858,0.4342105263157895,2.0,3.0,False,2022
1,25,6,8.0,19.0,3.0,9.0,9.0,9.0,7.0,16.0,3.0,6.0,3.0,5.0,0.10787144367596295,0.6222760290556901,0.06437213063190399,0.4936061381074169,1.0,1.0,True,2022
0,6,25,7.0,16.0,3.0,6.0,3.0,5.0,8.0,19.0,3.0,9.0,9.0,9.0,0.06437213063190399,0.4936061381074169,0.12629715494077037,0.6231884057971014,1.0,1.0,False,2022
0,0,23,10.0,24.0,5.0,16.0,9.0,9.0,14.0,22.0,6.0,9.0,8.0,11.0,0.08705762870589062,0.7,0.12252329280802148,0.43169398907103823,2.0,1.0,False,2022
1,1,24,9.0,21.0,2.0,7.0,4.0,4.0,8.0,16.0,4.0,6.0,6.0,7.0,0.009931276441691533,0.5294117647058824,0.1426620007741382,0.6050420168067226,2.0,2.0,False,2022
0,24,1,8.0,16.0,4.0,6.0,6.0,7.0,9.0,21.0,2.0,7.0,4.0,4.0,0.1426620007741382,0.6050420168067226,0.007945021153353226,0.5281173594132029,2.0,2.0,True,2022
1,2,9,12.0,25.0,3.0,10.0,6.0,7.0,12.0,25.0,3.0,9.0,5.0,6.0,0.13420820610304957,0.578125,0.11603857442192314,0.4015748031496063,2.0,3.0,True,2022
0,9,2,12.0,25.0,3.0,9.0,5.0,6.0,12.0,25.0,3.0,10.0,6.0,7.0,0.11603857442192314,0.4015748031496063,0.14736656488243965,0.5794392523364486,3.0,2.0,False,2022
1,29,13,10.0,18.0,3.0,7.0,5.0,6.0,9.0,21.0,4.0,7.0,7.0,11.0,0.050087606895887996,0.5367088607594936,0.1500598305499319,0.4753246753246753,2.0,2.0,False,2022
1,23,0,14.0,22.0,6.0,9.0,8.0,11.0,10.0,24.0,5.0,16.0,9.0,9.0,0.12252329280802148,0.43169398907103823,0.06964610296471249,0.6885245901639344,1.0,2.0,True,2022
0,15,8,9.0,18.0,3.0,6.0,6.0,9.0,15.0,19.0,2.0,7.0,3.0,3.0,0.07629960129679954,0.40700808625336926,0.11742219741570362,0.455026455026455,2.0,3.0,False,2022
1,7,17,9.0,12.0,4.0,8.0,7.0,9.0,5.0,12.0,3.0,6.0,6.0,8.0,0.12312475016094726,0.47959183673469385,0.08307145821806419,0.5373134328358209,3.0,3.0,True,2022
1,3,21,13.0,22.0,5.0,10.0,4.0,5.0,8.0,18.0,5.0,11.0,6.0,6.0,0.08625198360488218,0.412532637075718,0.043630127924390985,0.4410958904109589,2.0,2.0,False,2022
1,18,28,8.0,15.0,4.0,6.0,11.0,13.0,10.0,23.0,3.0,8.0,7.0,8.0,0.15394003781900048,0.6167076167076168,0.021848877898455504,0.3641304347826087,3.0,3.0,True,2022
0,28,18,10.0,23.0,3.0,8.0,7.0,8.0,8.0,15.0,4.0,6.0,11.0,13.0,0.021848877898455504,0.3641304347826087,0.16315203025520036,0.6176470588235294,3.0,3.0,False,2022
1,10,22,10.0,18.0,4.0,6.0,4.0,5.0,8.0,18.0,4.0,12.0,12.0,15.0,0.09647258179404275,0.36220472440944884,0.06010274257973099,0.5141388174807198,2.0,2.0,False,2022
0,22,10,8.0,18.0,4.0,12.0,12.0,15.0,10.0,18.0,4.0,6.0,4.0,5.0,0.06010274257973099,0.5141388174807198,0.0771780654352342,0.3612565445026178,2.0,2.0,True,2022
1,8,15,15.0,19.0,2.0,7.0,3.0,3.0,9.0,18.0,3.0,6.0,6.0,9.0,0.11742219741570362,0.455026455026455,0.06103968103743963,0.40591397849462363,3.0,2.0,True,2022
1,20,26,10.0,17.0,5.0,11.0,4.0,4.0,10.0,23.0,4.0,5.0,6.0,8.0,0.17421569227695055,0.6029055690072639,0.0596260337206037,0.48578811369509045,3.0,2.0,False,2022
0,21,3,8.0,18.0,5.0,11.0,6.0,6.0,13.0,22.0,5.0,10.0,4.0,5.0,0.043630127924390985,0.4410958904109589,0.06900158688390574,0.4114583333333333,2.0,2.0,True,2022
1,1,11,11.0,16.0,4.0,9.0,5.0,8.0,13.0,27.0,4.0,14.0,7.0,11.0,0.007945021153353226,0.5281173594132029,0.1514215393992722,0.6144278606965174,1.0,3.0,False,2022
1,4,12,9.0,20.0,4.0,8.0,9.0,11.0,11.0,21.0,6.0,11.0,2.0,4.0,0.1021326029732315,0.6494117647058824,0.17099945976394385,0.5561097256857855,2.0,2.0,True,2022
0,17,7,5.0,12.0,3.0,6.0,6.0,8.0,9.0,12.0,4.0,8.0,7.0,9.0,0.08307145821806419,0.5373134328358209,0.1384998001287578,0.48091603053435117,3.0,3.0,False,2022
0,26,20,10.0,23.0,4.0,5.0,6.0,8.0,10.0,17.0,5.0,11.0,4.0,4.0,0.0596260337206037,0.48578811369509045,0.13937255382156044,0.6014492753623188,2.0,3.0,True,2022
0,11,1,13.0,27.0,4.0,14.0,7.0,11.0,11.0,16.0,4.0,9.0,5.0,8.0,0.1514215393992722,0.6144278606965174,0.0063560169226825804,0.526829268292683,3.0,1.0,True,2022
0,12,4,11.0,21.0,6.0,11.0,2.0,4.0,9.0,20.0,4.0,8.0,9.0,11.0,0.17099945976394385,0.5561097256857855,0.1217060823785852,0.6502347417840375,2.0,2.0,False,2022
1,24,29,14.0,30.0,4.0,8.0,4.0,4.0,8.0,18.0,2.0,9.0,8.0,10.0,0.15412960061931055,0.606694560669456,0.040070085516710395,0.5353535353535354,2.0,2.0,True,2022
1,6,12,10.0,21.0,4.0,7.0,9.0,9.0,12.0,19.0,6.0,12.0,10.0,10.0,0.05149770450552319,0.4923469387755102,0.13679956781115507,0.554726368159204,2.0,1.0,False,2022
1,25,19,10.0,23.0,3.0,15.0,8.0,10.0,9.0,20.0,4.0,12.0,8.0,9.0,0.12629715494077037,0.6231884057971014,0.07277895445356418,0.36684782608695654,2.0,2.0,False,2022
0,19,25,9.0,20.0,4.0,12.0,8.0,9.0,10.0,23.0,3.0,15.0,8.0,10.0,0.07277895445356418,0.36684782608695654,0.1010377239526163,0.6216867469879518,2.0,2.0,True,2022
1,5,15,12.0,22.0,5.0,11.0,3.0,4.0,10.0,20.0,4.0,12.0,11.0,14.0,0.08269606715757961,0.49214659685863876,0.06103968103743963,0.40591397849462363,3.0,1.0,False,2022
0,15,5,10.0,20.0,4.0,12.0,11.0,14.0,12.0,22.0,5.0,11.0,3.0,4.0,0.06103968103743963,0.40591397849462363,0.0661568537260637,0.4908616187989556,1.0,3.0,True,2022
1,13,0,15.0,26.0,4.0,12.0,7.0,9.0,8.0,17.0,4.0,8.0,4.0,4.0,0.1500598305499319,0.4753246753246753,0.06964610296471249,0.6885245901639344,2.0,2.0,True,2022
0,0,13,8.0,17.0,4.0,8.0,4.0,4.0,15.0,26.0,4.0,12.0,7.0,9.0,0.06964610296471249,0.6885245901639344,0.16004786443994554,0.47668393782383417,2.0,2.0,False,2022
0,12,6,12.0,19.0,6.0,12.0,10.0,10.0,10.0,21.0,4.0,7.0,9.0,9.0,0.13679956781115507,0.554726368159204,0.04119816360441855,0.4910941475826972,1.0,2.0,True,2022
0,27,9,10.0,20.0,4.0,7.0,2.0,2.0,11.0,18.0,7.0,10.0,10.0,10.0,0.10755065421846015,0.3878116343490305,0.09283085953753852,0.4005235602094241,3.0,2.0,False,2022
1,9,27,11.0,18.0,7.0,10.0,10.0,10.0,10.0,20.0,4.0,7.0,2.0,2.0,0.09283085953753852,0.4005235602094241,0.08604052337476811,0.3867403314917127,2.0,3.0,True,2022
0,29,24,8.0,18.0,2.0,9.0,8.0,10.0,14.0,30.0,4.0,8.0,4.0,4.0,0.040070085516710395,0.5353535353535354,0.16330368049544847,0.6083333333333333,2.0,2.0,False,2022
1,2,16,14.0,25.0,4.0,9.0,7.0,8.0,13.0,29.0,5.0,12.0,8.0,8.0,0.14736656488243965,0.5794392523364486,0.14588318342572554,0.45526315789473687,2.0,3.0,True,2022
0,16,2,13.0,29.0,5.0,12.0,8.0,8.0,14.0,25.0,4.0,9.0,7.0,8.0,0.14588318342572554,0.45526315789473687,0.15789325190595174,0.5807453416149069,3.0,2.0,False,2022
1,14,9,10.0,21.0,6.0,6.0,4.0,4.0,8.0,22.0,3.0,11.0,10.0,11.0,0.08903521416192858,0.4342105263157895,0.11426468763003081,0.402088772845953,3.0,1.0,False,2022
0,9,14,8.0,22.0,3.0,11.0,10.0,11.0,10.0,21.0,6.0,6.0,4.0,4.0,0.11426468763003081,0.402088772845953,0.07122817132954287,0.4330708661417323,1.0,3.0,True,2022
0,3,18,10.0,22.0,4.0,8.0,8.0,9.0,10.0,16.0,5.0,8.0,11.0,12.0,0.06900158688390574,0.4114583333333333,0.16315203025520036,0.6176470588235294,2.0,2.0,False,2022
1,25,10,13.0,20.0,4.0,9.0,6.0,8.0,5.0,16.0,3.0,7.0,6.0,6.0,0.1010377239526163,0.6216867469879518,0.0771780654352342,0.3612565445026178,1.0,2.0,False,2022
0,10,25,5.0,16.0,3.0,7.0,6.0,6.0,13.0,20.0,4.0,9.0,6.0,8.0,0.0771780654352342,0.3612565445026178,0.08083017916209304,0.6201923076923077,2.0,1.0,True,2022
1,7,28,11.0,16.0,9.0,12.0,7.0,8.0,9.0,26.0,4.0,7.0,7.0,10.0,0.1384998001287578,0.48091603053435117,0.017479102318764404,0.36314363143631434,2.0,2.0,True,2022
0,28,7,9.0,26.0,4.0,7.0,7.0,10.0,11.0,16.0,9.0,12.0,7.0,8.0,0.017479102318764404,0.36314363143631434,0.15079984010300623,0.48223350253807107,2.0,2.0,False,2022
1,26,23,14.0,21.0,3.0,8.0,6.0,7.0,8.0,13.0,5.0,10.0,5.0,7.0,0.08770082697648295,0.48711340206185566,0.1380186342464172,0.4332425068119891,2.0,3.0,False,2022
1,18,3,10.0,16.0,5.0,8.0,11.0,12.0,10.0,22.0,4.0,8.0,8.0,9.0,0.16315203025520036,0.6176470588235294,0.055201269507124597,0.4103896103896104,2.0,2.0,True,2022
1,8,11,11.0,18.0,3.0,6.0,6.0,6.0,6.0,18.0,3.0,11.0,2.0,6.0,0.13393775793256288,0.45646437994722955,0.16113723151941778,0.6153846153846154,2.0,2.0,True,2022
0,22,19,9.0,23.0,4.0,10.0,6.0,8.0,9.0,20.0,6.0,8.0,4.0,6.0,0.0880821940637848,0.5153846153846153,0.09822316356285135,0.3685636856368564,2.0,1.0,False,2022
1,20,1,10.0,14.0,3.0,6.0,8.0,9.0,7.0,14.0,3.0,8.0,8.0,8.0,0.13937255382156044,0.6014492753623188,0.0063560169226825804,0.526829268292683,2.0,2.0,True,2022
1,19,22,9.0,20.0,6.0,8.0,4.0,6.0,9.0,23.0,4.0,10.0,6.0,8.0,0.09822316356285135,0.3685636856368564,0.07046575525102784,0.5140664961636828,1.0,2.0,True,2022
0,4,27,12.0,22.0,3.0,6.0,10.0,19.0,13.0,30.0,3.0,10.0,5.0,5.0,0.1217060823785852,0.6502347417840375,0.08604052337476811,0.3867403314917127,2.0,1.0,True,2022
0,23,26,8.0,13.0,5.0,10.0,5.0,7.0,14.0,21.0,3.0,8.0,6.0,7.0,0.1380186342464172,0.4332425068119891,0.07016066158118636,0.48586118251928023,3.0,2.0,True,2022
1,27,4,13.0,30.0,3.0,10.0,5.0,5.0,12.0,22.0,3.0,6.0,10.0,19.0,0.08604052337476811,0.3867403314917127,0.13736486590286817,0.6510538641686182,1.0,2.0,False,2022
0,1,20,7.0,14.0,3.0,8.0,8.0,8.0,10.0,14.0,3.0,6.0,8.0,9.0,0.0063560169226825804,0.526829268292683,0.15149804305724834,0.6024096385542169,2.0,2.0,False,2022
0,11,8,6.0,18.0,3.0,11.0,2.0,6.0,11.0,18.0,3.0,6.0,6.0,6.0,0.16113723151941778,0.6153846153846154,0.1471502063460503,0.45789473684210524,2.0,2.0,False,2022
0,0,29,13.0,22.0,4.0,9.0,4.0,8.0,19.0,31.0,6.0,11.0,12.0,13.0,0.05571688237176999,0.6774193548387096,0.03205606841336832,0.5340050377833753,2.0,2.0,False,2022
1,23,17,13.0,17.0,4.0,9.0,10.0,11.0,11.0,25.0,9.0,17.0,7.0,8.0,0.15041490739713376,0.43478260869565216,0.06645716657445136,0.5359801488833746,1.0,3.0,True,2022
0,17,23,11.0,25.0,9.0,17.0,7.0,8.0,13.0,17.0,4.0,9.0,10.0,11.0,0.06645716657445136,0.5359801488833746,0.160331925917707,0.4363143631436314,3.0,1.0,False,2022
1,12,18,9.0,16.0,4.0,7.0,8.0,11.0,7.0,15.0,3.0,8.0,14.0,14.0,0.14943965424892408,0.5558312655086849,0.17052162420416034,0.6185819070904646,2.0,1.0,True,2022
0,18,12,7.0,15.0,3.0,8.0,14.0,14.0,9.0,16.0,4.0,7.0,8.0,11.0,0.17052162420416034,0.6185819070904646,0.15955172339913926,0.556930693069307,1.0,2.0,False,2022
0,10,16,7.0,16.0,4.0,7.0,4.0,5.0,10.0,17.0,3.0,6.0,9.0,11.0,0.10174245234818735,0.3629242819843342,0.11670654674058042,0.4540682414698163,1.0,2.0,False,2022
1,16,10,10.0,17.0,3.0,6.0,9.0,11.0,7.0,16.0,4.0,7.0,4.0,5.0,0.11670654674058042,0.4540682414698163,0.08139396187854989,0.3619791666666667,2.0,1.0,True,2022
0,15,13,18.0,31.0,3.0,7.0,5.0,6.0,11.0,22.0,5.0,11.0,12.0,13.0,0.0888317448299517,0.4075067024128686,0.16004786443994554,0.47668393782383417,2.0,2.0,False,2022
1,21,5,10.0,18.0,6.0,9.0,6.0,6.0,14.0,24.0,4.0,10.0,7.0,8.0,0.0749041023395128,0.4426229508196721,0.0661568537260637,0.4908616187989556,3.0,2.0,True,2022
0,5,21,14.0,24.0,4.0,10.0,7.0,8.0,10.0,18.0,6.0,9.0,6.0,6.0,0.0661568537260637,0.4908616187989556,0.09992328187161023,0.444141689373297,2.0,3.0,False,2022
1,29,0,19.0,31.0,6.0,11.0,12.0,13.0,13.0,22.0,4.0,9.0,4.0,8.0,0.03205606841336832,0.5340050377833753,0.044573505897415995,0.6666666666666666,2.0,2.0,True,2022
1,13,15,11.0,22.0,5.0,11.0,12.0,13.0,18.0,31.0,3.0,7.0,5.0,6.0,0.16004786443994554,0.47668393782383417,0.07106539586396135,0.40641711229946526,2.0,2.0,True,2022
1,3,25,9.0,18.0,3.0,12.0,6.0,6.0,8.0,22.0,3.0,8.0,7.0,13.0,0.055201269507124597,0.4103896103896104,0.08083017916209304,0.6201923076923077,2.0,2.0,True,2022
1,24,28,5.0,18.0,3.0,8.0,4.0,5.0,8.0,18.0,4.0,8.0,7.0,8.0,0.16330368049544847,0.6083333333333333,0.013983281855011524,0.3621621621621622,3.0,2.0,False,2022
1,26,11,11.0,23.0,2.0,7.0,11.0,12.0,11.0,21.0,11.0,18.0,3.0,4.0,0.07016066158118636,0.48586118251928023,0.12890978521553423,0.6138613861386139,2.0,2.0,False,2022
0,11,26,11.0,21.0,11.0,18.0,3.0,4.0,11.0,23.0,2.0,7.0,11.0,12.0,0.12890978521553423,0.6138613861386139,0.05612852926494909,0.4846153846153846,2.0,2.0,True,2022
1,14,22,8.0,17.0,3.0,9.0,8.0,10.0,8.0,17.0,3.0,7.0,11.0,13.0,0.07122817132954287,0.4330708661417323,0.07046575525102784,0.5140664961636828,2.0,2.0,True,2022
1,4,7,16.0,27.0,5.0,9.0,7.0,7.0,14.0,19.0,4.0,8.0,4.0,6.0,0.13736486590286817,0.6510538641686182,0.15079984010300623,0.48223350253807107,2.0,2.0,True,2022
0,7,4,14.0,19.0,4.0,8.0,4.0,6.0,16.0,27.0,5.0,9.0,7.0,7.0,0.15079984010300623,0.48223350253807107,0.14989189272229453,0.6518691588785047,2.0,2.0,False,2022
0,28,24,8.0,18.0,4.0,8.0,7.0,8.0,5.0,18.0,3.0,8.0,4.0,5.0,0.013983281855011524,0.3621621621621622,0.13064294439635876,0.6058091286307054,2.0,3.0,True,2022
0,16,1,11.0,22.0,4.0,9.0,8.0,9.0,11.0,21.0,4.0,10.0,8.0,11.0,0.13336523739246436,0.45549738219895286,0.005084813538146065,0.5255474452554745,1.0,2.0,False,2022
0,8,20,12.0,24.0,3.0,7.0,11.0,13.0,16.0,22.0,3.0,6.0,11.0,15.0,0.1471502063460503,0.45789473684210524,0.15149804305724834,0.6024096385542169,2.0,2.0,False,2022
0,25,3,8.0,22.0,3.0,8.0,7.0,13.0,9.0,18.0,3.0,12.0,6.0,6.0,0.08083017916209304,0.6201923076923077,0.08416101560569966,0.4119170984455959,2.0,2.0,False,2022
1,2,6,16.0,30.0,8.0,15.0,14.0,17.0,12.0,21.0,4.0,9.0,9.0,10.0,0.15789325190595174,0.5807453416149069,0.04119816360441855,0.4910941475826972,3.0,3.0,True,2022
1,1,16,11.0,21.0,4.0,10.0,8.0,11.0,11.0,22.0,4.0,9.0,8.0,9.0,0.005084813538146065,0.5255474452554745,0.10669218991397149,0.45430809399477806,2.0,1.0,True,2022
0,6,2,12.0,21.0,4.0,9.0,9.0,10.0,16.0,30.0,8.0,15.0,14.0,17.0,0.04119816360441855,0.4910941475826972,0.16631460152476135,0.5820433436532507,3.0,3.0,False,2022
1,20,8,16.0,22.0,3.0,6.0,11.0,15.0,12.0,24.0,3.0,7.0,11.0,13.0,0.15149804305724834,0.6024096385542169,0.11772016507684024,0.4566929133858268,2.0,2.0,True,2022
0,22,14,8.0,17.0,3.0,7.0,11.0,13.0,8.0,17.0,3.0,9.0,8.0,10.0,0.07046575525102784,0.5140664961636828,0.09698253706363429,0.43455497382198954,2.0,2.0,False,2022
1,18,27,15.0,27.0,4.0,7.0,12.0,16.0,8.0,19.0,3.0,9.0,11.0,12.0,0.13641729936332828,0.6170731707317073,0.06883241869981449,0.3856749311294766,2.0,3.0,True,2022
0,1,12,8.0,16.0,5.0,11.0,4.0,6.0,12.0,18.0,6.0,9.0,7.0,9.0,0.04406785083051685,0.5266990291262136,0.15955172339913926,0.556930693069307,1.0,2.0,False,2022
1,23,17,8.0,16.0,5.0,14.0,10.0,15.0,7.0,18.0,2.0,7.0,11.0,16.0,0.160331925917707,0.4363143631436314,0.05316573325956109,0.5346534653465347,2.0,2.0,True,2022
0,29,5,8.0,22.0,2.0,7.0,7.0,13.0,12.0,20.0,4.0,5.0,6.0,8.0,0.06564485473069466,0.535175879396985,0.05292548298085096,0.4895833333333333,2.0,2.0,False,2022
1,15,28,10.0,18.0,3.0,8.0,7.0,9.0,18.0,31.0,8.0,16.0,10.0,11.0,0.07106539586396135,0.40641711229946526,0.05118662548400922,0.3638814016172507,2.0,1.0,False,2022
0,28,15,18.0,31.0,8.0,16.0,10.0,11.0,10.0,18.0,3.0,8.0,7.0,9.0,0.05118662548400922,0.3638814016172507,0.05685231669116908,0.4053333333333333,1.0,2.0,True,2022
0,17,23,7.0,18.0,2.0,7.0,11.0,16.0,8.0,16.0,5.0,14.0,10.0,15.0,0.05316573325956109,0.5346534653465347,0.1682655407341656,0.43783783783783786,2.0,2.0,False,2022
0,27,18,8.0,19.0,3.0,9.0,11.0,12.0,15.0,27.0,4.0,7.0,12.0,16.0,0.06883241869981449,0.3856749311294766,0.1491338394906626,0.6180048661800487,3.0,2.0,False,2022
1,19,9,10.0,25.0,3.0,7.0,6.0,7.0,8.0,20.0,3.0,11.0,6.0,8.0,0.11857853085028107,0.37027027027027026,0.13141175010402467,0.4036458333333333,3.0,3.0,True,2022
1,5,29,12.0,20.0,4.0,5.0,6.0,8.0,8.0,22.0,2.0,7.0,7.0,13.0,0.05292548298085096,0.4895833333333333,0.052515883784555725,0.5338345864661654,2.0,2.0,True,2022
1,20,0,12.0,17.0,5.0,7.0,8.0,14.0,11.0,23.0,8.0,12.0,5.0,6.0,0.16119843444579868,0.6033653846153846,0.044573505897415995,0.6666666666666666,1.0,2.0,True,2022
0,0,20,11.0,23.0,8.0,12.0,5.0,6.0,12.0,17.0,5.0,7.0,8.0,14.0,0.044573505897415995,0.6666666666666666,0.16895874755663892,0.60431654676259,2.0,1.0,False,2022
1,13,11,12.0,23.0,5.0,11.0,6.0,7.0,7.0,19.0,4.0,9.0,6.0,7.0,0.16803829155195643,0.4780361757105943,0.14312782817242736,0.6148148148148148,2.0,1.0,True,2022
0,11,13,7.0,19.0,4.0,9.0,6.0,7.0,12.0,23.0,5.0,11.0,6.0,7.0,0.14312782817242736,0.6148148148148148,0.17443063324156516,0.4793814432989691,1.0,2.0,False,2022
1,12,1,12.0,18.0,6.0,9.0,7.0,9.0,8.0,16.0,5.0,11.0,4.0,6.0,0.15955172339913926,0.556930693069307,0.03525428066441348,0.5254237288135594,2.0,1.0,True,2022
0,9,19,8.0,20.0,3.0,11.0,6.0,8.0,10.0,25.0,3.0,7.0,6.0,7.0,0.13141175010402467,0.4036458333333333,0.13486282468022487,0.3719676549865229,3.0,3.0,False,2022
1,16,8,8.0,17.0,5.0,9.0,6.0,7.0,13.0,21.0,5.0,10.0,7.0,10.0,0.10669218991397149,0.45430809399477806,0.11772016507684024,0.4566929133858268,2.0,2.0,True,2022
1,10,7,8.0,14.0,2.0,6.0,4.0,5.0,10.0,19.0,6.0,10.0,6.0,6.0,0.08139396187854989,0.3619791666666667,0.12063987208240498,0.4810126582278481,3.0,2.0,False,2022
0,7,10,10.0,19.0,6.0,10.0,6.0,6.0,8.0,14.0,2.0,6.0,4.0,5.0,0.12063987208240498,0.4810126582278481,0.06511516950283991,0.36103896103896105,2.0,3.0,True,2022
1,26,4,11.0,18.0,4.0,9.0,8.0,12.0,13.0,19.0,4.0,7.0,9.0,13.0,0.05612852926494909,0.4846153846153846,0.14989189272229453,0.6518691588785047,2.0,2.0,False,2022
0,8,16,13.0,21.0,5.0,10.0,7.0,10.0,8.0,17.0,5.0,9.0,6.0,7.0,0.11772016507684024,0.4566929133858268,0.1253537519311772,0.4557291666666667,2.0,2.0,False,2022
0,4,26,13.0,19.0,4.0,7.0,9.0,13.0,11.0,18.0,4.0,9.0,8.0,12.0,0.14989189272229453,0.6518691588785047,0.04490282341195927,0.4833759590792839,2.0,2.0,True,2022
0,3,22,14.0,26.0,4.0,9.0,9.0,9.0,9.0,15.0,4.0,7.0,3.0,4.0,0.08416101560569966,0.4119170984455959,0.056372604200822275,0.5127551020408163,2.0,2.0,True,2022
1,0,24,9.0,23.0,4.0,9.0,5.0,6.0,6.0,14.0,3.0,8.0,4.0,5.0,0.0356588047179328,0.65625,0.13064294439635876,0.6058091286307054,1.0,2.0,True,2022
1,21,6,11.0,22.0,5.0,11.0,5.0,6.0,15.0,19.0,9.0,12.0,11.0,13.0,0.09992328187161023,0.444141689373297,0.03295853088353484,0.48984771573604063,3.0,2.0,False,2022
0,6,21,15.0,19.0,9.0,12.0,11.0,13.0,11.0,22.0,5.0,11.0,5.0,6.0,0.03295853088353484,0.48984771573604063,0.07993862549728818,0.4429347826086957,2.0,3.0,True,2022
1,22,3,9.0,15.0,4.0,7.0,3.0,4.0,14.0,26.0,4.0,9.0,9.0,9.0,0.056372604200822275,0.5127551020408163,0.10732881248455972,0.4134366925064599,2.0,2.0,False,2022
0,24,0,6.0,14.0,3.0,8.0,4.0,5.0,9.0,23.0,4.0,9.0,5.0,6.0,0.13064294439635876,0.6058091286307054,0.06852704377434624,0.6615384615384615,2.0,1.0,False,2022
1,4,9,15.0,22.0,4.0,8.0,12.0,17.0,8.0,15.0,4.0,9.0,8.0,8.0,0.15991351417783561,0.6526806526806527,0.10512940008321973,0.4025974025974026,1.0,2.0,True,2022
0,17,11,6.0,14.0,3.0,8.0,9.0,9.0,9.0,14.0,6.0,10.0,4.0,4.0,0.04253258660764887,0.5333333333333333,0.11450226253794189,0.6133004926108374,2.0,2.0,False,2022
1,5,25,10.0,19.0,3.0,9.0,6.0,6.0,8.0,15.0,3.0,8.0,9.0,10.0,0.08234038638468076,0.4909090909090909,0.06466414332967443,0.6187050359712231,2.0,3.0,False,2022
0,25,5,8.0,15.0,3.0,8.0,9.0,10.0,10.0,19.0,3.0,9.0,6.0,6.0,0.06466414332967443,0.6187050359712231,0.06587230910774461,0.4896373056994819,3.0,2.0,True,2022
1,11,17,9.0,14.0,6.0,10.0,4.0,4.0,6.0,14.0,3.0,8.0,9.0,9.0,0.11450226253794189,0.6133004926108374,0.0340260692861191,0.5320197044334976,2.0,2.0,True,2022
0,26,23,9.0,19.0,5.0,10.0,4.0,8.0,11.0,17.0,11.0,17.0,5.0,8.0,0.04490282341195927,0.4833759590792839,0.1682655407341656,0.43783783783783786,1.0,2.0,False,2022
1,8,10,14.0,27.0,3.0,11.0,8.0,8.0,6.0,13.0,4.0,9.0,4.0,5.0,0.0941761320614722,0.45549738219895286,0.06511516950283991,0.36103896103896105,1.0,1.0,False,2022
1,23,26,11.0,17.0,11.0,17.0,5.0,8.0,9.0,19.0,5.0,10.0,4.0,8.0,0.1682655407341656,0.43783783783783786,0.03592225872956741,0.48214285714285715,2.0,1.0,True,2022
0,28,13,8.0,19.0,3.0,10.0,7.0,10.0,12.0,25.0,3.0,11.0,5.0,8.0,0.08094930038720737,0.3655913978494624,0.17443063324156516,0.4793814432989691,2.0,2.0,True,2022
1,15,20,12.0,23.0,4.0,7.0,4.0,6.0,15.0,24.0,3.0,8.0,8.0,9.0,0.05685231669116908,0.4053333333333333,0.16895874755663892,0.60431654676259,2.0,2.0,False,2022
0,20,15,15.0,24.0,3.0,8.0,8.0,9.0,12.0,23.0,4.0,7.0,4.0,6.0,0.16895874755663892,0.60431654676259,0.04548185335293527,0.40425531914893614,2.0,2.0,True,2022
0,10,8,6.0,13.0,4.0,9.0,4.0,5.0,14.0,27.0,3.0,11.0,8.0,8.0,0.06511516950283991,0.36103896103896105,0.07534090564917775,0.45430809399477806,1.0,1.0,True,2022
1,24,14,12.0,21.0,5.0,9.0,4.0,4.0,8.0,16.0,3.0,7.0,6.0,6.0,0.10451435551708702,0.6033057851239669,0.09698253706363429,0.43455497382198954,1.0,3.0,True,2022
0,7,12,9.0,16.0,4.0,8.0,5.0,5.0,7.0,20.0,6.0,11.0,3.0,3.0,0.136511897665924,0.4823232323232323,0.1676413787193114,0.5580246913580247,1.0,2.0,True,2022
0,27,19,12.0,25.0,2.0,7.0,12.0,13.0,9.0,15.0,3.0,8.0,3.0,5.0,0.05506593495985159,0.38461538461538464,0.13486282468022487,0.3719676549865229,2.0,2.0,True,2022
1,12,7,7.0,20.0,6.0,11.0,3.0,3.0,9.0,16.0,4.0,8.0,5.0,5.0,0.1676413787193114,0.5580246913580247,0.1492095181327392,0.4836272040302267,2.0,1.0,False,2022
0,2,21,16.0,24.0,6.0,9.0,6.0,6.0,7.0,17.0,3.0,9.0,6.0,7.0,0.16631460152476135,0.5820433436532507,0.07993862549728818,0.4429347826086957,3.0,1.0,True,2022
1,13,28,12.0,25.0,3.0,11.0,5.0,8.0,8.0,19.0,3.0,10.0,7.0,10.0,0.17443063324156516,0.4793814432989691,0.10475944030976589,0.3672922252010724,2.0,2.0,False,2022
1,21,2,7.0,17.0,3.0,9.0,6.0,7.0,16.0,24.0,6.0,9.0,6.0,6.0,0.07993862549728818,0.4429347826086957,0.1730516812198091,0.5833333333333334,1.0,3.0,False,2022
1,19,27,9.0,15.0,3.0,8.0,3.0,5.0,12.0,25.0,2.0,7.0,12.0,13.0,0.13486282468022487,0.3719676549865229,0.08405274796788127,0.3863013698630137,2.0,2.0,False,2022
0,29,1,11.0,26.0,4.0,9.0,7.0,8.0,13.0,21.0,4.0,7.0,4.0,4.0,0.052515883784555725,0.5338345864661654,0.03525428066441348,0.5254237288135594,2.0,2.0,False,2022
1,1,29,13.0,21.0,4.0,7.0,4.0,4.0,11.0,26.0,4.0,9.0,7.0,8.0,0.03525428066441348,0.5254237288135594,0.04201270702764458,0.5325,2.0,2.0,True,2022
0,14,24,8.0,16.0,3.0,7.0,6.0,6.0,12.0,21.0,5.0,9.0,4.0,4.0,0.09698253706363429,0.43455497382198954,0.1236114844136696,0.6049382716049383,3.0,1.0,False,2022
0,9,4,8.0,15.0,4.0,9.0,8.0,8.0,15.0,22.0,4.0,8.0,12.0,17.0,0.10512940008321973,0.4025974025974026,0.16793081134226848,0.6534883720930232,2.0,1.0,False,2022
0,0,20,11.0,21.0,5.0,12.0,7.0,7.0,9.0,21.0,3.0,8.0,5.0,6.0,0.06852704377434624,0.6615384615384615,0.17516699804531116,0.6052631578947368,2.0,1.0,True,2022
1,18,6,5.0,17.0,4.0,7.0,15.0,19.0,10.0,17.0,5.0,11.0,3.0,6.0,0.1491338394906626,0.6180048661800487,0.06636682470682788,0.4911392405063291,3.0,2.0,False,2022
1,20,0,9.0,21.0,3.0,8.0,5.0,6.0,11.0,21.0,5.0,12.0,7.0,7.0,0.17516699804531116,0.6052631578947368,0.09482163501947699,0.6666666666666666,1.0,2.0,False,2022
0,6,18,10.0,17.0,5.0,11.0,3.0,6.0,5.0,17.0,4.0,7.0,15.0,19.0,0.06636682470682788,0.4911392405063291,0.1193070715925301,0.616504854368932,2.0,3.0,True,2022
0,3,12,7.0,17.0,2.0,6.0,15.0,16.0,11.0,16.0,5.0,11.0,10.0,12.0,0.10732881248455972,0.4134366925064599,0.13411310297544912,0.5566502463054187,3.0,2.0,False,2022
1,7,25,9.0,18.0,3.0,9.0,3.0,4.0,13.0,24.0,8.0,11.0,8.0,8.0,0.1492095181327392,0.4836272040302267,0.09173131466373954,0.6196172248803827,2.0,2.0,False,2022
1,5,11,9.0,23.0,2.0,7.0,8.0,12.0,10.0,23.0,4.0,11.0,9.0,10.0,0.06587230910774461,0.4896373056994819,0.1316018100303535,0.6142506142506142,2.0,2.0,True,2022
0,11,5,10.0,23.0,4.0,11.0,9.0,10.0,9.0,23.0,2.0,7.0,8.0,12.0,0.1316018100303535,0.6142506142506142,0.0926978472861957,0.4909560723514212,2.0,2.0,False,2022
0,25,7,13.0,24.0,8.0,11.0,8.0,8.0,9.0,18.0,3.0,9.0,3.0,4.0,0.09173131466373954,0.6196172248803827,0.11936761450619135,0.4824120603015075,2.0,2.0,True,2022
1,10,23,10.0,15.0,5.0,8.0,6.0,6.0,9.0,19.0,4.0,11.0,8.0,8.0,0.09209213560227193,0.3626943005181347,0.17461243258733247,0.4393530997304582,2.0,2.0,True,2022
1,8,21,12.0,20.0,7.0,12.0,6.0,8.0,9.0,17.0,7.0,13.0,4.0,5.0,0.07534090564917775,0.45430809399477806,0.06395090039783055,0.44173441734417346,2.0,2.0,False,2022
1,12,3,11.0,16.0,5.0,11.0,10.0,12.0,7.0,17.0,2.0,6.0,15.0,16.0,0.13411310297544912,0.5566502463054187,0.08586304998764778,0.41237113402061853,2.0,3.0,True,2022
0,21,8,9.0,17.0,7.0,13.0,4.0,5.0,12.0,20.0,7.0,12.0,6.0,8.0,0.06395090039783055,0.44173441734417346,0.0602727245193422,0.453125,2.0,2.0,True,2022
0,28,16,11.0,27.0,3.0,7.0,11.0,13.0,14.0,34.0,3.0,7.0,8.0,10.0,0.10475944030976589,0.3672922252010724,0.1253537519311772,0.4557291666666667,2.0,3.0,False,2022
0,24,9,10.0,20.0,3.0,8.0,4.0,4.0,8.0,17.0,4.0,8.0,10.0,12.0,0.1236114844136696,0.6049382716049383,0.08410352006657579,0.4015544041450777,2.0,2.0,False,2022
0,23,10,9.0,19.0,4.0,11.0,8.0,8.0,10.0,15.0,5.0,8.0,6.0,6.0,0.17461243258733247,0.4393530997304582,0.11367370848181753,0.3643410852713178,2.0,2.0,False,2022
1,2,19,13.0,27.0,2.0,9.0,6.0,7.0,10.0,27.0,3.0,10.0,5.0,5.0,0.1730516812198091,0.5833333333333334,0.1078902597441799,0.3709677419354839,2.0,2.0,True,2022
0,19,2,10.0,27.0,3.0,10.0,5.0,5.0,13.0,27.0,2.0,9.0,6.0,7.0,0.1078902597441799,0.3709677419354839,0.17844134497584724,0.5846153846153846,2.0,2.0,False,2022
1,29,14,18.0,25.0,6.0,9.0,8.0,8.0,9.0,18.0,5.0,11.0,8.0,9.0,0.04201270702764458,0.5325,0.07758602965090743,0.43342036553524804,2.0,2.0,True,2022
1,16,28,14.0,34.0,3.0,7.0,8.0,10.0,11.0,27.0,3.0,7.0,11.0,13.0,0.1253537519311772,0.4557291666666667,0.08380755224781271,0.3663101604278075,3.0,2.0,True,2022
0,13,1,9.0,19.0,5.0,11.0,8.0,10.0,8.0,17.0,3.0,7.0,4.0,5.0,0.13954450659325213,0.4781491002570694,0.06820342453153078,0.5265700483091788,2.0,2.0,True,2022
1,9,24,8.0,17.0,4.0,8.0,10.0,12.0,10.0,20.0,3.0,8.0,4.0,4.0,0.08410352006657579,0.4015544041450777,0.09888918753093569,0.6024590163934426,2.0,2.0,True,2022
1,1,13,8.0,17.0,3.0,7.0,4.0,5.0,9.0,19.0,5.0,11.0,8.0,10.0,0.06820342453153078,0.5265700483091788,0.15163560527460168,0.4794871794871795,2.0,2.0,False,2022
0,14,29,9.0,18.0,5.0,11.0,8.0,9.0,18.0,25.0,6.0,9.0,8.0,8.0,0.07758602965090743,0.43342036553524804,0.07361016562211567,0.5336658354114713,2.0,2.0,False,2022
1,17,14,15.0,21.0,6.0,9.0,8.0,8.0,7.0,17.0,5.0,10.0,9.0,9.0,0.0340260692861191,0.5320197044334976,0.06206882372072594,0.4322916666666667,3.0,1.0,True,2022
0,3,27,9.0,24.0,2.0,8.0,7.0,8.0,9.0,26.0,3.0,5.0,7.0,7.0,0.08586304998764778,0.41237113402061853,0.08405274796788127,0.3863013698630137,1.0,3.0,False,2022
1,11,15,15.0,22.0,7.0,13.0,8.0,8.0,15.0,32.0,5.0,11.0,6.0,6.0,0.10528144802428281,0.6127450980392157,0.04548185335293527,0.40425531914893614,1.0,3.0,True,2022
0,15,11,15.0,32.0,5.0,11.0,6.0,6.0,15.0,22.0,7.0,13.0,8.0,8.0,0.04548185335293527,0.40425531914893614,0.12422515841942625,0.6136919315403423,3.0,1.0,False,2022
1,5,22,12.0,20.0,4.0,9.0,4.0,4.0,8.0,18.0,3.0,12.0,5.0,5.0,0.0926978472861957,0.4909560723514212,0.04509808336065782,0.5114503816793893,1.0,4.0,False,2022
0,22,5,8.0,18.0,3.0,12.0,5.0,5.0,12.0,20.0,4.0,9.0,4.0,4.0,0.04509808336065782,0.5114503816793893,0.07415827782895656,0.4896907216494845,4.0,1.0,True,2022
1,12,23,8.0,19.0,6.0,11.0,8.0,9.0,6.0,13.0,4.0,9.0,7.0,8.0,0.1472904823803593,0.5577395577395577,0.13968994606986598,0.4381720430107527,1.0,1.0,False,2022
1,0,4,15.0,24.0,8.0,14.0,7.0,7.0,9.0,19.0,4.0,9.0,12.0,18.0,0.09482163501947699,0.6666666666666666,0.16793081134226848,0.6534883720930232,2.0,3.0,True,2022
1,20,25,9.0,13.0,5.0,7.0,8.0,9.0,12.0,22.0,4.0,6.0,7.0,8.0,0.14013359843624892,0.60381861575179,0.11338505173099163,0.6205250596658711,2.0,1.0,False,2022
0,25,20,12.0,22.0,4.0,6.0,7.0,8.0,9.0,13.0,5.0,7.0,8.0,9.0,0.11338505173099163,0.6205250596658711,0.11210687874899913,0.6023809523809524,1.0,2.0,True,2022
1,27,3,9.0,26.0,3.0,5.0,7.0,7.0,9.0,24.0,2.0,8.0,7.0,8.0,0.08405274796788127,0.3863013698630137,0.06869043999011823,0.41131105398457585,3.0,1.0,True,2022
0,23,12,6.0,13.0,4.0,9.0,7.0,8.0,8.0,19.0,6.0,11.0,8.0,9.0,0.13968994606986598,0.4381720430107527,0.11783238590428743,0.5563725490196079,1.0,1.0,True,2022
0,4,0,9.0,19.0,4.0,9.0,12.0,18.0,15.0,24.0,8.0,14.0,7.0,7.0,0.16793081134226848,0.6534883720930232,0.11585730801558161,0.6716417910447762,3.0,2.0,False,2022
0,14,17,7.0,17.0,5.0,10.0,9.0,9.0,15.0,21.0,6.0,9.0,8.0,8.0,0.06206882372072594,0.4322916666666667,0.06722085542889528,0.5331695331695332,1.0,3.0,False,2022
0,16,26,7.0,15.0,3.0,5.0,6.0,6.0,11.0,20.0,4.0,9.0,12.0,12.0,0.14028300154494175,0.45714285714285713,0.03592225872956741,0.48214285714285715,2.0,4.0,True,2022
1,6,28,19.0,37.0,4.0,13.0,11.0,12.0,9.0,21.0,5.0,8.0,7.0,8.0,0.0930934597654623,0.49242424242424243,0.08380755224781271,0.3663101604278075,3.0,2.0,True,2022
0,18,10,10.0,28.0,4.0,11.0,15.0,17.0,10.0,19.0,3.0,7.0,8.0,8.0,0.1193070715925301,0.616504854368932,0.11367370848181753,0.3643410852713178,3.0,2.0,True,2022
1,8,1,12.0,18.0,2.0,6.0,7.0,9.0,6.0,13.0,2.0,5.0,3.0,6.0,0.0602727245193422,0.453125,0.05456273962522462,0.5253012048192771,2.0,2.0,True,2022
0,29,7,10.0,20.0,5.0,11.0,6.0,7.0,12.0,25.0,4.0,10.0,3.0,3.0,0.07361016562211567,0.5336658354114713,0.11936761450619135,0.4824120603015075,2.0,2.0,False,2022
1,7,29,12.0,25.0,4.0,10.0,3.0,3.0,10.0,20.0,5.0,11.0,6.0,7.0,0.11936761450619135,0.4824120603015075,0.058888132497692536,0.5323383084577115,2.0,2.0,True,2022
0,1,8,6.0,13.0,2.0,5.0,3.0,6.0,12.0,18.0,2.0,6.0,7.0,9.0,0.05456273962522462,0.5253012048192771,0.08821817961547376,0.45454545454545453,2.0,2.0,False,2022
1,26,16,11.0,20.0,4.0,9.0,12.0,12.0,7.0,15.0,3.0,5.0,6.0,6.0,0.03592225872956741,0.48214285714285715,0.1522264012359534,0.4585492227979275,4.0,2.0,False,2022
0,24,19,10.0,19.0,4.0,7.0,8.0,8.0,10.0,20.0,4.0,8.0,5.0,6.0,0.09888918753093569,0.6024590163934426,0.08631220779534392,0.3699731903485255,2.0,2.0,True,2022
0,28,6,9.0,21.0,5.0,8.0,7.0,8.0,19.0,37.0,4.0,13.0,11.0,12.0,0.08380755224781271,0.3663101604278075,0.11447476781236983,0.49370277078085645,2.0,3.0,False,2022
1,2,13,7.0,23.0,3.0,10.0,6.0,6.0,8.0,16.0,4.0,10.0,6.0,9.0,0.17844134497584724,0.5846153846153846,0.15163560527460168,0.4794871794871795,2.0,2.0,False,2022
0,13,2,8.0,16.0,4.0,10.0,6.0,9.0,7.0,23.0,3.0,10.0,6.0,6.0,0.15163560527460168,0.4794871794871795,0.1427530759806778,0.5828220858895705,2.0,2.0,True,2022
1,9,22,13.0,20.0,7.0,10.0,14.0,14.0,9.0,20.0,4.0,9.0,5.0,6.0,0.10728281605326065,0.40310077519379844,0.07607846668852625,0.5126903553299492,2.0,1.0,True,2022
0,22,9,9.0,20.0,4.0,9.0,5.0,6.0,13.0,20.0,7.0,10.0,14.0,14.0,0.07607846668852625,0.5126903553299492,0.1258262528426085,0.40463917525773196,1.0,2.0,False,2022
1,19,24,10.0,20.0,4.0,8.0,5.0,6.0,10.0,19.0,4.0,7.0,8.0,8.0,0.08631220779534392,0.3699731903485255,0.11911135002474853,0.6040816326530613,2.0,2.0,False,2022
1,10,18,10.0,19.0,3.0,7.0,8.0,8.0,10.0,28.0,4.0,11.0,15.0,17.0,0.11367370848181753,0.3643410852713178,0.13544565727402408,0.6174334140435835,2.0,3.0,False,2022
1,5,23,13.0,21.0,5.0,9.0,9.0,10.0,19.0,31.0,7.0,11.0,15.0,16.0,0.07415827782895656,0.4896907216494845,0.15175195685589277,0.43967828418230565,2.0,2.0,False,2022
0,27,15,10.0,22.0,3.0,9.0,9.0,9.0,13.0,25.0,3.0,8.0,10.0,10.0,0.10724219837430501,0.3879781420765027,0.036385482682348216,0.40318302387267907,2.0,2.0,False,2022
1,15,27,13.0,25.0,3.0,8.0,10.0,10.0,10.0,22.0,3.0,9.0,9.0,9.0,0.036385482682348216,0.40318302387267907,0.08579375869944401,0.3869209809264305,2.0,2.0,True,2022
1,26,21,12.0,20.0,4.0,9.0,5.0,5.0,11.0,17.0,5.0,8.0,4.0,5.0,0.02873780698365393,0.48091603053435117,0.09116072031826444,0.44324324324324327,1.0,3.0,False,2022
0,4,11,12.0,24.0,3.0,6.0,7.0,8.0,10.0,32.0,6.0,17.0,6.0,8.0,0.13434464907381477,0.6519721577726219,0.12422515841942625,0.6136919315403423,2.0,2.0,True,2022
1,11,4,10.0,32.0,6.0,17.0,6.0,8.0,12.0,24.0,3.0,6.0,7.0,8.0,0.12422515841942625,0.6136919315403423,0.14747571925905184,0.6527777777777778,2.0,2.0,False,2022
1,18,20,11.0,20.0,3.0,10.0,11.0,12.0,8.0,16.0,4.0,9.0,5.0,7.0,0.13544565727402408,0.6174334140435835,0.11210687874899913,0.6023809523809524,1.0,2.0,False,2022
0,20,18,8.0,16.0,4.0,9.0,5.0,7.0,11.0,20.0,3.0,10.0,11.0,12.0,0.11210687874899913,0.6023809523809524,0.10835652581921926,0.6159420289855072,2.0,1.0,True,2022
0,23,5,19.0,31.0,7.0,11.0,15.0,16.0,13.0,21.0,5.0,9.0,9.0,10.0,0.15175195685589277,0.43967828418230565,0.05932662226316525,0.4884318766066838,2.0,2.0,True,2022
0,17,9,11.0,21.0,4.0,7.0,5.0,7.0,15.0,31.0,5.0,14.0,11.0,11.0,0.06722085542889528,0.5331695331695332,0.1258262528426085,0.40463917525773196,2.0,1.0,False,2022
1,3,24,13.0,22.0,4.0,9.0,11.0,13.0,10.0,21.0,4.0,11.0,4.0,4.0,0.06869043999011823,0.41131105398457585,0.11911135002474853,0.6040816326530613,2.0,1.0,True,2022
0,21,26,11.0,17.0,5.0,8.0,4.0,5.0,12.0,20.0,4.0,9.0,5.0,5.0,0.09116072031826444,0.44324324324324327,0.022990245586923145,0.4796954314720812,3.0,1.0,True,2022
1,9,17,15.0,31.0,5.0,14.0,11.0,11.0,11.0,21.0,4.0,7.0,5.0,7.0,0.1258262528426085,0.40463917525773196,0.05377668434311622,0.5318627450980392,1.0,2.0,True,2022
0,24,3,10.0,21.0,4.0,11.0,4.0,4.0,13.0,22.0,4.0,9.0,11.0,13.0,0.11911135002474853,0.6040816326530613,0.09495235199209458,0.4128205128205128,1.0,2.0,False,2022
1,29,25,11.0,19.0,4.0,9.0,6.0,7.0,9.0,19.0,3.0,12.0,11.0,13.0,0.058888132497692536,0.5323383084577115,0.1307080413847933,0.6214285714285714,1.0,2.0,False,2022
0,14,0,8.0,14.0,3.0,6.0,10.0,10.0,16.0,25.0,7.0,14.0,8.0,8.0,0.04965505897658075,0.43116883116883115,0.11585730801558161,0.6716417910447762,2.0,2.0,False,2022
0,25,29,9.0,19.0,3.0,12.0,11.0,13.0,11.0,19.0,4.0,9.0,6.0,7.0,0.1307080413847933,0.6214285714285714,0.04711050599815403,0.5310173697270472,2.0,1.0,True,2022
1,0,14,16.0,25.0,7.0,14.0,8.0,8.0,8.0,14.0,3.0,6.0,10.0,10.0,0.11585730801558161,0.6716417910447762,0.0397240471812646,0.43005181347150256,2.0,2.0,True,2022
1,12,19,8.0,15.0,4.0,9.0,9.0,11.0,8.0,20.0,4.0,9.0,5.0,8.0,0.11783238590428743,0.5563725490196079,0.06904976623627514,0.3689839572192513,3.0,2.0,True,2022
0,16,22,8.0,16.0,4.0,8.0,4.0,6.0,7.0,13.0,2.0,6.0,4.0,6.0,0.1522264012359534,0.4585492227979275,0.060862773350821,0.5113924050632911,2.0,2.0,True,2022
0,19,12,8.0,20.0,4.0,9.0,5.0,8.0,8.0,15.0,4.0,9.0,9.0,11.0,0.06904976623627514,0.3689839572192513,0.13426590872342997,0.5574572127139364,2.0,3.0,False,2022
1,22,16,7.0,13.0,2.0,6.0,4.0,6.0,8.0,16.0,4.0,8.0,4.0,6.0,0.060862773350821,0.5113924050632911,0.16178112098876274,0.4599483204134367,2.0,2.0,False,2022
0,7,8,11.0,20.0,4.0,9.0,5.0,5.0,9.0,17.0,3.0,8.0,5.0,6.0,0.1354940916049531,0.48370927318295737,0.08821817961547376,0.45454545454545453,2.0,2.0,True,2022
1,8,7,9.0,17.0,3.0,8.0,5.0,6.0,11.0,20.0,4.0,9.0,5.0,5.0,0.08821817961547376,0.45454545454545453,0.14839527328396246,0.485,2.0,2.0,False,2022
0,6,10,20.0,31.0,8.0,12.0,12.0,13.0,7.0,15.0,3.0,9.0,6.0,9.0,0.11447476781236983,0.49370277078085645,0.09093896678545402,0.3634020618556701,2.0,2.0,True,2022
1,10,6,7.0,15.0,3.0,9.0,6.0,9.0,20.0,31.0,8.0,12.0,12.0,13.0,0.09093896678545402,0.3634020618556701,0.13157981424989587,0.4949748743718593,2.0,2.0,False,2022
0,17,28,6.0,15.0,2.0,6.0,3.0,4.0,10.0,20.0,5.0,11.0,10.0,12.0,0.05377668434311622,0.5318627450980392,0.06704604179825016,0.36533333333333334,2.0,3.0,False,2022
1,5,26,8.0,18.0,5.0,10.0,8.0,8.0,14.0,22.0,4.0,10.0,5.0,8.0,0.05932662226316525,0.4884318766066838,0.022990245586923145,0.4796954314720812,2.0,2.0,True,2022
1,23,29,8.0,21.0,6.0,11.0,13.0,13.0,8.0,21.0,2.0,9.0,4.0,6.0,0.16140156548471424,0.4411764705882353,0.04711050599815403,0.5310173697270472,2.0,2.0,True,2022
0,26,5,14.0,22.0,4.0,10.0,5.0,8.0,8.0,18.0,5.0,10.0,8.0,8.0,0.022990245586923145,0.4796954314720812,0.0874612978105322,0.4897435897435897,2.0,2.0,False,2022
1,28,17,10.0,20.0,5.0,11.0,10.0,12.0,6.0,15.0,2.0,6.0,3.0,4.0,0.06704604179825016,0.36533333333333334,0.043021347474492974,0.530562347188264,3.0,2.0,True,2022
0,4,15,12.0,23.0,7.0,10.0,12.0,16.0,8.0,23.0,4.0,11.0,10.0,13.0,0.14747571925905184,0.6527777777777778,0.06910838614587858,0.40476190476190477,2.0,2.0,True,2022
1,15,4,8.0,23.0,4.0,11.0,10.0,13.0,12.0,23.0,7.0,10.0,12.0,16.0,0.06910838614587858,0.40476190476190477,0.15798057540724147,0.6535796766743649,2.0,2.0,False,2022
0,29,23,8.0,21.0,2.0,9.0,4.0,6.0,8.0,21.0,6.0,11.0,13.0,13.0,0.04711050599815403,0.5310173697270472,0.1691212523877714,0.44266666666666665,2.0,2.0,False,2022
1,21,9,8.0,17.0,5.0,10.0,6.0,7.0,7.0,16.0,4.0,9.0,3.0,4.0,0.11292857625461157,0.444743935309973,0.1406610022740868,0.40616966580976865,2.0,2.0,True,2022
0,20,14,10.0,14.0,3.0,8.0,7.0,7.0,7.0,15.0,2.0,5.0,6.0,9.0,0.12968550299919931,0.6033254156769596,0.0397240471812646,0.43005181347150256,2.0,2.0,True,2022
1,14,20,7.0,15.0,2.0,5.0,6.0,9.0,10.0,14.0,3.0,8.0,7.0,7.0,0.0397240471812646,0.43005181347150256,0.14374840239935946,0.6042654028436019,2.0,2.0,False,2022
0,27,11,11.0,20.0,5.0,10.0,6.0,8.0,12.0,22.0,9.0,15.0,5.0,6.0,0.08579375869944401,0.3869209809264305,0.099380126735541,0.6121951219512195,2.0,2.0,False,2022
1,11,27,12.0,22.0,9.0,15.0,5.0,6.0,11.0,20.0,5.0,10.0,6.0,8.0,0.099380126735541,0.6121951219512195,0.06863500695955521,0.3858695652173913,2.0,2.0,True,2022
0,13,6,14.0,26.0,5.0,12.0,8.0,8.0,9.0,20.0,3.0,9.0,5.0,5.0,0.16130848421968136,0.48081841432225064,0.13157981424989587,0.4949748743718593,3.0,1.0,True,2022
0,2,0,9.0,21.0,4.0,8.0,11.0,12.0,10.0,24.0,6.0,13.0,3.0,4.0,0.1427530759806778,0.5828220858895705,0.13268584641246528,0.6764705882352942,3.0,2.0,True,2022
1,24,25,9.0,19.0,4.0,8.0,4.0,5.0,13.0,22.0,3.0,9.0,5.0,6.0,0.09528908001979883,0.6016260162601627,0.14456643310783462,0.6223277909738717,2.0,2.0,False,2022
0,9,21,7.0,16.0,4.0,9.0,3.0,4.0,8.0,17.0,5.0,10.0,6.0,7.0,0.1406610022740868,0.40616966580976865,0.13034286100368925,0.44623655913978494,2.0,2.0,False,2022
0,18,3,13.0,19.0,3.0,6.0,10.0,12.0,6.0,15.0,3.0,7.0,11.0,12.0,0.10835652581921926,0.6159420289855072,0.09495235199209458,0.4128205128205128,2.0,2.0,True,2022
1,3,18,6.0,15.0,3.0,7.0,11.0,12.0,13.0,19.0,3.0,6.0,10.0,12.0,0.09495235199209458,0.4128205128205128,0.1266852206553754,0.6168674698795181,2.0,2.0,False,2022
1,6,13,9.0,20.0,3.0,9.0,5.0,5.0,14.0,26.0,5.0,12.0,8.0,8.0,0.13157981424989587,0.4949748743718593,0.16904678737574508,0.48214285714285715,1.0,3.0,False,2022
1,0,2,10.0,24.0,6.0,13.0,3.0,4.0,9.0,21.0,4.0,8.0,11.0,12.0,0.13268584641246528,0.6764705882352942,0.15420246078454222,0.5840978593272171,2.0,3.0,False,2022
0,7,1,15.0,24.0,5.0,12.0,3.0,4.0,9.0,15.0,5.0,10.0,6.0,9.0,0.14839527328396246,0.485,0.0436501917001797,0.5240384615384616,1.0,3.0,True,2022
1,1,7,9.0,15.0,5.0,10.0,6.0,9.0,15.0,24.0,5.0,12.0,3.0,4.0,0.0436501917001797,0.5240384615384616,0.15871621862716997,0.486284289276808,3.0,1.0,False,2022
0,25,24,13.0,22.0,3.0,9.0,5.0,6.0,9.0,19.0,4.0,8.0,4.0,5.0,0.14456643310783462,0.6223277909738717,0.07623126401583906,0.5991902834008097,2.0,2.0,True,2022
1,10,19,10.0,15.0,2.0,6.0,4.0,5.0,17.0,27.0,10.0,14.0,7.0,10.0,0.07275117342836321,0.36246786632390743,0.05523981298902011,0.368,2.0,2.0,False,2022
0,19,10,17.0,27.0,10.0,14.0,7.0,10.0,10.0,15.0,2.0,6.0,4.0,5.0,0.05523981298902011,0.368,0.05820093874269057,0.36153846153846153,2.0,2.0,True,2022
0,14,28,6.0,17.0,4.0,9.0,6.0,6.0,6.0,22.0,5.0,11.0,9.0,9.0,0.03177923774501168,0.4289405684754522,0.09363683343860014,0.3670212765957447,2.0,2.0,False,2022
1,11,24,8.0,17.0,5.0,10.0,3.0,4.0,6.0,14.0,4.0,10.0,6.0,6.0,0.11950410138843279,0.6131386861313869,0.07623126401583906,0.5991902834008097,2.0,2.0,True,2022
0,8,5,8.0,19.0,3.0,6.0,3.0,4.0,7.0,18.0,3.0,8.0,5.0,5.0,0.070574543692379,0.4533678756476684,0.0874612978105322,0.4897435897435897,3.0,2.0,True,2022
1,25,29,14.0,21.0,4.0,9.0,4.0,7.0,15.0,26.0,4.0,7.0,5.0,7.0,0.1556531464862677,0.6232227488151659,0.03768840479852322,0.5297029702970297,2.0,2.0,False,2022
1,15,2,12.0,20.0,6.0,12.0,6.0,7.0,12.0,18.0,7.0,10.0,5.0,8.0,0.05528670891670286,0.40369393139841686,0.15420246078454222,0.5840978593272171,2.0,2.0,False,2022
0,2,15,12.0,18.0,7.0,10.0,5.0,8.0,12.0,20.0,6.0,12.0,6.0,7.0,0.15420246078454222,0.5840978593272171,0.04422936713336229,0.4026315789473684,2.0,2.0,True,2022
1,7,27,10.0,18.0,3.0,6.0,7.0,7.0,8.0,16.0,2.0,6.0,10.0,12.0,0.15871621862716997,0.486284289276808,0.06863500695955521,0.3858695652173913,2.0,2.0,True,2022
0,27,7,8.0,16.0,2.0,6.0,10.0,12.0,10.0,18.0,3.0,6.0,7.0,7.0,0.06863500695955521,0.3858695652173913,0.16697297490173596,0.48756218905472637,2.0,2.0,False,2022
1,18,13,11.0,20.0,4.0,8.0,9.0,10.0,10.0,20.0,3.0,10.0,5.0,9.0,0.1266852206553754,0.6168674698795181,0.16904678737574508,0.48214285714285715,2.0,2.0,True,2022
0,13,18,10.0,20.0,3.0,10.0,5.0,9.0,11.0,20.0,4.0,8.0,9.0,10.0,0.16904678737574508,0.48214285714285715,0.14134817652430035,0.6177884615384616,2.0,2.0,False,2022
1,5,8,7.0,18.0,3.0,8.0,5.0,5.0,8.0,19.0,3.0,6.0,3.0,4.0,0.0874612978105322,0.4897435897435897,0.09645963495390321,0.45478036175710596,2.0,3.0,False,2022
0,29,25,15.0,26.0,4.0,7.0,5.0,7.0,14.0,21.0,4.0,9.0,4.0,7.0,0.03768840479852322,0.5297029702970297,0.12452251718901416,0.6217494089834515,2.0,2.0,True,2022
1,12,26,9.0,13.0,5.0,11.0,6.0,6.0,10.0,19.0,5.0,11.0,7.0,9.0,0.13426590872342997,0.5574572127139364,0.018392196469538515,0.47848101265822784,3.0,2.0,True,2022
0,26,12,10.0,19.0,5.0,11.0,7.0,9.0,9.0,13.0,5.0,11.0,6.0,6.0,0.018392196469538515,0.47848101265822784,0.14741272697874397,0.5585365853658537,2.0,3.0,False,2022
1,1,22,11.0,15.0,4.0,6.0,7.0,8.0,11.0,20.0,3.0,12.0,4.0,5.0,0.03492015336014376,0.5227817745803357,0.0486902186806568,0.51010101010101,2.0,3.0,False,2022
0,22,1,11.0,20.0,3.0,12.0,4.0,5.0,11.0,15.0,4.0,6.0,7.0,8.0,0.0486902186806568,0.51010101010101,0.027936122688115007,0.5215311004784688,3.0,2.0,True,2022
1,3,20,11.0,22.0,6.0,12.0,5.0,7.0,15.0,24.0,3.0,8.0,4.0,5.0,0.07596188159367566,0.4117647058823529,0.14374840239935946,0.6042654028436019,2.0,2.0,True,2022
0,20,3,15.0,24.0,3.0,8.0,4.0,5.0,11.0,22.0,6.0,12.0,5.0,7.0,0.14374840239935946,0.6042654028436019,0.10076950527494052,0.413265306122449,2.0,2.0,False,2022
1,6,17,11.0,15.0,7.0,11.0,14.0,15.0,10.0,19.0,5.0,12.0,4.0,5.0,0.1052638513999167,0.49373433583959897,0.043021347474492974,0.530562347188264,2.0,2.0,True,2022
1,9,16,9.0,15.0,5.0,6.0,7.0,8.0,11.0,23.0,3.0,9.0,7.0,9.0,0.11252880181926943,0.40512820512820513,0.16178112098876274,0.4599483204134367,2.0,3.0,True,2022
0,16,9,11.0,23.0,3.0,9.0,7.0,9.0,9.0,15.0,5.0,6.0,7.0,8.0,0.16178112098876274,0.4599483204134367,0.13002304145541554,0.40664961636828645,3.0,2.0,False,2022
1,28,14,6.0,22.0,5.0,11.0,9.0,9.0,6.0,17.0,4.0,9.0,6.0,6.0,0.09363683343860014,0.3670212765957447,0.025423390196009345,0.42783505154639173,2.0,2.0,True,2022
0,17,6,10.0,19.0,5.0,12.0,4.0,5.0,11.0,15.0,7.0,11.0,14.0,15.0,0.043021347474492974,0.530562347188264,0.12421108111993336,0.495,2.0,2.0,False,2022
0,24,11,6.0,14.0,4.0,10.0,6.0,6.0,8.0,17.0,5.0,10.0,3.0,4.0,0.07623126401583906,0.5991902834008097,0.13560328111074624,0.6140776699029126,2.0,2.0,False,2022
0,19,3,13.0,22.0,7.0,9.0,7.0,7.0,8.0,18.0,3.0,6.0,7.0,8.0,0.08419185039121609,0.3696808510638298,0.10076950527494052,0.413265306122449,2.0,1.0,False,2022
1,14,29,9.0,17.0,3.0,8.0,8.0,10.0,16.0,29.0,4.0,10.0,2.0,3.0,0.025423390196009345,0.42783505154639173,0.07015072383881857,0.5308641975308642,1.0,1.0,True,2022
0,29,14,16.0,29.0,4.0,10.0,2.0,3.0,9.0,17.0,3.0,8.0,8.0,10.0,0.07015072383881857,0.5308641975308642,0.06033871215680747,0.42930591259640105,1.0,1.0,False,2022
0,4,23,6.0,13.0,5.0,11.0,3.0,4.0,9.0,16.0,5.0,10.0,9.0,11.0,0.15798057540724147,0.6535796766743649,0.1691212523877714,0.44266666666666665,3.0,3.0,False,2022
1,21,13,8.0,17.0,5.0,9.0,7.0,10.0,13.0,20.0,8.0,12.0,4.0,5.0,0.13034286100368925,0.44623655913978494,0.13523742990059606,0.48091603053435117,3.0,1.0,True,2022
0,13,21,13.0,20.0,8.0,12.0,4.0,5.0,8.0,17.0,5.0,9.0,7.0,10.0,0.13523742990059606,0.48091603053435117,0.1442742888029514,0.4477211796246649,1.0,3.0,False,2022
1,3,19,8.0,18.0,3.0,6.0,7.0,8.0,13.0,22.0,7.0,9.0,7.0,7.0,0.10076950527494052,0.413265306122449,0.06735348031297286,0.3687002652519894,1.0,2.0,True,2022
1,23,4,9.0,16.0,5.0,10.0,9.0,11.0,6.0,13.0,5.0,11.0,3.0,4.0,0.1691212523877714,0.44266666666666665,0.12638446032579317,0.652073732718894,3.0,3.0,True,2022
0,11,28,11.0,21.0,7.0,12.0,10.0,12.0,8.0,21.0,5.0,10.0,8.0,11.0,0.13560328111074624,0.6140776699029126,0.11490946675088012,0.3687002652519894,2.0,2.0,True,2022
1,28,11,8.0,21.0,5.0,10.0,8.0,11.0,11.0,21.0,7.0,12.0,10.0,12.0,0.11490946675088012,0.3687002652519894,0.148482624888597,0.6150121065375302,2.0,2.0,False,2022
0,26,10,6.0,20.0,4.0,11.0,4.0,7.0,12.0,15.0,2.0,5.0,5.0,7.0,0.014713757175630813,0.4772727272727273,0.05820093874269057,0.36153846153846153,2.0,3.0,False,2022
1,10,26,12.0,15.0,2.0,5.0,5.0,7.0,6.0,20.0,4.0,11.0,4.0,7.0,0.05820093874269057,0.36153846153846153,0.01177100574050465,0.4760705289672544,3.0,2.0,True,2022
1,18,25,8.0,20.0,3.0,7.0,9.0,11.0,10.0,21.0,2.0,5.0,5.0,6.0,0.14134817652430035,0.6177884615384616,0.12452251718901416,0.6217494089834515,2.0,2.0,False,2022
0,8,9,10.0,26.0,2.0,6.0,7.0,7.0,11.0,21.0,3.0,9.0,8.0,8.0,0.09645963495390321,0.45478036175710596,0.13002304145541554,0.40664961636828645,2.0,2.0,True,2022
0,7,15,11.0,21.0,5.0,9.0,7.0,8.0,9.0,22.0,4.0,7.0,7.0,9.0,0.16697297490173596,0.48756218905472637,0.04422936713336229,0.4026315789473684,2.0,2.0,True,2022
1,15,7,9.0,22.0,4.0,7.0,7.0,9.0,11.0,21.0,5.0,9.0,7.0,8.0,0.04422936713336229,0.4026315789473684,0.17357837992138875,0.48883374689826303,2.0,2.0,False,2022
1,22,17,8.0,10.0,3.0,9.0,6.0,6.0,11.0,14.0,3.0,9.0,4.0,7.0,0.07895217494452543,0.5113350125944585,0.03441707797959438,0.5292682926829269,2.0,2.0,True,2022
1,20,2,8.0,23.0,2.0,6.0,6.0,7.0,12.0,19.0,6.0,10.0,4.0,4.0,0.11499872191948757,0.6028368794326241,0.1633619686276338,0.5853658536585366,2.0,2.0,False,2022
1,1,16,6.0,18.0,3.0,7.0,2.0,4.0,8.0,18.0,4.0,6.0,5.0,5.0,0.027936122688115007,0.5215311004784688,0.12942489679101019,0.4587628865979381,2.0,2.0,False,2022
1,0,5,11.0,22.0,6.0,12.0,6.0,9.0,8.0,24.0,3.0,9.0,6.0,6.0,0.10614867712997222,0.6666666666666666,0.06996903824842576,0.4884910485933504,4.0,2.0,False,2022
0,5,0,8.0,24.0,3.0,9.0,6.0,6.0,11.0,22.0,6.0,12.0,6.0,9.0,0.06996903824842576,0.4884910485933504,0.08491894170397778,0.6571428571428571,2.0,4.0,True,2022
0,16,1,8.0,18.0,4.0,6.0,5.0,5.0,6.0,18.0,3.0,7.0,2.0,4.0,0.12942489679101019,0.4587628865979381,0.022348898150492007,0.5202863961813843,2.0,2.0,True,2022
0,2,20,12.0,19.0,6.0,10.0,4.0,4.0,8.0,23.0,2.0,6.0,6.0,7.0,0.1633619686276338,0.5853658536585366,0.09199897753559005,0.6014150943396226,2.0,2.0,True,2022
1,9,8,11.0,21.0,3.0,9.0,8.0,8.0,10.0,26.0,2.0,6.0,7.0,7.0,0.13002304145541554,0.40664961636828645,0.11716770796312256,0.45618556701030927,2.0,2.0,False,2022
0,17,22,11.0,14.0,3.0,9.0,4.0,7.0,8.0,10.0,3.0,9.0,6.0,6.0,0.03441707797959438,0.5292682926829269,0.10316173995562035,0.5125628140703518,2.0,2.0,False,2022
0,25,18,10.0,21.0,2.0,5.0,5.0,6.0,8.0,20.0,3.0,7.0,9.0,11.0,0.12452251718901416,0.6217494089834515,0.11307854121944028,0.6163069544364509,2.0,2.0,True,2022
0,12,18,9.0,15.0,6.0,11.0,11.0,11.0,9.0,18.0,4.0,8.0,7.0,7.0,0.14741272697874397,0.5585365853658537,0.11307854121944028,0.6163069544364509,3.0,1.0,False,2022
1,26,2,13.0,23.0,7.0,12.0,5.0,7.0,11.0,19.0,5.0,11.0,9.0,9.0,0.01177100574050465,0.4760705289672544,0.17068957490210704,0.5866261398176292,1.0,1.0,False,2022
1,18,12,9.0,18.0,4.0,8.0,7.0,7.0,9.0,15.0,6.0,11.0,11.0,11.0,0.11307854121944028,0.6163069544364509,0.11793018158299517,0.5571776155717761,1.0,3.0,True,2022
0,14,1,7.0,18.0,3.0,7.0,8.0,8.0,14.0,18.0,8.0,9.0,4.0,4.0,0.06033871215680747,0.42930591259640105,0.022348898150492007,0.5202863961813843,2.0,1.0,False,2022
1,1,14,14.0,18.0,8.0,9.0,4.0,4.0,7.0,18.0,3.0,7.0,8.0,8.0,0.022348898150492007,0.5202863961813843,0.04827096972544598,0.4282051282051282,1.0,2.0,True,2022
1,19,17,10.0,17.0,5.0,13.0,8.0,11.0,7.0,17.0,5.0,12.0,11.0,11.0,0.06735348031297286,0.3687002652519894,0.027533662383675505,0.5279805352798054,2.0,1.0,False,2022
0,2,26,11.0,19.0,5.0,11.0,9.0,9.0,13.0,23.0,7.0,12.0,5.0,7.0,0.17068957490210704,0.5866261398176292,0.00941680459240372,0.4748743718592965,1.0,1.0,True,2022
0,17,19,7.0,17.0,5.0,12.0,11.0,11.0,10.0,17.0,5.0,13.0,8.0,11.0,0.027533662383675505,0.5279805352798054,0.05388278425037829,0.36772486772486773,1.0,2.0,True,2022
1,13,23,8.0,17.0,6.0,11.0,6.0,7.0,8.0,17.0,3.0,8.0,6.0,8.0,0.10818994392047684,0.4796954314720812,0.1752970019102171,0.4441489361702128,2.0,2.0,True,2022
0,11,6,9.0,23.0,5.0,15.0,7.0,7.0,15.0,23.0,4.0,9.0,7.0,9.0,0.148482624888597,0.6150121065375302,0.12421108111993336,0.495,1.0,3.0,False,2022
1,3,29,10.0,23.0,4.0,10.0,7.0,7.0,17.0,29.0,6.0,6.0,4.0,7.0,0.12061560421995243,0.41475826972010177,0.05612057907105485,0.5295566502463054,2.0,2.0,False,2022
1,21,8,7.0,14.0,4.0,9.0,3.0,4.0,11.0,19.0,3.0,7.0,4.0,4.0,0.1442742888029514,0.4477211796246649,0.11716770796312256,0.45618556701030927,2.0,1.0,True,2022
1,27,25,11.0,18.0,3.0,6.0,5.0,8.0,8.0,22.0,3.0,12.0,6.0,8.0,0.05490800556764417,0.38482384823848237,0.13961801375121136,0.6226415094339622,3.0,1.0,True,2022
0,29,3,17.0,29.0,6.0,6.0,4.0,7.0,10.0,23.0,4.0,10.0,7.0,7.0,0.05612057907105485,0.5295566502463054,0.09649248337596195,0.4137055837563452,2.0,2.0,True,2022
0,8,21,11.0,19.0,3.0,7.0,4.0,4.0,7.0,14.0,4.0,9.0,3.0,4.0,0.11716770796312256,0.45618556701030927,0.15541943104236114,0.44919786096256686,1.0,2.0,False,2022
0,25,27,8.0,22.0,3.0,12.0,6.0,8.0,11.0,18.0,3.0,6.0,5.0,8.0,0.13961801375121136,0.6226415094339622,0.08392640445411534,0.3864864864864865,1.0,3.0,False,2022
1,6,11,15.0,23.0,4.0,9.0,7.0,9.0,9.0,23.0,5.0,15.0,7.0,7.0,0.12421108111993336,0.495,0.1187860999108776,0.6135265700483091,3.0,1.0,True,2022
0,23,13,8.0,17.0,3.0,8.0,6.0,8.0,8.0,17.0,6.0,11.0,6.0,7.0,0.1752970019102171,0.4441489361702128,0.12655195513638148,0.4810126582278481,2.0,2.0,False,2022
0,24,20,7.0,18.0,4.0,6.0,10.0,12.0,9.0,15.0,4.0,6.0,12.0,13.0,0.06098501121267125,0.5967741935483871,0.09199897753559005,0.6014150943396226,4.0,2.0,False,2022
0,27,4,10.0,23.0,4.0,7.0,5.0,6.0,12.0,17.0,3.0,7.0,6.0,9.0,0.08392640445411534,0.3864864864864865,0.12638446032579317,0.652073732718894,1.0,3.0,False,2022
1,28,9,9.0,25.0,3.0,9.0,11.0,17.0,13.0,25.0,7.0,15.0,12.0,14.0,0.0919275734007041,0.36772486772486773,0.10401843316433243,0.40561224489795916,2.0,2.0,False,2022
1,4,27,12.0,17.0,3.0,7.0,6.0,9.0,10.0,23.0,4.0,7.0,5.0,6.0,0.12638446032579317,0.652073732718894,0.06714112356329227,0.38544474393531,3.0,1.0,True,2022
0,0,10,9.0,23.0,5.0,13.0,3.0,4.0,7.0,12.0,3.0,6.0,6.0,6.0,0.08491894170397778,0.6571428571428571,0.08656075099415246,0.3631713554987212,2.0,2.0,False,2022
1,10,0,7.0,12.0,3.0,6.0,6.0,6.0,9.0,23.0,5.0,13.0,3.0,4.0,0.08656075099415246,0.3631713554987212,0.06793515336318222,0.647887323943662,2.0,2.0,True,2022
0,9,28,13.0,25.0,7.0,15.0,12.0,14.0,9.0,25.0,3.0,9.0,11.0,17.0,0.10401843316433243,0.40561224489795916,0.07354205872056327,0.36675461741424803,2.0,2.0,True,2022
1,20,24,9.0,15.0,4.0,6.0,12.0,13.0,7.0,18.0,4.0,6.0,10.0,12.0,0.09199897753559005,0.6014150943396226,0.048788008970137,0.5943775100401606,2.0,4.0,True,2022
1,29,18,10.0,20.0,3.0,9.0,6.0,9.0,11.0,19.0,3.0,6.0,9.0,12.0,0.08489646325684388,0.5307125307125307,0.13046283297555222,0.6172248803827751,2.0,2.0,False,2022
0,9,19,9.0,18.0,3.0,9.0,4.0,4.0,7.0,13.0,3.0,9.0,7.0,8.0,0.12321474653146595,0.4071246819338422,0.05388278425037829,0.36772486772486773,1.0,2.0,False,2022
0,15,22,10.0,15.0,3.0,7.0,3.0,5.0,10.0,18.0,5.0,8.0,4.0,4.0,0.035383493706689834,0.4015748031496063,0.10316173995562035,0.5125628140703518,3.0,3.0,True,2022
1,16,6,8.0,21.0,6.0,10.0,5.0,6.0,15.0,28.0,6.0,11.0,10.0,10.0,0.14353991743280817,0.4601542416452442,0.1393688648959467,0.49625935162094764,3.0,2.0,True,2022
1,12,0,9.0,16.0,6.0,11.0,7.0,10.0,10.0,18.0,7.0,13.0,9.0,9.0,0.11793018158299517,0.5571776155717761,0.06793515336318222,0.647887323943662,2.0,1.0,False,2022
0,5,17,10.0,16.0,5.0,11.0,5.0,6.0,8.0,13.0,3.0,5.0,6.0,6.0,0.09597523059874061,0.4897959183673469,0.062026929906940406,0.529126213592233,3.0,2.0,True,2022
1,23,7,7.0,17.0,4.0,8.0,3.0,4.0,15.0,24.0,5.0,9.0,13.0,16.0,0.1402376015281737,0.44297082228116713,0.17357837992138875,0.48883374689826303,2.0,3.0,False,2022
0,10,26,6.0,16.0,5.0,10.0,5.0,8.0,9.0,13.0,4.0,7.0,8.0,10.0,0.10924860079532198,0.3647959183673469,0.00941680459240372,0.4748743718592965,1.0,2.0,False,2022
1,26,10,9.0,13.0,4.0,7.0,8.0,10.0,6.0,16.0,5.0,10.0,5.0,8.0,0.00941680459240372,0.4748743718592965,0.08739888063625759,0.3638676844783715,2.0,1.0,True,2022
0,6,16,15.0,28.0,6.0,11.0,10.0,10.0,8.0,21.0,6.0,10.0,5.0,6.0,0.1393688648959467,0.49625935162094764,0.15483193394624653,0.46153846153846156,2.0,3.0,False,2022
0,7,23,15.0,24.0,5.0,9.0,13.0,16.0,7.0,17.0,4.0,8.0,3.0,4.0,0.17357837992138875,0.48883374689826303,0.11219008122253896,0.4417989417989418,3.0,2.0,True,2022
0,0,12,10.0,18.0,7.0,13.0,9.0,9.0,9.0,16.0,6.0,11.0,7.0,10.0,0.06793515336318222,0.647887323943662,0.09434414526639615,0.5558252427184466,1.0,2.0,True,2022
1,17,5,8.0,13.0,3.0,5.0,6.0,6.0,10.0,16.0,5.0,11.0,5.0,6.0,0.062026929906940406,0.529126213592233,0.11678018447899248,0.4910941475826972,2.0,3.0,False,2022
1,13,1,10.0,19.0,4.0,8.0,8.0,9.0,6.0,12.0,1.0,5.0,5.0,6.0,0.12655195513638148,0.4810126582278481,0.0578791185203936,0.5214285714285715,2.0,2.0,True,2022
0,1,13,6.0,12.0,1.0,5.0,5.0,6.0,10.0,19.0,4.0,8.0,8.0,9.0,0.0578791185203936,0.5214285714285715,0.1412415641091052,0.4823232323232323,2.0,2.0,False,2022
1,21,28,13.0,23.0,6.0,14.0,3.0,4.0,10.0,19.0,4.0,10.0,7.0,8.0,0.15541943104236114,0.44919786096256686,0.07354205872056327,0.36675461741424803,2.0,1.0,False,2022
0,28,21,10.0,19.0,4.0,10.0,7.0,8.0,13.0,23.0,6.0,14.0,3.0,4.0,0.07354205872056327,0.36675461741424803,0.12433554483388891,0.448,1.0,2.0,True,2022
1,2,11,10.0,17.0,5.0,8.0,3.0,4.0,13.0,24.0,3.0,12.0,8.0,8.0,0.17655165992168562,0.5878787878787879,0.1187860999108776,0.6135265700483091,2.0,2.0,True,2022
1,19,9,7.0,13.0,3.0,9.0,7.0,8.0,9.0,18.0,3.0,9.0,4.0,4.0,0.05388278425037829,0.36772486772486773,0.09857179722517276,0.40609137055837563,2.0,1.0,True,2022
0,11,2,13.0,24.0,3.0,12.0,8.0,8.0,10.0,17.0,5.0,8.0,3.0,4.0,0.1187860999108776,0.6135265700483091,0.1812413279373485,0.5891238670694864,2.0,2.0,False,2022
0,18,29,11.0,19.0,3.0,6.0,9.0,12.0,10.0,20.0,3.0,9.0,6.0,9.0,0.13046283297555222,0.6172248803827751,0.06791717060547511,0.5294117647058824,2.0,2.0,True,2022
1,22,15,10.0,18.0,5.0,8.0,4.0,4.0,10.0,15.0,3.0,7.0,3.0,5.0,0.10316173995562035,0.5125628140703518,0.06830679496535186,0.4031413612565445,3.0,3.0,False,2022
1,16,22,12.0,15.0,5.0,9.0,4.0,6.0,10.0,15.0,5.0,7.0,8.0,11.0,0.15483193394624653,0.46153846153846156,0.08252939196449628,0.5112781954887218,1.0,1.0,True,2022
0,3,25,7.0,18.0,3.0,6.0,6.0,6.0,12.0,20.0,6.0,8.0,5.0,5.0,0.09649248337596195,0.4137055837563452,0.11169441100096908,0.6211764705882353,3.0,3.0,False,2022
1,8,27,10.0,20.0,5.0,7.0,9.0,9.0,12.0,23.0,5.0,11.0,11.0,13.0,0.09373416637049806,0.455012853470437,0.06714112356329227,0.38544474393531,3.0,2.0,True,2022
1,25,3,12.0,20.0,6.0,8.0,5.0,5.0,7.0,18.0,3.0,6.0,6.0,6.0,0.11169441100096908,0.6211764705882353,0.07719398670076956,0.41265822784810124,3.0,3.0,True,2022
1,4,14,10.0,18.0,5.0,7.0,5.0,6.0,8.0,16.0,3.0,10.0,3.0,4.0,0.14110756826063456,0.6528735632183909,0.04827096972544598,0.4282051282051282,2.0,3.0,True,2022
1,20,7,10.0,16.0,4.0,8.0,9.0,11.0,16.0,25.0,4.0,7.0,15.0,17.0,0.11359918202847204,0.6023529411764705,0.178862703937111,0.4900990099009901,2.0,1.0,False,2022
0,22,16,10.0,15.0,5.0,7.0,8.0,11.0,12.0,15.0,5.0,9.0,4.0,6.0,0.08252939196449628,0.5112781954887218,0.16386554715699725,0.4629156010230179,1.0,1.0,False,2022
0,7,20,16.0,25.0,4.0,7.0,15.0,17.0,10.0,16.0,4.0,8.0,9.0,11.0,0.178862703937111,0.4900990099009901,0.09087934562277764,0.6009389671361502,1.0,2.0,True,2022
0,14,4,8.0,16.0,3.0,10.0,3.0,4.0,10.0,18.0,5.0,7.0,5.0,6.0,0.04827096972544598,0.4282051282051282,0.15288605460850763,0.6536697247706422,3.0,2.0,False,2022
0,27,8,12.0,23.0,5.0,11.0,11.0,13.0,10.0,20.0,5.0,7.0,9.0,9.0,0.06714112356329227,0.38544474393531,0.11498733309639844,0.4564102564102564,2.0,3.0,False,2022
1,24,18,9.0,15.0,3.0,6.0,6.0,7.0,9.0,19.0,4.0,9.0,11.0,11.0,0.048788008970137,0.5943775100401606,0.14437026638044176,0.6181384248210023,3.0,2.0,False,2022
1,19,14,11.0,22.0,2.0,8.0,5.0,5.0,11.0,22.0,3.0,8.0,5.0,7.0,0.08310622740030263,0.36939313984168864,0.038616775780356785,0.42710997442455245,2.0,1.0,False,2022
0,13,23,8.0,18.0,5.0,11.0,3.0,5.0,7.0,16.0,3.0,6.0,4.0,6.0,0.1412415641091052,0.4823232323232323,0.11219008122253896,0.4417989417989418,2.0,2.0,False,2022
1,12,28,11.0,17.0,3.0,10.0,7.0,8.0,6.0,17.0,3.0,10.0,8.0,8.0,0.09434414526639615,0.5558252427184466,0.09883364697645061,0.3684210526315789,2.0,2.0,False,2022
0,28,12,6.0,17.0,3.0,10.0,8.0,8.0,11.0,17.0,3.0,10.0,7.0,8.0,0.09883364697645061,0.3684210526315789,0.07547531621311691,0.5544794188861986,2.0,2.0,True,2022
0,1,17,9.0,16.0,5.0,10.0,4.0,5.0,9.0,13.0,2.0,7.0,6.0,6.0,0.046303294816314886,0.5201900237529691,0.049621543925552326,0.5278450363196125,2.0,2.0,True,2022
1,17,1,9.0,13.0,2.0,7.0,6.0,6.0,9.0,16.0,5.0,10.0,4.0,5.0,0.049621543925552326,0.5278450363196125,0.0770426358530519,0.5213270142180095,2.0,2.0,False,2022
0,14,19,11.0,22.0,3.0,8.0,5.0,7.0,11.0,22.0,2.0,8.0,5.0,5.0,0.038616775780356785,0.42710997442455245,0.0664849819202421,0.3684210526315789,1.0,2.0,True,2022
0,11,21,10.0,21.0,4.0,11.0,3.0,3.0,9.0,22.0,5.0,9.0,4.0,6.0,0.09502887992870208,0.6120481927710844,0.12433554483388891,0.448,2.0,2.0,False,2022
1,9,0,12.0,20.0,5.0,12.0,5.0,5.0,14.0,26.0,9.0,16.0,4.0,4.0,0.09857179722517276,0.40609137055837563,0.0943481226905458,0.6527777777777778,2.0,2.0,True,2022
0,0,9,14.0,26.0,9.0,16.0,4.0,4.0,12.0,20.0,5.0,12.0,5.0,5.0,0.0943481226905458,0.6527777777777778,0.11885743778013821,0.40759493670886077,2.0,2.0,False,2022
1,21,11,9.0,22.0,5.0,9.0,4.0,6.0,10.0,21.0,4.0,11.0,3.0,3.0,0.12433554483388891,0.448,0.07602310394296166,0.6105769230769231,2.0,2.0,True,2022
1,23,13,7.0,16.0,3.0,6.0,4.0,6.0,8.0,18.0,5.0,11.0,3.0,5.0,0.11219008122253896,0.4417989417989418,0.11299325128728417,0.4811083123425693,2.0,2.0,True,2022
0,18,24,9.0,19.0,4.0,9.0,11.0,11.0,9.0,15.0,3.0,6.0,6.0,7.0,0.14437026638044176,0.6181384248210023,0.0390304071761096,0.592,2.0,3.0,True,2022
0,1,17,10.0,17.0,6.0,11.0,5.0,8.0,7.0,15.0,4.0,9.0,4.0,8.0,0.0770426358530519,0.5213270142180095,0.039697235140441864,0.5265700483091788,1.0,1.0,True,2022
1,10,15,9.0,21.0,4.0,7.0,3.0,3.0,10.0,23.0,3.0,8.0,5.0,6.0,0.08739888063625759,0.3638676844783715,0.06830679496535186,0.4031413612565445,3.0,3.0,False,2022
0,15,10,10.0,23.0,3.0,8.0,5.0,6.0,9.0,21.0,4.0,7.0,3.0,3.0,0.06830679496535186,0.4031413612565445,0.06991910450900607,0.3629441624365482,3.0,3.0,True,2022
1,8,5,12.0,25.0,4.0,10.0,4.0,5.0,9.0,19.0,3.0,5.0,7.0,8.0,0.11498733309639844,0.4564102564102564,0.11678018447899248,0.4910941475826972,2.0,3.0,False,2022
0,5,8,9.0,19.0,3.0,5.0,7.0,8.0,12.0,25.0,4.0,10.0,4.0,5.0,0.11678018447899248,0.4910941475826972,0.09198986647711875,0.45524296675191817,3.0,2.0,True,2022
1,12,6,5.0,14.0,3.0,6.0,4.0,6.0,7.0,14.0,5.0,11.0,9.0,10.0,0.07547531621311691,0.5544794188861986,0.11149509191675736,0.49502487562189057,1.0,3.0,False,2022
0,4,16,11.0,20.0,2.0,5.0,8.0,10.0,9.0,19.0,6.0,9.0,6.0,6.0,0.15288605460850763,0.6536697247706422,0.16386554715699725,0.4629156010230179,2.0,2.0,False,2022
1,17,1,7.0,15.0,4.0,9.0,4.0,8.0,10.0,17.0,6.0,11.0,5.0,8.0,0.039697235140441864,0.5265700483091788,0.10163410868244153,0.5224586288416075,1.0,1.0,False,2022
1,20,26,13.0,17.0,2.0,7.0,9.0,10.0,6.0,15.0,4.0,10.0,6.0,6.0,0.09087934562277764,0.6009389671361502,0.04753344367392297,0.47619047619047616,2.0,3.0,True,2022
0,26,20,6.0,15.0,4.0,10.0,6.0,6.0,13.0,17.0,2.0,7.0,9.0,10.0,0.04753344367392297,0.47619047619047616,0.1127034764982221,0.6018735362997658,3.0,2.0,False,2022
1,3,27,9.0,22.0,1.0,7.0,9.0,11.0,8.0,17.0,2.0,7.0,7.0,8.0,0.07719398670076956,0.41265822784810124,0.053712898850633815,0.3844086021505376,2.0,2.0,False,2022
0,27,3,8.0,17.0,2.0,7.0,7.0,8.0,9.0,22.0,1.0,7.0,9.0,11.0,0.053712898850633815,0.3844086021505376,0.06175518936061565,0.4116161616161616,2.0,2.0,True,2022
0,22,25,9.0,16.0,4.0,8.0,4.0,6.0,10.0,15.0,4.0,5.0,3.0,4.0,0.06602351357159703,0.51,0.12935552880077528,0.6220657276995305,2.0,2.0,False,2022
0,6,12,7.0,14.0,5.0,11.0,9.0,10.0,5.0,14.0,3.0,6.0,4.0,6.0,0.11149509191675736,0.49502487562189057,0.06038025297049353,0.5531400966183575,3.0,1.0,True,2022
1,25,22,10.0,15.0,4.0,5.0,3.0,4.0,9.0,16.0,4.0,8.0,4.0,6.0,0.12935552880077528,0.6220657276995305,0.05281881085727762,0.5087281795511222,2.0,2.0,True,2022
1,16,4,9.0,19.0,6.0,9.0,6.0,6.0,11.0,20.0,2.0,5.0,8.0,10.0,0.16386554715699725,0.4629156010230179,0.1223088436868061,0.6521739130434783,2.0,2.0,True,2022
0,11,13,8.0,14.0,3.0,5.0,3.0,5.0,11.0,21.0,7.0,11.0,6.0,9.0,0.07602310394296166,0.6105769230769231,0.11299325128728417,0.4811083123425693,2.0,2.0,False,2022
0,18,7,14.0,27.0,3.0,10.0,8.0,12.0,13.0,22.0,3.0,7.0,6.0,8.0,0.1554962131043534,0.6190476190476191,0.1830901631496888,0.49135802469135803,2.0,3.0,False,2022
1,13,11,11.0,21.0,7.0,11.0,6.0,9.0,8.0,14.0,3.0,5.0,3.0,5.0,0.11299325128728417,0.4811083123425693,0.06081848315436933,0.6091127098321343,2.0,2.0,True,2022
0,0,14,10.0,25.0,5.0,13.0,9.0,11.0,9.0,21.0,6.0,9.0,10.0,11.0,0.07547849815243664,0.6438356164383562,0.07089342062428543,0.42857142857142855,2.0,2.0,False,2022
1,14,0,9.0,21.0,6.0,9.0,10.0,11.0,10.0,25.0,5.0,13.0,9.0,11.0,0.07089342062428543,0.42857142857142855,0.06038279852194931,0.6351351351351351,2.0,2.0,True,2022
1,7,18,13.0,22.0,3.0,7.0,6.0,8.0,14.0,27.0,3.0,10.0,8.0,12.0,0.1830901631496888,0.49135802469135803,0.12439697048348272,0.6175771971496437,3.0,2.0,True,2022
0,29,8,14.0,27.0,7.0,13.0,4.0,6.0,10.0,17.0,4.0,7.0,6.0,7.0,0.06791717060547511,0.5294117647058824,0.09198986647711875,0.45524296675191817,4.0,1.0,False,2022
0,28,19,7.0,18.0,4.0,10.0,7.0,8.0,11.0,18.0,2.0,6.0,5.0,5.0,0.1190669175811605,0.3700787401574803,0.0664849819202421,0.3684210526315789,2.0,2.0,True,2022
1,19,28,11.0,18.0,2.0,6.0,5.0,5.0,7.0,18.0,4.0,10.0,7.0,8.0,0.0664849819202421,0.3684210526315789,0.1352535340649284,0.3717277486910995,2.0,2.0,False,2022
1,6,21,9.0,24.0,3.0,11.0,6.0,11.0,10.0,24.0,7.0,12.0,6.0,8.0,0.12919607353340587,0.49627791563275436,0.13946843586711113,0.449468085106383,1.0,2.0,False,2022
0,21,6,10.0,24.0,7.0,12.0,6.0,8.0,9.0,24.0,3.0,11.0,6.0,11.0,0.13946843586711113,0.449468085106383,0.1033568588267247,0.49504950495049505,2.0,1.0,True,2022
1,2,23,12.0,21.0,5.0,11.0,5.0,5.0,9.0,16.0,5.0,9.0,2.0,4.0,0.1812413279373485,0.5891238670694864,0.12975206497803116,0.44327176781002636,4.0,2.0,True,2022
0,23,2,9.0,16.0,5.0,9.0,2.0,4.0,12.0,21.0,5.0,11.0,5.0,5.0,0.12975206497803116,0.44327176781002636,0.1849930623498788,0.5903614457831325,2.0,4.0,False,2022
1,8,29,10.0,17.0,4.0,7.0,6.0,7.0,14.0,27.0,7.0,13.0,4.0,6.0,0.09198986647711875,0.45524296675191817,0.05433373648438009,0.5281173594132029,1.0,4.0,True,2022
1,16,0,9.0,15.0,5.0,9.0,6.0,9.0,7.0,17.0,3.0,7.0,8.0,10.0,0.1710924377255978,0.4642857142857143,0.06038279852194931,0.6351351351351351,2.0,1.0,True,2022
1,22,9,10.0,19.0,5.0,9.0,7.0,7.0,11.0,17.0,6.0,10.0,8.0,10.0,0.05281881085727762,0.5087281795511222,0.11885743778013821,0.40759493670886077,2.0,3.0,False,2022
1,25,2,17.0,29.0,3.0,9.0,6.0,8.0,10.0,26.0,3.0,11.0,6.0,9.0,0.1434844230406202,0.6229508196721312,0.1849930623498788,0.5903614457831325,2.0,1.0,True,2022
0,26,17,11.0,19.0,4.0,10.0,5.0,8.0,12.0,22.0,8.0,18.0,4.0,6.0,0.038026754939138374,0.475,0.03175778811235349,0.5253012048192771,2.0,2.0,True,2022
1,28,27,10.0,24.0,5.0,10.0,6.0,7.0,12.0,26.0,2.0,7.0,12.0,12.0,0.1352535340649284,0.3717277486910995,0.08297031908050705,0.38605898123324395,1.0,2.0,True,2022
0,27,28,12.0,26.0,2.0,7.0,12.0,12.0,10.0,24.0,5.0,10.0,6.0,7.0,0.08297031908050705,0.38605898123324395,0.14820282725194273,0.3733681462140992,2.0,1.0,False,2022
1,12,15,10.0,16.0,5.0,9.0,4.0,4.0,9.0,19.0,4.0,9.0,4.0,4.0,0.06038025297049353,0.5531400966183575,0.09464543597228149,0.4046997389033943,2.0,2.0,True,2022
0,15,12,9.0,19.0,4.0,9.0,4.0,4.0,10.0,16.0,5.0,9.0,4.0,4.0,0.09464543597228149,0.4046997389033943,0.08830420237639483,0.5542168674698795,2.0,2.0,False,2022
0,2,25,10.0,26.0,3.0,11.0,6.0,9.0,17.0,29.0,3.0,9.0,6.0,8.0,0.1849930623498788,0.5903614457831325,0.15478753843249618,0.6238317757009346,1.0,2.0,False,2022
1,1,5,10.0,24.0,6.0,15.0,7.0,7.0,11.0,18.0,3.0,8.0,9.0,12.0,0.10163410868244153,0.5224586288416075,0.13342414758319399,0.49238578680203043,2.0,2.0,False,2022
0,9,22,11.0,17.0,6.0,10.0,8.0,10.0,10.0,19.0,5.0,9.0,7.0,7.0,0.11885743778013821,0.40759493670886077,0.0422550486858221,0.5074626865671642,3.0,2.0,True,2022
0,5,1,11.0,18.0,3.0,8.0,9.0,12.0,10.0,24.0,6.0,15.0,7.0,7.0,0.13342414758319399,0.49238578680203043,0.08130728694595322,0.5212264150943396,2.0,2.0,True,2022
1,3,10,7.0,17.0,5.0,12.0,6.0,6.0,7.0,14.0,3.0,6.0,2.0,6.0,0.06175518936061565,0.4116161616161616,0.06991910450900607,0.3629441624365482,2.0,2.0,True,2022
0,10,3,7.0,14.0,3.0,6.0,2.0,6.0,7.0,17.0,5.0,12.0,6.0,6.0,0.06991910450900607,0.3629441624365482,0.08940415148849251,0.41309823677581864,2.0,2.0,False,2022
1,21,20,12.0,22.0,4.0,11.0,3.0,4.0,9.0,17.0,4.0,10.0,8.0,12.0,0.1515747486936889,0.4509283819628647,0.1127034764982221,0.6018735362997658,1.0,2.0,False,2022
0,20,21,9.0,17.0,4.0,10.0,8.0,12.0,12.0,22.0,4.0,11.0,3.0,4.0,0.1127034764982221,0.6018735362997658,0.12125979895495112,0.4497354497354497,2.0,1.0,True,2022
0,0,16,7.0,17.0,3.0,7.0,8.0,10.0,9.0,15.0,5.0,9.0,6.0,9.0,0.06038279852194931,0.6351351351351351,0.17687395018047822,0.46564885496183206,1.0,2.0,False,2022
1,17,26,12.0,22.0,8.0,18.0,4.0,6.0,11.0,19.0,4.0,10.0,5.0,8.0,0.03175778811235349,0.5253012048192771,0.0704214039513107,0.4763092269326683,2.0,2.0,False,2022
1,24,11,10.0,24.0,6.0,11.0,8.0,11.0,12.0,21.0,4.0,8.0,9.0,12.0,0.0390304071761096,0.592,0.06081848315436933,0.6091127098321343,4.0,2.0,True,2022
1,14,27,9.0,15.0,2.0,7.0,3.0,4.0,12.0,27.0,2.0,5.0,7.0,7.0,0.09671473649942834,0.4300254452926209,0.06637625526440563,0.3850267379679144,2.0,1.0,False,2022
0,27,14,12.0,27.0,2.0,5.0,7.0,7.0,9.0,15.0,2.0,7.0,3.0,4.0,0.06637625526440563,0.3850267379679144,0.07737178919954267,0.4289340101522843,1.0,2.0,True,2022
0,4,18,16.0,24.0,4.0,9.0,7.0,10.0,11.0,21.0,4.0,10.0,10.0,12.0,0.1223088436868061,0.6521739130434783,0.12439697048348272,0.6175771971496437,3.0,2.0,True,2022
1,18,4,11.0,21.0,4.0,10.0,10.0,12.0,16.0,24.0,4.0,9.0,7.0,10.0,0.12439697048348272,0.6175771971496437,0.13784707494944487,0.6529680365296804,2.0,3.0,False,2022
1,13,29,12.0,23.0,5.0,12.0,6.0,7.0,10.0,17.0,6.0,10.0,6.0,6.0,0.13039460102982733,0.4824120603015075,0.05433373648438009,0.5281173594132029,2.0,2.0,True,2022
1,6,19,14.0,23.0,4.0,8.0,9.0,9.0,13.0,24.0,5.0,11.0,3.0,3.0,0.1033568588267247,0.49504950495049505,0.05318798553619368,0.3674540682414698,2.0,2.0,True,2022
0,19,6,13.0,24.0,5.0,11.0,3.0,3.0,14.0,23.0,4.0,8.0,9.0,9.0,0.05318798553619368,0.3674540682414698,0.12268548706137976,0.4962962962962963,2.0,2.0,False,2022
0,11,24,12.0,21.0,4.0,8.0,9.0,12.0,10.0,24.0,6.0,11.0,8.0,11.0,0.06081848315436933,0.6091127098321343,0.07122432574088768,0.5936254980079682,2.0,4.0,False,2022
0,29,13,10.0,17.0,6.0,10.0,6.0,6.0,12.0,23.0,5.0,12.0,6.0,7.0,0.05433373648438009,0.5281173594132029,0.14431568082386187,0.48370927318295737,2.0,2.0,False,2022
0,10,14,11.0,20.0,3.0,6.0,5.0,6.0,11.0,18.0,5.0,9.0,10.0,13.0,0.05593528360720486,0.3620253164556962,0.07737178919954267,0.4289340101522843,2.0,1.0,False,2022
1,26,9,9.0,15.0,7.0,13.0,6.0,6.0,13.0,24.0,4.0,12.0,11.0,12.0,0.0704214039513107,0.4763092269326683,0.13508595022411057,0.4090909090909091,2.0,2.0,False,2022
0,8,17,9.0,16.0,3.0,6.0,11.0,13.0,10.0,12.0,3.0,10.0,6.0,7.0,0.113591893181695,0.45663265306122447,0.025406230489882792,0.5240384615384616,3.0,2.0,True,2022
1,17,8,10.0,12.0,3.0,10.0,6.0,7.0,9.0,16.0,3.0,6.0,11.0,13.0,0.025406230489882792,0.5240384615384616,0.130873514545356,0.4580152671755725,2.0,3.0,False,2022
0,16,5,10.0,21.0,5.0,10.0,3.0,4.0,12.0,21.0,6.0,9.0,3.0,4.0,0.17687395018047822,0.46564885496183206,0.14673931806655519,0.4936708860759494,2.0,2.0,True,2022
1,5,16,12.0,21.0,6.0,9.0,3.0,4.0,10.0,21.0,5.0,10.0,3.0,4.0,0.14673931806655519,0.4936708860759494,0.18149916014438258,0.467005076142132,2.0,2.0,False,2022
1,3,13,11.0,19.0,4.0,7.0,7.0,8.0,14.0,26.0,6.0,12.0,5.0,5.0,0.08940415148849251,0.41309823677581864,0.14431568082386187,0.48370927318295737,2.0,1.0,False,2022
0,9,26,13.0,24.0,4.0,12.0,11.0,12.0,9.0,15.0,7.0,13.0,6.0,6.0,0.13508595022411057,0.4090909090909091,0.056337123161048566,0.47512437810945274,2.0,2.0,True,2022
0,23,25,10.0,18.0,4.0,7.0,6.0,8.0,9.0,15.0,6.0,8.0,5.0,5.0,0.10380165198242493,0.4421052631578947,0.15478753843249618,0.6238317757009346,3.0,2.0,False,2022
1,25,23,9.0,15.0,6.0,8.0,5.0,5.0,10.0,18.0,4.0,7.0,6.0,8.0,0.15478753843249618,0.6238317757009346,0.08304132158593994,0.4409448818897638,2.0,3.0,True,2022
1,28,21,10.0,17.0,6.0,13.0,6.0,8.0,11.0,18.0,4.0,8.0,5.0,6.0,0.14820282725194273,0.3733681462140992,0.12125979895495112,0.4497354497354497,2.0,2.0,False,2022
0,13,3,14.0,26.0,6.0,12.0,5.0,5.0,11.0,19.0,4.0,7.0,7.0,8.0,0.14431568082386187,0.48370927318295737,0.071523321190794,0.4120603015075377,1.0,2.0,True,2022
1,22,20,7.0,15.0,5.0,11.0,5.0,6.0,15.0,19.0,2.0,7.0,7.0,8.0,0.0422550486858221,0.5074626865671642,0.13016278119857766,0.602803738317757,2.0,2.0,False,2022
0,20,22,15.0,19.0,2.0,7.0,7.0,8.0,7.0,15.0,5.0,11.0,5.0,6.0,0.13016278119857766,0.602803738317757,0.033804038948657675,0.5062034739454094,2.0,2.0,True,2022
0,21,28,11.0,18.0,4.0,8.0,5.0,6.0,10.0,17.0,6.0,13.0,6.0,8.0,0.12125979895495112,0.4497354497354497,0.11856226180155419,0.3723958333333333,2.0,2.0,True,2022
0,12,2,9.0,17.0,6.0,12.0,7.0,9.0,9.0,22.0,5.0,10.0,5.0,6.0,0.08830420237639483,0.5542168674698795,0.14799444987990304,0.5885885885885885,2.0,2.0,True,2022
1,2,12,9.0,22.0,5.0,10.0,5.0,6.0,9.0,17.0,6.0,12.0,7.0,9.0,0.14799444987990304,0.5885885885885885,0.11064336190111586,0.5552884615384616,2.0,2.0,False,2022
1,14,10,11.0,18.0,5.0,9.0,10.0,13.0,11.0,20.0,3.0,6.0,5.0,6.0,0.07737178919954267,0.4289340101522843,0.04474822688576389,0.3611111111111111,1.0,2.0,True,2022
1,0,7,11.0,22.0,7.0,15.0,9.0,10.0,8.0,21.0,2.0,8.0,10.0,12.0,0.04830623881755945,0.6266666666666667,0.18647213051975103,0.49261083743842365,2.0,3.0,False,2022
0,15,1,11.0,22.0,4.0,6.0,10.0,12.0,11.0,25.0,6.0,14.0,5.0,6.0,0.0757163487778252,0.4036458333333333,0.08130728694595322,0.5212264150943396,2.0,2.0,True,2022
1,1,15,11.0,25.0,6.0,14.0,5.0,6.0,11.0,22.0,4.0,6.0,10.0,12.0,0.08130728694595322,0.5212264150943396,0.10057307902226013,0.4051948051948052,2.0,2.0,False,2022
0,7,0,8.0,21.0,2.0,8.0,10.0,12.0,11.0,22.0,7.0,15.0,9.0,10.0,0.18647213051975103,0.49261083743842365,0.03864499105404756,0.618421052631579,3.0,2.0,True,2022
1,27,24,17.0,26.0,3.0,7.0,14.0,15.0,12.0,23.0,6.0,9.0,6.0,7.0,0.09310100421152452,0.38666666666666666,0.07122432574088768,0.5936254980079682,2.0,2.0,True,2022
1,11,29,11.0,22.0,4.0,10.0,7.0,9.0,9.0,18.0,3.0,6.0,6.0,10.0,0.04865478652349546,0.6076555023923444,0.04346698918750407,0.526829268292683,2.0,2.0,True,2022
1,19,18,12.0,20.0,4.0,12.0,3.0,5.0,11.0,19.0,2.0,9.0,14.0,16.0,0.04255038842895494,0.36649214659685864,0.09951757638678618,0.6161137440758294,2.0,2.0,True,2022
0,18,19,11.0,19.0,2.0,9.0,14.0,16.0,12.0,20.0,4.0,12.0,3.0,5.0,0.09951757638678618,0.6161137440758294,0.07404031074316395,0.3681462140992167,2.0,2.0,False,2022
0,29,11,9.0,18.0,3.0,6.0,6.0,10.0,11.0,22.0,4.0,10.0,7.0,9.0,0.04346698918750407,0.526829268292683,0.07892382921879637,0.6085918854415274,2.0,2.0,False,2022
0,24,27,12.0,23.0,6.0,9.0,6.0,7.0,17.0,26.0,3.0,7.0,14.0,15.0,0.07122432574088768,0.5936254980079682,0.11448080336921962,0.3882978723404255,2.0,2.0,False,2022
0,4,6,14.0,21.0,3.0,7.0,15.0,19.0,10.0,22.0,4.0,9.0,4.0,4.0,0.13784707494944487,0.6529680365296804,0.12268548706137976,0.4962962962962963,2.0,2.0,True,2022
0,3,9,7.0,21.0,3.0,7.0,5.0,6.0,9.0,17.0,5.0,9.0,8.0,8.0,0.071523321190794,0.4120603015075377,0.14806876017928847,0.4105793450881612,1.0,1.0,False,2022
1,6,4,10.0,22.0,4.0,9.0,4.0,4.0,14.0,21.0,3.0,7.0,15.0,19.0,0.12268548706137976,0.4962962962962963,0.15027765995955591,0.6537585421412301,2.0,2.0,False,2022
1,9,3,9.0,17.0,5.0,9.0,8.0,8.0,7.0,21.0,3.0,7.0,5.0,6.0,0.14806876017928847,0.4105793450881612,0.057218656952635207,0.41102756892230574,1.0,1.0,True,2022
0,24,4,15.0,24.0,11.0,18.0,7.0,7.0,12.0,20.0,3.0,6.0,5.0,7.0,0.05697946059271014,0.5912698412698413,0.15027765995955591,0.6537585421412301,1.0,1.0,True,2022
1,4,24,12.0,20.0,3.0,6.0,5.0,7.0,15.0,24.0,11.0,18.0,7.0,7.0,0.15027765995955591,0.6537585421412301,0.0855835684741681,0.5928853754940712,1.0,1.0,False,2022
0,13,14,11.0,22.0,4.0,9.0,10.0,10.0,13.0,19.0,6.0,11.0,6.0,7.0,0.1554525446590895,0.485,0.10189743135963414,0.43037974683544306,2.0,2.0,False,2022
1,5,17,9.0,15.0,5.0,8.0,9.0,12.0,8.0,15.0,4.0,6.0,6.0,7.0,0.11739145445324414,0.49242424242424243,0.020324984391906234,0.5227817745803357,2.0,2.0,True,2022
0,17,5,8.0,15.0,4.0,6.0,6.0,7.0,9.0,15.0,5.0,8.0,9.0,12.0,0.020324984391906234,0.5227817745803357,0.13391316356259533,0.49370277078085645,2.0,2.0,False,2022
1,10,25,6.0,13.0,3.0,7.0,3.0,4.0,7.0,19.0,5.0,16.0,6.0,6.0,0.04474822688576389,0.3611111111111111,0.16383003074599692,0.6247086247086248,2.0,2.0,False,2022
0,25,10,7.0,19.0,5.0,16.0,6.0,6.0,6.0,13.0,3.0,7.0,3.0,4.0,0.16383003074599692,0.6247086247086248,0.03579858150861111,0.3602015113350126,2.0,2.0,True,2022
1,26,19,10.0,22.0,4.0,10.0,6.0,8.0,12.0,25.0,4.0,13.0,8.0,8.0,0.056337123161048566,0.47512437810945274,0.07404031074316395,0.3681462140992167,2.0,1.0,False,2022
0,19,26,12.0,25.0,4.0,13.0,8.0,8.0,10.0,22.0,4.0,10.0,6.0,8.0,0.07404031074316395,0.3681462140992167,0.04506969852883885,0.4739454094292804,1.0,2.0,True,2022
1,14,13,13.0,19.0,6.0,11.0,6.0,7.0,11.0,22.0,4.0,9.0,10.0,10.0,0.10189743135963414,0.43037974683544306,0.1243620357272716,0.4837905236907731,2.0,2.0,True,2022
1,16,7,11.0,28.0,3.0,8.0,7.0,7.0,17.0,28.0,3.0,6.0,4.0,5.0,0.18149916014438258,0.467005076142132,0.1891777044158008,0.49385749385749383,2.0,2.0,True,2022
0,22,2,10.0,14.0,6.0,7.0,5.0,6.0,12.0,24.0,3.0,9.0,8.0,10.0,0.033804038948657675,0.5062034739454094,0.11839555990392243,0.5868263473053892,2.0,2.0,False,2022
1,2,22,12.0,24.0,3.0,9.0,8.0,10.0,10.0,14.0,6.0,7.0,5.0,6.0,0.11839555990392243,0.5868263473053892,0.02704323115892614,0.504950495049505,2.0,2.0,True,2022
0,23,20,11.0,18.0,4.0,10.0,10.0,11.0,14.0,21.0,4.0,12.0,10.0,12.0,0.08304132158593994,0.4409448818897638,0.14413022495886213,0.6037296037296037,2.0,2.0,True,2022
1,29,8,13.0,23.0,3.0,8.0,9.0,12.0,12.0,23.0,4.0,8.0,9.0,9.0,0.034773591350003255,0.5255474452554745,0.130873514545356,0.4580152671755725,1.0,2.0,False,2022
0,15,1,10.0,16.0,4.0,6.0,6.0,8.0,11.0,24.0,6.0,14.0,9.0,9.0,0.10057307902226013,0.4051948051948052,0.06504582955676258,0.52,2.0,2.0,True,2022
1,1,15,11.0,24.0,6.0,14.0,9.0,9.0,10.0,16.0,4.0,6.0,6.0,8.0,0.06504582955676258,0.52,0.1204584632178081,0.4067357512953368,2.0,2.0,False,2022
0,8,29,12.0,23.0,4.0,8.0,9.0,9.0,13.0,23.0,3.0,8.0,9.0,12.0,0.130873514545356,0.4580152671755725,0.027818873080002603,0.5242718446601942,2.0,1.0,True,2022
1,20,23,14.0,21.0,4.0,12.0,10.0,12.0,11.0,18.0,4.0,10.0,10.0,11.0,0.14413022495886213,0.6037296037296037,0.10643305726875193,0.4424083769633508,2.0,2.0,False,2022
0,7,16,17.0,28.0,3.0,6.0,4.0,5.0,11.0,28.0,3.0,8.0,7.0,7.0,0.1891777044158008,0.49385749385749383,0.18519932811550607,0.46835443037974683,2.0,2.0,False,2022
0,21,18,6.0,12.0,3.0,6.0,7.0,10.0,12.0,16.0,5.0,9.0,4.0,6.0,0.1370078391639609,0.45118733509234826,0.07961406110942895,0.6146572104018913,3.0,2.0,False,2022
1,18,21,12.0,16.0,5.0,9.0,4.0,6.0,6.0,12.0,3.0,6.0,7.0,10.0,0.07961406110942895,0.6146572104018913,0.10960627133116871,0.45,2.0,3.0,True,2022
1,28,3,6.0,18.0,3.0,6.0,9.0,9.0,8.0,19.0,5.0,9.0,5.0,6.0,0.11856226180155419,0.3723958333333333,0.057218656952635207,0.41102756892230574,3.0,2.0,False,2022
0,3,28,8.0,19.0,5.0,9.0,5.0,6.0,6.0,18.0,3.0,6.0,9.0,9.0,0.057218656952635207,0.41102756892230574,0.09484980944124335,0.37142857142857144,2.0,3.0,True,2022
1,0,11,14.0,28.0,8.0,17.0,7.0,7.0,10.0,19.0,5.0,11.0,6.0,7.0,0.03864499105404756,0.618421052631579,0.07892382921879637,0.6085918854415274,3.0,2.0,True,2022
1,27,12,11.0,21.0,5.0,12.0,13.0,13.0,7.0,16.0,6.0,7.0,6.0,7.0,0.11448080336921962,0.3882978723404255,0.11064336190111586,0.5552884615384616,2.0,3.0,False,2022
1,9,6,10.0,24.0,4.0,9.0,12.0,14.0,19.0,32.0,8.0,14.0,9.0,11.0,0.15845500814343078,0.4120603015075377,0.0981483896491038,0.49507389162561577,2.0,2.0,True,2022
0,6,9,19.0,32.0,8.0,14.0,9.0,11.0,10.0,24.0,4.0,9.0,12.0,14.0,0.0981483896491038,0.49507389162561577,0.16676400651474463,0.41353383458646614,2.0,2.0,False,2022
0,11,0,10.0,19.0,5.0,11.0,6.0,7.0,14.0,28.0,8.0,17.0,7.0,7.0,0.07892382921879637,0.6085918854415274,0.07091599284323805,0.6233766233766234,2.0,3.0,False,2022
0,12,27,7.0,16.0,6.0,7.0,6.0,7.0,11.0,21.0,5.0,12.0,13.0,13.0,0.11064336190111586,0.5552884615384616,0.0915846426953757,0.38726790450928383,3.0,2.0,True,2022
0,12,25,8.0,16.0,7.0,9.0,6.0,9.0,11.0,18.0,4.0,11.0,11.0,11.0,0.12851468952089268,0.5563549160671463,0.17106402459679754,0.6255813953488372,1.0,2.0,True,2022
1,5,17,9.0,20.0,6.0,12.0,7.0,10.0,8.0,15.0,4.0,11.0,3.0,4.0,0.13391316356259533,0.49370277078085645,0.016259987513524986,0.5215311004784688,2.0,2.0,True,2022
1,4,13,12.0,22.0,5.0,8.0,5.0,8.0,9.0,22.0,3.0,9.0,11.0,14.0,0.12022212796764473,0.6522727272727272,0.1243620357272716,0.4837905236907731,2.0,2.0,False,2022
0,0,15,9.0,16.0,4.0,9.0,5.0,6.0,7.0,17.0,2.0,9.0,7.0,8.0,0.07091599284323805,0.6233766233766234,0.1204584632178081,0.4067357512953368,1.0,2.0,True,2022
0,17,5,8.0,15.0,4.0,11.0,3.0,4.0,9.0,20.0,6.0,12.0,7.0,10.0,0.016259987513524986,0.5215311004784688,0.14713053085007627,0.4949748743718593,2.0,2.0,False,2022
1,10,28,7.0,13.0,3.0,8.0,4.0,5.0,9.0,20.0,4.0,10.0,6.0,8.0,0.03579858150861111,0.3602015113350126,0.09484980944124335,0.37142857142857144,2.0,1.0,False,2022
0,28,10,9.0,20.0,4.0,10.0,6.0,8.0,7.0,13.0,3.0,8.0,4.0,5.0,0.09484980944124335,0.37142857142857144,0.028638865206888887,0.3592964824120603,1.0,2.0,True,2022
1,26,7,9.0,15.0,5.0,9.0,4.0,6.0,7.0,17.0,2.0,11.0,4.0,4.0,0.04506969852883885,0.4739454094292804,0.15134216353264066,0.49264705882352944,2.0,2.0,True,2022
0,7,26,7.0,17.0,2.0,11.0,4.0,4.0,9.0,15.0,5.0,9.0,4.0,6.0,0.15134216353264066,0.49264705882352944,0.07605575882307108,0.4752475247524752,2.0,2.0,False,2022
1,25,12,11.0,18.0,4.0,11.0,11.0,11.0,8.0,16.0,7.0,9.0,6.0,9.0,0.17106402459679754,0.6255813953488372,0.14281175161671417,0.5574162679425837,2.0,1.0,False,2022
1,15,0,7.0,17.0,2.0,9.0,7.0,8.0,9.0,16.0,4.0,9.0,5.0,6.0,0.1204584632178081,0.4067357512953368,0.09673279427459043,0.6282051282051282,2.0,1.0,False,2022
0,13,4,9.0,22.0,3.0,9.0,11.0,14.0,12.0,22.0,5.0,8.0,5.0,8.0,0.1243620357272716,0.4837905236907731,0.09617770237411578,0.6507936507936508,2.0,2.0,True,2022
0,23,1,12.0,21.0,4.0,12.0,5.0,6.0,12.0,18.0,4.0,10.0,5.0,7.0,0.10643305726875193,0.4424083769633508,0.05203666364541006,0.5187793427230047,2.0,2.0,True,2022
0,20,29,15.0,22.0,6.0,8.0,8.0,11.0,11.0,25.0,2.0,7.0,6.0,10.0,0.1153041799670897,0.6023255813953489,0.027818873080002603,0.5242718446601942,2.0,2.0,True,2022
1,29,20,11.0,25.0,2.0,7.0,6.0,10.0,15.0,22.0,6.0,8.0,8.0,11.0,0.027818873080002603,0.5242718446601942,0.13224334397367177,0.6032482598607889,2.0,2.0,False,2022
1,1,23,12.0,18.0,4.0,10.0,5.0,7.0,12.0,21.0,4.0,12.0,5.0,6.0,0.05203666364541006,0.5187793427230047,0.12514644581500156,0.44386422976501305,2.0,2.0,False,2022
1,24,8,8.0,19.0,5.0,9.0,2.0,3.0,7.0,18.0,3.0,6.0,8.0,8.0,0.0855835684741681,0.5928853754940712,0.14469881163628479,0.4593908629441624,2.0,2.0,True,2022
0,8,24,7.0,18.0,3.0,6.0,8.0,8.0,8.0,19.0,5.0,9.0,2.0,3.0,0.14469881163628479,0.4593908629441624,0.10846685477933449,0.594488188976378,2.0,2.0,False,2022
1,22,19,8.0,17.0,4.0,12.0,7.0,8.0,11.0,18.0,7.0,9.0,5.0,7.0,0.02704323115892614,0.504950495049505,0.09923224859453116,0.3697916666666667,2.0,2.0,False,2022
0,14,2,8.0,17.0,2.0,4.0,6.0,6.0,12.0,17.0,4.0,7.0,4.0,6.0,0.1215179450877073,0.4318181818181818,0.13471644792313794,0.5880597014925373,2.0,2.0,False,2022
1,3,18,7.0,18.0,4.0,7.0,6.0,7.0,12.0,26.0,3.0,7.0,17.0,20.0,0.08577492556210817,0.4125,0.10369124888754315,0.6155660377358491,1.0,1.0,False,2022
0,18,3,12.0,26.0,3.0,7.0,17.0,20.0,7.0,18.0,4.0,7.0,6.0,7.0,0.10369124888754315,0.6155660377358491,0.06861994044968653,0.4114713216957606,1.0,1.0,True,2022
1,2,14,12.0,17.0,4.0,7.0,4.0,6.0,8.0,17.0,2.0,4.0,6.0,6.0,0.13471644792313794,0.5880597014925373,0.09721435607016585,0.43073047858942065,2.0,2.0,True,2022
0,19,22,11.0,18.0,7.0,9.0,5.0,7.0,8.0,17.0,4.0,12.0,7.0,8.0,0.09923224859453116,0.3697916666666667,0.02163458492714091,0.5037037037037037,2.0,2.0,True,2022
0,17,26,7.0,16.0,3.0,11.0,4.0,4.0,11.0,18.0,3.0,8.0,4.0,8.0,0.01300799001081999,0.5202863961813843,0.07605575882307108,0.4752475247524752,2.0,2.0,False,2022
1,26,17,11.0,18.0,3.0,8.0,4.0,8.0,7.0,16.0,3.0,11.0,4.0,4.0,0.07605575882307108,0.4752475247524752,0.010406392008655991,0.5190476190476191,2.0,2.0,True,2022
0,16,11,10.0,27.0,4.0,10.0,9.0,10.0,7.0,24.0,3.0,9.0,12.0,18.0,0.18519932811550607,0.46835443037974683,0.0631390633750371,0.6071428571428571,4.0,3.0,False,2022
1,25,9,12.0,23.0,3.0,12.0,6.0,8.0,10.0,23.0,5.0,12.0,4.0,4.0,0.13685121967743802,0.6241299303944315,0.16676400651474463,0.41353383458646614,2.0,3.0,True,2022
0,9,25,10.0,23.0,5.0,12.0,4.0,4.0,12.0,23.0,3.0,12.0,6.0,8.0,0.16676400651474463,0.41353383458646614,0.14948097574195043,0.625,3.0,2.0,False,2022
1,10,3,8.0,16.0,5.0,9.0,2.0,4.0,11.0,24.0,6.0,12.0,5.0,5.0,0.028638865206888887,0.3592964824120603,0.06861994044968653,0.4114713216957606,2.0,2.0,True,2022
1,7,29,12.0,22.0,6.0,9.0,2.0,2.0,10.0,20.0,2.0,6.0,6.0,8.0,0.12107373082611253,0.49144254278728605,0.02225509846400208,0.5230024213075061,2.0,2.0,True,2022
0,29,7,10.0,20.0,2.0,6.0,6.0,8.0,12.0,22.0,6.0,9.0,2.0,2.0,0.02225509846400208,0.5230024213075061,0.13685898466089003,0.4926829268292683,2.0,2.0,False,2022
0,3,10,11.0,24.0,6.0,12.0,5.0,5.0,8.0,16.0,5.0,9.0,2.0,4.0,0.06861994044968653,0.4114713216957606,0.0629110921655111,0.3609022556390977,2.0,2.0,False,2022
1,11,16,7.0,24.0,3.0,9.0,12.0,18.0,10.0,27.0,4.0,10.0,9.0,10.0,0.0631390633750371,0.6071428571428571,0.14815946249240486,0.4671717171717172,3.0,4.0,True,2022
0,8,15,10.0,19.0,4.0,6.0,6.0,8.0,8.0,14.0,2.0,7.0,5.0,5.0,0.11575904930902783,0.4582278481012658,0.09636677057424649,0.40568475452196384,2.0,2.0,True,2022
1,15,8,8.0,14.0,2.0,7.0,5.0,5.0,10.0,19.0,4.0,6.0,6.0,8.0,0.09636677057424649,0.40568475452196384,0.13260723944722225,0.4595959595959596,2.0,2.0,False,2022
0,21,12,11.0,16.0,4.0,9.0,4.0,5.0,11.0,18.0,7.0,11.0,8.0,9.0,0.10960627133116871,0.45,0.14281175161671417,0.5574162679425837,3.0,2.0,False,2022
1,23,14,10.0,24.0,4.0,8.0,5.0,6.0,11.0,17.0,3.0,7.0,4.0,6.0,0.12514644581500156,0.44386422976501305,0.09721435607016585,0.43073047858942065,2.0,2.0,False,2022
0,14,23,11.0,17.0,3.0,7.0,4.0,6.0,10.0,24.0,4.0,8.0,5.0,6.0,0.09721435607016585,0.43073047858942065,0.10011715665200124,0.4427083333333333,2.0,2.0,True,2022
0,1,6,13.0,26.0,6.0,14.0,4.0,6.0,13.0,24.0,8.0,16.0,9.0,10.0,0.04162933091632805,0.5175644028103045,0.07851871171928304,0.49385749385749383,2.0,3.0,False,2022
0,4,27,9.0,17.0,3.0,10.0,9.0,9.0,16.0,26.0,3.0,7.0,8.0,8.0,0.09617770237411578,0.6507936507936508,0.0915846426953757,0.38726790450928383,2.0,3.0,True,2022
1,27,4,16.0,26.0,3.0,7.0,8.0,8.0,9.0,17.0,3.0,10.0,9.0,9.0,0.0915846426953757,0.38726790450928383,0.11694216189929263,0.6515837104072398,3.0,2.0,False,2022
1,6,1,13.0,24.0,8.0,16.0,9.0,10.0,13.0,26.0,6.0,14.0,4.0,6.0,0.07851871171928304,0.49385749385749383,0.033303464733062435,0.5163551401869159,3.0,2.0,True,2022
1,20,5,18.0,35.0,3.0,8.0,4.0,6.0,8.0,15.0,4.0,7.0,4.0,8.0,0.13224334397367177,0.6032482598607889,0.14713053085007627,0.4949748743718593,2.0,2.0,False,2022
0,18,22,18.0,30.0,8.0,11.0,7.0,10.0,11.0,19.0,3.0,10.0,6.0,6.0,0.12295299911003452,0.6164705882352941,0.02163458492714091,0.5037037037037037,2.0,2.0,True,2022
1,22,18,11.0,19.0,3.0,10.0,6.0,6.0,18.0,30.0,8.0,11.0,7.0,10.0,0.02163458492714091,0.5037037037037037,0.13836239928802763,0.6173708920187794,2.0,2.0,False,2022
1,12,21,11.0,18.0,7.0,11.0,8.0,9.0,11.0,16.0,4.0,9.0,4.0,5.0,0.14281175161671417,0.5574162679425837,0.08768501706493496,0.44881889763779526,2.0,3.0,True,2022
0,5,20,8.0,15.0,4.0,7.0,4.0,8.0,18.0,35.0,3.0,8.0,4.0,6.0,0.14713053085007627,0.4949748743718593,0.10579467517893741,0.6018518518518519,2.0,2.0,True,2022
0,6,28,11.0,26.0,5.0,12.0,8.0,9.0,7.0,27.0,4.0,11.0,7.0,12.0,0.10281496937542642,0.4950980392156863,0.11587984755299467,0.37305699481865284,1.0,3.0,True,2022
1,24,7,6.0,11.0,3.0,6.0,9.0,11.0,8.0,15.0,4.0,9.0,6.0,7.0,0.10846685477933449,0.594488188976378,0.13685898466089003,0.4926829268292683,3.0,1.0,True,2022
0,26,11,8.0,17.0,5.0,8.0,4.0,4.0,9.0,13.0,4.0,9.0,11.0,12.0,0.10084460705845685,0.4765432098765432,0.09051125070002967,0.6080760095011877,1.0,1.0,False,2022
1,28,6,7.0,27.0,4.0,11.0,7.0,12.0,11.0,26.0,5.0,12.0,8.0,9.0,0.11587984755299467,0.37305699481865284,0.12225197550034114,0.4963325183374083,3.0,1.0,False,2022
0,7,24,8.0,15.0,4.0,9.0,6.0,7.0,6.0,11.0,3.0,6.0,9.0,11.0,0.13685898466089003,0.4926829268292683,0.1267734838234676,0.596078431372549,1.0,3.0,False,2022
1,11,26,9.0,13.0,4.0,9.0,11.0,12.0,8.0,17.0,5.0,8.0,4.0,4.0,0.09051125070002967,0.6080760095011877,0.08067568564676549,0.4753694581280788,1.0,1.0,True,2022
0,13,19,9.0,21.0,3.0,11.0,8.0,13.0,7.0,19.0,3.0,6.0,10.0,11.0,0.1394896285818173,0.48507462686567165,0.11938579887562492,0.37142857142857144,3.0,3.0,True,2022
0,2,27,10.0,21.0,3.0,8.0,5.0,7.0,6.0,16.0,2.0,5.0,3.0,4.0,0.14777315833851037,0.5892857142857143,0.07326771415630055,0.3862433862433862,3.0,1.0,True,2022
1,9,14,11.0,19.0,6.0,9.0,11.0,12.0,8.0,16.0,4.0,8.0,6.0,7.0,0.1334112052117957,0.4125,0.11777148485613267,0.4321608040201005,1.0,1.0,True,2022
0,14,9,8.0,16.0,4.0,8.0,6.0,7.0,11.0,19.0,6.0,9.0,11.0,12.0,0.11777148485613267,0.4321608040201005,0.14672896416943657,0.4139650872817955,1.0,1.0,False,2022
1,27,2,6.0,16.0,2.0,5.0,3.0,4.0,10.0,21.0,3.0,8.0,5.0,7.0,0.07326771415630055,0.3862433862433862,0.1582185266708083,0.5905044510385756,1.0,3.0,False,2022
1,19,13,7.0,19.0,3.0,6.0,10.0,11.0,9.0,21.0,3.0,11.0,8.0,13.0,0.11938579887562492,0.37142857142857144,0.15159170286545381,0.48635235732009924,3.0,3.0,False,2022
1,4,2,11.0,21.0,4.0,9.0,7.0,10.0,10.0,20.0,7.0,12.0,4.0,7.0,0.11694216189929263,0.6515837104072398,0.1582185266708083,0.5905044510385756,2.0,1.0,True,2022
1,25,18,14.0,28.0,5.0,8.0,8.0,10.0,10.0,22.0,6.0,7.0,10.0,12.0,0.14948097574195043,0.625,0.13836239928802763,0.6173708920187794,2.0,2.0,True,2022
0,18,25,10.0,22.0,6.0,7.0,10.0,12.0,14.0,28.0,5.0,8.0,8.0,10.0,0.13836239928802763,0.6173708920187794,0.15958478059356035,0.625866050808314,2.0,2.0,False,2022
1,8,17,9.0,19.0,5.0,10.0,7.0,7.0,9.0,11.0,3.0,7.0,3.0,4.0,0.13260723944722225,0.4595959595959596,0.010406392008655991,0.5190476190476191,2.0,2.0,True,2022
0,17,8,9.0,11.0,3.0,7.0,3.0,4.0,9.0,19.0,5.0,10.0,7.0,7.0,0.010406392008655991,0.5190476190476191,0.14608579155777782,0.4609571788413098,2.0,2.0,False,2022
0,5,23,7.0,15.0,4.0,8.0,4.0,7.0,16.0,28.0,6.0,14.0,11.0,14.0,0.15770442468006102,0.49624060150375937,0.10011715665200124,0.4427083333333333,2.0,2.0,False,2022
1,23,5,16.0,28.0,6.0,14.0,11.0,14.0,7.0,15.0,4.0,8.0,4.0,7.0,0.10011715665200124,0.4427083333333333,0.1261635397440488,0.495,2.0,2.0,True,2022
0,16,20,6.0,15.0,2.0,5.0,3.0,4.0,16.0,24.0,4.0,6.0,5.0,5.0,0.14815946249240486,0.4671717171717172,0.10579467517893741,0.6018518518518519,2.0,2.0,False,2022
0,29,0,15.0,28.0,3.0,9.0,8.0,9.0,12.0,22.0,6.0,10.0,3.0,3.0,0.017804078771201666,0.5217391304347826,0.09673279427459043,0.6282051282051282,2.0,4.0,False,2022
1,20,16,16.0,24.0,4.0,6.0,5.0,5.0,6.0,15.0,2.0,5.0,3.0,4.0,0.10579467517893741,0.6018518518518519,0.11852756999392389,0.4659949622166247,2.0,2.0,True,2022
0,2,4,10.0,20.0,7.0,12.0,4.0,7.0,11.0,21.0,4.0,9.0,7.0,10.0,0.1582185266708083,0.5905044510385756,0.1335537295194341,0.6523702031602708,1.0,2.0,False,2022
1,21,10,10.0,21.0,4.0,10.0,4.0,6.0,8.0,15.0,4.0,11.0,3.0,4.0,0.08768501706493496,0.44881889763779526,0.0629110921655111,0.3609022556390977,2.0,2.0,True,2022
0,10,21,8.0,15.0,4.0,11.0,3.0,4.0,10.0,21.0,4.0,10.0,4.0,6.0,0.0629110921655111,0.3609022556390977,0.11014801365194797,0.450261780104712,2.0,2.0,False,2022
1,0,29,12.0,22.0,6.0,10.0,3.0,3.0,15.0,28.0,3.0,9.0,8.0,9.0,0.09673279427459043,0.6282051282051282,0.014243263016961332,0.5204819277108433,4.0,2.0,True,2022
1,12,9,8.0,14.0,3.0,6.0,10.0,12.0,12.0,23.0,3.0,11.0,8.0,8.0,0.15424940129337134,0.5584725536992841,0.14672896416943657,0.4139650872817955,3.0,2.0,True,2022
1,29,26,8.0,16.0,2.0,7.0,6.0,8.0,13.0,23.0,2.0,9.0,5.0,6.0,0.014243263016961332,0.5204819277108433,0.08067568564676549,0.4753694581280788,1.0,2.0,True,2022
1,14,28,8.0,14.0,3.0,5.0,3.0,4.0,14.0,22.0,6.0,10.0,4.0,4.0,0.09421718788490614,0.43107769423558895,0.09270387804239574,0.37209302325581395,2.0,2.0,False,2022
0,28,14,14.0,22.0,6.0,10.0,4.0,4.0,8.0,14.0,3.0,5.0,3.0,4.0,0.09270387804239574,0.37209302325581395,0.07537375030792491,0.43,2.0,2.0,True,2022
1,11,7,7.0,21.0,3.0,11.0,6.0,9.0,13.0,26.0,2.0,5.0,5.0,5.0,0.11240900056002374,0.6090047393364929,0.10948718772871202,0.49148418491484186,2.0,2.0,False,2022
0,7,11,13.0,26.0,2.0,5.0,5.0,5.0,7.0,21.0,3.0,11.0,6.0,9.0,0.10948718772871202,0.49148418491484186,0.089927200448019,0.607565011820331,2.0,2.0,True,2022
1,25,1,12.0,24.0,5.0,8.0,5.0,6.0,12.0,23.0,4.0,9.0,7.0,7.0,0.15958478059356035,0.625866050808314,0.033303464733062435,0.5163551401869159,1.0,3.0,True,2022
0,1,25,12.0,23.0,4.0,9.0,7.0,7.0,12.0,24.0,5.0,8.0,5.0,6.0,0.033303464733062435,0.5163551401869159,0.1676678244748483,0.6267281105990783,3.0,1.0,False,2022
0,9,12,12.0,23.0,3.0,11.0,8.0,8.0,8.0,14.0,3.0,6.0,10.0,12.0,0.14672896416943657,0.4139650872817955,0.16339952103469707,0.5595238095238095,2.0,3.0,False,2022
0,17,13,8.0,14.0,3.0,7.0,4.0,4.0,12.0,21.0,7.0,14.0,8.0,11.0,0.008325113606924794,0.517814726840855,0.15159170286545381,0.48635235732009924,1.0,2.0,False,2022
1,19,4,9.0,19.0,4.0,12.0,8.0,9.0,9.0,16.0,3.0,7.0,11.0,13.0,0.09550863910049993,0.3704663212435233,0.1335537295194341,0.6523702031602708,2.0,1.0,False,2022
0,26,29,13.0,23.0,2.0,9.0,5.0,6.0,8.0,16.0,2.0,7.0,6.0,8.0,0.08067568564676549,0.4753694581280788,0.05139461041356906,0.5216346153846154,2.0,1.0,False,2022
0,3,6,12.0,24.0,3.0,6.0,6.0,8.0,11.0,22.0,4.0,7.0,10.0,10.0,0.05489595235974922,0.41044776119402987,0.12225197550034114,0.4963325183374083,3.0,2.0,False,2022
0,4,19,9.0,16.0,3.0,7.0,11.0,13.0,9.0,19.0,4.0,12.0,8.0,9.0,0.1335537295194341,0.6523702031602708,0.07640691128039995,0.3695090439276486,1.0,2.0,True,2022
1,6,3,11.0,22.0,4.0,7.0,10.0,10.0,12.0,24.0,3.0,6.0,6.0,8.0,0.12225197550034114,0.4963325183374083,0.043916761887799374,0.4094292803970223,2.0,3.0,True,2022
1,27,21,9.0,15.0,6.0,9.0,5.0,6.0,8.0,16.0,5.0,9.0,3.0,3.0,0.058614171325040446,0.38522427440633245,0.11014801365194797,0.450261780104712,2.0,1.0,False,2022
0,21,27,8.0,16.0,5.0,9.0,3.0,3.0,9.0,15.0,6.0,9.0,5.0,6.0,0.11014801365194797,0.450261780104712,0.04689133706003236,0.38421052631578945,1.0,2.0,True,2022
1,13,17,12.0,21.0,7.0,14.0,8.0,11.0,8.0,14.0,3.0,7.0,4.0,4.0,0.15159170286545381,0.48635235732009924,0.006660090885539835,0.5165876777251185,2.0,1.0,True,2022
0,0,5,6.0,19.0,2.0,11.0,11.0,11.0,8.0,15.0,3.0,7.0,6.0,6.0,0.11738623541967234,0.6329113924050633,0.1261635397440488,0.495,2.0,2.0,True,2022
1,5,0,8.0,15.0,3.0,7.0,6.0,6.0,6.0,19.0,2.0,11.0,11.0,11.0,0.1261635397440488,0.495,0.1339089883357379,0.6375,2.0,2.0,False,2022
1,18,22,14.0,17.0,4.0,10.0,11.0,15.0,7.0,12.0,3.0,5.0,5.0,9.0,0.1106899194304221,0.6159250585480094,0.017307667941712727,0.5024630541871922,2.0,4.0,True,2022
0,22,18,7.0,12.0,3.0,5.0,5.0,9.0,14.0,17.0,4.0,10.0,11.0,15.0,0.017307667941712727,0.5024630541871922,0.1285519355443377,0.616822429906542,4.0,2.0,False,2022
0,8,16,6.0,17.0,2.0,6.0,5.0,7.0,10.0,16.0,4.0,7.0,7.0,7.0,0.14608579155777782,0.4609571788413098,0.11852756999392389,0.4659949622166247,2.0,2.0,False,2022
1,24,15,8.0,14.0,6.0,9.0,4.0,5.0,10.0,18.0,2.0,6.0,4.0,7.0,0.1267734838234676,0.596078431372549,0.07709341645939718,0.40463917525773196,3.0,4.0,True,2022
0,15,24,10.0,18.0,2.0,6.0,4.0,7.0,8.0,14.0,6.0,9.0,4.0,5.0,0.07709341645939718,0.40463917525773196,0.14141878705877406,0.59765625,4.0,3.0,False,2022
1,16,8,10.0,16.0,4.0,7.0,7.0,7.0,6.0,17.0,2.0,6.0,5.0,7.0,0.11852756999392389,0.4659949622166247,0.11686863324622225,0.45979899497487436,2.0,2.0,True,2022
1,23,27,7.0,12.0,3.0,6.0,3.0,4.0,10.0,21.0,3.0,6.0,12.0,14.0,0.12009372532160101,0.44415584415584414,0.04689133706003236,0.38421052631578945,3.0,2.0,False,2022
0,0,8,16.0,29.0,7.0,14.0,4.0,4.0,8.0,15.0,4.0,6.0,3.0,3.0,0.1339089883357379,0.6375,0.11686863324622225,0.45979899497487436,1.0,1.0,True,2022
1,16,2,7.0,18.0,4.0,11.0,4.0,6.0,11.0,16.0,6.0,8.0,4.0,4.0,0.1348220559951391,0.46733668341708545,0.12657482133664663,0.5887573964497042,1.0,3.0,False,2022
0,25,28,8.0,17.0,3.0,7.0,6.0,7.0,16.0,28.0,6.0,14.0,6.0,8.0,0.1676678244748483,0.6267281105990783,0.11416310243391661,0.37371134020618557,2.0,2.0,False,2022
1,28,25,16.0,28.0,6.0,14.0,6.0,8.0,8.0,17.0,3.0,7.0,6.0,7.0,0.11416310243391661,0.37371134020618557,0.13413425957987862,0.6252873563218391,2.0,2.0,True,2022
0,12,10,13.0,22.0,5.0,11.0,9.0,11.0,8.0,16.0,5.0,12.0,3.0,3.0,0.16339952103469707,0.5595238095238095,0.05032887373240889,0.36,2.0,3.0,False,2022
0,27,23,10.0,21.0,3.0,6.0,12.0,14.0,7.0,12.0,3.0,6.0,3.0,4.0,0.04689133706003236,0.38421052631578945,0.09607498025728081,0.4430051813471503,2.0,3.0,True,2022
1,18,19,12.0,18.0,2.0,7.0,7.0,7.0,8.0,18.0,2.0,7.0,9.0,12.0,0.1285519355443377,0.616822429906542,0.07640691128039995,0.3695090439276486,1.0,2.0,True,2022
0,15,7,8.0,14.0,5.0,7.0,6.0,8.0,11.0,20.0,5.0,12.0,4.0,5.0,0.061674733167517745,0.40359897172236503,0.1275897501829696,0.49271844660194175,1.0,2.0,True,2022
1,7,15,11.0,20.0,5.0,12.0,4.0,5.0,8.0,14.0,5.0,7.0,6.0,8.0,0.1275897501829696,0.49271844660194175,0.0893397865340142,0.40512820512820513,2.0,1.0,False,2022
0,19,18,8.0,18.0,2.0,7.0,9.0,12.0,12.0,18.0,2.0,7.0,7.0,7.0,0.07640691128039995,0.3695090439276486,0.14284154843547014,0.6177156177156177,2.0,1.0,False,2022
1,17,11,9.0,17.0,2.0,6.0,3.0,4.0,8.0,14.0,4.0,8.0,10.0,14.0,0.006660090885539835,0.5165876777251185,0.089927200448019,0.607565011820331,2.0,2.0,False,2022
1,10,12,8.0,16.0,5.0,12.0,3.0,3.0,13.0,22.0,5.0,11.0,9.0,11.0,0.05032887373240889,0.36,0.13071961682775765,0.5581947743467933,3.0,2.0,True,2022
1,8,0,8.0,15.0,4.0,6.0,3.0,3.0,16.0,29.0,7.0,14.0,4.0,4.0,0.11686863324622225,0.45979899497487436,0.1471271906685903,0.6419753086419753,1.0,1.0,False,2022
0,11,17,8.0,14.0,4.0,8.0,10.0,14.0,9.0,17.0,2.0,6.0,3.0,4.0,0.089927200448019,0.607565011820331,0.0053280727084318675,0.5153664302600472,2.0,2.0,True,2022
1,20,29,8.0,17.0,5.0,11.0,7.0,8.0,14.0,25.0,7.0,14.0,14.0,14.0,0.12463574014314993,0.6027713625866051,0.05139461041356906,0.5216346153846154,3.0,2.0,False,2022
0,14,21,9.0,19.0,4.0,8.0,5.0,10.0,10.0,18.0,6.0,9.0,3.0,3.0,0.07537375030792491,0.43,0.12811841092155837,0.4516971279373368,2.0,2.0,False,2022
1,24,26,13.0,22.0,7.0,10.0,3.0,4.0,7.0,20.0,3.0,8.0,2.0,4.0,0.14141878705877406,0.59765625,0.0645405485174124,0.4742014742014742,1.0,2.0,True,2022
1,13,5,8.0,18.0,4.0,7.0,8.0,8.0,8.0,19.0,4.0,8.0,7.0,7.0,0.16127336229236305,0.4876237623762376,0.10093083179523905,0.4937655860349127,2.0,1.0,True,2022
0,26,24,7.0,20.0,3.0,8.0,2.0,4.0,13.0,22.0,7.0,10.0,3.0,4.0,0.0645405485174124,0.4742014742014742,0.15313502964701925,0.5992217898832685,2.0,1.0,False,2022
1,1,9,14.0,26.0,6.0,12.0,9.0,11.0,10.0,20.0,6.0,9.0,4.0,5.0,0.02664277178644995,0.5151515151515151,0.11738317133554925,0.4129353233830846,2.0,2.0,False,2022
0,9,1,10.0,20.0,6.0,9.0,4.0,5.0,14.0,26.0,6.0,12.0,9.0,11.0,0.11738317133554925,0.4129353233830846,0.02131421742915996,0.513953488372093,2.0,2.0,True,2022
0,29,20,14.0,25.0,7.0,14.0,14.0,14.0,8.0,17.0,5.0,11.0,7.0,8.0,0.05139461041356906,0.5216346153846154,0.09970859211451995,0.6013824884792627,2.0,3.0,True,2022
0,5,13,8.0,19.0,4.0,8.0,7.0,7.0,8.0,18.0,4.0,7.0,8.0,8.0,0.10093083179523905,0.4937655860349127,0.16901868983389043,0.4888888888888889,1.0,2.0,False,2022
1,3,4,10.0,16.0,8.0,11.0,4.0,6.0,10.0,23.0,3.0,8.0,8.0,10.0,0.043916761887799374,0.4094292803970223,0.1468429836155473,0.6531531531531531,2.0,2.0,True,2022
0,4,3,10.0,23.0,3.0,8.0,8.0,10.0,10.0,16.0,8.0,11.0,4.0,6.0,0.1468429836155473,0.6531531531531531,0.0751334095102395,0.41089108910891087,2.0,2.0,False,2022
0,2,16,11.0,16.0,6.0,8.0,4.0,4.0,7.0,18.0,4.0,11.0,4.0,6.0,0.12657482133664663,0.5887573964497042,0.10785764479611129,0.46616541353383456,3.0,1.0,True,2022
1,6,22,15.0,20.0,4.0,6.0,10.0,10.0,10.0,23.0,5.0,14.0,4.0,6.0,0.13780158040027293,0.4975609756097561,0.013846134353370182,0.5012285012285013,2.0,1.0,True,2022
0,22,6,10.0,23.0,5.0,14.0,4.0,6.0,15.0,20.0,4.0,6.0,10.0,10.0,0.013846134353370182,0.5012285012285013,0.15024126432021834,0.49878345498783455,1.0,2.0,False,2022
1,21,14,10.0,18.0,6.0,9.0,3.0,3.0,9.0,19.0,4.0,8.0,5.0,10.0,0.12811841092155837,0.4516971279373368,0.060299000246339926,0.428927680798005,2.0,2.0,True,2022
1,23,24,10.0,21.0,5.0,11.0,6.0,8.0,10.0,24.0,6.0,12.0,8.0,11.0,0.09607498025728081,0.4430051813471503,0.15313502964701925,0.5992217898832685,2.0,2.0,True,2022
0,24,23,10.0,24.0,6.0,12.0,8.0,11.0,10.0,21.0,5.0,11.0,6.0,8.0,0.15313502964701925,0.5992217898832685,0.11685998420582464,0.4444444444444444,2.0,2.0,False,2022
0,3,6,13.0,24.0,3.0,6.0,5.0,6.0,12.0,19.0,3.0,6.0,7.0,7.0,0.0751334095102395,0.41089108910891087,0.15024126432021834,0.49878345498783455,2.0,2.0,False,2022
1,6,3,12.0,19.0,3.0,6.0,7.0,7.0,13.0,24.0,3.0,6.0,5.0,6.0,0.15024126432021834,0.49878345498783455,0.0601067276081916,0.40987654320987654,2.0,2.0,True,2022
0,21,9,8.0,25.0,4.0,14.0,8.0,10.0,9.0,24.0,3.0,7.0,7.0,8.0,0.14249472873724672,0.453125,0.1339065370684394,0.4143920595533499,3.0,3.0,False,2022
1,9,21,9.0,24.0,3.0,7.0,7.0,8.0,8.0,25.0,4.0,14.0,8.0,10.0,0.1339065370684394,0.4143920595533499,0.11399578298979737,0.45194805194805193,3.0,3.0,True,2022
0,5,8,7.0,20.0,7.0,13.0,5.0,5.0,12.0,23.0,3.0,5.0,5.0,8.0,0.08074466543619124,0.4925373134328358,0.0934949065969778,0.45864661654135336,3.0,3.0,False,2022
1,8,5,12.0,23.0,3.0,5.0,5.0,8.0,7.0,20.0,7.0,13.0,5.0,5.0,0.0934949065969778,0.45864661654135336,0.064595732348953,0.4913151364764268,3.0,3.0,True,2022
0,9,3,13.0,25.0,4.0,11.0,8.0,9.0,10.0,27.0,6.0,12.0,5.0,6.0,0.14712522965475153,0.4158415841584158,0.0601067276081916,0.40987654320987654,2.0,3.0,True,2022
1,3,9,10.0,27.0,6.0,12.0,5.0,6.0,13.0,25.0,4.0,11.0,8.0,9.0,0.0601067276081916,0.40987654320987654,0.1577001837238012,0.41728395061728396,3.0,2.0,False,2022
1,24,8,9.0,22.0,4.0,11.0,7.0,9.0,14.0,24.0,4.0,7.0,3.0,6.0,0.1225080237176154,0.5968992248062015,0.11479592527758224,0.46,3.0,2.0,False,2022
0,8,24,14.0,24.0,4.0,7.0,3.0,6.0,9.0,22.0,4.0,11.0,7.0,9.0,0.11479592527758224,0.46,0.09800641897409232,0.5945945945945946,2.0,3.0,True,2022
1,16,23,8.0,18.0,3.0,8.0,16.0,20.0,12.0,23.0,4.0,11.0,8.0,8.0,0.10785764479611129,0.46616541353383456,0.11685998420582464,0.4444444444444444,6.0,4.0,False,2022
1,18,25,14.0,21.0,5.0,8.0,9.0,11.0,9.0,18.0,4.0,7.0,7.0,9.0,0.14284154843547014,0.6177156177156177,0.13413425957987862,0.6252873563218391,6.0,6.0,True,2022
0,25,18,9.0,18.0,4.0,7.0,7.0,9.0,14.0,21.0,5.0,8.0,9.0,11.0,0.13413425957987862,0.6252873563218391,0.15427323874837612,0.6186046511627907,6.0,6.0,False,2022
0,23,16,12.0,23.0,4.0,11.0,8.0,8.0,8.0,18.0,3.0,8.0,16.0,20.0,0.11685998420582464,0.4444444444444444,0.08628611583688903,0.465,4.0,6.0,True,2022
0,11,13,11.0,29.0,2.0,6.0,10.0,11.0,9.0,24.0,3.0,8.0,10.0,16.0,0.11194176035841519,0.6084905660377359,0.16901868983389043,0.4888888888888889,6.0,6.0,True,2022
0,20,0,12.0,25.0,2.0,7.0,2.0,3.0,9.0,15.0,5.0,10.0,7.0,8.0,0.09970859211451995,0.6013824884792627,0.1471271906685903,0.6419753086419753,6.0,6.0,False,2022
1,13,11,9.0,24.0,3.0,8.0,10.0,16.0,11.0,29.0,2.0,6.0,10.0,11.0,0.16901868983389043,0.4888888888888889,0.12955340828673215,0.6094117647058823,6.0,6.0,False,2022
1,0,20,9.0,15.0,5.0,10.0,7.0,8.0,12.0,25.0,2.0,7.0,2.0,3.0,0.1471271906685903,0.6419753086419753,0.07976687369161596,0.6,6.0,6.0,True,2022
1,12,9,9.0,15.0,8.0,9.0,4.0,7.0,6.0,12.0,2.0,7.0,6.0,7.0,0.13071961682775765,0.5581947743467933,0.1577001837238012,0.41728395061728396,7.0,2.0,True,2022
1,2,6,9.0,19.0,4.0,9.0,10.0,12.0,12.0,24.0,6.0,10.0,9.0,9.0,0.14125985706931732,0.5899705014749262,0.16019301145617468,0.5,7.0,5.0,True,2022
0,9,12,6.0,12.0,2.0,7.0,6.0,7.0,9.0,15.0,8.0,9.0,4.0,7.0,0.1577001837238012,0.41728395061728396,0.14457569346220614,0.5592417061611374,2.0,7.0,False,2022
0,27,4,9.0,27.0,2.0,10.0,6.0,6.0,10.0,19.0,2.0,7.0,6.0,11.0,0.07751306964802589,0.3858267716535433,0.11747438689243783,0.651685393258427,7.0,7.0,False,2022
1,4,27,10.0,19.0,2.0,7.0,6.0,11.0,9.0,27.0,2.0,10.0,6.0,6.0,0.11747438689243783,0.651685393258427,0.06201045571842071,0.38481675392670156,7.0,7.0,True,2022
0,8,7,9.0,25.0,3.0,8.0,5.0,6.0,12.0,19.0,4.0,8.0,5.0,6.0,0.1318367402220658,0.4613466334164589,0.1020718001463757,0.4915254237288136,2.0,7.0,False,2022
1,7,8,12.0,19.0,4.0,8.0,5.0,6.0,9.0,25.0,3.0,8.0,5.0,6.0,0.1020718001463757,0.4915254237288136,0.10546939217765264,0.4601990049751244,7.0,2.0,True,2022
0,6,2,12.0,24.0,6.0,10.0,9.0,9.0,9.0,19.0,4.0,9.0,10.0,12.0,0.16019301145617468,0.5,0.15300788565545384,0.5911764705882353,5.0,7.0,False,2022
0,20,0,9.0,20.0,2.0,5.0,8.0,8.0,12.0,19.0,5.0,10.0,5.0,7.0,0.07976687369161596,0.6,0.15770175253487223,0.6463414634146342,2.0,2.0,False,2022
1,13,11,15.0,25.0,8.0,11.0,5.0,7.0,13.0,30.0,4.0,10.0,6.0,7.0,0.13521495186711235,0.4876847290640394,0.12955340828673215,0.6094117647058823,2.0,2.0,True,2022
0,11,13,13.0,30.0,4.0,10.0,6.0,7.0,15.0,25.0,8.0,11.0,5.0,7.0,0.12955340828673215,0.6094117647058823,0.14817196149368989,0.48894348894348894,2.0,2.0,False,2022
1,18,25,9.0,16.0,3.0,9.0,12.0,14.0,10.0,23.0,5.0,16.0,6.0,7.0,0.15427323874837612,0.6186046511627907,0.1073074076639029,0.6238532110091743,2.0,2.0,True,2022
1,0,20,12.0,19.0,5.0,10.0,5.0,7.0,9.0,20.0,2.0,5.0,8.0,8.0,0.15770175253487223,0.6463414634146342,0.06381349895329277,0.5986238532110092,2.0,2.0,True,2022
0,25,18,10.0,23.0,5.0,16.0,6.0,7.0,9.0,16.0,3.0,9.0,12.0,14.0,0.1073074076639029,0.6238532110091743,0.16341859099870087,0.6194895591647331,2.0,2.0,False,2022
0,9,12,12.0,20.0,5.0,10.0,3.0,4.0,15.0,25.0,4.0,8.0,11.0,12.0,0.12616014697904096,0.41625615763546797,0.14457569346220614,0.5592417061611374,2.0,2.0,False,2022
1,16,23,9.0,16.0,4.0,7.0,6.0,6.0,7.0,16.0,4.0,10.0,7.0,8.0,0.08628611583688903,0.465,0.13348798736465972,0.44587628865979384,3.0,3.0,True,2022
0,23,16,7.0,16.0,4.0,10.0,7.0,8.0,9.0,16.0,4.0,7.0,6.0,6.0,0.13348798736465972,0.44587628865979384,0.10902889266951124,0.46633416458852867,3.0,3.0,False,2022
1,12,9,15.0,25.0,4.0,8.0,11.0,12.0,12.0,20.0,5.0,10.0,3.0,4.0,0.14457569346220614,0.5592417061611374,0.10092811758323277,0.4152334152334152,2.0,2.0,True,2022
0,8,7,13.0,21.0,6.0,10.0,8.0,8.0,12.0,19.0,7.0,11.0,5.0,5.0,0.10546939217765264,0.4601990049751244,0.12165744011710056,0.4927536231884058,2.0,2.0,True,2022
1,7,8,12.0,19.0,7.0,11.0,5.0,5.0,13.0,21.0,6.0,10.0,8.0,8.0,0.12165744011710056,0.4927536231884058,0.1243755137421221,0.46153846153846156,2.0,2.0,False,2022
0,6,2,8.0,17.0,4.0,6.0,18.0,20.0,9.0,18.0,3.0,6.0,7.0,8.0,0.12815440916493975,0.49878934624697335,0.15300788565545384,0.5911764705882353,3.0,3.0,False,2022
1,2,6,9.0,18.0,3.0,6.0,7.0,8.0,8.0,17.0,4.0,6.0,18.0,20.0,0.15300788565545384,0.5911764705882353,0.1025235273319518,0.4975845410628019,3.0,3.0,True,2022
0,27,4,16.0,31.0,4.0,8.0,9.0,9.0,11.0,20.0,5.0,7.0,11.0,18.0,0.06201045571842071,0.38481675392670156,0.13397950951395027,0.6524663677130045,3.0,3.0,True,2022
1,4,27,11.0,20.0,5.0,7.0,11.0,18.0,16.0,31.0,4.0,8.0,9.0,9.0,0.13397950951395027,0.6524663677130045,0.08960836457473657,0.38642297650130547,3.0,3.0,False,2022
0,18,25,12.0,20.0,3.0,8.0,6.0,9.0,9.0,19.0,4.0,10.0,6.0,9.0,0.16341859099870087,0.6194895591647331,0.08584592613112232,0.6224256292906178,2.0,2.0,True,2022
1,25,18,9.0,19.0,4.0,10.0,6.0,9.0,12.0,20.0,3.0,8.0,6.0,9.0,0.08584592613112232,0.6224256292906178,0.1707348727989607,0.6203703703703703,2.0,2.0,False,2022
0,13,11,12.0,22.0,4.0,7.0,7.0,7.0,10.0,21.0,4.0,8.0,11.0,12.0,0.14817196149368989,0.48894348894348894,0.10364272662938571,0.607981220657277,3.0,3.0,True,2022
1,23,16,9.0,21.0,4.0,9.0,6.0,8.0,8.0,19.0,7.0,15.0,8.0,10.0,0.10679038989172777,0.44473007712082263,0.10902889266951124,0.46633416458852867,2.0,2.0,False,2022
1,11,13,10.0,21.0,4.0,8.0,11.0,12.0,12.0,22.0,4.0,7.0,7.0,7.0,0.10364272662938571,0.607981220657277,0.1585375691949519,0.49019607843137253,3.0,3.0,False,2022
0,0,20,10.0,18.0,6.0,13.0,6.0,9.0,14.0,22.0,3.0,7.0,7.0,9.0,0.1661614020278978,0.6506024096385542,0.06381349895329277,0.5986238532110092,3.0,3.0,True,2022
0,16,23,8.0,19.0,7.0,15.0,8.0,10.0,9.0,21.0,4.0,9.0,6.0,8.0,0.10902889266951124,0.46633416458852867,0.08543231191338221,0.44358974358974357,2.0,2.0,True,2022
1,20,0,14.0,22.0,3.0,7.0,7.0,9.0,10.0,18.0,6.0,13.0,6.0,9.0,0.06381349895329277,0.5986238532110092,0.17292912162231822,0.6547619047619048,3.0,3.0,False,2022
0,12,9,10.0,22.0,5.0,11.0,3.0,3.0,7.0,17.0,4.0,9.0,10.0,12.0,0.1556605547697649,0.5602836879432624,0.10092811758323277,0.4152334152334152,3.0,3.0,False,2022
1,9,12,7.0,17.0,4.0,9.0,10.0,12.0,10.0,22.0,5.0,11.0,3.0,3.0,0.10092811758323277,0.4152334152334152,0.12452844381581192,0.5589622641509434,3.0,3.0,True,2022
0,4,27,8.0,14.0,5.0,8.0,4.0,5.0,8.0,17.0,3.0,9.0,3.0,5.0,0.10718360761116022,0.6510067114093959,0.08960836457473657,0.38642297650130547,2.0,2.0,True,2022
1,27,4,8.0,17.0,3.0,9.0,3.0,5.0,8.0,14.0,5.0,8.0,4.0,5.0,0.08960836457473657,0.38642297650130547,0.12574688608892817,0.6517857142857143,2.0,2.0,False,2022
0,7,8,13.0,20.0,2.0,6.0,9.0,9.0,11.0,23.0,4.0,11.0,9.0,10.0,0.09732595209368045,0.491566265060241,0.1243755137421221,0.46153846153846156,3.0,3.0,True,2022
1,8,7,11.0,23.0,4.0,11.0,9.0,10.0,13.0,20.0,2.0,6.0,9.0,9.0,0.1243755137421221,0.46153846153846156,0.11786076167494434,0.49278846153846156,3.0,3.0,False,2022
1,6,2,10.0,19.0,4.0,7.0,4.0,6.0,13.0,29.0,4.0,13.0,9.0,10.0,0.1025235273319518,0.4975845410628019,0.16240630852436308,0.592375366568915,3.0,3.0,False,2022
0,13,11,11.0,21.0,4.0,10.0,7.0,8.0,9.0,21.0,3.0,10.0,9.0,18.0,0.1585375691949519,0.49019607843137253,0.08291418130350857,0.6065573770491803,2.0,2.0,False,2022
1,25,18,10.0,20.0,3.0,10.0,13.0,15.0,7.0,17.0,3.0,8.0,10.0,11.0,0.06867674090489786,0.6210045662100456,0.1707348727989607,0.6203703703703703,3.0,3.0,True,2022
0,18,25,7.0,17.0,3.0,8.0,10.0,11.0,10.0,20.0,3.0,10.0,13.0,15.0,0.1707348727989607,0.6203703703703703,0.09494139272391829,0.621867881548975,3.0,3.0,False,2022
0,16,23,11.0,20.0,8.0,12.0,5.0,5.0,8.0,17.0,4.0,8.0,14.0,17.0,0.127223114135609,0.46766169154228854,0.08543231191338221,0.44358974358974357,2.0,2.0,False,2022
1,23,16,8.0,17.0,4.0,8.0,14.0,17.0,11.0,20.0,8.0,12.0,5.0,5.0,0.08543231191338221,0.44358974358974357,0.10177849130848719,0.4665012406947891,2.0,2.0,True,2022
0,2,6,13.0,29.0,4.0,13.0,9.0,10.0,10.0,19.0,4.0,7.0,4.0,6.0,0.16240630852436308,0.592375366568915,0.08201882186556145,0.4963855421686747,3.0,3.0,True,2022
1,11,13,9.0,21.0,3.0,10.0,9.0,18.0,11.0,21.0,4.0,10.0,7.0,8.0,0.08291418130350857,0.6065573770491803,0.12683005535596154,0.4889975550122249,2.0,2.0,True,2022
1,20,0,14.0,21.0,5.0,7.0,10.0,13.0,12.0,23.0,7.0,11.0,10.0,14.0,0.05105079916263422,0.597254004576659,0.17292912162231822,0.6547619047619048,3.0,3.0,True,2022
1,8,7,11.0,23.0,2.0,9.0,7.0,11.0,11.0,14.0,3.0,7.0,4.0,6.0,0.09950041099369769,0.4603960396039604,0.11786076167494434,0.49278846153846156,2.0,2.0,True,2022
0,7,8,11.0,14.0,3.0,7.0,4.0,6.0,11.0,23.0,2.0,9.0,7.0,11.0,0.11786076167494434,0.49278846153846156,0.11960032879495815,0.4617283950617284,2.0,2.0,False,2022
0,0,20,12.0,23.0,7.0,11.0,10.0,14.0,14.0,21.0,5.0,7.0,10.0,13.0,0.17292912162231822,0.6547619047619048,0.08084063933010738,0.5981735159817352,3.0,3.0,False,2022
0,4,27,11.0,22.0,6.0,8.0,9.0,12.0,8.0,20.0,3.0,6.0,7.0,8.0,0.12574688608892817,0.6517857142857143,0.07168669165978926,0.3854166666666667,2.0,2.0,True,2022
1,9,12,9.0,13.0,4.0,10.0,2.0,4.0,12.0,21.0,4.0,14.0,11.0,12.0,0.12074249406658621,0.4166666666666667,0.12452844381581192,0.5589622641509434,2.0,2.0,False,2022
0,12,9,12.0,21.0,4.0,14.0,11.0,12.0,9.0,13.0,4.0,10.0,2.0,4.0,0.12452844381581192,0.5589622641509434,0.09659399525326898,0.4156479217603912,2.0,2.0,True,2022
1,27,4,8.0,20.0,3.0,6.0,7.0,8.0,11.0,22.0,6.0,8.0,9.0,12.0,0.07168669165978926,0.3854166666666667,0.14059750887114253,0.6525612472160356,2.0,2.0,False,2022
1,13,11,11.0,22.0,3.0,10.0,8.0,12.0,9.0,15.0,1.0,7.0,5.0,7.0,0.12683005535596154,0.4889975550122249,0.10633134504280686,0.6074766355140186,2.0,2.0,True,2022
0,11,13,9.0,15.0,1.0,7.0,5.0,7.0,11.0,22.0,3.0,10.0,8.0,12.0,0.10633134504280686,0.6074766355140186,0.14146404428476922,0.4902439024390244,2.0,2.0,False,2022
0,2,6,9.0,20.0,4.0,7.0,7.0,8.0,13.0,31.0,5.0,11.0,10.0,11.0,0.16992504681949047,0.5935672514619883,0.08201882186556145,0.4963855421686747,2.0,2.0,True,2022
0,25,18,10.0,17.0,2.0,9.0,4.0,4.0,7.0,16.0,4.0,9.0,6.0,6.0,0.09494139272391829,0.621867881548975,0.13658789823916856,0.6189376443418014,2.0,2.0,True,2022
1,18,25,7.0,16.0,4.0,9.0,6.0,6.0,10.0,17.0,2.0,9.0,4.0,4.0,0.13658789823916856,0.6189376443418014,0.11595311417913463,0.6227272727272727,2.0,2.0,False,2022
1,6,2,13.0,31.0,5.0,11.0,10.0,11.0,9.0,20.0,4.0,7.0,7.0,8.0,0.08201882186556145,0.4963855421686747,0.1759400374555924,0.5947521865889213,2.0,2.0,False,2022
0,23,16,8.0,20.0,5.0,9.0,9.0,9.0,9.0,22.0,3.0,10.0,11.0,17.0,0.10834584953070578,0.44501278772378516,0.10177849130848719,0.4665012406947891,3.0,3.0,False,2022
1,16,23,9.0,22.0,3.0,10.0,11.0,17.0,8.0,20.0,5.0,9.0,9.0,9.0,0.10177849130848719,0.4665012406947891,0.08667667962456463,0.44387755102040816,3.0,3.0,True,2022
0,9,12,11.0,21.0,3.0,7.0,10.0,11.0,8.0,16.0,3.0,8.0,6.0,8.0,0.09659399525326898,0.4156479217603912,0.13962275505264954,0.56,2.0,2.0,False,2022
1,12,9,8.0,16.0,3.0,8.0,6.0,8.0,11.0,21.0,3.0,7.0,10.0,11.0,0.13962275505264954,0.56,0.07727519620261518,0.4146341463414634,2.0,2.0,True,2022
0,8,7,7.0,22.0,2.0,8.0,7.0,11.0,12.0,18.0,4.0,5.0,6.0,6.0,0.11960032879495815,0.4617283950617284,0.09428860933995548,0.49160671462829736,2.0,2.0,False,2022
1,7,8,12.0,18.0,4.0,5.0,6.0,6.0,7.0,22.0,2.0,8.0,7.0,11.0,0.09428860933995548,0.49160671462829736,0.09568026303596652,0.4605911330049261,2.0,2.0,True,2022
0,27,4,9.0,16.0,4.0,13.0,2.0,3.0,11.0,15.0,6.0,9.0,11.0,14.0,0.05734935332783141,0.38441558441558443,0.14059750887114253,0.6525612472160356,3.0,3.0,False,2022
1,4,27,11.0,15.0,6.0,9.0,11.0,14.0,9.0,16.0,4.0,13.0,2.0,3.0,0.14059750887114253,0.6525612472160356,0.045879482662265124,0.38341968911917096,3.0,3.0,True,2022
0,20,0,12.0,18.0,2.0,6.0,6.0,8.0,10.0,22.0,5.0,11.0,5.0,7.0,0.08084063933010738,0.5981735159817352,0.13834329729785458,0.6470588235294118,3.0,3.0,False,2022
1,0,20,10.0,22.0,5.0,11.0,5.0,7.0,12.0,18.0,2.0,6.0,6.0,8.0,0.13834329729785458,0.6470588235294118,0.0646725114640859,0.5968109339407744,3.0,3.0,True,2022
0,18,25,12.0,18.0,5.0,12.0,9.0,10.0,9.0,20.0,2.0,7.0,9.0,10.0,0.10927031859133485,0.6175115207373272,0.11595311417913463,0.6227272727272727,3.0,3.0,True,2022
0,7,8,14.0,14.0,2.0,6.0,4.0,4.0,8.0,19.0,4.0,7.0,5.0,5.0,0.1154308874719644,0.49282296650717705,0.09568026303596652,0.4605911330049261,2.0,2.0,True,2022
1,8,7,8.0,19.0,4.0,7.0,5.0,5.0,14.0,14.0,2.0,6.0,4.0,4.0,0.09568026303596652,0.4605911330049261,0.1323447099775715,0.49403341288782815,2.0,2.0,False,2022
1,25,18,9.0,20.0,2.0,7.0,9.0,10.0,12.0,18.0,5.0,12.0,9.0,10.0,0.11595311417913463,0.6227272727272727,0.12741625487306787,0.6183908045977011,3.0,3.0,False,2022
1,11,13,9.0,17.0,3.0,7.0,4.0,4.0,9.0,21.0,4.0,10.0,4.0,6.0,0.08506507603424548,0.6060606060606061,0.14146404428476922,0.4902439024390244,3.0,3.0,False,2022
0,13,11,9.0,21.0,4.0,10.0,4.0,6.0,9.0,17.0,3.0,7.0,4.0,4.0,0.14146404428476922,0.4902439024390244,0.06805206082739639,0.6046511627906976,3.0,3.0,True,2022
0,16,23,9.0,19.0,5.0,8.0,9.0,12.0,10.0,24.0,5.0,10.0,6.0,9.0,0.12142279304678975,0.46782178217821785,0.08667667962456463,0.44387755102040816,3.0,3.0,True,2022
1,23,16,10.0,24.0,5.0,10.0,6.0,9.0,9.0,19.0,5.0,8.0,9.0,12.0,0.08667667962456463,0.44387755102040816,0.1371382344374318,0.4691358024691358,3.0,3.0,False,2022
1,16,0,14.0,31.0,6.0,11.0,7.0,9.0,12.0,20.0,5.0,12.0,4.0,7.0,0.1371382344374318,0.4691358024691358,0.15067463783828366,0.6511627906976745,2.0,4.0,False,2022
0,0,16,12.0,20.0,5.0,12.0,4.0,7.0,14.0,31.0,6.0,11.0,7.0,9.0,0.15067463783828366,0.6511627906976745,0.10971058754994545,0.46798029556650245,4.0,2.0,True,2022
0,4,2,9.0,25.0,3.0,7.0,6.0,11.0,6.0,18.0,4.0,9.0,5.0,8.0,0.152478007096914,0.6533333333333333,0.1759400374555924,0.5947521865889213,4.0,6.0,True,2022
1,2,4,6.0,18.0,4.0,9.0,5.0,8.0,9.0,25.0,3.0,7.0,6.0,11.0,0.1759400374555924,0.5947521865889213,0.16198240567753122,0.6541019955654102,6.0,4.0,False,2022
1,12,18,9.0,17.0,4.0,7.0,8.0,8.0,11.0,18.0,2.0,7.0,6.0,6.0,0.15169820404211962,0.5610328638497653,0.12741625487306787,0.6183908045977011,6.0,4.0,True,2022
0,13,7,15.0,30.0,5.0,11.0,11.0,14.0,12.0,20.0,3.0,6.0,8.0,8.0,0.15317123542781536,0.49148418491484186,0.1323447099775715,0.49403341288782815,4.0,4.0,False,2022
1,7,13,12.0,20.0,3.0,6.0,8.0,8.0,15.0,30.0,5.0,11.0,11.0,14.0,0.1323447099775715,0.49403341288782815,0.12253698834225228,0.49029126213592233,4.0,4.0,True,2022
0,18,12,11.0,18.0,2.0,7.0,6.0,6.0,9.0,17.0,4.0,7.0,8.0,8.0,0.12741625487306787,0.6183908045977011,0.1613585632336957,0.5620608899297423,4.0,6.0,False,2022
1,2,4,11.0,20.0,6.0,10.0,4.0,5.0,11.0,27.0,1.0,6.0,5.0,9.0,0.14075202996447392,0.5930232558139535,0.16198240567753122,0.6541019955654102,2.0,2.0,True,2022
0,4,2,11.0,27.0,1.0,6.0,5.0,9.0,11.0,20.0,6.0,10.0,4.0,5.0,0.16198240567753122,0.6541019955654102,0.15260162397157911,0.5942028985507246,2.0,2.0,False,2022
1,16,0,15.0,31.0,5.0,12.0,12.0,13.0,11.0,25.0,3.0,12.0,3.0,4.0,0.10971058754994545,0.46798029556650245,0.16053971027062694,0.6551724137931034,2.0,2.0,True,2022
0,0,16,11.0,25.0,3.0,12.0,3.0,4.0,15.0,31.0,5.0,12.0,12.0,13.0,0.16053971027062694,0.6551724137931034,0.12776847003995634,0.4692874692874693,2.0,2.0,False,2022
1,7,13,11.0,19.0,5.0,8.0,5.0,5.0,13.0,22.0,5.0,10.0,4.0,5.0,0.1458757679820572,0.49523809523809526,0.12253698834225228,0.49029126213592233,2.0,2.0,True,2022
0,13,7,13.0,22.0,5.0,10.0,4.0,5.0,11.0,19.0,5.0,8.0,5.0,5.0,0.12253698834225228,0.49029126213592233,0.15670061438564578,0.49643705463182897,2.0,2.0,False,2022
0,18,12,12.0,22.0,2.0,9.0,9.0,11.0,8.0,15.0,3.0,6.0,9.0,11.0,0.1019330038984543,0.6169724770642202,0.1613585632336957,0.5620608899297423,2.0,2.0,False,2022
1,12,18,8.0,15.0,3.0,6.0,9.0,11.0,12.0,22.0,2.0,9.0,9.0,11.0,0.1613585632336957,0.5620608899297423,0.08154640311876345,0.6155606407322655,2.0,2.0,True,2022
1,18,12,7.0,13.0,7.0,9.0,8.0,10.0,12.0,22.0,3.0,11.0,8.0,10.0,0.08154640311876345,0.6155606407322655,0.16908685058695655,0.5630841121495327,2.0,2.0,True,2022
1,13,7,11.0,25.0,4.0,11.0,7.0,7.0,7.0,14.0,5.0,8.0,4.0,4.0,0.09802959067380182,0.4891041162227603,0.15670061438564578,0.49643705463182897,2.0,2.0,True,2022
0,12,18,12.0,22.0,3.0,11.0,8.0,10.0,7.0,13.0,7.0,9.0,8.0,10.0,0.16908685058695655,0.5630841121495327,0.10523712249501076,0.6164383561643836,2.0,2.0,False,2022
0,7,13,7.0,14.0,5.0,8.0,4.0,4.0,11.0,25.0,4.0,11.0,7.0,7.0,0.15670061438564578,0.49643705463182897,0.11842367253904147,0.49033816425120774,2.0,2.0,False,2022
0,16,0,13.0,21.0,4.0,8.0,4.0,5.0,11.0,17.0,4.0,8.0,14.0,14.0,0.12776847003995634,0.4692874692874693,0.12843176821650154,0.6477272727272727,4.0,4.0,False,2022
1,0,16,11.0,17.0,4.0,8.0,14.0,14.0,13.0,21.0,4.0,8.0,4.0,5.0,0.12843176821650154,0.6477272727272727,0.10221477603196508,0.4681372549019608,4.0,4.0,True,2022
0,2,4,9.0,19.0,4.0,7.0,10.0,11.0,16.0,30.0,3.0,10.0,9.0,12.0,0.15260162397157911,0.5942028985507246,0.12958592454202497,0.6526548672566371,4.0,4.0,False,2022
1,4,2,16.0,30.0,3.0,10.0,9.0,12.0,9.0,19.0,4.0,7.0,10.0,11.0,0.12958592454202497,0.6526548672566371,0.12208129917726329,0.5924855491329479,4.0,4.0,True,2022
0,12,18,13.0,20.0,2.0,6.0,12.0,13.0,8.0,18.0,6.0,10.0,9.0,13.0,0.13526948046956525,0.5617715617715617,0.10523712249501076,0.6164383561643836,2.0,2.0,False,2022
0,7,13,10.0,22.0,3.0,7.0,12.0,13.0,9.0,25.0,8.0,12.0,7.0,8.0,0.12536049150851664,0.495260663507109,0.11842367253904147,0.49033816425120774,2.0,2.0,False,2022
1,18,12,8.0,18.0,6.0,10.0,9.0,13.0,13.0,20.0,2.0,6.0,12.0,13.0,0.10523712249501076,0.6164383561643836,0.1082155843756522,0.5604651162790698,2.0,2.0,True,2022
1,13,7,9.0,25.0,8.0,12.0,7.0,8.0,10.0,22.0,3.0,7.0,12.0,13.0,0.11842367253904147,0.49033816425120774,0.1002883932068133,0.4940898345153664,2.0,2.0,True,2022
1,4,2,14.0,32.0,3.0,6.0,6.0,11.0,11.0,24.0,5.0,10.0,6.0,6.0,0.14366873963361998,0.6534216335540839,0.12208129917726329,0.5924855491329479,2.0,2.0,False,2022
0,2,4,11.0,24.0,5.0,10.0,6.0,6.0,14.0,32.0,3.0,6.0,6.0,11.0,0.12208129917726329,0.5924855491329479,0.11493499170689599,0.6519823788546255,2.0,2.0,True,2022
0,16,0,8.0,21.0,3.0,9.0,7.0,8.0,10.0,25.0,4.0,14.0,8.0,9.0,0.10221477603196508,0.4681372549019608,0.14274541457320125,0.651685393258427,2.0,2.0,False,2022
1,0,16,10.0,25.0,4.0,14.0,8.0,9.0,8.0,21.0,3.0,9.0,7.0,8.0,0.14274541457320125,0.651685393258427,0.08177182082557206,0.4669926650366748,2.0,2.0,True,2022
0,18,12,7.0,14.0,2.0,6.0,4.0,4.0,9.0,15.0,4.0,10.0,4.0,7.0,0.12418969799600861,0.6173120728929385,0.1082155843756522,0.5604651162790698,2.0,2.0,False,2022
1,12,18,9.0,15.0,4.0,10.0,4.0,7.0,7.0,14.0,2.0,6.0,4.0,4.0,0.1082155843756522,0.5604651162790698,0.09935175839680689,0.615909090909091,2.0,2.0,True,2022
1,7,13,11.0,20.0,3.0,7.0,3.0,4.0,10.0,23.0,3.0,8.0,6.0,7.0,0.1002883932068133,0.4940898345153664,0.13473893803123319,0.491566265060241,2.0,2.0,True,2022
0,13,7,10.0,23.0,3.0,8.0,6.0,7.0,11.0,20.0,3.0,7.0,3.0,4.0,0.13473893803123319,0.491566265060241,0.12023071456545065,0.49528301886792453,2.0,2.0,False,2022
1,16,0,8.0,13.0,4.0,7.0,5.0,6.0,7.0,16.0,3.0,8.0,3.0,4.0,0.08177182082557206,0.4669926650366748,0.154196331658561,0.6555555555555556,2.0,2.0,True,2022
0,4,2,16.0,27.0,4.0,7.0,6.0,10.0,12.0,29.0,3.0,11.0,8.0,9.0,0.11493499170689599,0.6519823788546255,0.13766503934181062,0.5936599423631124,2.0,2.0,True,2022
1,2,4,12.0,29.0,3.0,11.0,8.0,9.0,16.0,27.0,4.0,7.0,6.0,10.0,0.13766503934181062,0.5936599423631124,0.1319479933655168,0.6527472527472528,2.0,2.0,False,2022
0,0,16,7.0,16.0,3.0,8.0,3.0,4.0,8.0,13.0,4.0,7.0,5.0,6.0,0.154196331658561,0.6555555555555556,0.10541745666045765,0.4682926829268293,2.0,2.0,False,2022
0,7,13,10.0,17.0,3.0,5.0,7.0,7.0,11.0,26.0,5.0,11.0,9.0,14.0,0.12023071456545065,0.49528301886792453,0.10779115042498655,0.49038461538461536,2.0,2.0,False,2022
1,13,7,11.0,26.0,5.0,11.0,9.0,14.0,10.0,17.0,3.0,5.0,7.0,7.0,0.10779115042498655,0.49038461538461536,0.09618457165236052,0.49411764705882355,2.0,2.0,True,2022
0,12,18,13.0,29.0,4.0,10.0,4.0,6.0,9.0,24.0,3.0,8.0,4.0,4.0,0.12657246750052176,0.5614849187935035,0.09935175839680689,0.615909090909091,2.0,2.0,True,2022
1,18,12,9.0,24.0,3.0,8.0,4.0,4.0,13.0,29.0,4.0,10.0,4.0,6.0,0.09935175839680689,0.615909090909091,0.1412579740004174,0.5625,2.0,2.0,False,2022
1,0,16,11.0,27.0,8.0,17.0,3.0,4.0,11.0,28.0,7.0,15.0,4.0,5.0,0.1233570653268488,0.6483516483516484,0.10541745666045765,0.4682926829268293,2.0,2.0,True,2022
0,2,4,17.0,32.0,7.0,15.0,5.0,7.0,14.0,30.0,3.0,10.0,14.0,15.0,0.1101320314734485,0.5919540229885057,0.1319479933655168,0.6527472527472528,2.0,2.0,True,2022
1,4,2,14.0,30.0,3.0,10.0,14.0,15.0,17.0,32.0,7.0,15.0,5.0,7.0,0.1319479933655168,0.6527472527472528,0.12810562517875881,0.5931232091690545,2.0,2.0,False,2022
0,16,0,11.0,28.0,7.0,15.0,4.0,5.0,11.0,27.0,8.0,17.0,3.0,4.0,0.10541745666045765,0.4682926829268293,0.13868565226147905,0.6521739130434783,2.0,2.0,False,2022
1,2,4,10.0,22.0,7.0,18.0,6.0,7.0,10.0,26.0,2.0,6.0,4.0,6.0,0.12810562517875881,0.5931232091690545,0.10555839469241343,0.6513157894736842,2.0,2.0,True,2022
1,7,13,4.0,14.0,3.0,6.0,5.0,6.0,12.0,19.0,6.0,11.0,5.0,5.0,0.09618457165236052,0.49411764705882355,0.12623292033998923,0.49160671462829736,3.0,3.0,False,2022
0,13,7,12.0,19.0,6.0,11.0,5.0,5.0,4.0,14.0,3.0,6.0,5.0,6.0,0.12623292033998923,0.49160671462829736,0.07694765732188842,0.49295774647887325,3.0,3.0,True,2022
0,4,2,10.0,26.0,2.0,6.0,4.0,6.0,10.0,22.0,7.0,18.0,6.0,7.0,0.10555839469241343,0.6513157894736842,0.14248450014300704,0.5942857142857143,2.0,2.0,False,2022
0,2,12,10.0,21.0,4.0,11.0,7.0,10.0,12.0,19.0,3.0,8.0,17.0,18.0,0.14248450014300704,0.5942857142857143,0.1412579740004174,0.5625,2.0,5.0,False,2022
1,12,2,12.0,19.0,3.0,8.0,17.0,18.0,10.0,21.0,4.0,11.0,7.0,10.0,0.1412579740004174,0.5625,0.11398760011440563,0.5925925925925926,5.0,2.0,True,2022
0,13,0,6.0,18.0,3.0,10.0,5.0,8.0,8.0,17.0,3.0,9.0,4.0,7.0,0.14098633627199136,0.49282296650717705,0.13868565226147905,0.6521739130434783,3.0,5.0,False,2022
1,0,13,8.0,17.0,3.0,9.0,4.0,7.0,6.0,18.0,3.0,10.0,5.0,8.0,0.13868565226147905,0.6521739130434783,0.11278906901759309,0.4916467780429594,5.0,3.0,True,2022
0,2,12,9.0,22.0,5.0,12.0,7.0,8.0,11.0,18.0,4.0,8.0,9.0,10.0,0.11398760011440563,0.5925925925925926,0.15300637920033391,0.5635103926096998,2.0,2.0,True,2022
1,12,2,11.0,18.0,4.0,8.0,9.0,10.0,9.0,22.0,5.0,12.0,7.0,8.0,0.15300637920033391,0.5635103926096998,0.1311900800915245,0.59375,2.0,2.0,False,2022
0,13,0,12.0,23.0,6.0,10.0,13.0,15.0,11.0,21.0,6.0,10.0,7.0,7.0,0.11278906901759309,0.4916467780429594,0.15094852180918322,0.6559139784946236,2.0,2.0,False,2022
1,0,13,11.0,21.0,6.0,10.0,7.0,7.0,12.0,23.0,6.0,10.0,13.0,15.0,0.15094852180918322,0.6559139784946236,0.09023125521407446,0.49047619047619045,2.0,2.0,True,2022
0,12,2,15.0,22.0,4.0,7.0,4.0,5.0,14.0,20.0,3.0,9.0,9.0,12.0,0.12240510336026714,0.5622119815668203,0.1311900800915245,0.59375,2.0,2.0,True,2022
1,2,12,14.0,20.0,3.0,9.0,9.0,12.0,15.0,22.0,4.0,7.0,4.0,5.0,0.1311900800915245,0.59375,0.1379240826882137,0.5632183908045977,2.0,2.0,False,2022
1,13,0,11.0,23.0,4.0,10.0,14.0,17.0,11.0,20.0,5.0,10.0,6.0,6.0,0.09023125521407446,0.49047619047619045,0.1607588174473466,0.6595744680851063,2.0,2.0,False,2022
0,0,13,11.0,20.0,5.0,10.0,6.0,6.0,11.0,23.0,4.0,10.0,14.0,17.0,0.1607588174473466,0.6595744680851063,0.07218500417125957,0.48931116389548696,2.0,2.0,True,2022
0,12,2,7.0,16.0,4.0,8.0,5.0,8.0,8.0,20.0,3.0,8.0,14.0,16.0,0.1379240826882137,0.5632183908045977,0.1049520640732196,0.5920679886685553,2.0,2.0,False,2022
1,2,12,8.0,20.0,3.0,8.0,14.0,16.0,7.0,16.0,4.0,8.0,5.0,8.0,0.1049520640732196,0.5920679886685553,0.11033926615057096,0.5619266055045872,2.0,2.0,True,2022
0,0,13,7.0,16.0,2.0,6.0,6.0,8.0,10.0,26.0,6.0,11.0,7.0,10.0,0.16860705395787726,0.6631578947368421,0.07218500417125957,0.48931116389548696,2.0,2.0,False,2022
1,13,0,10.0,26.0,6.0,11.0,7.0,10.0,7.0,16.0,2.0,6.0,6.0,8.0,0.07218500417125957,0.48931116389548696,0.1348856431663018,0.65625,2.0,2.0,True,2022
1,12,2,8.0,18.0,3.0,10.0,4.0,4.0,10.0,20.0,5.0,9.0,6.0,8.0,0.11033926615057096,0.5619266055045872,0.12396165125857568,0.5932203389830508,2.0,2.0,False,2022
0,2,12,10.0,20.0,5.0,9.0,6.0,8.0,8.0,18.0,3.0,10.0,4.0,4.0,0.12396165125857568,0.5932203389830508,0.08827141292045677,0.5606407322654462,2.0,2.0,True,2022
1,0,13,12.0,25.0,8.0,16.0,4.0,4.0,10.0,28.0,5.0,13.0,7.0,9.0,0.1348856431663018,0.65625,0.09774800333700766,0.490521327014218,2.0,2.0,True,2022
0,13,0,10.0,28.0,5.0,13.0,7.0,9.0,12.0,25.0,8.0,16.0,4.0,4.0,0.09774800333700766,0.490521327014218,0.14790851453304144,0.6597938144329897,2.0,2.0,False,2022
1,2,12,9.0,15.0,4.0,9.0,8.0,9.0,16.0,29.0,4.0,9.0,11.0,11.0,0.13916932100686055,0.5943661971830986,0.08827141292045677,0.5606407322654462,2.0,2.0,False,2022
0,12,2,16.0,29.0,4.0,9.0,11.0,11.0,9.0,15.0,4.0,9.0,8.0,9.0,0.08827141292045677,0.5606407322654462,0.11133545680548844,0.5926966292134831,2.0,2.0,True,2022
1,12,2,13.0,24.0,2.0,7.0,8.0,11.0,9.0,22.0,4.0,10.0,7.0,8.0,0.11061713033636542,0.5616438356164384,0.11133545680548844,0.5926966292134831,2.0,2.0,False,2022
0,2,12,9.0,22.0,4.0,10.0,7.0,8.0,13.0,24.0,2.0,7.0,8.0,11.0,0.11133545680548844,0.5926966292134831,0.08849370426909234,0.5603644646924829,2.0,2.0,True,2022
0,2,0,10.0,23.0,6.0,8.0,5.0,7.0,12.0,25.0,7.0,14.0,4.0,4.0,0.12906836544439076,0.5938375350140056,0.14790851453304144,0.6597938144329897,4.0,7.0,True,2022
1,0,2,12.0,25.0,7.0,14.0,4.0,4.0,10.0,23.0,6.0,8.0,5.0,7.0,0.14790851453304144,0.6597938144329897,0.1432546923555126,0.5949720670391061,7.0,4.0,False,2022
0,2,0,8.0,19.0,6.0,9.0,6.0,8.0,9.0,21.0,5.0,12.0,6.0,7.0,0.1432546923555126,0.5949720670391061,0.11832681162643315,0.6530612244897959,3.0,3.0,False,2022
1,0,2,9.0,21.0,5.0,12.0,6.0,7.0,8.0,19.0,6.0,9.0,6.0,8.0,0.11832681162643315,0.6530612244897959,0.11460375388441009,0.5933147632311978,3.0,3.0,True,2022
0,0,2,12.0,22.0,6.0,13.0,6.0,6.0,9.0,23.0,4.0,9.0,5.0,7.0,0.1346614493011465,0.6565656565656566,0.11460375388441009,0.5933147632311978,3.0,3.0,False,2022
1,2,0,9.0,23.0,4.0,9.0,5.0,7.0,12.0,22.0,6.0,13.0,6.0,6.0,0.11460375388441009,0.5933147632311978,0.10772915944091721,0.65,3.0,3.0,True,2022
0,0,2,14.0,26.0,7.0,14.0,8.0,9.0,9.0,23.0,4.0,9.0,5.0,5.0,0.10772915944091721,0.65,0.13168300310752806,0.5944444444444444,2.0,2.0,True,2022
1,2,0,9.0,23.0,4.0,9.0,5.0,5.0,14.0,26.0,7.0,14.0,8.0,9.0,0.13168300310752806,0.5944444444444444,0.12618332755273376,0.6534653465346535,2.0,2.0,False,2022
1,0,2,12.0,23.0,5.0,11.0,3.0,3.0,10.0,20.0,5.0,9.0,8.0,10.0,0.12618332755273376,0.6534653465346535,0.10534640248602245,0.592797783933518,3.0,3.0,True,2022
0,2,0,10.0,20.0,5.0,9.0,8.0,10.0,12.0,23.0,5.0,11.0,3.0,3.0,0.10534640248602245,0.592797783933518,0.140946662042187,0.6568627450980392,3.0,3.0,False,2022
0,0,2,12.0,21.0,6.0,11.0,4.0,4.0,12.0,23.0,5.0,11.0,5.0,6.0,0.140946662042187,0.6568627450980392,0.08427712198881795,0.5911602209944752,3.0,3.0,True,2022
1,2,0,12.0,23.0,5.0,11.0,5.0,6.0,12.0,21.0,6.0,11.0,4.0,4.0,0.08427712198881795,0.5911602209944752,0.1527573296337496,0.6601941747572816,3.0,3.0,False,2022
0,29,0,12.0,26.0,3.0,10.0,7.0,9.0,10.0,22.0,4.0,13.0,9.0,9.0,0.08111568833085524,0.5227817745803357,0.1527573296337496,0.6601941747572816,191.0,124.0,False,2023
1,2,18,14.0,24.0,4.0,12.0,7.0,9.0,9.0,18.0,5.0,9.0,12.0,12.0,0.06742169759105436,0.5895316804407713,0.07948140671744551,0.6145124716553289,124.0,159.0,True,2023
0,18,2,9.0,18.0,5.0,9.0,12.0,12.0,14.0,24.0,4.0,12.0,7.0,9.0,0.07948140671744551,0.6145124716553289,0.0939373580728435,0.5906593406593407,159.0,124.0,False,2023
1,0,29,10.0,22.0,4.0,13.0,9.0,9.0,12.0,26.0,3.0,10.0,7.0,9.0,0.1527573296337496,0.6601941747572816,0.06489255066468419,0.5215311004784688,124.0,191.0,True,2023
0,17,15,9.0,22.0,3.0,10.0,10.0,13.0,12.0,21.0,6.0,9.0,4.0,6.0,0.0053280727084318675,0.5153664302600472,0.0893397865340142,0.40512820512820513,192.0,192.0,True,2023
1,7,13,10.0,20.0,3.0,6.0,7.0,7.0,10.0,23.0,4.0,10.0,13.0,13.0,0.07694765732188842,0.49295774647887325,0.07819840266960612,0.48936170212765956,157.0,146.0,True,2023
0,21,5,10.0,19.0,4.0,7.0,7.0,7.0,8.0,17.0,3.0,8.0,5.0,8.0,0.11399578298979737,0.45194805194805193,0.064595732348953,0.4913151364764268,189.0,189.0,True,2023
1,5,21,8.0,17.0,3.0,8.0,5.0,8.0,10.0,19.0,4.0,7.0,7.0,7.0,0.064595732348953,0.4913151364764268,0.1311966263918379,0.4533678756476684,189.0,189.0,False,2023
1,25,3,9.0,20.0,4.0,8.0,6.0,8.0,12.0,21.0,3.0,8.0,5.0,6.0,0.0927624913433077,0.6213151927437641,0.04808538208655328,0.4088669950738916,174.0,187.0,True,2023
0,13,7,10.0,23.0,4.0,10.0,13.0,13.0,10.0,20.0,3.0,6.0,7.0,7.0,0.07819840266960612,0.48936170212765956,0.10155812585751074,0.49414519906323184,146.0,157.0,False,2023
0,20,11,12.0,17.0,2.0,4.0,3.0,4.0,6.0,13.0,4.0,9.0,7.0,8.0,0.0646725114640859,0.5968109339407744,0.06805206082739639,0.6046511627906976,175.0,174.0,False,2023
1,11,20,6.0,13.0,4.0,9.0,7.0,8.0,12.0,17.0,2.0,4.0,3.0,4.0,0.06805206082739639,0.6046511627906976,0.051738009171268716,0.5954545454545455,174.0,175.0,True,2023
1,23,26,10.0,17.0,3.0,7.0,9.0,10.0,12.0,23.0,2.0,7.0,6.0,6.0,0.0693413436996517,0.44274809160305345,0.05163243881392991,0.4730392156862745,173.0,192.0,True,2023
0,3,25,12.0,21.0,3.0,8.0,5.0,6.0,9.0,20.0,4.0,8.0,6.0,8.0,0.04808538208655328,0.4088669950738916,0.11420999307464616,0.6221719457013575,187.0,174.0,False,2023
0,26,23,12.0,23.0,2.0,7.0,6.0,6.0,10.0,17.0,3.0,7.0,9.0,10.0,0.05163243881392991,0.4730392156862745,0.09547307495972136,0.44416243654822335,192.0,173.0,False,2023
1,15,17,12.0,21.0,6.0,9.0,4.0,6.0,9.0,22.0,3.0,10.0,10.0,13.0,0.0893397865340142,0.40512820512820513,0.04426245816674549,0.5165094339622641,192.0,192.0,False,2023
0,27,12,14.0,22.0,4.0,7.0,7.0,11.0,8.0,15.0,5.0,8.0,14.0,16.0,0.045879482662265124,0.38341968911917096,0.08849370426909234,0.5603644646924829,175.0,143.0,True,2023
1,16,28,11.0,24.0,4.0,13.0,9.0,11.0,9.0,18.0,3.0,6.0,5.0,6.0,0.08433396532836612,0.46715328467153283,0.1313304819471333,0.37532133676092544,159.0,192.0,True,2023
0,28,16,9.0,18.0,3.0,6.0,5.0,6.0,11.0,24.0,4.0,13.0,9.0,11.0,0.1313304819471333,0.37532133676092544,0.1074671722626929,0.4684466019417476,192.0,159.0,False,2023
1,22,14,10.0,18.0,4.0,11.0,3.0,5.0,9.0,19.0,3.0,10.0,4.0,6.0,0.011076907482696146,0.5,0.060299000246339926,0.428927680798005,192.0,192.0,False,2023
1,12,27,8.0,15.0,5.0,8.0,14.0,16.0,14.0,22.0,4.0,7.0,7.0,11.0,0.08849370426909234,0.5603644646924829,0.0767035861298121,0.3850129198966408,143.0,175.0,False,2023
0,14,22,9.0,19.0,3.0,10.0,4.0,6.0,10.0,18.0,4.0,11.0,3.0,5.0,0.060299000246339926,0.428927680798005,0.008861525986156917,0.49877750611246946,192.0,192.0,True,2023
0,10,19,11.0,18.0,4.0,8.0,5.0,7.0,8.0,16.0,6.0,10.0,7.0,8.0,0.08026309898592711,0.36159600997506236,0.06112552902431996,0.36855670103092786,192.0,192.0,False,2023
1,6,8,11.0,21.0,4.0,9.0,8.0,9.0,11.0,22.0,4.0,9.0,6.0,9.0,0.06561505749244916,0.4951923076923077,0.07654421042877321,0.4594594594594595,177.0,174.0,False,2023
0,8,6,11.0,22.0,4.0,9.0,6.0,9.0,11.0,21.0,4.0,9.0,8.0,9.0,0.07654421042877321,0.4594594594594595,0.052492045993959326,0.4940047961630695,174.0,177.0,True,2023
1,19,10,8.0,16.0,6.0,10.0,7.0,8.0,11.0,18.0,4.0,8.0,5.0,7.0,0.06112552902431996,0.36855670103092786,0.06421047918874169,0.36069651741293535,192.0,192.0,True,2023
1,9,1,10.0,22.0,2.0,9.0,8.0,8.0,9.0,20.0,3.0,11.0,4.0,4.0,0.07727519620261518,0.4146341463414634,0.02131421742915996,0.513953488372093,176.0,192.0,True,2023
0,1,9,9.0,20.0,3.0,11.0,4.0,4.0,10.0,22.0,2.0,9.0,8.0,8.0,0.02131421742915996,0.513953488372093,0.10182015696209215,0.41605839416058393,192.0,176.0,False,2023
1,29,24,9.0,21.0,2.0,9.0,6.0,7.0,7.0,15.0,3.0,7.0,5.0,7.0,0.06489255066468419,0.5215311004784688,0.09800641897409232,0.5945945945945946,2.0,188.0,False,2023
1,18,4,13.0,24.0,1.0,7.0,4.0,4.0,9.0,16.0,4.0,12.0,4.0,5.0,0.06358512537395641,0.6131221719457014,0.08444671575393074,0.649890590809628,2.0,158.0,False,2023
0,4,18,9.0,16.0,4.0,12.0,4.0,5.0,13.0,24.0,1.0,7.0,4.0,4.0,0.08444671575393074,0.649890590809628,0.05086810029916513,0.6117381489841986,158.0,2.0,True,2023
0,24,29,7.0,15.0,3.0,7.0,5.0,7.0,9.0,21.0,2.0,9.0,6.0,7.0,0.09800641897409232,0.5945945945945946,0.05191404053174735,0.5202863961813843,188.0,2.0,True,2023
0,19,28,9.0,16.0,4.0,8.0,4.0,7.0,8.0,15.0,3.0,8.0,3.0,5.0,0.08890042321945597,0.37017994858611825,0.10506438555770663,0.37435897435897436,2.0,2.0,False,2023
0,2,12,12.0,22.0,3.0,7.0,7.0,7.0,10.0,21.0,3.0,7.0,6.0,8.0,0.0939373580728435,0.5906593406593407,0.07079496341527387,0.5590909090909091,3.0,2.0,True,2023
0,27,14,11.0,23.0,2.0,7.0,12.0,12.0,9.0,16.0,4.0,8.0,6.0,7.0,0.0767035861298121,0.3850129198966408,0.08823920019707196,0.43034825870646765,2.0,2.0,False,2023
0,11,23,10.0,23.0,7.0,12.0,7.0,8.0,12.0,25.0,3.0,9.0,7.0,8.0,0.09444164866191711,0.605568445475638,0.09547307495972136,0.44416243654822335,2.0,2.0,True,2023
1,23,11,12.0,25.0,3.0,9.0,7.0,8.0,10.0,23.0,7.0,12.0,7.0,8.0,0.09547307495972136,0.44416243654822335,0.11555331892953369,0.6064814814814815,2.0,2.0,False,2023
1,17,7,12.0,25.0,5.0,12.0,12.0,12.0,12.0,23.0,3.0,7.0,8.0,9.0,0.04426245816674549,0.5165094339622641,0.10155812585751074,0.49414519906323184,2.0,2.0,True,2023
1,28,19,8.0,15.0,3.0,8.0,3.0,5.0,9.0,16.0,4.0,8.0,4.0,7.0,0.10506438555770663,0.37435897435897436,0.07112033857556478,0.36923076923076925,2.0,2.0,True,2023
1,14,27,9.0,16.0,4.0,8.0,6.0,7.0,11.0,23.0,2.0,7.0,12.0,12.0,0.08823920019707196,0.43034825870646765,0.06136286890384968,0.38402061855670105,2.0,2.0,True,2023
0,7,17,12.0,23.0,3.0,7.0,8.0,9.0,12.0,25.0,5.0,12.0,12.0,12.0,0.10155812585751074,0.49414519906323184,0.07540996653339639,0.5176470588235295,2.0,2.0,False,2023
1,6,25,11.0,24.0,5.0,13.0,8.0,10.0,15.0,21.0,4.0,7.0,5.0,9.0,0.052492045993959326,0.4940047961630695,0.11420999307464616,0.6221719457013575,2.0,2.0,True,2023
1,22,5,9.0,18.0,3.0,7.0,8.0,8.0,8.0,15.0,6.0,9.0,13.0,21.0,0.008861525986156917,0.49877750611246946,0.05167658587916239,0.4900990099009901,2.0,2.0,False,2023
0,20,0,8.0,14.0,5.0,10.0,11.0,11.0,10.0,22.0,5.0,11.0,9.0,9.0,0.051738009171268716,0.5954545454545455,0.5,0.5,2.0,3.0,True,2023
1,1,16,13.0,21.0,4.0,8.0,5.0,10.0,17.0,26.0,5.0,10.0,10.0,13.0,0.01705137394332797,0.5127610208816705,0.1074671722626929,0.4684466019417476,2.0,2.0,False,2023
1,12,2,10.0,21.0,3.0,7.0,6.0,8.0,12.0,22.0,3.0,7.0,7.0,7.0,0.07079496341527387,0.5590909090909091,0.1151498864582748,0.5917808219178082,2.0,3.0,False,2023
0,5,22,8.0,15.0,6.0,9.0,13.0,21.0,9.0,18.0,3.0,7.0,8.0,8.0,0.05167658587916239,0.4900990099009901,0.007089220788925534,0.4975609756097561,2.0,2.0,True,2023
0,10,9,8.0,18.0,4.0,7.0,7.0,8.0,9.0,24.0,4.0,11.0,7.0,7.0,0.06421047918874169,0.36069651741293535,0.10182015696209215,0.41605839416058393,2.0,2.0,False,2023
1,9,10,9.0,24.0,4.0,11.0,7.0,7.0,8.0,18.0,4.0,7.0,7.0,8.0,0.10182015696209215,0.41605839416058393,0.05136838335099335,0.3598014888337469,2.0,2.0,True,2023
0,16,1,17.0,26.0,5.0,10.0,10.0,13.0,13.0,21.0,4.0,8.0,5.0,10.0,0.1074671722626929,0.4684466019417476,0.013641099154662375,0.5115740740740741,2.0,2.0,True,2023
0,8,21,9.0,19.0,2.0,6.0,13.0,14.0,12.0,24.0,4.0,8.0,7.0,8.0,0.10123536834301858,0.46078431372549017,0.1311966263918379,0.4533678756476684,2.0,2.0,True,2023
1,21,8,12.0,24.0,4.0,8.0,7.0,8.0,9.0,19.0,2.0,6.0,13.0,14.0,0.1311966263918379,0.4533678756476684,0.12098829467441488,0.4621026894865526,2.0,2.0,False,2023
1,0,20,10.0,22.0,5.0,11.0,9.0,9.0,8.0,14.0,5.0,10.0,11.0,11.0,0.5,0.5,0.08139040733701497,0.5963718820861678,3.0,2.0,False,2023
0,25,6,15.0,21.0,4.0,7.0,5.0,9.0,11.0,24.0,5.0,13.0,8.0,10.0,0.11420999307464616,0.6221719457013575,0.08199363679516747,0.49521531100478466,2.0,2.0,False,2023
1,18,5,14.0,25.0,3.0,8.0,12.0,15.0,9.0,17.0,4.0,8.0,5.0,5.0,0.05086810029916513,0.6117381489841986,0.08134126870332992,0.49135802469135803,2.0,1.0,False,2023
1,22,19,10.0,18.0,5.0,8.0,7.0,8.0,8.0,19.0,4.0,10.0,8.0,10.0,0.007089220788925534,0.4975609756097561,0.07112033857556478,0.36923076923076925,1.0,1.0,True,2023
1,10,2,11.0,19.0,5.0,8.0,9.0,11.0,14.0,21.0,5.0,10.0,8.0,9.0,0.05136838335099335,0.3598014888337469,0.1151498864582748,0.5917808219178082,1.0,1.0,False,2023
0,5,18,9.0,17.0,4.0,8.0,5.0,5.0,14.0,25.0,3.0,8.0,12.0,15.0,0.08134126870332992,0.49135802469135803,0.0406944802393321,0.6103603603603603,1.0,2.0,True,2023
0,2,10,14.0,21.0,5.0,10.0,8.0,9.0,11.0,19.0,5.0,8.0,9.0,11.0,0.1151498864582748,0.5917808219178082,0.04109470668079468,0.3589108910891089,1.0,1.0,True,2023
0,24,15,16.0,31.0,3.0,10.0,5.0,5.0,15.0,23.0,5.0,8.0,4.0,7.0,0.11840513517927387,0.5961538461538461,0.07147182922721136,0.4040920716112532,2.0,3.0,True,2023
1,15,24,15.0,23.0,5.0,8.0,4.0,7.0,16.0,31.0,3.0,10.0,5.0,5.0,0.07147182922721136,0.4040920716112532,0.1347241081434191,0.5977011494252874,3.0,2.0,False,2023
1,4,1,17.0,21.0,3.0,7.0,8.0,13.0,6.0,19.0,4.0,7.0,6.0,7.0,0.1075573726031446,0.6506550218340611,0.013641099154662375,0.5115740740740741,2.0,1.0,True,2023
1,12,25,8.0,16.0,3.0,7.0,9.0,11.0,8.0,19.0,5.0,12.0,7.0,8.0,0.0566359707322191,0.5578231292517006,0.09136799445971693,0.6207674943566591,1.0,1.0,True,2023
0,25,12,8.0,19.0,5.0,12.0,7.0,8.0,8.0,16.0,3.0,7.0,9.0,11.0,0.09136799445971693,0.6207674943566591,0.08530877658577526,0.5588235294117647,1.0,1.0,False,2023
0,19,22,8.0,19.0,4.0,10.0,8.0,10.0,10.0,18.0,5.0,8.0,7.0,8.0,0.07112033857556478,0.36923076923076925,0.045671376631140424,0.49878345498783455,1.0,1.0,False,2023
1,20,26,8.0,15.0,6.0,10.0,6.0,9.0,11.0,24.0,4.0,7.0,6.0,8.0,0.08139040733701497,0.5963718820861678,0.04130595105114393,0.4718826405867971,1.0,3.0,True,2023
0,26,20,11.0,24.0,4.0,7.0,6.0,8.0,8.0,15.0,6.0,10.0,6.0,9.0,0.04130595105114393,0.4718826405867971,0.10511232586961197,0.5972850678733032,3.0,1.0,False,2023
1,13,16,12.0,23.0,4.0,9.0,12.0,14.0,6.0,12.0,2.0,6.0,8.0,8.0,0.06255872213568489,0.4882075471698113,0.1259737378101543,0.46973365617433416,3.0,1.0,True,2023
0,16,13,6.0,12.0,2.0,6.0,8.0,8.0,12.0,23.0,4.0,9.0,12.0,14.0,0.1259737378101543,0.46973365617433416,0.09004697770854792,0.4894117647058824,1.0,3.0,False,2023
1,27,3,9.0,17.0,2.0,6.0,7.0,7.0,10.0,19.0,5.0,6.0,8.0,9.0,0.06136286890384968,0.38402061855670105,0.03846830566924263,0.40786240786240785,1.0,3.0,False,2023
0,3,27,10.0,19.0,5.0,6.0,8.0,9.0,9.0,17.0,2.0,6.0,7.0,7.0,0.03846830566924263,0.40786240786240785,0.04909029512307974,0.38303341902313626,3.0,1.0,True,2023
0,1,4,6.0,19.0,4.0,7.0,6.0,7.0,17.0,21.0,3.0,7.0,8.0,13.0,0.013641099154662375,0.5115740740740741,0.12604589808251568,0.6514161220043573,1.0,2.0,False,2023
1,0,15,11.0,22.0,7.0,12.0,7.0,9.0,11.0,20.0,4.0,10.0,7.0,8.0,0.5,0.0,0.057177463381769086,0.4030612244897959,2.0,1.0,True,2023
0,23,26,13.0,19.0,3.0,7.0,4.0,4.0,6.0,15.0,3.0,7.0,6.0,6.0,0.07637845996777709,0.4430379746835443,0.03304476084091514,0.47073170731707314,2.0,1.0,True,2023
1,26,23,6.0,15.0,3.0,7.0,6.0,6.0,13.0,19.0,3.0,7.0,4.0,4.0,0.03304476084091514,0.47073170731707314,0.10110276797422166,0.4444444444444444,1.0,2.0,False,2023
1,8,11,12.0,25.0,3.0,8.0,5.0,6.0,9.0,19.0,3.0,10.0,11.0,11.0,0.12098829467441488,0.4621026894865526,0.11555331892953369,0.6064814814814815,2.0,2.0,False,2023
0,11,8,9.0,19.0,3.0,10.0,11.0,11.0,12.0,25.0,3.0,8.0,5.0,6.0,0.11555331892953369,0.6064814814814815,0.09679063573953191,0.4609756097560976,2.0,2.0,True,2023
0,17,29,15.0,25.0,6.0,13.0,5.0,7.0,12.0,22.0,2.0,9.0,5.0,7.0,0.07540996653339639,0.5176470588235295,0.05191404053174735,0.5202863961813843,2.0,3.0,True,2023
1,24,7,10.0,14.0,2.0,6.0,7.0,7.0,13.0,21.0,5.0,9.0,4.0,4.0,0.1347241081434191,0.5977011494252874,0.0812465006860086,0.4929906542056075,1.0,2.0,False,2023
1,29,17,12.0,22.0,2.0,9.0,5.0,7.0,15.0,25.0,6.0,13.0,5.0,7.0,0.05191404053174735,0.5202863961813843,0.10032797322671712,0.5187793427230047,3.0,2.0,False,2023
1,3,14,12.0,29.0,5.0,12.0,8.0,9.0,11.0,16.0,4.0,8.0,5.0,7.0,0.07077464453539409,0.40931372549019607,0.11059136015765755,0.4317617866004963,1.0,2.0,True,2023
0,14,3,11.0,16.0,4.0,8.0,5.0,7.0,12.0,29.0,5.0,12.0,8.0,9.0,0.11059136015765755,0.4317617866004963,0.09661971562831528,0.41075794621026895,2.0,1.0,False,2023
1,9,21,9.0,25.0,2.0,8.0,8.0,9.0,9.0,20.0,3.0,6.0,4.0,9.0,0.12145612556967371,0.4174757281553398,0.10495730111347032,0.45219638242894056,2.0,2.0,False,2023
0,21,9,9.0,20.0,3.0,6.0,4.0,9.0,9.0,25.0,2.0,8.0,8.0,9.0,0.10495730111347032,0.45219638242894056,0.09716490045573897,0.41646489104116224,2.0,2.0,True,2023
0,7,24,13.0,21.0,5.0,9.0,4.0,4.0,10.0,14.0,2.0,6.0,7.0,7.0,0.0812465006860086,0.4929906542056075,0.10777928651473527,0.5954198473282443,2.0,1.0,True,2023
0,15,0,11.0,20.0,4.0,10.0,7.0,8.0,11.0,22.0,7.0,12.0,7.0,9.0,0.057177463381769086,0.4030612244897959,0.5,0.5,1.0,2.0,False,2023
0,10,28,8.0,18.0,2.0,6.0,9.0,11.0,10.0,19.0,3.0,9.0,3.0,5.0,0.04109470668079468,0.3589108910891089,0.1240515084461653,0.37595907928388744,2.0,3.0,False,2023
1,17,20,11.0,17.0,7.0,12.0,7.0,8.0,12.0,16.0,4.0,8.0,3.0,3.0,0.10032797322671712,0.5187793427230047,0.10511232586961197,0.5972850678733032,1.0,2.0,True,2023
1,18,22,10.0,18.0,5.0,10.0,9.0,9.0,7.0,16.0,3.0,10.0,4.0,6.0,0.0406944802393321,0.6103603603603603,0.045671376631140424,0.49878345498783455,2.0,2.0,True,2023
1,23,5,9.0,17.0,3.0,8.0,7.0,7.0,8.0,22.0,5.0,10.0,2.0,4.0,0.10110276797422166,0.4444444444444444,0.10507301496266393,0.49261083743842365,1.0,2.0,False,2023
0,20,17,12.0,16.0,4.0,8.0,3.0,3.0,11.0,17.0,7.0,12.0,7.0,8.0,0.10511232586961197,0.5972850678733032,0.1202623785813737,0.5199063231850117,2.0,1.0,False,2023
0,22,18,7.0,16.0,3.0,10.0,4.0,6.0,10.0,18.0,5.0,10.0,9.0,9.0,0.045671376631140424,0.49878345498783455,0.07255558419146568,0.6112359550561798,2.0,2.0,False,2023
1,28,10,10.0,19.0,3.0,9.0,3.0,5.0,8.0,18.0,2.0,6.0,9.0,11.0,0.1240515084461653,0.37595907928388744,0.032875765344635745,0.35802469135802467,3.0,2.0,True,2023
0,5,23,8.0,22.0,5.0,10.0,2.0,4.0,9.0,17.0,3.0,8.0,7.0,7.0,0.10507301496266393,0.49261083743842365,0.08088221437937733,0.4433249370277078,2.0,1.0,True,2023
1,1,11,9.0,19.0,4.0,8.0,9.0,9.0,7.0,19.0,3.0,6.0,3.0,4.0,0.0109128793237299,0.5103926096997691,0.13244265514362694,0.6073903002309469,2.0,1.0,True,2023
0,25,12,7.0,22.0,4.0,12.0,8.0,9.0,8.0,18.0,3.0,9.0,8.0,9.0,0.07309439556777354,0.6193693693693694,0.08530877658577526,0.5588235294117647,2.0,2.0,True,2023
1,16,6,14.0,22.0,8.0,11.0,10.0,11.0,14.0,24.0,2.0,7.0,8.0,9.0,0.10077899024812345,0.46859903381642515,0.08199363679516747,0.49521531100478466,2.0,3.0,True,2023
0,6,16,14.0,24.0,2.0,7.0,8.0,9.0,14.0,22.0,8.0,11.0,10.0,11.0,0.08199363679516747,0.49521531100478466,0.12062319219849875,0.46987951807228917,3.0,2.0,False,2023
0,11,1,7.0,19.0,3.0,6.0,3.0,4.0,9.0,19.0,4.0,8.0,9.0,9.0,0.13244265514362694,0.6073903002309469,0.048730303458983916,0.511520737327189,1.0,2.0,False,2023
0,2,27,8.0,23.0,4.0,8.0,6.0,6.0,10.0,19.0,4.0,5.0,6.0,7.0,0.13211990916661984,0.592896174863388,0.04909029512307974,0.38303341902313626,2.0,2.0,False,2023
1,12,25,8.0,18.0,3.0,9.0,8.0,9.0,7.0,22.0,4.0,12.0,8.0,9.0,0.08530877658577526,0.5588235294117647,0.09847551645421884,0.6202247191011236,2.0,2.0,False,2023
1,27,2,10.0,19.0,4.0,5.0,6.0,7.0,8.0,23.0,4.0,8.0,6.0,6.0,0.04909029512307974,0.38303341902313626,0.10569592733329587,0.5912806539509536,2.0,2.0,True,2023
0,0,7,7.0,17.0,4.0,9.0,3.0,5.0,10.0,19.0,4.0,8.0,11.0,14.0,0.5,0.5,0.10499720054880686,0.49417249417249415,2.0,2.0,False,2023
1,14,19,9.0,17.0,4.0,6.0,7.0,8.0,8.0,19.0,4.0,7.0,5.0,6.0,0.08847308812612605,0.4306930693069307,0.05689627086045183,0.36828644501278773,2.0,3.0,True,2023
1,7,0,10.0,19.0,4.0,8.0,11.0,14.0,7.0,17.0,4.0,9.0,3.0,5.0,0.10499720054880686,0.49417249417249415,0.5,0.3333333333333333,2.0,2.0,True,2023
0,19,14,8.0,19.0,4.0,7.0,5.0,6.0,9.0,17.0,4.0,6.0,7.0,8.0,0.05689627086045183,0.36828644501278773,0.11077847050090084,0.43209876543209874,3.0,2.0,False,2023
0,13,8,16.0,30.0,4.0,13.0,4.0,6.0,8.0,20.0,4.0,8.0,3.0,4.0,0.09004697770854792,0.4894117647058824,0.09679063573953191,0.4609756097560976,3.0,2.0,False,2023
1,8,13,8.0,20.0,4.0,8.0,3.0,4.0,16.0,30.0,4.0,13.0,4.0,6.0,0.09679063573953191,0.4609756097560976,0.07203758216683834,0.48826291079812206,2.0,3.0,True,2023
1,26,24,11.0,24.0,2.0,8.0,9.0,9.0,6.0,17.0,3.0,7.0,6.0,6.0,0.026435808672732115,0.46958637469586373,0.10777928651473527,0.5954198473282443,2.0,2.0,True,2023
0,24,26,6.0,17.0,3.0,7.0,6.0,6.0,11.0,24.0,2.0,8.0,9.0,9.0,0.10777928651473527,0.5954198473282443,0.06114864693818569,0.470873786407767,2.0,2.0,False,2023
1,23,5,12.0,21.0,7.0,12.0,3.0,4.0,9.0,20.0,5.0,10.0,6.0,6.0,0.08088221437937733,0.4433249370277078,0.12405841197013115,0.49385749385749383,2.0,2.0,True,2023
0,6,4,10.0,23.0,4.0,9.0,12.0,13.0,16.0,25.0,3.0,7.0,10.0,14.0,0.06559490943613397,0.49403341288782815,0.12604589808251568,0.6514161220043573,2.0,4.0,False,2023
1,11,1,10.0,15.0,5.0,10.0,4.0,6.0,10.0,22.0,3.0,9.0,5.0,7.0,0.10595412411490154,0.6059907834101382,0.048730303458983916,0.511520737327189,2.0,2.0,True,2023
0,1,11,10.0,22.0,3.0,9.0,5.0,7.0,10.0,15.0,5.0,10.0,4.0,6.0,0.048730303458983916,0.511520737327189,0.12476329929192125,0.6068965517241379,2.0,2.0,False,2023
1,25,18,11.0,16.0,5.0,10.0,3.0,4.0,12.0,21.0,4.0,8.0,5.0,7.0,0.09847551645421884,0.6202247191011236,0.07255558419146568,0.6112359550561798,2.0,2.0,True,2023
0,18,25,12.0,21.0,4.0,8.0,5.0,7.0,11.0,16.0,5.0,10.0,3.0,4.0,0.07255558419146568,0.6112359550561798,0.11878041316337506,0.6210762331838565,2.0,2.0,False,2023
0,12,17,7.0,15.0,5.0,8.0,6.0,7.0,6.0,13.0,4.0,11.0,6.0,6.0,0.06824702126862021,0.5575620767494357,0.1202623785813737,0.5199063231850117,2.0,2.0,True,2023
1,28,21,10.0,21.0,3.0,6.0,5.0,5.0,8.0,18.0,4.0,8.0,4.0,6.0,0.13924120675693225,0.37755102040816324,0.12396584089077627,0.4536082474226804,2.0,3.0,True,2023
0,21,28,8.0,18.0,4.0,8.0,4.0,6.0,10.0,21.0,3.0,6.0,5.0,5.0,0.12396584089077627,0.4536082474226804,0.15139296540554578,0.3791348600508906,3.0,2.0,False,2023
0,5,23,9.0,20.0,5.0,10.0,6.0,6.0,12.0,21.0,7.0,12.0,3.0,4.0,0.12405841197013115,0.49385749385749383,0.10470577150350187,0.44472361809045224,2.0,2.0,False,2023
1,19,9,12.0,25.0,6.0,12.0,3.0,6.0,9.0,21.0,2.0,7.0,16.0,17.0,0.04551701668836146,0.3673469387755102,0.09716490045573897,0.41646489104116224,1.0,3.0,False,2023
1,20,29,12.0,17.0,4.0,7.0,7.0,7.0,11.0,21.0,2.0,8.0,4.0,4.0,0.08408986069568958,0.5959367945823928,0.04153123242539788,0.5190476190476191,2.0,3.0,True,2023
0,29,20,11.0,21.0,2.0,8.0,4.0,4.0,12.0,17.0,4.0,7.0,7.0,7.0,0.04153123242539788,0.5190476190476191,0.10727188855655165,0.5968468468468469,3.0,2.0,False,2023
1,3,10,9.0,19.0,4.0,7.0,4.0,6.0,10.0,20.0,3.0,5.0,6.0,8.0,0.09661971562831528,0.41075794621026895,0.032875765344635745,0.35802469135802467,3.0,2.0,True,2023
0,9,19,9.0,21.0,2.0,7.0,16.0,17.0,12.0,25.0,6.0,12.0,3.0,6.0,0.09716490045573897,0.41646489104116224,0.03641361335068917,0.366412213740458,3.0,1.0,True,2023
0,10,3,10.0,20.0,3.0,5.0,6.0,8.0,9.0,19.0,4.0,7.0,4.0,6.0,0.032875765344635745,0.35802469135802467,0.11729577250265222,0.4121951219512195,2.0,3.0,False,2023
1,27,22,6.0,14.0,6.0,8.0,10.0,12.0,8.0,16.0,7.0,12.0,9.0,10.0,0.07927223609846379,0.38461538461538464,0.03653710130491234,0.4975728155339806,2.0,2.0,True,2023
0,22,27,8.0,16.0,7.0,12.0,9.0,10.0,6.0,14.0,6.0,8.0,10.0,12.0,0.03653710130491234,0.4975728155339806,0.10341778887877102,0.38618925831202044,2.0,2.0,False,2023
1,4,6,16.0,25.0,3.0,7.0,10.0,14.0,10.0,23.0,4.0,9.0,12.0,13.0,0.12604589808251568,0.6514161220043573,0.052475927548907175,0.4928571428571429,4.0,2.0,True,2023
1,17,12,6.0,13.0,4.0,11.0,6.0,6.0,7.0,15.0,5.0,8.0,6.0,7.0,0.1202623785813737,0.5199063231850117,0.09459761701489618,0.5585585585585585,2.0,2.0,False,2023
1,15,16,11.0,19.0,3.0,8.0,7.0,8.0,11.0,18.0,6.0,8.0,5.0,5.0,0.04574197070541527,0.4020356234096692,0.12062319219849875,0.46987951807228917,4.0,3.0,False,2023
0,16,15,11.0,18.0,6.0,8.0,5.0,5.0,11.0,19.0,3.0,8.0,7.0,8.0,0.12062319219849875,0.46987951807228917,0.036593576564332216,0.4010152284263959,3.0,4.0,True,2023
1,26,24,10.0,23.0,4.0,7.0,3.0,4.0,9.0,15.0,2.0,7.0,4.0,6.0,0.06114864693818569,0.470873786407767,0.08622342921178822,0.5931558935361216,2.0,2.0,True,2023
0,24,26,9.0,15.0,2.0,7.0,4.0,6.0,10.0,23.0,4.0,7.0,3.0,4.0,0.08622342921178822,0.5931558935361216,0.08891891755054855,0.4721549636803874,2.0,2.0,False,2023
1,6,13,14.0,31.0,5.0,14.0,11.0,11.0,14.0,28.0,4.0,8.0,11.0,13.0,0.052475927548907175,0.4928571428571429,0.07203758216683834,0.48826291079812206,1.0,2.0,False,2023
0,13,6,14.0,28.0,4.0,8.0,11.0,13.0,14.0,31.0,5.0,14.0,11.0,11.0,0.07203758216683834,0.48826291079812206,0.04198074203912574,0.4916864608076009,2.0,1.0,True,2023
1,0,12,13.0,22.0,7.0,14.0,6.0,6.0,10.0,13.0,4.0,8.0,7.0,8.0,0.5,0.3333333333333333,0.09459761701489618,0.5585585585585585,2.0,1.0,True,2023
0,12,0,10.0,13.0,4.0,8.0,7.0,8.0,13.0,22.0,7.0,14.0,6.0,6.0,0.09459761701489618,0.5585585585585585,0.5,0.5,1.0,2.0,False,2023
1,2,3,11.0,22.0,3.0,9.0,8.0,12.0,15.0,25.0,6.0,9.0,11.0,12.0,0.10569592733329587,0.5912806539509536,0.11729577250265222,0.4121951219512195,4.0,2.0,False,2023
0,3,2,15.0,25.0,6.0,9.0,11.0,12.0,11.0,22.0,3.0,9.0,8.0,12.0,0.11729577250265222,0.4121951219512195,0.0845567418666367,0.5896739130434783,2.0,4.0,True,2023
1,23,29,11.0,22.0,3.0,8.0,8.0,12.0,10.0,24.0,4.0,6.0,7.0,10.0,0.10470577150350187,0.44472361809045224,0.0332249859403183,0.517814726840855,2.0,2.0,True,2023
0,29,23,10.0,24.0,4.0,6.0,7.0,10.0,11.0,22.0,3.0,8.0,8.0,12.0,0.0332249859403183,0.517814726840855,0.12376461720280149,0.44611528822055135,2.0,2.0,False,2023
1,4,28,11.0,22.0,4.0,11.0,7.0,11.0,7.0,17.0,3.0,7.0,8.0,9.0,0.14083671846601253,0.6521739130434783,0.15139296540554578,0.3791348600508906,2.0,2.0,True,2023
0,28,4,7.0,17.0,3.0,7.0,8.0,9.0,11.0,22.0,4.0,11.0,7.0,11.0,0.15139296540554578,0.3791348600508906,0.15266937477281,0.6529284164859002,2.0,2.0,False,2023
0,11,20,7.0,14.0,4.0,7.0,4.0,5.0,8.0,18.0,7.0,12.0,6.0,8.0,0.12476329929192125,0.6068965517241379,0.10727188855655165,0.5968468468468469,2.0,2.0,False,2023
0,9,19,12.0,21.0,4.0,6.0,8.0,10.0,14.0,23.0,3.0,6.0,9.0,9.0,0.1177319203645912,0.4178743961352657,0.03641361335068917,0.366412213740458,2.0,2.0,True,2023
1,20,11,8.0,18.0,7.0,12.0,6.0,8.0,7.0,14.0,4.0,7.0,4.0,5.0,0.10727188855655165,0.5968468468468469,0.09981063943353699,0.6055045871559633,2.0,2.0,True,2023
1,10,21,8.0,14.0,2.0,6.0,5.0,7.0,6.0,16.0,3.0,10.0,4.0,5.0,0.026300612275708596,0.35714285714285715,0.09917267271262101,0.4524421593830334,2.0,2.0,True,2023
1,19,9,14.0,23.0,3.0,6.0,9.0,9.0,12.0,21.0,4.0,6.0,8.0,10.0,0.03641361335068917,0.366412213740458,0.13418553629167296,0.41927710843373495,2.0,2.0,False,2023
0,8,7,11.0,19.0,4.0,7.0,5.0,6.0,10.0,14.0,3.0,6.0,5.0,6.0,0.11743250859162553,0.46228710462287104,0.12399776043904549,0.49534883720930234,3.0,3.0,False,2023
0,21,10,6.0,16.0,3.0,10.0,4.0,5.0,8.0,14.0,2.0,6.0,5.0,7.0,0.09917267271262101,0.4524421593830334,0.06104048982056687,0.35872235872235875,2.0,2.0,False,2023
1,17,1,12.0,20.0,7.0,15.0,3.0,4.0,6.0,19.0,4.0,10.0,3.0,5.0,0.09620990286509896,0.5186915887850467,0.038984242767187136,0.5103448275862069,2.0,2.0,True,2023
0,1,17,6.0,19.0,4.0,10.0,3.0,5.0,12.0,20.0,7.0,15.0,3.0,4.0,0.038984242767187136,0.5103448275862069,0.11696792229207917,0.5198135198135199,2.0,2.0,False,2023
1,5,27,10.0,19.0,6.0,12.0,11.0,12.0,11.0,20.0,3.0,7.0,11.0,12.0,0.09924672957610492,0.49264705882352944,0.10341778887877102,0.38618925831202044,2.0,2.0,True,2023
0,27,5,11.0,20.0,3.0,7.0,11.0,12.0,10.0,19.0,6.0,12.0,11.0,12.0,0.10341778887877102,0.38618925831202044,0.11939738366088393,0.4938875305623472,2.0,2.0,False,2023
1,25,18,9.0,16.0,3.0,8.0,7.0,9.0,15.0,20.0,9.0,12.0,5.0,6.0,0.11878041316337506,0.6210762331838565,0.05804446735317255,0.6098654708520179,2.0,2.0,False,2023
0,22,14,10.0,17.0,5.0,9.0,10.0,10.0,11.0,19.0,3.0,7.0,7.0,7.0,0.029229681043929874,0.4963680387409201,0.11077847050090084,0.43209876543209874,2.0,3.0,True,2023
1,14,22,11.0,19.0,3.0,7.0,7.0,7.0,10.0,17.0,5.0,9.0,10.0,10.0,0.11077847050090084,0.43209876543209874,0.06338374483514389,0.4975845410628019,3.0,2.0,False,2023
0,18,25,15.0,20.0,9.0,12.0,5.0,6.0,9.0,16.0,3.0,8.0,7.0,9.0,0.05804446735317255,0.6098654708520179,0.09502433053070006,0.6196868008948546,2.0,2.0,True,2023
1,7,8,10.0,14.0,3.0,6.0,5.0,6.0,11.0,19.0,4.0,7.0,5.0,6.0,0.12399776043904549,0.49534883720930234,0.09394600687330043,0.46116504854368934,3.0,3.0,True,2023
0,12,15,13.0,22.0,5.0,11.0,8.0,8.0,8.0,17.0,7.0,8.0,5.0,6.0,0.07567809361191694,0.5573033707865168,0.036593576564332216,0.4010152284263959,2.0,2.0,False,2023
0,0,21,10.0,22.0,4.0,13.0,8.0,8.0,13.0,23.0,3.0,7.0,6.0,7.0,0.5,0.5,0.0793381381700968,0.4512820512820513,2.0,1.0,False,2023
0,9,4,15.0,32.0,5.0,10.0,7.0,7.0,13.0,22.0,5.0,8.0,11.0,19.0,0.13418553629167296,0.41927710843373495,0.15266937477281,0.6529284164859002,1.0,1.0,False,2023
1,11,16,9.0,21.0,4.0,9.0,3.0,5.0,12.0,23.0,4.0,9.0,7.0,8.0,0.09981063943353699,0.6055045871559633,0.136498553758799,0.47115384615384615,1.0,2.0,True,2023
0,16,11,12.0,23.0,4.0,9.0,7.0,8.0,9.0,21.0,4.0,9.0,3.0,5.0,0.136498553758799,0.47115384615384615,0.1198485115468296,0.6064073226544623,2.0,1.0,False,2023
1,15,12,8.0,17.0,7.0,8.0,5.0,6.0,13.0,22.0,5.0,11.0,8.0,8.0,0.036593576564332216,0.4010152284263959,0.06054247488953355,0.5560538116591929,2.0,2.0,True,2023
1,4,9,13.0,22.0,5.0,8.0,11.0,19.0,15.0,32.0,5.0,10.0,7.0,7.0,0.15266937477281,0.6529284164859002,0.10734842903333837,0.4182692307692308,1.0,1.0,True,2023
1,27,18,8.0,19.0,5.0,9.0,9.0,10.0,9.0,15.0,3.0,6.0,11.0,11.0,0.08273423110301682,0.3852040816326531,0.08643557388253804,0.610738255033557,1.0,1.0,False,2023
1,21,0,13.0,23.0,3.0,7.0,6.0,7.0,10.0,22.0,4.0,13.0,8.0,8.0,0.0793381381700968,0.4512820512820513,0.16,0.4,1.0,2.0,True,2023
0,18,27,9.0,15.0,3.0,6.0,11.0,11.0,8.0,19.0,5.0,9.0,9.0,10.0,0.08643557388253804,0.610738255033557,0.06618738488241346,0.3842239185750636,1.0,1.0,True,2023
1,6,22,13.0,22.0,5.0,12.0,9.0,9.0,8.0,16.0,6.0,11.0,10.0,10.0,0.04198074203912574,0.4916864608076009,0.06338374483514389,0.4975845410628019,2.0,1.0,False,2023
0,22,6,8.0,16.0,6.0,11.0,10.0,10.0,13.0,22.0,5.0,12.0,9.0,9.0,0.06338374483514389,0.4975845410628019,0.03358459363130059,0.490521327014218,1.0,2.0,True,2023
0,26,13,15.0,27.0,3.0,4.0,8.0,8.0,8.0,23.0,3.0,9.0,15.0,19.0,0.08891891755054855,0.4721549636803874,0.09763006573347066,0.4894613583138173,2.0,2.0,True,2023
1,13,26,8.0,23.0,3.0,9.0,15.0,19.0,15.0,27.0,3.0,4.0,8.0,8.0,0.09763006573347066,0.4894613583138173,0.11113513404043884,0.47342995169082125,2.0,2.0,False,2023
0,20,29,9.0,21.0,3.0,10.0,6.0,7.0,10.0,22.0,3.0,5.0,4.0,5.0,0.12581751084524134,0.597752808988764,0.02657998875225464,0.5165876777251185,2.0,2.0,False,2023
1,5,23,8.0,16.0,7.0,14.0,5.0,7.0,10.0,19.0,1.0,7.0,5.0,8.0,0.11939738366088393,0.4938875305623472,0.12376461720280149,0.44611528822055135,2.0,2.0,True,2023
0,23,5,10.0,19.0,1.0,7.0,5.0,8.0,8.0,16.0,7.0,14.0,5.0,7.0,0.12376461720280149,0.44611528822055135,0.13551790692870713,0.4951219512195122,2.0,2.0,False,2023
1,7,1,14.0,24.0,5.0,11.0,5.0,5.0,7.0,18.0,2.0,7.0,11.0,14.0,0.1391982083512364,0.4965197215777262,0.03118739421374971,0.5091743119266054,2.0,2.0,True,2023
1,29,20,10.0,22.0,3.0,5.0,4.0,5.0,9.0,21.0,3.0,10.0,6.0,7.0,0.02657998875225464,0.5165876777251185,0.10065400867619308,0.5964125560538116,2.0,2.0,True,2023
0,1,7,7.0,18.0,2.0,7.0,11.0,14.0,14.0,24.0,5.0,11.0,5.0,5.0,0.03118739421374971,0.5091743119266054,0.15135856668098913,0.4976851851851852,2.0,2.0,False,2023
0,8,24,9.0,19.0,4.0,9.0,3.0,4.0,7.0,19.0,3.0,8.0,4.0,4.0,0.09394600687330043,0.46116504854368934,0.06897874336943058,0.5909090909090909,2.0,3.0,True,2023
1,24,8,7.0,19.0,3.0,8.0,4.0,4.0,9.0,19.0,4.0,9.0,3.0,4.0,0.06897874336943058,0.5909090909090909,0.11515680549864034,0.46246973365617433,3.0,2.0,False,2023
0,0,19,10.0,24.0,5.0,14.0,8.0,9.0,9.0,20.0,4.0,9.0,10.0,11.0,0.16,0.4,0.029130890680551337,0.36548223350253806,1.0,2.0,False,2023
0,10,13,7.0,20.0,3.0,6.0,5.0,8.0,17.0,26.0,3.0,9.0,8.0,14.0,0.06104048982056687,0.35872235872235875,0.07810405258677652,0.4883177570093458,2.0,1.0,False,2023
1,3,28,12.0,20.0,8.0,13.0,6.0,8.0,8.0,19.0,3.0,5.0,5.0,10.0,0.13383661800212177,0.41362530413625304,0.12111437232443663,0.37817258883248733,2.0,2.0,True,2023
1,2,14,8.0,18.0,5.0,10.0,8.0,8.0,8.0,16.0,2.0,7.0,2.0,4.0,0.0845567418666367,0.5896739130434783,0.08862277640072067,0.43103448275862066,2.0,2.0,True,2023
0,14,2,8.0,16.0,2.0,7.0,2.0,4.0,8.0,18.0,5.0,10.0,8.0,8.0,0.08862277640072067,0.43103448275862066,0.10764539349330934,0.5907859078590786,2.0,2.0,False,2023
1,19,0,9.0,20.0,4.0,9.0,10.0,11.0,10.0,24.0,5.0,14.0,8.0,9.0,0.029130890680551337,0.36548223350253806,0.128,0.3333333333333333,2.0,1.0,True,2023
1,13,10,17.0,26.0,3.0,9.0,8.0,14.0,7.0,20.0,3.0,6.0,5.0,8.0,0.07810405258677652,0.4883177570093458,0.048832391856453494,0.35784313725490197,1.0,2.0,True,2023
0,28,3,8.0,19.0,3.0,5.0,5.0,10.0,12.0,20.0,8.0,13.0,6.0,8.0,0.12111437232443663,0.37817258883248733,0.14706929440169741,0.41504854368932037,2.0,2.0,False,2023
1,11,16,11.0,15.0,5.0,9.0,5.0,6.0,12.0,18.0,3.0,7.0,12.0,15.0,0.1198485115468296,0.6064073226544623,0.10919884300703919,0.47002398081534774,2.0,2.0,True,2023
1,14,18,10.0,18.0,3.0,7.0,9.0,9.0,12.0,22.0,4.0,7.0,5.0,7.0,0.07089822112057653,0.42997542997543,0.10914845910603044,0.6116071428571429,1.0,2.0,False,2023
0,16,11,12.0,18.0,3.0,7.0,12.0,15.0,11.0,15.0,5.0,9.0,5.0,6.0,0.10919884300703919,0.47002398081534774,0.1358788092374637,0.6073059360730594,2.0,2.0,False,2023
1,25,9,8.0,21.0,5.0,9.0,13.0,16.0,7.0,15.0,3.0,6.0,7.0,8.0,0.09502433053070006,0.6196868008948546,0.10734842903333837,0.4182692307692308,3.0,2.0,True,2023
0,9,25,7.0,15.0,3.0,6.0,7.0,8.0,8.0,21.0,5.0,9.0,13.0,16.0,0.10734842903333837,0.4182692307692308,0.11601946442456004,0.6205357142857143,2.0,3.0,False,2023
1,4,19,12.0,23.0,5.0,11.0,7.0,9.0,11.0,23.0,3.0,9.0,5.0,6.0,0.162135499818248,0.6536796536796536,0.06330471254444106,0.3670886075949367,2.0,1.0,True,2023
0,18,14,12.0,22.0,4.0,7.0,5.0,7.0,10.0,18.0,3.0,7.0,9.0,9.0,0.10914845910603044,0.6116071428571429,0.056718576896461224,0.42892156862745096,2.0,1.0,True,2023
1,24,1,15.0,26.0,5.0,10.0,4.0,6.0,9.0,17.0,2.0,8.0,6.0,7.0,0.05518299469554446,0.5886792452830188,0.02494991537099977,0.5080091533180778,1.0,1.0,True,2023
0,1,24,9.0,17.0,2.0,8.0,6.0,7.0,15.0,26.0,5.0,10.0,4.0,6.0,0.02494991537099977,0.5080091533180778,0.08414639575643557,0.5902255639097744,1.0,1.0,False,2023
1,21,15,12.0,21.0,4.0,8.0,5.0,5.0,9.0,16.0,5.0,10.0,8.0,8.0,0.10347051053607745,0.45268542199488493,0.06927486125146579,0.40253164556962023,2.0,2.0,False,2023
0,15,21,9.0,16.0,5.0,10.0,8.0,8.0,12.0,21.0,4.0,8.0,5.0,5.0,0.06927486125146579,0.40253164556962023,0.08277640842886196,0.45153061224489793,2.0,2.0,True,2023
1,6,22,13.0,22.0,4.0,11.0,8.0,8.0,10.0,16.0,5.0,10.0,5.0,6.0,0.03358459363130059,0.490521327014218,0.0907069958681151,0.4987951807228916,2.0,2.0,True,2023
0,19,4,11.0,23.0,3.0,9.0,5.0,6.0,12.0,23.0,5.0,11.0,7.0,9.0,0.06330471254444106,0.3670886075949367,0.1697083998545984,0.6544276457883369,1.0,2.0,False,2023
0,22,6,10.0,16.0,5.0,10.0,5.0,6.0,13.0,22.0,4.0,11.0,8.0,8.0,0.0907069958681151,0.4987951807228916,0.06686767490504048,0.491725768321513,2.0,2.0,False,2023
1,26,10,12.0,18.0,3.0,8.0,10.0,11.0,10.0,18.0,2.0,9.0,8.0,8.0,0.11113513404043884,0.47342995169082125,0.048832391856453494,0.35784313725490197,3.0,2.0,True,2023
1,7,23,10.0,18.0,7.0,11.0,4.0,6.0,9.0,21.0,5.0,10.0,7.0,7.0,0.15135856668098913,0.4976851851851852,0.0990116937622412,0.445,2.0,2.0,True,2023
0,10,26,10.0,18.0,2.0,9.0,8.0,8.0,12.0,18.0,3.0,8.0,10.0,11.0,0.048832391856453494,0.35784313725490197,0.12890810723235108,0.4746987951807229,2.0,3.0,False,2023
0,23,7,9.0,21.0,5.0,10.0,7.0,7.0,10.0,18.0,7.0,11.0,4.0,6.0,0.0990116937622412,0.445,0.16108685334479128,0.49884526558891457,2.0,2.0,False,2023
0,0,12,8.0,19.0,4.0,12.0,5.0,5.0,8.0,17.0,5.0,10.0,9.0,9.0,0.128,0.3333333333333333,0.06054247488953355,0.5560538116591929,2.0,3.0,False,2023
1,6,27,9.0,16.0,4.0,7.0,12.0,12.0,10.0,21.0,5.0,11.0,4.0,4.0,0.06686767490504048,0.491725768321513,0.06618738488241346,0.3842239185750636,1.0,3.0,False,2023
1,12,0,8.0,17.0,5.0,10.0,9.0,9.0,8.0,19.0,4.0,12.0,5.0,5.0,0.06054247488953355,0.5560538116591929,0.1024,0.2857142857142857,3.0,2.0,True,2023
0,27,6,10.0,21.0,5.0,11.0,4.0,4.0,9.0,16.0,4.0,7.0,12.0,12.0,0.06618738488241346,0.3842239185750636,0.05349413992403238,0.49056603773584906,3.0,1.0,True,2023
1,4,19,11.0,24.0,4.0,7.0,10.0,12.0,6.0,13.0,3.0,7.0,9.0,10.0,0.1697083998545984,0.6544276457883369,0.05064377003555285,0.3661616161616162,2.0,2.0,True,2023
1,5,25,6.0,12.0,3.0,6.0,3.0,4.0,10.0,19.0,3.0,6.0,4.0,4.0,0.13551790692870713,0.4951219512195122,0.11601946442456004,0.6205357142857143,3.0,2.0,False,2023
0,25,5,10.0,19.0,3.0,6.0,4.0,4.0,6.0,12.0,3.0,6.0,3.0,4.0,0.11601946442456004,0.6205357142857143,0.1084143255429657,0.49391727493917276,2.0,3.0,True,2023
1,17,16,10.0,21.0,4.0,11.0,7.0,8.0,7.0,19.0,5.0,8.0,10.0,11.0,0.11696792229207917,0.5198135198135199,0.08735907440563136,0.4688995215311005,5.0,2.0,False,2023
0,16,17,7.0,19.0,5.0,8.0,10.0,11.0,10.0,21.0,4.0,11.0,7.0,8.0,0.08735907440563136,0.4688995215311005,0.09357433783366334,0.5186046511627908,2.0,5.0,True,2023
1,18,14,11.0,20.0,5.0,9.0,5.0,8.0,11.0,17.0,2.0,5.0,11.0,11.0,0.12731876728482433,0.6124721603563474,0.056718576896461224,0.42892156862745096,2.0,2.0,False,2023
0,14,18,11.0,17.0,2.0,5.0,11.0,11.0,11.0,20.0,5.0,9.0,5.0,8.0,0.056718576896461224,0.42892156862745096,0.10185501382785947,0.6111111111111112,2.0,2.0,True,2023
0,19,4,6.0,13.0,3.0,7.0,9.0,10.0,11.0,24.0,4.0,7.0,10.0,12.0,0.05064377003555285,0.3661616161616162,0.1757667198836787,0.6551724137931034,2.0,2.0,False,2023
0,9,28,14.0,27.0,5.0,12.0,4.0,4.0,8.0,18.0,2.0,6.0,6.0,9.0,0.08587874322667069,0.4172661870503597,0.0968914978595493,0.37721518987341773,2.0,3.0,True,2023
1,12,15,12.0,21.0,2.0,7.0,4.0,5.0,9.0,17.0,4.0,9.0,5.0,7.0,0.08843397991162684,0.5570469798657718,0.09541988900117263,0.40404040404040403,1.0,2.0,True,2023
1,28,9,8.0,18.0,2.0,6.0,6.0,9.0,14.0,27.0,5.0,12.0,4.0,4.0,0.0968914978595493,0.37721518987341773,0.10870299458133655,0.41866028708133973,3.0,2.0,False,2023
1,29,8,9.0,23.0,5.0,9.0,6.0,6.0,11.0,27.0,3.0,6.0,5.0,8.0,0.06126399100180372,0.5177304964539007,0.11515680549864034,0.46246973365617433,3.0,3.0,True,2023
1,1,24,9.0,19.0,4.0,9.0,10.0,11.0,10.0,20.0,4.0,8.0,5.0,6.0,0.019959932296799814,0.5068493150684932,0.08414639575643557,0.5902255639097744,2.0,2.0,False,2023
0,24,1,10.0,20.0,4.0,8.0,5.0,6.0,9.0,19.0,4.0,9.0,10.0,11.0,0.08414639575643557,0.5902255639097744,0.01596794583743985,0.5056947608200456,2.0,2.0,True,2023
1,13,11,12.0,20.0,4.0,11.0,7.0,10.0,9.0,20.0,4.0,9.0,4.0,5.0,0.10248324206942123,0.48951048951048953,0.1358788092374637,0.6073059360730594,3.0,2.0,True,2023
0,11,13,9.0,20.0,4.0,9.0,4.0,5.0,12.0,20.0,4.0,11.0,7.0,10.0,0.1358788092374637,0.6073059360730594,0.12198659365553699,0.4906976744186046,2.0,3.0,False,2023
1,3,2,11.0,27.0,5.0,11.0,6.0,7.0,10.0,26.0,3.0,10.0,8.0,8.0,0.14706929440169741,0.41504854368932037,0.10764539349330934,0.5907859078590786,3.0,3.0,True,2023
0,2,3,10.0,26.0,3.0,10.0,8.0,8.0,11.0,27.0,5.0,11.0,6.0,7.0,0.10764539349330934,0.5907859078590786,0.1576554355213579,0.41646489104116224,3.0,3.0,False,2023
1,27,21,7.0,16.0,3.0,7.0,5.0,5.0,9.0,18.0,5.0,11.0,3.0,4.0,0.09294990790593076,0.38578680203045684,0.08277640842886196,0.45153061224489793,1.0,2.0,True,2023
0,21,27,9.0,18.0,5.0,11.0,3.0,4.0,7.0,16.0,3.0,7.0,5.0,5.0,0.08277640842886196,0.45153061224489793,0.1143599263247446,0.38734177215189874,2.0,1.0,False,2023
0,15,12,9.0,17.0,4.0,9.0,5.0,7.0,12.0,21.0,2.0,7.0,4.0,5.0,0.09541988900117263,0.40404040404040403,0.11074718392930147,0.5580357142857143,2.0,1.0,False,2023
0,8,29,11.0,27.0,3.0,6.0,5.0,8.0,9.0,23.0,5.0,9.0,6.0,6.0,0.11515680549864034,0.46246973365617433,0.08901119280144296,0.5188679245283019,3.0,3.0,False,2023
1,10,0,9.0,17.0,3.0,6.0,6.0,11.0,13.0,24.0,8.0,15.0,5.0,5.0,0.03906591348516279,0.3569682151589242,0.1024,0.2857142857142857,2.0,2.0,True,2023
0,0,10,13.0,24.0,8.0,15.0,5.0,5.0,9.0,17.0,3.0,6.0,6.0,11.0,0.1024,0.2857142857142857,0.07125273078813024,0.35853658536585364,2.0,2.0,False,2023
1,26,20,13.0,17.0,2.0,6.0,11.0,11.0,10.0,19.0,4.0,6.0,4.0,5.0,0.12890810723235108,0.4746987951807229,0.10065400867619308,0.5964125560538116,2.0,4.0,False,2023
0,20,26,10.0,19.0,4.0,6.0,4.0,5.0,13.0,17.0,2.0,6.0,11.0,11.0,0.10065400867619308,0.5964125560538116,0.10312648578588086,0.4735576923076923,4.0,2.0,True,2023
0,4,23,12.0,24.0,4.0,11.0,10.0,20.0,10.0,19.0,3.0,9.0,3.0,4.0,0.1757667198836787,0.6551724137931034,0.07920935500979295,0.44389027431421446,2.0,3.0,True,2023
1,23,4,10.0,19.0,3.0,9.0,3.0,4.0,12.0,24.0,4.0,11.0,10.0,20.0,0.07920935500979295,0.44389027431421446,0.18061337590694299,0.6559139784946236,3.0,2.0,False,2023
1,8,0,10.0,17.0,3.0,7.0,7.0,10.0,7.0,18.0,4.0,10.0,7.0,7.0,0.09212544439891227,0.4613526570048309,0.08192,0.25,2.0,1.0,True,2023
0,28,18,8.0,16.0,3.0,8.0,8.0,9.0,10.0,29.0,4.0,13.0,7.0,8.0,0.07751319828763945,0.37626262626262624,0.10185501382785947,0.6111111111111112,2.0,2.0,True,2023
0,24,5,11.0,16.0,4.0,6.0,6.0,7.0,12.0,19.0,4.0,9.0,5.0,8.0,0.10731711660514845,0.5917602996254682,0.1084143255429657,0.49391727493917276,2.0,2.0,True,2023
0,17,7,10.0,17.0,2.0,8.0,9.0,11.0,10.0,21.0,3.0,7.0,6.0,6.0,0.09357433783366334,0.5186046511627908,0.16108685334479128,0.49884526558891457,2.0,3.0,True,2023
1,7,17,10.0,21.0,3.0,7.0,6.0,6.0,10.0,17.0,2.0,8.0,9.0,11.0,0.16108685334479128,0.49884526558891457,0.11485947026693066,0.5197215777262181,3.0,2.0,False,2023
0,21,16,7.0,15.0,2.0,7.0,5.0,6.0,8.0,16.0,6.0,7.0,5.0,5.0,0.06622112674308957,0.45038167938931295,0.1098872595245051,0.4701670644391408,2.0,2.0,False,2023
1,5,24,12.0,19.0,4.0,9.0,5.0,8.0,11.0,16.0,4.0,6.0,6.0,7.0,0.1084143255429657,0.49391727493917276,0.12585369328411875,0.5932835820895522,2.0,2.0,False,2023
0,6,14,10.0,21.0,3.0,6.0,6.0,6.0,8.0,18.0,3.0,8.0,6.0,8.0,0.05349413992403238,0.49056603773584906,0.08537486151716897,0.43031784841075793,3.0,2.0,True,2023
1,14,6,8.0,18.0,3.0,8.0,6.0,8.0,10.0,21.0,3.0,6.0,6.0,6.0,0.08537486151716897,0.43031784841075793,0.0827953119392259,0.49176470588235294,2.0,3.0,False,2023
1,18,28,10.0,29.0,4.0,13.0,7.0,8.0,8.0,16.0,3.0,8.0,8.0,9.0,0.10185501382785947,0.6111111111111112,0.10201055863011158,0.3778337531486146,2.0,2.0,False,2023
1,16,21,8.0,16.0,6.0,7.0,5.0,5.0,7.0,15.0,2.0,7.0,5.0,6.0,0.1098872595245051,0.4701670644391408,0.05297690139447166,0.44923857868020306,2.0,2.0,True,2023
0,0,8,7.0,18.0,4.0,10.0,7.0,7.0,10.0,17.0,3.0,7.0,7.0,10.0,0.08192,0.25,0.1137003555191298,0.46265060240963857,1.0,2.0,False,2023
1,19,3,7.0,18.0,3.0,7.0,5.0,6.0,11.0,16.0,4.0,7.0,3.0,4.0,0.04051501602844228,0.36523929471032746,0.1576554355213579,0.41646489104116224,2.0,2.0,False,2023
0,11,29,9.0,19.0,3.0,9.0,6.0,6.0,9.0,19.0,3.0,6.0,5.0,5.0,0.10870304738997097,0.6059225512528473,0.08901119280144296,0.5188679245283019,2.0,2.0,True,2023
1,22,12,10.0,18.0,5.0,12.0,10.0,12.0,8.0,20.0,4.0,10.0,9.0,9.0,0.07256559669449208,0.49759615384615385,0.11074718392930147,0.5580357142857143,4.0,2.0,True,2023
0,12,22,8.0,20.0,4.0,10.0,9.0,9.0,10.0,18.0,5.0,12.0,10.0,12.0,0.11074718392930147,0.5580357142857143,0.09805247735559366,0.4988009592326139,2.0,4.0,False,2023
1,29,11,9.0,19.0,3.0,6.0,5.0,5.0,9.0,19.0,3.0,9.0,6.0,6.0,0.08901119280144296,0.5188679245283019,0.12696243791197676,0.6068181818181818,2.0,2.0,False,2023
0,3,19,11.0,16.0,4.0,7.0,3.0,4.0,7.0,18.0,3.0,7.0,5.0,6.0,0.1576554355213579,0.41646489104116224,0.03241201282275382,0.36432160804020103,2.0,2.0,True,2023
1,13,25,10.0,17.0,3.0,8.0,12.0,14.0,11.0,21.0,4.0,7.0,6.0,6.0,0.12198659365553699,0.4906976744186046,0.13281557153964801,0.621380846325167,2.0,2.0,True,2023
0,25,13,11.0,21.0,4.0,7.0,6.0,6.0,10.0,17.0,3.0,8.0,12.0,14.0,0.13281557153964801,0.621380846325167,0.13758927492442957,0.4918793503480278,2.0,2.0,False,2023
0,27,2,13.0,23.0,4.0,6.0,20.0,22.0,9.0,23.0,3.0,10.0,17.0,20.0,0.1143599263247446,0.38734177215189874,0.08611631479464747,0.5891891891891892,2.0,2.0,False,2023
1,2,27,9.0,23.0,3.0,10.0,17.0,20.0,13.0,23.0,4.0,6.0,20.0,22.0,0.08611631479464747,0.5891891891891892,0.09148794105979569,0.38636363636363635,2.0,2.0,True,2023
0,1,23,8.0,16.0,4.0,11.0,5.0,7.0,9.0,14.0,3.0,8.0,4.0,5.0,0.01596794583743985,0.5056947608200456,0.06336748400783436,0.4427860696517413,3.0,1.0,False,2023
0,26,4,7.0,16.0,2.0,6.0,4.0,5.0,10.0,16.0,5.0,9.0,4.0,4.0,0.10312648578588086,0.4735576923076923,0.18061337590694299,0.6559139784946236,2.0,1.0,False,2023
1,7,17,9.0,20.0,2.0,7.0,7.0,7.0,6.0,12.0,2.0,3.0,5.0,6.0,0.12886948267583304,0.4976958525345622,0.11485947026693066,0.5197215777262181,1.0,1.0,True,2023
1,10,15,14.0,26.0,2.0,5.0,5.0,5.0,14.0,24.0,4.0,7.0,7.0,12.0,0.07125273078813024,0.35853658536585364,0.0763359112009381,0.40302267002518893,2.0,3.0,False,2023
1,28,2,10.0,19.0,3.0,7.0,6.0,6.0,10.0,19.0,6.0,13.0,4.0,4.0,0.10201055863011158,0.3778337531486146,0.10889305183571799,0.5902964959568733,1.0,1.0,False,2023
0,2,28,10.0,19.0,6.0,13.0,4.0,4.0,10.0,19.0,3.0,7.0,6.0,6.0,0.10889305183571799,0.5902964959568733,0.08160844690408926,0.3768844221105528,1.0,1.0,True,2023
0,15,10,14.0,24.0,4.0,7.0,7.0,12.0,14.0,26.0,2.0,5.0,5.0,5.0,0.0763359112009381,0.40302267002518893,0.057002184630504195,0.35766423357664234,3.0,2.0,True,2023
0,17,7,6.0,12.0,2.0,3.0,5.0,6.0,9.0,20.0,2.0,7.0,7.0,7.0,0.11485947026693066,0.5197215777262181,0.14309558614066642,0.49885057471264366,1.0,1.0,False,2023
1,20,5,9.0,17.0,6.0,8.0,3.0,3.0,8.0,14.0,4.0,7.0,5.0,6.0,0.12052320694095446,0.5973154362416108,0.08673146043437256,0.49271844660194175,2.0,1.0,True,2023
1,21,6,9.0,24.0,6.0,14.0,5.0,7.0,10.0,20.0,3.0,8.0,10.0,11.0,0.05297690139447166,0.44923857868020306,0.0827953119392259,0.49176470588235294,1.0,1.0,False,2023
0,6,21,10.0,20.0,3.0,8.0,10.0,11.0,9.0,24.0,6.0,14.0,5.0,7.0,0.0827953119392259,0.49176470588235294,0.042381521115577324,0.4481012658227848,1.0,1.0,True,2023
1,9,8,10.0,26.0,2.0,9.0,14.0,15.0,12.0,23.0,4.0,9.0,7.0,10.0,0.10870299458133655,0.41866028708133973,0.1137003555191298,0.46265060240963857,3.0,1.0,True,2023
0,8,9,12.0,23.0,4.0,9.0,7.0,10.0,10.0,26.0,2.0,9.0,14.0,15.0,0.1137003555191298,0.46265060240963857,0.12696239566506923,0.4200477326968974,1.0,3.0,False,2023
1,4,26,10.0,16.0,5.0,9.0,4.0,4.0,7.0,16.0,2.0,6.0,4.0,5.0,0.18061337590694299,0.6559139784946236,0.08250118862870469,0.4724220623501199,1.0,2.0,True,2023
0,5,20,8.0,14.0,4.0,7.0,5.0,6.0,9.0,17.0,6.0,8.0,3.0,3.0,0.08673146043437256,0.49271844660194175,0.13641856555276358,0.5982142857142857,1.0,2.0,False,2023
1,23,1,9.0,14.0,3.0,8.0,4.0,5.0,8.0,16.0,4.0,11.0,5.0,7.0,0.06336748400783436,0.4427860696517413,0.012774356669951881,0.5045454545454545,1.0,3.0,True,2023
1,25,27,10.0,22.0,5.0,13.0,7.0,7.0,8.0,16.0,4.0,8.0,6.0,6.0,0.10625245723171842,0.62,0.09148794105979569,0.38636363636363635,2.0,2.0,True,2023
1,16,14,9.0,27.0,4.0,8.0,6.0,6.0,7.0,14.0,2.0,9.0,3.0,4.0,0.12790980761960408,0.4714285714285714,0.06829988921373517,0.4292682926829268,2.0,2.0,True,2023
0,14,16,7.0,14.0,2.0,9.0,3.0,4.0,9.0,27.0,4.0,8.0,6.0,6.0,0.06829988921373517,0.4292682926829268,0.14232784609568325,0.47268408551068886,2.0,2.0,False,2023
0,27,25,8.0,16.0,4.0,8.0,6.0,6.0,10.0,22.0,5.0,13.0,7.0,7.0,0.09148794105979569,0.38636363636363635,0.12500196578537473,0.6208425720620843,2.0,2.0,False,2023
0,3,29,10.0,18.0,3.0,9.0,12.0,13.0,13.0,23.0,3.0,5.0,5.0,9.0,0.16612434841708634,0.4178743961352657,0.07120895424115437,0.5176470588235295,2.0,2.0,True,2023
1,24,11,11.0,22.0,5.0,14.0,7.0,8.0,8.0,15.0,6.0,9.0,8.0,9.0,0.12585369328411875,0.5932835820895522,0.12696243791197676,0.6068181818181818,2.0,2.0,False,2023
0,11,24,8.0,15.0,6.0,9.0,8.0,9.0,11.0,22.0,5.0,14.0,7.0,8.0,0.12696243791197676,0.6068181818181818,0.100682954627295,0.5910780669144982,2.0,2.0,True,2023
1,29,3,13.0,23.0,3.0,5.0,5.0,9.0,10.0,18.0,3.0,9.0,12.0,13.0,0.07120895424115437,0.5176470588235295,0.17289947873366907,0.41927710843373495,2.0,2.0,False,2023
1,12,17,8.0,14.0,4.0,9.0,6.0,6.0,9.0,20.0,5.0,12.0,8.0,9.0,0.08859774714344118,0.5567928730512249,0.09188757621354453,0.5185185185185185,3.0,2.0,False,2023
0,28,23,9.0,18.0,8.0,13.0,5.0,6.0,9.0,14.0,4.0,10.0,6.0,6.0,0.08160844690408926,0.3768844221105528,0.09069398720626749,0.4441687344913151,2.0,2.0,True,2023
1,23,28,9.0,14.0,4.0,10.0,6.0,6.0,9.0,18.0,8.0,13.0,5.0,6.0,0.09069398720626749,0.4441687344913151,0.10528675752327141,0.37844611528822053,2.0,2.0,False,2023
0,1,10,12.0,18.0,5.0,11.0,8.0,10.0,9.0,16.0,5.0,10.0,12.0,14.0,0.012774356669951881,0.5045454545454545,0.057002184630504195,0.35766423357664234,2.0,2.0,True,2023
1,18,7,8.0,21.0,7.0,10.0,16.0,16.0,8.0,16.0,2.0,4.0,11.0,14.0,0.08148401106228757,0.6097560975609756,0.14309558614066642,0.49885057471264366,3.0,2.0,True,2023
0,17,12,9.0,20.0,5.0,12.0,8.0,9.0,8.0,14.0,4.0,9.0,6.0,6.0,0.09188757621354453,0.5185185185185185,0.07087819771475294,0.5555555555555556,2.0,3.0,True,2023
0,29,11,11.0,18.0,2.0,5.0,7.0,7.0,10.0,15.0,5.0,7.0,6.0,7.0,0.056967163392923494,0.5164319248826291,0.14156995032958142,0.6077097505668935,1.0,1.0,False,2023
1,11,29,10.0,15.0,5.0,7.0,6.0,7.0,11.0,18.0,2.0,5.0,7.0,7.0,0.14156995032958142,0.6077097505668935,0.045573730714338796,0.5152224824355972,1.0,1.0,True,2023
0,2,16,12.0,25.0,3.0,11.0,12.0,16.0,10.0,24.0,5.0,12.0,5.0,9.0,0.12711444146857437,0.5913978494623656,0.14232784609568325,0.47268408551068886,2.0,1.0,True,2023
1,10,1,9.0,16.0,5.0,10.0,12.0,14.0,12.0,18.0,5.0,11.0,8.0,10.0,0.057002184630504195,0.35766423357664234,0.0502194853359615,0.5056689342403629,2.0,2.0,False,2023
1,16,2,10.0,24.0,5.0,12.0,5.0,9.0,12.0,25.0,3.0,11.0,12.0,16.0,0.14232784609568325,0.47268408551068886,0.1416915531748595,0.5924932975871313,1.0,2.0,False,2023
0,20,5,11.0,20.0,4.0,8.0,4.0,5.0,12.0,20.0,5.0,11.0,4.0,5.0,0.13641856555276358,0.5982142857142857,0.06938516834749806,0.4915254237288136,2.0,2.0,True,2023
0,7,18,8.0,16.0,2.0,4.0,11.0,14.0,8.0,21.0,7.0,10.0,16.0,16.0,0.14309558614066642,0.49885057471264366,0.10518720884983006,0.6106194690265486,2.0,3.0,False,2023
1,5,20,12.0,20.0,5.0,11.0,4.0,5.0,11.0,20.0,4.0,8.0,4.0,5.0,0.06938516834749806,0.4915254237288136,0.14913485244221086,0.5991091314031181,2.0,2.0,False,2023
1,24,3,10.0,20.0,5.0,11.0,6.0,8.0,12.0,18.0,8.0,11.0,5.0,6.0,0.100682954627295,0.5910780669144982,0.17289947873366907,0.41927710843373495,1.0,1.0,True,2023
1,9,4,11.0,24.0,4.0,9.0,4.0,5.0,9.0,20.0,3.0,7.0,7.0,8.0,0.12696239566506923,0.4200477326968974,0.18449070072555435,0.6566523605150214,2.0,2.0,True,2023
1,22,8,11.0,18.0,6.0,13.0,11.0,11.0,12.0,24.0,3.0,8.0,4.0,6.0,0.09805247735559366,0.4988009592326139,0.09096028441530384,0.46153846153846156,3.0,2.0,True,2023
1,27,25,11.0,20.0,4.0,8.0,5.0,6.0,10.0,19.0,6.0,10.0,5.0,7.0,0.07319035284783655,0.3853904282115869,0.12500196578537473,0.6208425720620843,1.0,1.0,True,2023
0,3,24,12.0,18.0,8.0,11.0,5.0,6.0,10.0,20.0,5.0,11.0,6.0,8.0,0.17289947873366907,0.41927710843373495,0.120546363701836,0.5925925925925926,1.0,1.0,False,2023
1,21,14,11.0,23.0,2.0,9.0,4.0,6.0,9.0,16.0,1.0,6.0,6.0,8.0,0.042381521115577324,0.4481012658227848,0.054639911370988135,0.4282238442822384,2.0,1.0,False,2023
1,13,6,11.0,22.0,5.0,9.0,9.0,12.0,10.0,20.0,4.0,8.0,7.0,9.0,0.13758927492442957,0.4918793503480278,0.10623624955138074,0.49295774647887325,3.0,2.0,True,2023
1,19,26,8.0,21.0,2.0,7.0,8.0,8.0,13.0,23.0,3.0,7.0,7.0,7.0,0.03241201282275382,0.36432160804020103,0.08250118862870469,0.4724220623501199,3.0,2.0,True,2023
0,14,21,9.0,16.0,1.0,6.0,6.0,8.0,11.0,23.0,2.0,9.0,4.0,6.0,0.054639911370988135,0.4282238442822384,0.033905216892461856,0.44696969696969696,1.0,2.0,True,2023
1,0,15,17.0,24.0,7.0,12.0,6.0,7.0,8.0,17.0,3.0,8.0,10.0,12.0,0.06553600000000001,0.2222222222222222,0.10106872896075048,0.4045226130653266,3.0,2.0,True,2023
0,15,0,8.0,17.0,3.0,8.0,10.0,12.0,17.0,24.0,7.0,12.0,6.0,7.0,0.10106872896075048,0.4045226130653266,0.0924288,0.3,2.0,3.0,False,2023
0,26,19,13.0,23.0,3.0,7.0,7.0,7.0,8.0,21.0,2.0,7.0,8.0,8.0,0.08250118862870469,0.4724220623501199,0.06592961025820306,0.3659147869674185,2.0,3.0,False,2023
0,4,9,9.0,20.0,3.0,7.0,7.0,8.0,11.0,24.0,4.0,9.0,4.0,5.0,0.18449070072555435,0.6566523605150214,0.1415699165320554,0.42142857142857143,2.0,2.0,False,2023
0,25,27,10.0,19.0,6.0,10.0,5.0,7.0,11.0,20.0,4.0,8.0,5.0,6.0,0.12500196578537473,0.6208425720620843,0.09855228227826925,0.3869346733668342,1.0,1.0,False,2023
0,8,22,12.0,24.0,3.0,8.0,4.0,6.0,11.0,18.0,6.0,13.0,11.0,11.0,0.09096028441530384,0.46153846153846156,0.11844198188447493,0.5,2.0,3.0,False,2023
0,6,13,10.0,20.0,4.0,8.0,7.0,9.0,11.0,22.0,5.0,9.0,9.0,12.0,0.10623624955138074,0.49295774647887325,0.15007141993954368,0.4930555555555556,2.0,3.0,False,2023
0,7,23,12.0,23.0,5.0,9.0,5.0,5.0,10.0,14.0,4.0,9.0,9.0,11.0,0.11447646891253313,0.49770642201834864,0.07255518976501399,0.4430693069306931,2.0,2.0,True,2023
1,24,29,10.0,17.0,3.0,7.0,7.0,9.0,12.0,22.0,4.0,9.0,3.0,4.0,0.120546363701836,0.5925925925925926,0.045573730714338796,0.5152224824355972,2.0,2.0,True,2023
0,4,26,15.0,27.0,5.0,10.0,6.0,6.0,13.0,25.0,5.0,9.0,11.0,13.0,0.14759256058044348,0.6552462526766595,0.06600095090296375,0.47129186602870815,2.0,2.0,True,2023
1,26,4,13.0,25.0,5.0,9.0,11.0,13.0,15.0,27.0,5.0,10.0,6.0,6.0,0.06600095090296375,0.47129186602870815,0.15807404846435477,0.655982905982906,2.0,2.0,False,2023
1,10,13,9.0,17.0,2.0,4.0,4.0,6.0,9.0,29.0,4.0,11.0,7.0,8.0,0.04560174770440335,0.3567961165048544,0.15007141993954368,0.4930555555555556,2.0,2.0,True,2023
1,23,7,10.0,14.0,4.0,9.0,9.0,11.0,12.0,23.0,5.0,9.0,5.0,5.0,0.07255518976501399,0.4430693069306931,0.1315811751300265,0.4988558352402746,2.0,2.0,False,2023
1,5,16,10.0,21.0,4.0,10.0,6.0,10.0,14.0,25.0,5.0,10.0,4.0,5.0,0.05550813467799844,0.49033816425120774,0.1138622768765466,0.471563981042654,2.0,2.0,False,2023
1,15,3,6.0,14.0,4.0,7.0,11.0,12.0,16.0,28.0,6.0,14.0,6.0,7.0,0.08085498316860038,0.40350877192982454,0.13831958298693525,0.4182692307692308,2.0,2.0,True,2023
0,16,5,14.0,25.0,5.0,10.0,4.0,5.0,10.0,21.0,4.0,10.0,6.0,10.0,0.1138622768765466,0.471563981042654,0.04440650774239875,0.4891566265060241,2.0,2.0,True,2023
0,1,25,8.0,15.0,2.0,8.0,7.0,7.0,12.0,26.0,7.0,16.0,4.0,6.0,0.0502194853359615,0.5056689342403629,0.10000157262829978,0.6194690265486725,2.0,2.0,False,2023
1,25,1,12.0,26.0,7.0,16.0,4.0,6.0,8.0,15.0,2.0,8.0,7.0,7.0,0.10000157262829978,0.6194690265486725,0.0401755882687692,0.504524886877828,2.0,2.0,True,2023
0,13,10,9.0,29.0,4.0,11.0,7.0,8.0,9.0,17.0,2.0,4.0,4.0,6.0,0.15007141993954368,0.4930555555555556,0.07648139816352269,0.3583535108958838,2.0,2.0,False,2023
0,3,15,16.0,28.0,6.0,14.0,6.0,7.0,6.0,14.0,4.0,7.0,11.0,12.0,0.13831958298693525,0.4182692307692308,0.10468398653488031,0.405,2.0,2.0,False,2023
1,27,8,14.0,26.0,3.0,12.0,5.0,6.0,8.0,14.0,1.0,5.0,7.0,8.0,0.09855228227826925,0.3869346733668342,0.07276822753224307,0.460431654676259,2.0,2.0,False,2023
1,2,19,11.0,20.0,6.0,12.0,6.0,7.0,7.0,12.0,2.0,6.0,9.0,10.0,0.1416915531748595,0.5924932975871313,0.06592961025820306,0.3659147869674185,2.0,2.0,True,2023
0,20,22,10.0,20.0,3.0,7.0,7.0,9.0,10.0,17.0,6.0,9.0,5.0,6.0,0.14913485244221086,0.5991091314031181,0.11844198188447493,0.5,2.0,2.0,True,2023
1,21,17,7.0,20.0,5.0,13.0,5.0,7.0,8.0,18.0,6.0,12.0,4.0,8.0,0.033905216892461856,0.44696969696969696,0.11351006097083563,0.5196304849884527,2.0,2.0,False,2023
0,17,21,8.0,18.0,6.0,12.0,4.0,8.0,7.0,20.0,5.0,13.0,5.0,7.0,0.11351006097083563,0.5196304849884527,0.027124173513969486,0.44584382871536526,2.0,2.0,True,2023
1,6,28,10.0,19.0,6.0,11.0,8.0,10.0,7.0,15.0,4.0,8.0,6.0,9.0,0.0849889996411046,0.4918032786885246,0.10528675752327141,0.37844611528822053,2.0,2.0,True,2023
0,8,27,8.0,14.0,1.0,5.0,7.0,8.0,14.0,26.0,3.0,12.0,5.0,6.0,0.07276822753224307,0.460431654676259,0.0788418258226154,0.38596491228070173,2.0,2.0,True,2023
0,19,2,7.0,12.0,2.0,6.0,9.0,10.0,11.0,20.0,6.0,12.0,6.0,7.0,0.06592961025820306,0.3659147869674185,0.1533532425398876,0.5935828877005348,2.0,2.0,False,2023
0,11,9,9.0,18.0,6.0,10.0,8.0,8.0,11.0,28.0,2.0,6.0,3.0,4.0,0.15325596026366511,0.6085972850678733,0.1415699165320554,0.42142857142857143,2.0,2.0,True,2023
0,29,24,12.0,22.0,4.0,9.0,3.0,4.0,10.0,17.0,3.0,7.0,7.0,9.0,0.045573730714338796,0.5152224824355972,0.1364370909614688,0.5940959409594095,2.0,2.0,False,2023
1,22,20,10.0,17.0,6.0,9.0,5.0,6.0,10.0,20.0,3.0,7.0,7.0,9.0,0.11844198188447493,0.5,0.1593078819537687,0.6,2.0,2.0,False,2023
0,28,6,7.0,15.0,4.0,8.0,6.0,9.0,10.0,19.0,6.0,11.0,8.0,10.0,0.10528675752327141,0.37844611528822053,0.10799119971288366,0.4929906542056075,2.0,2.0,False,2023
1,9,11,11.0,28.0,2.0,6.0,3.0,4.0,9.0,18.0,6.0,10.0,8.0,8.0,0.1415699165320554,0.42142857142857143,0.16260476821093212,0.6094808126410836,2.0,2.0,False,2023
0,13,14,11.0,21.0,7.0,12.0,4.0,9.0,14.0,26.0,5.0,11.0,5.0,6.0,0.12005713595163495,0.49191685912240185,0.08371192909679051,0.42961165048543687,1.0,3.0,False,2023
0,21,12,11.0,25.0,7.0,13.0,5.0,7.0,11.0,19.0,2.0,11.0,13.0,15.0,0.027124173513969486,0.44584382871536526,0.07087819771475294,0.5555555555555556,1.0,3.0,False,2023
1,8,17,9.0,17.0,3.0,8.0,10.0,15.0,10.0,20.0,5.0,13.0,8.0,8.0,0.09821458202579446,0.46172248803827753,0.1308080487766685,0.5207373271889401,1.0,1.0,False,2023
0,17,8,10.0,20.0,5.0,13.0,8.0,8.0,9.0,17.0,3.0,8.0,10.0,15.0,0.1308080487766685,0.5207373271889401,0.07857166562063557,0.4606205250596659,1.0,1.0,True,2023
0,18,9,9.0,18.0,2.0,7.0,8.0,10.0,7.0,21.0,2.0,8.0,10.0,10.0,0.10518720884983006,0.6106194690265486,0.11325593322564431,0.42042755344418054,3.0,1.0,False,2023
1,9,18,7.0,21.0,2.0,8.0,10.0,10.0,9.0,18.0,2.0,7.0,8.0,10.0,0.11325593322564431,0.42042755344418054,0.08414976707986405,0.609271523178808,1.0,3.0,True,2023
1,12,21,11.0,19.0,2.0,11.0,13.0,15.0,11.0,25.0,7.0,13.0,5.0,7.0,0.07087819771475294,0.5555555555555556,0.02169933881117559,0.44472361809045224,3.0,1.0,True,2023
1,14,13,14.0,26.0,5.0,11.0,5.0,6.0,11.0,21.0,7.0,12.0,4.0,9.0,0.08371192909679051,0.42961165048543687,0.09604570876130795,0.49078341013824883,3.0,1.0,True,2023
0,19,28,9.0,15.0,3.0,6.0,7.0,8.0,10.0,18.0,3.0,8.0,8.0,8.0,0.052743688206562445,0.365,0.08422940601861713,0.3775,2.0,2.0,False,2023
0,23,16,10.0,16.0,3.0,5.0,5.0,7.0,11.0,25.0,2.0,10.0,8.0,8.0,0.05804415181201119,0.4419753086419753,0.13108982150123727,0.4728132387706856,2.0,2.0,False,2023
1,5,4,9.0,17.0,5.0,8.0,6.0,6.0,7.0,15.0,5.0,7.0,4.0,5.0,0.04440650774239875,0.4891566265060241,0.15807404846435477,0.655982905982906,2.0,2.0,True,2023
1,10,7,7.0,15.0,3.0,6.0,4.0,4.0,8.0,19.0,5.0,10.0,3.0,3.0,0.07648139816352269,0.3583535108958838,0.1315811751300265,0.4988558352402746,2.0,2.0,True,2023
0,7,10,8.0,19.0,5.0,10.0,3.0,3.0,7.0,15.0,3.0,6.0,4.0,4.0,0.1315811751300265,0.4988558352402746,0.10118511853081816,0.35990338164251207,2.0,2.0,False,2023
1,26,25,8.0,14.0,5.0,10.0,4.0,5.0,6.0,15.0,3.0,7.0,8.0,10.0,0.052800760722371,0.4701670644391408,0.12000125810263981,0.6203090507726269,2.0,2.0,True,2023
1,28,19,10.0,18.0,3.0,8.0,8.0,8.0,9.0,15.0,3.0,6.0,7.0,8.0,0.08422940601861713,0.3775,0.04219495056524995,0.3640897755610973,2.0,2.0,True,2023
0,25,26,6.0,15.0,3.0,7.0,8.0,10.0,8.0,14.0,5.0,10.0,4.0,5.0,0.12000125810263981,0.6203090507726269,0.0822406085778968,0.4714285714285714,2.0,2.0,False,2023
0,3,0,10.0,20.0,3.0,10.0,6.0,6.0,15.0,23.0,6.0,11.0,4.0,6.0,0.1106556663895482,0.4172661870503597,0.0924288,0.3,2.0,4.0,False,2023
1,29,15,8.0,17.0,4.0,7.0,8.0,11.0,13.0,19.0,4.0,9.0,6.0,6.0,0.03645898457147104,0.514018691588785,0.10468398653488031,0.405,2.0,2.0,False,2023
1,0,3,15.0,23.0,6.0,11.0,4.0,6.0,10.0,20.0,3.0,10.0,6.0,6.0,0.0924288,0.3,0.08852453311163856,0.41626794258373206,4.0,2.0,True,2023
0,4,5,7.0,15.0,5.0,7.0,4.0,5.0,9.0,17.0,5.0,8.0,6.0,6.0,0.15807404846435477,0.655982905982906,0.075525206193919,0.49038461538461536,2.0,2.0,False,2023
1,2,20,11.0,21.0,6.0,8.0,10.0,11.0,12.0,20.0,5.0,7.0,5.0,6.0,0.1533532425398876,0.5935828877005348,0.1593078819537687,0.6,2.0,2.0,True,2023
0,20,2,12.0,20.0,5.0,7.0,5.0,6.0,11.0,21.0,6.0,8.0,10.0,11.0,0.1593078819537687,0.6,0.1626825940319101,0.5946666666666667,2.0,2.0,False,2023
1,16,23,11.0,25.0,2.0,10.0,8.0,8.0,10.0,16.0,3.0,5.0,5.0,7.0,0.13108982150123727,0.4728132387706856,0.04643532144960895,0.4408866995073892,2.0,2.0,True,2023
0,15,29,13.0,19.0,4.0,9.0,6.0,6.0,8.0,17.0,4.0,7.0,8.0,11.0,0.10468398653488031,0.405,0.02916718765717683,0.5128205128205128,2.0,2.0,True,2023
1,18,9,14.0,25.0,3.0,6.0,13.0,16.0,9.0,23.0,2.0,7.0,9.0,12.0,0.08414976707986405,0.609271523178808,0.13060474658051544,0.4218009478672986,2.0,2.0,True,2023
1,8,1,8.0,19.0,2.0,7.0,10.0,12.0,11.0,20.0,5.0,10.0,6.0,6.0,0.07857166562063557,0.4606205250596659,0.0401755882687692,0.504524886877828,2.0,3.0,True,2023
0,9,18,9.0,23.0,2.0,7.0,9.0,12.0,14.0,25.0,3.0,6.0,13.0,16.0,0.13060474658051544,0.4218009478672986,0.10731981366389125,0.6101321585903083,2.0,2.0,False,2023
0,21,12,8.0,17.0,4.0,9.0,3.0,3.0,11.0,18.0,8.0,14.0,7.0,7.0,0.02169933881117559,0.44472361809045224,0.09670255817180236,0.5565410199556541,2.0,2.0,False,2023
0,11,14,8.0,18.0,4.0,9.0,5.0,6.0,12.0,20.0,4.0,8.0,6.0,7.0,0.16260476821093212,0.6094808126410836,0.1069695432774324,0.43099273607748184,3.0,2.0,False,2023
1,14,11,12.0,20.0,4.0,8.0,6.0,7.0,8.0,18.0,4.0,9.0,5.0,6.0,0.1069695432774324,0.43099273607748184,0.13008381456874568,0.6081081081081081,2.0,3.0,True,2023
1,12,21,11.0,18.0,8.0,14.0,7.0,7.0,8.0,17.0,4.0,9.0,3.0,3.0,0.09670255817180236,0.5565410199556541,0.01735947104894047,0.44360902255639095,2.0,2.0,True,2023
0,1,8,11.0,20.0,5.0,10.0,6.0,6.0,8.0,19.0,2.0,7.0,10.0,12.0,0.0401755882687692,0.504524886877828,0.10285733249650846,0.46190476190476193,3.0,2.0,False,2023
0,2,19,14.0,28.0,7.0,14.0,8.0,10.0,9.0,15.0,4.0,7.0,7.0,8.0,0.1626825940319101,0.5946666666666667,0.04219495056524995,0.3640897755610973,1.0,1.0,True,2023
1,13,17,13.0,22.0,6.0,10.0,15.0,18.0,13.0,22.0,5.0,11.0,15.0,17.0,0.09604570876130795,0.49078341013824883,0.1446464390213348,0.5218390804597701,2.0,2.0,True,2023
1,22,25,8.0,15.0,5.0,11.0,7.0,8.0,9.0,17.0,2.0,8.0,6.0,7.0,0.09475358550757994,0.4988066825775656,0.09600100648211185,0.6189427312775331,3.0,1.0,True,2023
0,25,22,9.0,17.0,2.0,8.0,6.0,7.0,8.0,15.0,5.0,11.0,7.0,8.0,0.09600100648211185,0.6189427312775331,0.11580286840606395,0.5,1.0,3.0,False,2023
1,19,2,9.0,15.0,4.0,7.0,7.0,8.0,14.0,28.0,7.0,14.0,8.0,10.0,0.04219495056524995,0.3640897755610973,0.17014607522552808,0.5957446808510638,1.0,1.0,False,2023
0,6,24,10.0,16.0,4.0,8.0,4.0,5.0,6.0,21.0,3.0,6.0,6.0,7.0,0.10799119971288366,0.4929906542056075,0.1364370909614688,0.5940959409594095,3.0,3.0,True,2023
0,17,13,13.0,22.0,5.0,11.0,15.0,17.0,13.0,22.0,6.0,10.0,15.0,18.0,0.1446464390213348,0.5218390804597701,0.11683656700904636,0.49195402298850577,2.0,2.0,False,2023
1,24,6,6.0,21.0,3.0,6.0,6.0,7.0,10.0,16.0,4.0,8.0,4.0,5.0,0.1364370909614688,0.5940959409594095,0.12639295977030693,0.49417249417249415,3.0,3.0,False,2023
1,28,26,10.0,17.0,3.0,6.0,8.0,10.0,13.0,22.0,3.0,5.0,9.0,10.0,0.1073835248148937,0.3790523690773067,0.0822406085778968,0.4714285714285714,2.0,2.0,False,2023
1,18,11,19.0,28.0,2.0,8.0,20.0,24.0,7.0,15.0,4.0,10.0,6.0,6.0,0.10731981366389125,0.6101321585903083,0.13008381456874568,0.6081081081081081,1.0,1.0,True,2023
0,11,18,7.0,15.0,4.0,10.0,6.0,6.0,19.0,28.0,2.0,8.0,20.0,24.0,0.13008381456874568,0.6081081081081081,0.125855850931113,0.610989010989011,1.0,1.0,False,2023
1,15,0,10.0,19.0,5.0,9.0,7.0,7.0,10.0,18.0,5.0,13.0,6.0,6.0,0.12374718922790424,0.40648379052369077,0.11394304,0.36363636363636365,2.0,2.0,True,2023
0,16,14,7.0,22.0,3.0,9.0,2.0,4.0,8.0,16.0,6.0,10.0,5.0,7.0,0.1448718572009898,0.4740566037735849,0.12557563462194593,0.4323671497584541,2.0,1.0,False,2023
0,0,15,10.0,18.0,5.0,13.0,6.0,6.0,10.0,19.0,5.0,9.0,7.0,7.0,0.11394304,0.36363636363636365,0.1389977513823234,0.4079601990049751,2.0,2.0,False,2023
1,14,16,8.0,16.0,6.0,10.0,5.0,7.0,7.0,22.0,3.0,9.0,2.0,4.0,0.12557563462194593,0.4323671497584541,0.11589748576079184,0.47294117647058825,1.0,2.0,True,2023
0,6,29,8.0,16.0,2.0,5.0,13.0,15.0,15.0,25.0,4.0,6.0,7.0,7.0,0.12639295977030693,0.49417249417249415,0.02916718765717683,0.5128205128205128,1.0,2.0,False,2023
1,29,6,15.0,25.0,4.0,6.0,7.0,7.0,8.0,16.0,2.0,5.0,13.0,15.0,0.02916718765717683,0.5128205128205128,0.10111436781624554,0.4930232558139535,2.0,1.0,True,2023
1,3,23,16.0,31.0,10.0,15.0,9.0,13.0,11.0,16.0,4.0,6.0,10.0,10.0,0.08852453311163856,0.41626794258373206,0.04643532144960895,0.4408866995073892,2.0,2.0,False,2023
0,23,3,11.0,16.0,4.0,6.0,10.0,10.0,16.0,31.0,10.0,15.0,9.0,13.0,0.04643532144960895,0.4408866995073892,0.07081962648931085,0.4152744630071599,2.0,2.0,True,2023
1,27,20,8.0,15.0,2.0,6.0,4.0,6.0,11.0,18.0,6.0,9.0,4.0,6.0,0.0788418258226154,0.38596491228070173,0.12744630556301495,0.5986696230598669,4.0,2.0,False,2023
0,20,27,11.0,18.0,6.0,9.0,4.0,6.0,8.0,15.0,2.0,6.0,4.0,6.0,0.12744630556301495,0.5986696230598669,0.06307346065809231,0.385,2.0,4.0,True,2023
0,26,28,13.0,22.0,3.0,5.0,9.0,10.0,10.0,17.0,3.0,6.0,8.0,10.0,0.0822406085778968,0.4714285714285714,0.08590681985191496,0.3781094527363184,2.0,2.0,True,2023
1,0,5,13.0,20.0,5.0,10.0,5.0,6.0,5.0,15.0,3.0,9.0,3.0,4.0,0.091154432,0.3333333333333333,0.075525206193919,0.49038461538461536,1.0,3.0,True,2023
0,21,10,8.0,19.0,4.0,15.0,6.0,8.0,9.0,17.0,3.0,6.0,7.0,10.0,0.01735947104894047,0.44360902255639095,0.10118511853081816,0.35990338164251207,2.0,3.0,True,2023
0,9,4,9.0,19.0,2.0,5.0,10.0,10.0,8.0,21.0,3.0,6.0,11.0,18.0,0.10448379726441234,0.42080378250591016,0.12645923877148382,0.6545842217484008,2.0,3.0,True,2023
1,12,7,9.0,18.0,5.0,6.0,12.0,14.0,11.0,22.0,5.0,8.0,1.0,2.0,0.1173620465374419,0.5575221238938053,0.10526494010402121,0.4977168949771689,2.0,3.0,True,2023
0,7,12,11.0,22.0,5.0,8.0,1.0,2.0,9.0,18.0,5.0,6.0,12.0,14.0,0.10526494010402121,0.4977168949771689,0.1338896372299535,0.5584988962472406,3.0,2.0,False,2023
1,1,24,10.0,19.0,3.0,8.0,8.0,15.0,7.0,18.0,3.0,7.0,8.0,9.0,0.03214047061501536,0.5033860045146726,0.10914967276917505,0.5919117647058824,2.0,2.0,False,2023
1,4,9,8.0,21.0,3.0,6.0,11.0,18.0,9.0,19.0,2.0,5.0,10.0,10.0,0.12645923877148382,0.6545842217484008,0.12358703781152988,0.4221698113207547,3.0,2.0,False,2023
0,5,0,5.0,15.0,3.0,9.0,3.0,4.0,13.0,20.0,5.0,10.0,5.0,6.0,0.075525206193919,0.49038461538461536,0.1129235456,0.38461538461538464,3.0,1.0,False,2023
1,19,25,6.0,16.0,2.0,8.0,8.0,10.0,9.0,19.0,3.0,7.0,6.0,7.0,0.03375596045219996,0.36318407960199006,0.07680080518568948,0.6175824175824176,2.0,2.0,False,2023
0,25,19,9.0,19.0,3.0,7.0,6.0,7.0,6.0,16.0,2.0,8.0,8.0,10.0,0.07680080518568948,0.6175824175824176,0.027004768361759968,0.36228287841191065,2.0,2.0,True,2023
1,2,26,11.0,23.0,2.0,9.0,8.0,10.0,13.0,26.0,3.0,7.0,9.0,9.0,0.17014607522552808,0.5957446808510638,0.10579248686231746,0.47268408551068886,2.0,1.0,True,2023
0,26,2,13.0,26.0,3.0,7.0,9.0,9.0,11.0,23.0,2.0,9.0,8.0,10.0,0.10579248686231746,0.47268408551068886,0.17611686018042244,0.596816976127321,1.0,2.0,False,2023
0,24,1,7.0,18.0,3.0,7.0,8.0,9.0,10.0,19.0,3.0,8.0,8.0,15.0,0.10914967276917505,0.5919117647058824,0.02571237649201229,0.5022522522522522,2.0,2.0,True,2023
1,10,21,9.0,17.0,3.0,6.0,7.0,10.0,8.0,19.0,4.0,15.0,6.0,8.0,0.10118511853081816,0.35990338164251207,0.05388757683915237,0.445,3.0,2.0,False,2023
1,17,5,9.0,20.0,6.0,10.0,5.0,8.0,14.0,17.0,4.0,9.0,4.0,5.0,0.11571715121706785,0.5206422018348624,0.060420164955135205,0.4892086330935252,3.0,1.0,True,2023
1,11,28,7.0,16.0,3.0,11.0,11.0,13.0,10.0,20.0,3.0,6.0,8.0,14.0,0.10406705165499655,0.6067415730337079,0.08590681985191496,0.3781094527363184,2.0,2.0,False,2023
0,28,11,10.0,20.0,3.0,6.0,8.0,14.0,7.0,16.0,3.0,11.0,11.0,13.0,0.08590681985191496,0.3781094527363184,0.08325364132399724,0.6053811659192825,2.0,2.0,True,2023
0,6,15,8.0,15.0,3.0,5.0,11.0,11.0,12.0,16.0,7.0,10.0,5.0,5.0,0.10111436781624554,0.4930232558139535,0.1389977513823234,0.4079601990049751,2.0,2.0,False,2023
1,15,6,12.0,16.0,7.0,10.0,5.0,5.0,8.0,15.0,3.0,5.0,11.0,11.0,0.1389977513823234,0.4079601990049751,0.08089149425299644,0.4918793503480278,2.0,2.0,True,2023
1,13,24,11.0,22.0,7.0,13.0,11.0,11.0,7.0,13.0,7.0,7.0,8.0,8.0,0.11683656700904636,0.49195402298850577,0.12731973821534004,0.5934065934065934,3.0,1.0,True,2023
0,24,13,7.0,13.0,7.0,7.0,8.0,8.0,11.0,22.0,7.0,13.0,11.0,11.0,0.12731973821534004,0.5934065934065934,0.1334692536072371,0.49311926605504586,1.0,3.0,False,2023
0,5,17,14.0,17.0,4.0,9.0,4.0,5.0,9.0,20.0,6.0,10.0,5.0,8.0,0.060420164955135205,0.4892086330935252,0.13257372097365427,0.5217391304347826,1.0,3.0,False,2023
0,16,8,13.0,27.0,2.0,9.0,8.0,11.0,11.0,23.0,7.0,13.0,3.0,3.0,0.11589748576079184,0.47294117647058825,0.10285733249650846,0.46190476190476193,2.0,3.0,False,2023
1,8,16,11.0,23.0,7.0,13.0,3.0,3.0,13.0,27.0,2.0,9.0,8.0,11.0,0.10285733249650846,0.46190476190476193,0.09271798860863348,0.47183098591549294,3.0,2.0,True,2023
0,23,10,12.0,20.0,7.0,13.0,8.0,8.0,12.0,21.0,5.0,11.0,5.0,5.0,0.07714825715968716,0.44226044226044225,0.08094809482465452,0.35903614457831323,3.0,2.0,True,2023
1,14,26,9.0,19.0,4.0,8.0,7.0,9.0,14.0,22.0,3.0,7.0,12.0,17.0,0.14046050769755675,0.43373493975903615,0.08463398948985397,0.471563981042654,3.0,2.0,False,2023
0,26,14,14.0,22.0,3.0,7.0,12.0,17.0,9.0,19.0,4.0,8.0,7.0,9.0,0.08463398948985397,0.471563981042654,0.1123684061580454,0.4326923076923077,2.0,3.0,True,2023
1,8,27,8.0,16.0,5.0,8.0,6.0,8.0,11.0,22.0,4.0,11.0,6.0,7.0,0.12228586599720677,0.46318289786223277,0.06307346065809231,0.385,1.0,3.0,True,2023
1,25,12,13.0,21.0,3.0,10.0,6.0,9.0,6.0,11.0,4.0,8.0,5.0,5.0,0.10144064414855158,0.618421052631579,0.1338896372299535,0.5584988962472406,2.0,2.0,True,2023
0,12,25,6.0,11.0,4.0,8.0,5.0,5.0,13.0,21.0,3.0,10.0,6.0,9.0,0.1338896372299535,0.5584988962472406,0.12115251531884126,0.6192560175054704,2.0,2.0,False,2023
1,7,0,9.0,17.0,6.0,10.0,9.0,9.0,17.0,28.0,7.0,11.0,9.0,9.0,0.08421195208321697,0.49658314350797267,0.1129235456,0.38461538461538464,2.0,2.0,True,2023
0,0,7,17.0,28.0,7.0,11.0,9.0,9.0,9.0,17.0,6.0,10.0,9.0,9.0,0.1129235456,0.38461538461538464,0.10736956166657356,0.49772727272727274,2.0,2.0,False,2023
1,10,23,12.0,21.0,5.0,11.0,5.0,5.0,12.0,20.0,7.0,13.0,8.0,8.0,0.08094809482465452,0.35903614457831323,0.10171860572774974,0.44362745098039214,2.0,3.0,False,2023
0,27,8,11.0,22.0,4.0,11.0,6.0,7.0,8.0,16.0,5.0,8.0,6.0,8.0,0.06307346065809231,0.385,0.1378286927977654,0.46445497630331756,3.0,1.0,False,2023
1,9,2,10.0,23.0,2.0,7.0,5.0,6.0,10.0,19.0,5.0,10.0,4.0,4.0,0.12358703781152988,0.4221698113207547,0.17611686018042244,0.596816976127321,2.0,2.0,False,2023
0,3,4,9.0,20.0,5.0,9.0,6.0,6.0,10.0,18.0,7.0,9.0,4.0,11.0,0.07081962648931085,0.4152744630071599,0.10116739101718705,0.6531914893617021,3.0,2.0,False,2023
1,20,28,7.0,20.0,5.0,10.0,6.0,6.0,11.0,21.0,3.0,10.0,9.0,13.0,0.14195704445041196,0.5995575221238938,0.10872545588153197,0.37965260545905705,3.0,1.0,False,2023
0,28,20,11.0,21.0,3.0,10.0,9.0,13.0,7.0,20.0,5.0,10.0,6.0,6.0,0.10872545588153197,0.37965260545905705,0.11356563556032957,0.5982339955849889,1.0,3.0,True,2023
1,13,1,10.0,26.0,5.0,14.0,6.0,6.0,6.0,15.0,2.0,5.0,6.0,7.0,0.1334692536072371,0.49311926605504586,0.02571237649201229,0.5022522522522522,1.0,2.0,False,2023
0,1,13,6.0,15.0,2.0,5.0,6.0,7.0,10.0,26.0,5.0,14.0,6.0,6.0,0.02571237649201229,0.5022522522522522,0.10677540288578968,0.4919908466819222,2.0,1.0,True,2023
1,21,22,10.0,21.0,5.0,9.0,6.0,7.0,9.0,15.0,3.0,8.0,6.0,6.0,0.05388757683915237,0.445,0.11580286840606395,0.5,2.0,4.0,False,2023
0,2,9,10.0,19.0,5.0,10.0,4.0,4.0,10.0,23.0,2.0,7.0,5.0,6.0,0.17611686018042244,0.596816976127321,0.0988696302492239,0.4211764705882353,2.0,2.0,True,2023
1,4,3,10.0,18.0,7.0,9.0,4.0,11.0,9.0,20.0,5.0,9.0,6.0,6.0,0.10116739101718705,0.6531914893617021,0.05665570119144868,0.4142857142857143,2.0,3.0,True,2023
0,22,21,9.0,15.0,3.0,8.0,6.0,6.0,10.0,21.0,5.0,9.0,6.0,7.0,0.11580286840606395,0.5,0.043110061471321896,0.44389027431421446,4.0,2.0,True,2023
1,17,6,8.0,24.0,4.0,12.0,7.0,11.0,13.0,22.0,5.0,8.0,8.0,10.0,0.13257372097365427,0.5217391304347826,0.08089149425299644,0.4918793503480278,2.0,2.0,False,2023
1,15,5,11.0,19.0,4.0,9.0,7.0,8.0,11.0,19.0,4.0,9.0,3.0,5.0,0.15119820110585871,0.4094292803970223,0.048336131964108166,0.4880382775119617,2.0,2.0,True,2023
0,5,15,11.0,19.0,4.0,9.0,3.0,5.0,11.0,19.0,4.0,9.0,7.0,8.0,0.048336131964108166,0.4880382775119617,0.16095856088468696,0.41089108910891087,2.0,2.0,False,2023
0,19,24,10.0,21.0,2.0,8.0,4.0,5.0,7.0,18.0,3.0,8.0,6.0,6.0,0.027004768361759968,0.36228287841191065,0.10185579057227204,0.5912408759124088,3.0,2.0,False,2023
0,6,17,13.0,22.0,5.0,8.0,8.0,10.0,8.0,24.0,4.0,12.0,7.0,11.0,0.08089149425299644,0.4918793503480278,0.10605897677892343,0.5205479452054794,2.0,2.0,True,2023
1,24,19,7.0,18.0,3.0,8.0,6.0,6.0,10.0,21.0,2.0,8.0,4.0,5.0,0.10185579057227204,0.5912408759124088,0.021603814689407974,0.3613861386138614,2.0,3.0,True,2023
1,13,20,11.0,22.0,3.0,7.0,9.0,11.0,7.0,16.0,3.0,11.0,4.0,4.0,0.10677540288578968,0.4919908466819222,0.11356563556032957,0.5982339955849889,2.0,2.0,True,2023
0,12,14,8.0,24.0,4.0,14.0,9.0,10.0,9.0,24.0,5.0,12.0,5.0,7.0,0.10711170978396281,0.5572687224669604,0.1123684061580454,0.4326923076923077,2.0,2.0,False,2023
1,11,7,15.0,18.0,7.0,13.0,6.0,8.0,16.0,31.0,3.0,9.0,15.0,15.0,0.08325364132399724,0.6053811659192825,0.10736956166657356,0.49772727272727274,3.0,2.0,True,2023
0,26,16,10.0,20.0,2.0,8.0,4.0,5.0,7.0,20.0,5.0,9.0,9.0,11.0,0.10770719159188318,0.4728132387706856,0.09271798860863348,0.47183098591549294,2.0,3.0,False,2023
1,18,4,12.0,26.0,4.0,8.0,6.0,8.0,10.0,22.0,3.0,6.0,4.0,15.0,0.125855850931113,0.610989010989011,0.12093391281374966,0.6539278131634819,5.0,2.0,True,2023
0,4,18,10.0,22.0,3.0,6.0,4.0,15.0,12.0,26.0,4.0,8.0,6.0,8.0,0.12093391281374966,0.6539278131634819,0.1406846807448904,0.6118421052631579,2.0,5.0,False,2023
1,14,12,9.0,24.0,5.0,12.0,5.0,7.0,8.0,24.0,4.0,14.0,9.0,10.0,0.1123684061580454,0.4326923076923077,0.08568936782717025,0.5560439560439561,2.0,2.0,True,2023
1,8,2,9.0,20.0,5.0,11.0,2.0,2.0,10.0,20.0,6.0,10.0,5.0,6.0,0.1378286927977654,0.46445497630331756,0.18089348814433798,0.5978835978835979,2.0,2.0,False,2023
0,2,8,10.0,20.0,6.0,10.0,5.0,6.0,9.0,20.0,5.0,11.0,2.0,2.0,0.18089348814433798,0.5978835978835979,0.11026295423821234,0.46335697399527187,2.0,2.0,True,2023
1,29,19,10.0,16.0,2.0,4.0,18.0,21.0,7.0,18.0,5.0,9.0,6.0,8.0,0.06333375012574147,0.513953488372093,0.021603814689407974,0.3613861386138614,5.0,1.0,True,2023
1,16,26,7.0,20.0,5.0,9.0,9.0,11.0,10.0,20.0,2.0,8.0,4.0,5.0,0.09271798860863348,0.47183098591549294,0.08616575327350653,0.4716981132075472,3.0,2.0,True,2023
1,1,22,8.0,17.0,2.0,8.0,12.0,15.0,7.0,16.0,4.0,13.0,7.0,9.0,0.06056990119360983,0.503370786516854,0.13264229472485117,0.501187648456057,2.0,2.0,False,2023
1,0,28,9.0,19.0,5.0,13.0,3.0,4.0,7.0,19.0,3.0,7.0,8.0,8.0,0.09033883647999999,0.35714285714285715,0.12698036470522558,0.3811881188118812,2.0,2.0,True,2023
0,28,0,7.0,19.0,3.0,7.0,8.0,8.0,9.0,19.0,5.0,13.0,3.0,4.0,0.12698036470522558,0.3811881188118812,0.11227106918400001,0.4,2.0,2.0,False,2023
0,20,13,7.0,16.0,3.0,11.0,4.0,4.0,11.0,22.0,3.0,7.0,9.0,11.0,0.11356563556032957,0.5982339955849889,0.12542032230863173,0.4931506849315068,2.0,2.0,False,2023
1,3,21,16.0,26.0,3.0,9.0,10.0,11.0,12.0,32.0,5.0,16.0,6.0,6.0,0.05665570119144868,0.4142857142857143,0.043110061471321896,0.44389027431421446,2.0,2.0,True,2023
0,21,3,12.0,32.0,5.0,16.0,6.0,6.0,16.0,26.0,3.0,9.0,10.0,11.0,0.043110061471321896,0.44389027431421446,0.08532456095315893,0.4156769596199525,2.0,2.0,False,2023
1,27,10,16.0,30.0,2.0,5.0,8.0,9.0,9.0,16.0,4.0,6.0,8.0,9.0,0.05045876852647385,0.38403990024937656,0.06475847585972362,0.3581730769230769,2.0,2.0,False,2023
0,10,27,9.0,16.0,4.0,6.0,8.0,9.0,16.0,30.0,2.0,5.0,8.0,9.0,0.06475847585972362,0.3581730769230769,0.04036701482117908,0.38308457711442784,2.0,2.0,True,2023
0,19,29,7.0,18.0,5.0,9.0,6.0,8.0,10.0,16.0,2.0,4.0,18.0,21.0,0.021603814689407974,0.3613861386138614,0.09066700010059317,0.5150812064965197,1.0,5.0,False,2023
0,22,1,7.0,16.0,4.0,13.0,7.0,9.0,8.0,17.0,2.0,8.0,12.0,15.0,0.13264229472485117,0.501187648456057,0.04845592095488786,0.5022421524663677,2.0,2.0,True,2023
0,7,11,16.0,31.0,3.0,9.0,15.0,15.0,15.0,18.0,7.0,13.0,6.0,8.0,0.10736956166657356,0.49772727272727274,0.1066029130591978,0.6062639821029083,2.0,3.0,False,2023
1,22,10,9.0,16.0,5.0,11.0,4.0,4.0,9.0,17.0,5.0,9.0,6.0,8.0,0.14611383577988094,0.5023696682464455,0.0918067806877789,0.3597122302158273,1.0,1.0,True,2023
0,23,18,7.0,21.0,3.0,10.0,9.0,9.0,10.0,16.0,5.0,9.0,18.0,20.0,0.10171860572774974,0.44362745098039214,0.1406846807448904,0.6118421052631579,3.0,1.0,True,2023
1,17,11,8.0,19.0,4.0,13.0,8.0,9.0,10.0,23.0,6.0,14.0,6.0,8.0,0.10605897677892343,0.5205479452054794,0.1066029130591978,0.6062639821029083,2.0,1.0,False,2023
0,11,17,10.0,23.0,6.0,14.0,6.0,8.0,8.0,19.0,4.0,13.0,8.0,9.0,0.1066029130591978,0.6062639821029083,0.08484718142313874,0.5193621867881549,1.0,2.0,True,2023
1,24,5,10.0,16.0,5.0,8.0,3.0,6.0,8.0,15.0,3.0,5.0,5.0,6.0,0.12148463245781763,0.5927272727272728,0.038668905571286535,0.48687350835322196,2.0,2.0,True,2023
0,5,24,8.0,15.0,3.0,5.0,5.0,6.0,10.0,16.0,5.0,8.0,3.0,6.0,0.038668905571286535,0.48687350835322196,0.1371877059662541,0.5942028985507246,2.0,2.0,False,2023
0,10,22,9.0,17.0,5.0,9.0,6.0,8.0,9.0,16.0,5.0,11.0,4.0,4.0,0.0918067806877789,0.3597122302158273,0.15689106862390473,0.5035460992907801,1.0,1.0,False,2023
1,9,25,12.0,21.0,2.0,6.0,11.0,14.0,11.0,29.0,4.0,11.0,7.0,7.0,0.0988696302492239,0.4211764705882353,0.12115251531884126,0.6192560175054704,3.0,3.0,True,2023
0,25,9,11.0,29.0,4.0,11.0,7.0,7.0,12.0,21.0,2.0,6.0,11.0,14.0,0.12115251531884126,0.6192560175054704,0.11909570419937912,0.4225352112676056,3.0,3.0,False,2023
1,18,23,10.0,16.0,5.0,9.0,18.0,20.0,7.0,21.0,3.0,10.0,9.0,9.0,0.1406846807448904,0.6118421052631579,0.12137488458219978,0.4449877750611247,1.0,3.0,False,2023
1,29,5,12.0,19.0,3.0,6.0,6.0,8.0,7.0,20.0,3.0,10.0,3.0,5.0,0.09066700010059317,0.5150812064965197,0.03093512445702923,0.4857142857142857,2.0,1.0,True,2023
1,14,21,11.0,21.0,4.0,9.0,4.0,5.0,10.0,20.0,3.0,7.0,5.0,8.0,0.12989472492643633,0.434052757793765,0.034488049177057514,0.4427860696517413,2.0,2.0,True,2023
0,21,14,10.0,20.0,3.0,7.0,5.0,8.0,11.0,21.0,4.0,9.0,4.0,5.0,0.034488049177057514,0.4427860696517413,0.14391577994114907,0.4354066985645933,2.0,2.0,False,2023
1,15,19,11.0,19.0,4.0,11.0,10.0,11.0,8.0,14.0,4.0,5.0,7.0,8.0,0.16095856088468696,0.41089108910891087,0.01728305175152638,0.36049382716049383,3.0,2.0,True,2023
0,19,15,8.0,14.0,4.0,5.0,7.0,8.0,11.0,19.0,4.0,11.0,10.0,11.0,0.01728305175152638,0.36049382716049383,0.16876684870774958,0.4123456790123457,2.0,3.0,False,2023
1,7,28,7.0,17.0,5.0,8.0,5.0,5.0,11.0,21.0,2.0,5.0,5.0,6.0,0.08589564933325886,0.4965986394557823,0.10158429176418046,0.3802469135802469,2.0,2.0,True,2023
0,28,7,11.0,21.0,2.0,5.0,5.0,6.0,7.0,17.0,5.0,8.0,5.0,5.0,0.10158429176418046,0.3802469135802469,0.1087165194666071,0.497737556561086,2.0,2.0,False,2023
0,5,29,7.0,20.0,3.0,10.0,3.0,5.0,12.0,19.0,3.0,6.0,6.0,8.0,0.03093512445702923,0.4857142857142857,0.11253360008047456,0.5162037037037037,1.0,2.0,False,2023
1,1,0,10.0,19.0,5.0,11.0,7.0,8.0,14.0,23.0,10.0,14.0,4.0,5.0,0.04845592095488786,0.5022421524663677,0.11227106918400001,0.4,2.0,2.0,False,2023
0,0,1,14.0,23.0,10.0,14.0,4.0,5.0,10.0,19.0,5.0,11.0,7.0,8.0,0.11227106918400001,0.4,0.03876473676391029,0.5011185682326622,2.0,2.0,True,2023
0,20,13,10.0,21.0,3.0,8.0,6.0,6.0,8.0,16.0,6.0,8.0,6.0,10.0,0.09085250844826366,0.5969162995594713,0.12542032230863173,0.4931506849315068,2.0,2.0,True,2023
1,3,12,8.0,17.0,4.0,11.0,7.0,7.0,7.0,14.0,2.0,7.0,7.0,7.0,0.08532456095315893,0.4156769596199525,0.08568936782717025,0.5560439560439561,2.0,2.0,True,2023
0,12,3,7.0,14.0,2.0,7.0,7.0,7.0,8.0,17.0,4.0,11.0,7.0,7.0,0.08568936782717025,0.5560439560439561,0.10825964876252717,0.41706161137440756,2.0,2.0,False,2023
1,6,16,11.0,16.0,4.0,6.0,8.0,8.0,13.0,30.0,3.0,11.0,6.0,8.0,0.10471319540239717,0.4930555555555556,0.11417439088690677,0.47306791569086654,3.0,2.0,True,2023
0,16,6,13.0,30.0,3.0,11.0,6.0,8.0,11.0,16.0,4.0,6.0,8.0,8.0,0.11417439088690677,0.47306791569086654,0.12377055632191773,0.4942263279445728,2.0,3.0,False,2023
1,13,20,8.0,16.0,6.0,8.0,6.0,10.0,10.0,21.0,3.0,8.0,6.0,6.0,0.12542032230863173,0.4931506849315068,0.11268200675861091,0.5978021978021978,2.0,2.0,False,2023
0,17,4,12.0,23.0,3.0,11.0,6.0,8.0,16.0,24.0,2.0,6.0,5.0,12.0,0.08484718142313874,0.5193621867881549,0.09674713025099972,0.652542372881356,2.0,3.0,False,2023
0,28,26,14.0,20.0,4.0,6.0,5.0,6.0,9.0,22.0,3.0,4.0,12.0,13.0,0.08126743341134438,0.3793103448275862,0.08616575327350653,0.4716981132075472,1.0,3.0,True,2023
1,8,0,12.0,19.0,6.0,11.0,7.0,7.0,9.0,20.0,4.0,12.0,6.0,7.0,0.11026295423821234,0.46335697399527187,0.1298168553472,0.4375,3.0,1.0,True,2023
0,0,8,9.0,20.0,4.0,12.0,6.0,7.0,12.0,19.0,6.0,11.0,7.0,7.0,0.1298168553472,0.4375,0.12821036339056985,0.46462264150943394,1.0,3.0,False,2023
1,23,12,9.0,21.0,4.0,12.0,7.0,8.0,7.0,23.0,4.0,15.0,7.0,11.0,0.12137488458219978,0.4449877750611247,0.0685514942617362,0.5548245614035088,2.0,1.0,True,2023
0,12,23,7.0,23.0,4.0,15.0,7.0,11.0,9.0,21.0,4.0,12.0,7.0,8.0,0.0685514942617362,0.5548245614035088,0.13709990766575983,0.44634146341463415,1.0,2.0,False,2023
1,4,17,16.0,24.0,2.0,6.0,5.0,12.0,12.0,23.0,3.0,11.0,6.0,8.0,0.09674713025099972,0.652542372881356,0.067877745138511,0.5181818181818182,3.0,2.0,True,2023
1,26,28,9.0,22.0,3.0,4.0,12.0,13.0,14.0,20.0,4.0,6.0,5.0,6.0,0.08616575327350653,0.4716981132075472,0.10501394672907549,0.3808353808353808,3.0,1.0,False,2023
1,22,10,7.0,13.0,4.0,10.0,8.0,10.0,6.0,13.0,3.0,7.0,8.0,10.0,0.15689106862390473,0.5035460992907801,0.07344542455022311,0.3588516746411483,2.0,2.0,True,2023
0,11,24,10.0,21.0,4.0,11.0,6.0,7.0,10.0,20.0,3.0,7.0,7.0,7.0,0.12528233044735823,0.6071428571428571,0.1371877059662541,0.5942028985507246,2.0,2.0,False,2023
0,10,22,6.0,13.0,3.0,7.0,8.0,10.0,7.0,13.0,4.0,10.0,8.0,10.0,0.07344542455022311,0.3588516746411483,0.16551285489912382,0.5047169811320755,2.0,2.0,False,2023
1,3,9,11.0,22.0,4.0,8.0,6.0,6.0,10.0,22.0,3.0,7.0,6.0,6.0,0.10825964876252717,0.41706161137440756,0.11909570419937912,0.4225352112676056,1.0,2.0,True,2023
0,9,3,10.0,22.0,3.0,7.0,6.0,6.0,11.0,22.0,4.0,8.0,6.0,6.0,0.11909570419937912,0.4225352112676056,0.1266077190100217,0.41843971631205673,2.0,1.0,False,2023
1,27,2,11.0,24.0,5.0,10.0,4.0,4.0,9.0,20.0,5.0,10.0,6.0,7.0,0.04036701482117908,0.38308457711442784,0.1847147905154704,0.5989445910290238,3.0,3.0,True,2023
1,24,11,10.0,20.0,3.0,7.0,7.0,7.0,10.0,21.0,4.0,11.0,6.0,7.0,0.1371877059662541,0.5942028985507246,0.10022586435788658,0.6057906458797327,2.0,2.0,True,2023
0,2,27,9.0,20.0,5.0,10.0,6.0,7.0,11.0,24.0,5.0,10.0,4.0,4.0,0.1847147905154704,0.5989445910290238,0.07229361185694326,0.38461538461538464,3.0,3.0,False,2023
0,6,18,10.0,18.0,3.0,8.0,3.0,6.0,10.0,21.0,6.0,11.0,5.0,6.0,0.12377055632191773,0.4942263279445728,0.11254774459591232,0.6105032822757112,2.0,3.0,False,2023
0,29,7,11.0,20.0,2.0,6.0,15.0,16.0,10.0,24.0,5.0,7.0,3.0,3.0,0.11253360008047456,0.5162037037037037,0.1087165194666071,0.497737556561086,2.0,2.0,False,2023
1,18,6,10.0,21.0,6.0,11.0,5.0,6.0,10.0,18.0,3.0,8.0,3.0,6.0,0.11254774459591232,0.6105032822757112,0.09901644505753418,0.4930875576036866,3.0,2.0,True,2023
1,7,29,10.0,24.0,5.0,7.0,3.0,3.0,11.0,20.0,2.0,6.0,15.0,16.0,0.1087165194666071,0.497737556561086,0.09002688006437964,0.5150115473441108,2.0,2.0,True,2023
0,15,16,11.0,21.0,5.0,8.0,8.0,8.0,12.0,21.0,2.0,6.0,9.0,15.0,0.16876684870774958,0.4123456790123457,0.09133951270952542,0.4719626168224299,2.0,2.0,True,2023
1,20,19,12.0,16.0,2.0,5.0,7.0,11.0,8.0,17.0,2.0,5.0,5.0,6.0,0.11268200675861091,0.5978021978021978,0.013826441401221103,0.35960591133004927,2.0,2.0,False,2023
1,16,15,12.0,21.0,2.0,6.0,9.0,15.0,11.0,21.0,5.0,8.0,8.0,8.0,0.09133951270952542,0.4719626168224299,0.17501347896619968,0.41379310344827586,2.0,2.0,False,2023
0,19,20,8.0,17.0,2.0,5.0,5.0,6.0,12.0,16.0,2.0,5.0,7.0,11.0,0.013826441401221103,0.35960591133004927,0.09014560540688873,0.5964912280701754,2.0,2.0,True,2023
1,12,14,10.0,17.0,5.0,10.0,9.0,9.0,13.0,27.0,2.0,13.0,5.0,7.0,0.05484119540938896,0.5536105032822757,0.14391577994114907,0.4354066985645933,2.0,3.0,True,2023
0,14,12,13.0,27.0,2.0,13.0,5.0,7.0,10.0,17.0,5.0,10.0,9.0,9.0,0.14391577994114907,0.4354066985645933,0.08387295632751117,0.5545851528384279,3.0,2.0,False,2023
0,20,26,11.0,18.0,4.0,10.0,16.0,18.0,8.0,20.0,7.0,10.0,14.0,14.0,0.09014560540688873,0.5964912280701754,0.06893260261880522,0.47058823529411764,1.0,2.0,True,2023
1,11,19,9.0,18.0,8.0,15.0,4.0,5.0,9.0,18.0,6.0,8.0,8.0,8.0,0.10022586435788658,0.6057906458797327,0.05106115312097688,0.36117936117936117,2.0,1.0,False,2023
0,19,11,9.0,18.0,6.0,8.0,8.0,8.0,9.0,18.0,8.0,15.0,4.0,5.0,0.05106115312097688,0.36117936117936117,0.08018069148630927,0.6044444444444445,1.0,2.0,True,2023
0,6,25,11.0,16.0,5.0,8.0,2.0,2.0,7.0,20.0,2.0,8.0,8.0,9.0,0.09901644505753418,0.4930875576036866,0.096922012255073,0.6179039301310044,1.0,4.0,True,2023
1,5,8,10.0,17.0,4.0,8.0,6.0,6.0,14.0,18.0,6.0,11.0,8.0,8.0,0.024748099565623384,0.4845605700712589,0.12821036339056985,0.46462264150943394,3.0,2.0,False,2023
0,8,5,14.0,18.0,6.0,11.0,8.0,8.0,10.0,17.0,4.0,8.0,6.0,6.0,0.12821036339056985,0.46462264150943394,0.01979847965249871,0.4834123222748815,2.0,3.0,True,2023
1,26,20,8.0,20.0,7.0,10.0,14.0,14.0,11.0,18.0,4.0,10.0,16.0,18.0,0.06893260261880522,0.47058823529411764,0.11211648432551098,0.5973741794310722,2.0,1.0,False,2023
1,4,27,15.0,27.0,3.0,7.0,7.0,9.0,14.0,24.0,4.0,11.0,6.0,7.0,0.11739770420079979,0.653276955602537,0.07229361185694326,0.38461538461538464,2.0,2.0,False,2023
0,27,4,14.0,24.0,4.0,11.0,6.0,7.0,15.0,27.0,3.0,7.0,7.0,9.0,0.07229361185694326,0.38461538461538464,0.09391816336063982,0.6518987341772152,2.0,2.0,True,2023
1,25,6,7.0,20.0,2.0,8.0,8.0,9.0,11.0,16.0,5.0,8.0,2.0,2.0,0.096922012255073,0.6179039301310044,0.11921315604602736,0.4942528735632184,4.0,1.0,False,2023
0,13,2,17.0,28.0,3.0,8.0,5.0,9.0,13.0,24.0,4.0,7.0,13.0,15.0,0.10033625784690539,0.4920273348519362,0.14777183241237632,0.5973684210526315,3.0,2.0,False,2023
1,2,13,13.0,24.0,4.0,7.0,13.0,15.0,17.0,28.0,3.0,8.0,5.0,9.0,0.14777183241237632,0.5973684210526315,0.08026900627752431,0.4909090909090909,2.0,3.0,True,2023
0,23,22,9.0,14.0,3.0,5.0,6.0,7.0,12.0,17.0,7.0,11.0,9.0,12.0,0.13709990766575983,0.44634146341463415,0.16551285489912382,0.5047169811320755,2.0,2.0,True,2023
1,0,24,12.0,20.0,6.0,10.0,5.0,6.0,7.0,15.0,3.0,7.0,5.0,8.0,0.10385348427776,0.4117647058823529,0.14975016477300326,0.5956678700361011,2.0,2.0,True,2023
0,15,9,12.0,20.0,3.0,7.0,4.0,7.0,11.0,19.0,4.0,7.0,9.0,9.0,0.17501347896619968,0.41379310344827586,0.0952765633595033,0.4215456674473068,1.0,2.0,False,2023
1,22,23,12.0,17.0,7.0,11.0,9.0,12.0,9.0,14.0,3.0,5.0,6.0,7.0,0.16551285489912382,0.5047169811320755,0.1496799261326079,0.44768856447688565,2.0,2.0,False,2023
1,9,15,11.0,19.0,4.0,7.0,9.0,9.0,12.0,20.0,3.0,7.0,4.0,7.0,0.0952765633595033,0.4215456674473068,0.14001078317295973,0.41277641277641275,2.0,1.0,True,2023
1,21,18,9.0,18.0,3.0,6.0,3.0,6.0,9.0,20.0,3.0,9.0,8.0,8.0,0.02759043934164601,0.44168734491315137,0.13003819567672986,0.611353711790393,3.0,1.0,True,2023
0,17,3,9.0,18.0,5.0,9.0,4.0,4.0,11.0,19.0,6.0,10.0,6.0,7.0,0.067877745138511,0.5181818181818182,0.1266077190100217,0.41843971631205673,2.0,2.0,False,2023
1,3,17,11.0,19.0,6.0,10.0,6.0,7.0,9.0,18.0,5.0,9.0,4.0,4.0,0.1266077190100217,0.41843971631205673,0.0543021961108088,0.5170068027210885,2.0,2.0,True,2023
0,24,0,7.0,15.0,3.0,7.0,5.0,8.0,12.0,20.0,6.0,10.0,5.0,6.0,0.14975016477300326,0.5956678700361011,0.12308278742220799,0.4444444444444444,2.0,2.0,False,2023
0,18,21,9.0,20.0,3.0,9.0,8.0,8.0,9.0,18.0,3.0,6.0,3.0,6.0,0.13003819567672986,0.611353711790393,0.062072351473316814,0.4430693069306931,1.0,3.0,False,2023
0,17,28,13.0,25.0,4.0,13.0,21.0,28.0,10.0,22.0,4.0,10.0,9.0,9.0,0.0543021961108088,0.5170068027210885,0.10501394672907549,0.3808353808353808,2.0,4.0,True,2023
1,26,27,8.0,21.0,2.0,6.0,14.0,15.0,12.0,27.0,4.0,11.0,6.0,8.0,0.05514608209504418,0.4694835680751174,0.09783488948555462,0.38613861386138615,2.0,2.0,True,2023
0,27,26,12.0,27.0,4.0,11.0,6.0,8.0,8.0,21.0,2.0,6.0,14.0,15.0,0.09783488948555462,0.38613861386138615,0.08411686567603535,0.4707259953161593,2.0,2.0,False,2023
0,3,4,11.0,24.0,5.0,11.0,6.0,6.0,13.0,20.0,5.0,6.0,10.0,14.0,0.1412861752080174,0.419811320754717,0.09391816336063982,0.6518987341772152,2.0,2.0,False,2023
1,4,3,13.0,20.0,5.0,6.0,10.0,14.0,11.0,24.0,5.0,11.0,6.0,6.0,0.09391816336063982,0.6518987341772152,0.11302894016641392,0.4188235294117647,2.0,2.0,True,2023
1,28,17,10.0,22.0,4.0,10.0,9.0,9.0,13.0,25.0,4.0,13.0,21.0,28.0,0.10501394672907549,0.3808353808353808,0.08344175688864704,0.5180995475113123,4.0,2.0,False,2023
1,5,29,7.0,23.0,2.0,8.0,4.0,4.0,10.0,17.0,4.0,9.0,5.0,7.0,0.01979847965249871,0.4834123222748815,0.09002688006437964,0.5150115473441108,2.0,3.0,False,2023
0,19,7,9.0,21.0,2.0,6.0,7.0,8.0,11.0,17.0,3.0,7.0,6.0,7.0,0.08084892249678151,0.3627450980392157,0.12697321557328567,0.49887133182844245,2.0,3.0,False,2023
1,7,19,11.0,17.0,3.0,7.0,6.0,7.0,9.0,21.0,2.0,6.0,7.0,8.0,0.12697321557328567,0.49887133182844245,0.06467913799742521,0.36185819070904646,3.0,2.0,True,2023
0,29,5,10.0,17.0,4.0,9.0,5.0,7.0,7.0,23.0,2.0,8.0,4.0,4.0,0.09002688006437964,0.5150115473441108,0.015838783721998966,0.48226950354609927,3.0,2.0,True,2023
1,12,14,15.0,22.0,2.0,10.0,8.0,8.0,11.0,22.0,4.0,10.0,4.0,6.0,0.08387295632751117,0.5545851528384279,0.11513262395291926,0.4343675417661098,2.0,2.0,True,2023
0,14,12,11.0,22.0,4.0,10.0,4.0,6.0,15.0,22.0,2.0,10.0,8.0,8.0,0.11513262395291926,0.4343675417661098,0.10709836506200894,0.5555555555555556,2.0,2.0,False,2023
1,10,18,8.0,14.0,2.0,6.0,9.0,11.0,10.0,21.0,5.0,9.0,6.0,6.0,0.05875633964017849,0.35799522673031026,0.10403055654138389,0.6100217864923747,4.0,2.0,False,2023
0,18,10,10.0,21.0,5.0,9.0,6.0,6.0,8.0,14.0,2.0,6.0,9.0,11.0,0.10403055654138389,0.6100217864923747,0.04700507171214279,0.35714285714285715,2.0,4.0,True,2023
1,2,15,10.0,17.0,3.0,7.0,8.0,9.0,7.0,17.0,3.0,9.0,5.0,5.0,0.15821746592990107,0.5984251968503937,0.14001078317295973,0.41277641277641275,2.0,2.0,True,2023
0,8,16,7.0,14.0,3.0,6.0,6.0,7.0,8.0,16.0,4.0,9.0,6.0,10.0,0.1425682907124559,0.46588235294117647,0.07307161016762034,0.47086247086247085,2.0,3.0,False,2023
0,23,21,10.0,22.0,4.0,11.0,6.0,7.0,10.0,23.0,3.0,7.0,5.0,8.0,0.1496799261326079,0.44768856447688565,0.062072351473316814,0.4430693069306931,2.0,2.0,False,2023
1,16,8,8.0,16.0,4.0,9.0,6.0,10.0,7.0,14.0,3.0,6.0,6.0,7.0,0.07307161016762034,0.47086247086247085,0.1140546325699647,0.4647887323943662,3.0,2.0,True,2023
1,24,20,8.0,12.0,2.0,4.0,6.0,8.0,12.0,21.0,3.0,9.0,5.0,7.0,0.11980013181840261,0.5935251798561151,0.11211648432551098,0.5973741794310722,2.0,2.0,False,2023
1,21,23,10.0,23.0,3.0,7.0,5.0,8.0,10.0,22.0,4.0,11.0,6.0,7.0,0.062072351473316814,0.4430693069306931,0.11974394090608631,0.44660194174757284,2.0,2.0,True,2023
0,15,2,7.0,17.0,3.0,9.0,5.0,5.0,10.0,17.0,3.0,7.0,8.0,9.0,0.14001078317295973,0.41277641277641275,0.16657397274392086,0.599476439790576,2.0,2.0,False,2023
1,0,11,13.0,23.0,6.0,13.0,3.0,3.0,9.0,18.0,5.0,11.0,4.0,4.0,0.12308278742220799,0.4444444444444444,0.08018069148630927,0.6044444444444445,2.0,2.0,True,2023
0,6,22,15.0,31.0,4.0,12.0,4.0,5.0,9.0,15.0,5.0,8.0,6.0,9.0,0.11921315604602736,0.4942528735632184,0.13241028391929904,0.5035294117647059,2.0,2.0,False,2023
1,1,9,10.0,17.0,5.0,11.0,9.0,9.0,14.0,28.0,8.0,13.0,14.0,16.0,0.03876473676391029,0.5011185682326622,0.11622125068760263,0.42289719626168226,5.0,2.0,True,2023
1,22,6,9.0,15.0,5.0,8.0,6.0,9.0,15.0,31.0,4.0,12.0,4.0,5.0,0.13241028391929904,0.5035294117647059,0.09537052483682189,0.49311926605504586,2.0,2.0,True,2023
0,20,24,12.0,21.0,3.0,9.0,5.0,7.0,8.0,12.0,2.0,4.0,6.0,8.0,0.11211648432551098,0.5973741794310722,0.09584010545472209,0.5913978494623656,2.0,2.0,True,2023
0,11,0,9.0,18.0,5.0,11.0,4.0,4.0,13.0,23.0,6.0,13.0,3.0,3.0,0.08018069148630927,0.6044444444444445,0.13846622993776642,0.47368421052631576,2.0,2.0,False,2023
0,9,1,14.0,28.0,8.0,13.0,14.0,16.0,10.0,17.0,5.0,11.0,9.0,9.0,0.11622125068760263,0.42289719626168226,0.07101178941112823,0.5022321428571429,2.0,5.0,False,2023
1,1,26,11.0,19.0,6.0,9.0,3.0,5.0,12.0,21.0,3.0,9.0,7.0,7.0,0.07101178941112823,0.5022321428571429,0.08411686567603535,0.4707259953161593,1.0,1.0,True,2023
1,5,29,10.0,28.0,4.0,9.0,5.0,7.0,11.0,21.0,7.0,12.0,10.0,10.0,0.015838783721998966,0.48226950354609927,0.11202150405150371,0.5161290322580645,1.0,1.0,False,2023
0,29,5,11.0,21.0,7.0,12.0,10.0,10.0,10.0,28.0,4.0,9.0,5.0,7.0,0.11202150405150371,0.5161290322580645,0.012671026977599174,0.4811320754716981,1.0,1.0,True,2023
0,13,25,8.0,15.0,3.0,9.0,6.0,9.0,10.0,19.0,3.0,9.0,9.0,10.0,0.08026900627752431,0.4909090909090909,0.07753760980405841,0.616557734204793,3.0,3.0,False,2023
0,11,7,8.0,18.0,4.0,8.0,6.0,8.0,11.0,27.0,2.0,7.0,10.0,11.0,0.06414455318904741,0.6031042128603105,0.14157857245862854,0.5,1.0,1.0,False,2023
0,26,1,12.0,21.0,3.0,9.0,7.0,7.0,11.0,19.0,6.0,9.0,3.0,5.0,0.08411686567603535,0.4707259953161593,0.09680943152890258,0.5033407572383074,1.0,1.0,False,2023
1,25,13,10.0,19.0,3.0,9.0,9.0,10.0,8.0,15.0,3.0,9.0,6.0,9.0,0.07753760980405841,0.616557734204793,0.06421520502201945,0.4897959183673469,3.0,3.0,True,2023
1,7,11,11.0,27.0,2.0,7.0,10.0,11.0,8.0,18.0,4.0,8.0,6.0,8.0,0.14157857245862854,0.5,0.051315642551237925,0.6017699115044248,1.0,1.0,True,2023
1,24,22,14.0,19.0,2.0,8.0,8.0,12.0,8.0,16.0,3.0,9.0,6.0,6.0,0.09584010545472209,0.5913978494623656,0.14592822713543924,0.5046948356807511,2.0,2.0,True,2023
1,19,3,7.0,15.0,2.0,5.0,6.0,8.0,9.0,23.0,2.0,8.0,12.0,13.0,0.06467913799742521,0.36185819070904646,0.11302894016641392,0.4188235294117647,2.0,2.0,False,2023
0,0,23,9.0,17.0,5.0,11.0,7.0,8.0,8.0,17.0,4.0,7.0,10.0,11.0,0.13846622993776642,0.47368421052631576,0.11974394090608631,0.44660194174757284,2.0,2.0,True,2023
0,16,28,9.0,20.0,3.0,8.0,9.0,11.0,9.0,20.0,3.0,6.0,11.0,12.0,0.09845728813409627,0.4720930232558139,0.0840111573832604,0.3799019607843137,2.0,2.0,True,2023
1,10,18,7.0,17.0,4.0,8.0,5.0,6.0,10.0,14.0,3.0,6.0,8.0,10.0,0.04700507171214279,0.35714285714285715,0.12322444523310712,0.6108695652173913,2.0,2.0,False,2023
0,18,10,10.0,14.0,3.0,6.0,8.0,10.0,7.0,17.0,4.0,8.0,5.0,6.0,0.12322444523310712,0.6108695652173913,0.037604057369714235,0.35629453681710216,2.0,2.0,True,2023
0,13,4,10.0,20.0,3.0,7.0,4.0,9.0,11.0,19.0,7.0,8.0,8.0,10.0,0.06421520502201945,0.4897959183673469,0.11513453068851187,0.6526315789473685,1.0,2.0,False,2023
1,28,16,9.0,20.0,3.0,6.0,11.0,12.0,9.0,20.0,3.0,8.0,9.0,11.0,0.0840111573832604,0.3799019607843137,0.118765830507277,0.4733178654292343,2.0,2.0,False,2023
1,23,0,8.0,17.0,4.0,7.0,10.0,11.0,9.0,17.0,5.0,11.0,7.0,8.0,0.11974394090608631,0.44660194174757284,0.15077298395021313,0.5,2.0,2.0,False,2023
1,9,12,11.0,17.0,2.0,9.0,13.0,13.0,13.0,20.0,4.0,10.0,6.0,6.0,0.0929770005500821,0.4219114219114219,0.10709836506200894,0.5555555555555556,2.0,2.0,False,2023
1,2,14,13.0,23.0,3.0,7.0,8.0,8.0,11.0,19.0,4.0,6.0,8.0,9.0,0.16657397274392086,0.599476439790576,0.0921060991623354,0.43333333333333335,2.0,2.0,True,2023
0,12,9,13.0,20.0,4.0,10.0,6.0,6.0,11.0,17.0,2.0,9.0,13.0,13.0,0.10709836506200894,0.5555555555555556,0.07438160044006567,0.42093023255813955,2.0,2.0,True,2023
0,17,6,11.0,24.0,5.0,10.0,5.0,8.0,12.0,20.0,7.0,10.0,4.0,6.0,0.08344175688864704,0.5180995475113123,0.09537052483682189,0.49311926605504586,2.0,2.0,False,2023
1,6,17,12.0,20.0,7.0,10.0,4.0,6.0,11.0,24.0,5.0,10.0,5.0,8.0,0.09537052483682189,0.49311926605504586,0.06675340551091763,0.5169300225733634,2.0,2.0,True,2023
0,3,19,9.0,23.0,2.0,8.0,12.0,13.0,7.0,15.0,2.0,5.0,6.0,8.0,0.11302894016641392,0.4188235294117647,0.05174331039794017,0.36097560975609755,2.0,2.0,True,2023
0,22,24,8.0,16.0,3.0,9.0,6.0,6.0,14.0,19.0,2.0,8.0,8.0,12.0,0.14592822713543924,0.5046948356807511,0.11667208436377767,0.5928571428571429,2.0,2.0,False,2023
0,14,2,11.0,19.0,4.0,6.0,8.0,9.0,13.0,23.0,3.0,7.0,8.0,8.0,0.0921060991623354,0.43333333333333335,0.1732591781951367,0.6005221932114883,2.0,2.0,False,2023
1,4,13,11.0,19.0,7.0,8.0,8.0,10.0,10.0,20.0,3.0,7.0,4.0,9.0,0.11513453068851187,0.6526315789473685,0.05137216401761556,0.48868778280542985,2.0,1.0,True,2023
1,15,7,12.0,17.0,3.0,5.0,4.0,5.0,17.0,28.0,3.0,7.0,9.0,9.0,0.11200862653836778,0.4117647058823529,0.1532628579669028,0.501123595505618,3.0,2.0,False,2023
0,3,25,7.0,14.0,2.0,8.0,4.0,6.0,8.0,15.0,4.0,6.0,4.0,5.0,0.13042315213313113,0.42018779342723006,0.10203008784324674,0.6173913043478261,1.0,2.0,False,2023
1,25,3,8.0,15.0,4.0,6.0,4.0,5.0,7.0,14.0,2.0,8.0,4.0,6.0,0.10203008784324674,0.6173913043478261,0.1043385217065049,0.41920374707259955,2.0,1.0,True,2023
1,18,9,10.0,20.0,3.0,8.0,12.0,13.0,7.0,14.0,4.0,6.0,5.0,8.0,0.1385795561864857,0.6117136659436009,0.07438160044006567,0.42093023255813955,1.0,1.0,True,2023
1,11,27,12.0,18.0,7.0,11.0,2.0,4.0,9.0,20.0,3.0,6.0,8.0,9.0,0.051315642551237925,0.6017699115044248,0.07826791158844369,0.3851851851851852,2.0,3.0,False,2023
0,23,14,9.0,19.0,2.0,7.0,10.0,11.0,12.0,18.0,6.0,10.0,11.0,11.0,0.09579515272486905,0.44552058111380144,0.07368487932986832,0.4323040380047506,1.0,1.0,False,2023
1,14,23,12.0,18.0,6.0,10.0,11.0,11.0,9.0,19.0,2.0,7.0,10.0,11.0,0.07368487932986832,0.4323040380047506,0.07663612217989524,0.4444444444444444,1.0,1.0,True,2023
0,26,8,7.0,21.0,3.0,7.0,16.0,18.0,11.0,18.0,3.0,8.0,4.0,5.0,0.06729349254082828,0.4696261682242991,0.1140546325699647,0.4647887323943662,2.0,3.0,False,2023
0,27,11,9.0,20.0,3.0,6.0,8.0,9.0,12.0,18.0,7.0,11.0,2.0,4.0,0.07826791158844369,0.3851851851851852,0.04105251404099034,0.6004415011037527,3.0,2.0,True,2023
0,9,18,7.0,14.0,4.0,6.0,5.0,8.0,10.0,20.0,3.0,8.0,12.0,13.0,0.07438160044006567,0.42093023255813955,0.15086364494918855,0.6125541125541125,1.0,1.0,False,2023
1,8,26,11.0,18.0,3.0,8.0,4.0,5.0,7.0,21.0,3.0,7.0,16.0,18.0,0.1140546325699647,0.4647887323943662,0.05383479403266263,0.46853146853146854,3.0,2.0,True,2023
1,29,22,10.0,22.0,3.0,10.0,7.0,10.0,10.0,22.0,4.0,8.0,6.0,6.0,0.12961720324120296,0.5172413793103449,0.11674258170835139,0.5035128805620609,2.0,1.0,False,2023
0,10,6,10.0,17.0,4.0,6.0,5.0,10.0,19.0,24.0,3.0,8.0,5.0,5.0,0.037604057369714235,0.35629453681710216,0.11629641986945752,0.494279176201373,1.0,1.0,False,2023
0,21,2,11.0,18.0,4.0,6.0,3.0,4.0,15.0,28.0,6.0,14.0,2.0,3.0,0.08965788117865345,0.4444444444444444,0.1732591781951367,0.6005221932114883,3.0,1.0,False,2023
1,2,21,15.0,28.0,6.0,14.0,2.0,3.0,11.0,18.0,4.0,6.0,3.0,4.0,0.1732591781951367,0.6005221932114883,0.07172630494292276,0.4433497536945813,1.0,3.0,True,2023
0,22,29,10.0,22.0,4.0,8.0,6.0,6.0,10.0,22.0,3.0,10.0,7.0,10.0,0.11674258170835139,0.5035128805620609,0.10369376259296237,0.5160550458715596,1.0,2.0,True,2023
1,6,10,19.0,24.0,3.0,8.0,5.0,5.0,10.0,17.0,4.0,6.0,5.0,10.0,0.11629641986945752,0.494279176201373,0.03008324589577139,0.35545023696682465,1.0,1.0,True,2023
1,20,1,11.0,17.0,4.0,8.0,9.0,10.0,7.0,15.0,4.0,7.0,6.0,8.0,0.12969318746040878,0.5982532751091703,0.09680943152890258,0.5033407572383074,3.0,2.0,True,2023
0,1,20,7.0,15.0,4.0,7.0,6.0,8.0,11.0,17.0,4.0,8.0,9.0,10.0,0.09680943152890258,0.5033407572383074,0.14375454996832704,0.599128540305011,2.0,3.0,False,2023
0,7,15,17.0,28.0,3.0,7.0,9.0,9.0,12.0,17.0,3.0,5.0,4.0,5.0,0.1532628579669028,0.501123595505618,0.08960690123069423,0.41075794621026895,2.0,3.0,True,2023
1,17,24,13.0,24.0,9.0,16.0,3.0,4.0,10.0,23.0,4.0,7.0,8.0,10.0,0.06675340551091763,0.5169300225733634,0.11667208436377767,0.5928571428571429,2.0,2.0,False,2023
1,19,28,6.0,13.0,5.0,9.0,4.0,6.0,14.0,24.0,6.0,13.0,6.0,8.0,0.05174331039794017,0.36097560975609755,0.06720892590660832,0.37897310513447435,2.0,2.0,False,2023
0,24,17,10.0,23.0,4.0,7.0,8.0,10.0,13.0,24.0,9.0,16.0,3.0,4.0,0.11667208436377767,0.5928571428571429,0.0534027244087341,0.5157657657657657,2.0,2.0,True,2023
0,0,13,11.0,24.0,5.0,14.0,5.0,6.0,14.0,27.0,5.0,11.0,9.0,15.0,0.15077298395021313,0.5,0.05137216401761556,0.48868778280542985,2.0,2.0,False,2023
1,13,0,14.0,27.0,5.0,11.0,9.0,15.0,11.0,24.0,5.0,14.0,5.0,6.0,0.05137216401761556,0.48868778280542985,0.12061838716017051,0.47619047619047616,2.0,2.0,True,2023
0,28,19,14.0,24.0,6.0,13.0,6.0,8.0,6.0,13.0,5.0,9.0,4.0,6.0,0.06720892590660832,0.37897310513447435,0.041394648318352135,0.36009732360097324,2.0,2.0,True,2023
0,25,8,12.0,20.0,6.0,11.0,5.0,7.0,12.0,17.0,6.0,12.0,9.0,12.0,0.12162407027459739,0.6182212581344902,0.13124370605597177,0.46604215456674475,2.0,2.0,False,2023
1,28,4,8.0,24.0,2.0,8.0,8.0,9.0,13.0,25.0,2.0,8.0,9.0,12.0,0.09376714072528666,0.3804878048780488,0.1321076245508095,0.6533613445378151,1.0,3.0,False,2023
0,5,26,7.0,22.0,4.0,13.0,8.0,9.0,11.0,18.0,3.0,7.0,6.0,6.0,0.012671026977599174,0.4811320754716981,0.05383479403266263,0.46853146853146854,4.0,2.0,False,2023
1,26,5,11.0,18.0,3.0,7.0,6.0,6.0,7.0,22.0,4.0,13.0,8.0,9.0,0.05383479403266263,0.46853146853146854,0.010136821582079339,0.48,2.0,4.0,True,2023
1,10,9,8.0,17.0,2.0,6.0,7.0,9.0,12.0,23.0,3.0,11.0,4.0,5.0,0.03008324589577139,0.35545023696682465,0.059505280352052534,0.419953596287703,2.0,2.0,False,2023
0,4,28,13.0,25.0,2.0,8.0,9.0,12.0,8.0,24.0,2.0,8.0,8.0,9.0,0.1321076245508095,0.6533613445378151,0.07501371258022933,0.3795620437956204,3.0,1.0,True,2023
1,7,27,20.0,25.0,6.0,7.0,8.0,9.0,11.0,17.0,2.0,6.0,7.0,8.0,0.16261028637352226,0.5022421524663677,0.10261432927075495,0.3866995073891626,2.0,2.0,True,2023
0,22,15,8.0,17.0,4.0,8.0,10.0,11.0,7.0,13.0,3.0,9.0,9.0,10.0,0.1333940653666811,0.5046728971962616,0.08960690123069423,0.41075794621026895,2.0,2.0,False,2023
1,15,22,7.0,13.0,3.0,9.0,9.0,10.0,8.0,17.0,4.0,8.0,10.0,11.0,0.08960690123069423,0.41075794621026895,0.10671525229334489,0.5034965034965035,2.0,2.0,True,2023
0,24,11,7.0,19.0,2.0,7.0,12.0,13.0,10.0,18.0,5.0,9.0,8.0,11.0,0.13333766749102213,0.594306049822064,0.04105251404099034,0.6004415011037527,1.0,2.0,False,2023
1,11,24,10.0,18.0,5.0,9.0,8.0,11.0,7.0,19.0,2.0,7.0,12.0,13.0,0.04105251404099034,0.6004415011037527,0.1066701339928177,0.5921985815602837,2.0,1.0,True,2023
0,27,7,11.0,17.0,2.0,6.0,7.0,8.0,20.0,25.0,6.0,7.0,8.0,9.0,0.10261432927075495,0.3866995073891626,0.1700882290988178,0.5033557046979866,2.0,2.0,False,2023
0,9,10,12.0,23.0,3.0,11.0,4.0,5.0,8.0,17.0,2.0,6.0,7.0,9.0,0.059505280352052534,0.419953596287703,0.024066596716617112,0.3546099290780142,2.0,2.0,True,2023
1,29,17,12.0,18.0,6.0,8.0,8.0,9.0,10.0,23.0,3.0,7.0,5.0,6.0,0.10369376259296237,0.5160550458715596,0.0534027244087341,0.5157657657657657,2.0,1.0,True,2023
0,16,23,8.0,20.0,3.0,5.0,6.0,11.0,10.0,19.0,4.0,10.0,7.0,7.0,0.118765830507277,0.4733178654292343,0.07663612217989524,0.4444444444444444,3.0,2.0,False,2023
1,8,25,12.0,17.0,6.0,12.0,9.0,12.0,12.0,20.0,6.0,11.0,5.0,7.0,0.13124370605597177,0.46604215456674475,0.09729925621967792,0.6168831168831169,2.0,2.0,True,2023
0,17,29,10.0,23.0,3.0,7.0,5.0,6.0,12.0,18.0,6.0,8.0,8.0,9.0,0.0534027244087341,0.5157657657657657,0.12295501007436989,0.517162471395881,1.0,2.0,False,2023
1,20,1,9.0,15.0,4.0,7.0,4.0,7.0,8.0,18.0,5.0,7.0,4.0,5.0,0.14375454996832704,0.599128540305011,0.07744754522312206,0.5022222222222222,2.0,2.0,True,2023
0,1,20,8.0,18.0,5.0,7.0,4.0,5.0,9.0,15.0,4.0,7.0,4.0,7.0,0.07744754522312206,0.5022222222222222,0.15500363997466163,0.6,2.0,2.0,False,2023
0,18,3,6.0,16.0,2.0,4.0,7.0,9.0,9.0,16.0,5.0,7.0,3.0,4.0,0.15086364494918855,0.6125541125541125,0.1043385217065049,0.41920374707259955,2.0,2.0,False,2023
1,6,14,13.0,21.0,4.0,6.0,11.0,11.0,10.0,25.0,2.0,8.0,9.0,14.0,0.133037135895566,0.4954337899543379,0.09894790346389468,0.43364928909952605,2.0,2.0,True,2023
0,14,6,10.0,25.0,2.0,8.0,9.0,14.0,13.0,21.0,4.0,6.0,11.0,11.0,0.09894790346389468,0.43364928909952605,0.1464297087164528,0.49658314350797267,2.0,2.0,False,2023
1,2,12,15.0,25.0,8.0,12.0,11.0,12.0,10.0,19.0,5.0,10.0,4.0,4.0,0.17860734255610936,0.6015625,0.12567869204960716,0.5565217391304348,2.0,3.0,True,2023
0,12,2,10.0,19.0,5.0,10.0,4.0,4.0,15.0,25.0,8.0,12.0,11.0,12.0,0.12567869204960716,0.5565217391304348,0.1828858740448875,0.6025974025974026,3.0,2.0,False,2023
1,3,18,9.0,16.0,5.0,7.0,3.0,4.0,6.0,16.0,2.0,4.0,7.0,9.0,0.1043385217065049,0.41920374707259955,0.12069091595935084,0.6112311015118791,2.0,2.0,True,2023
1,23,16,10.0,19.0,4.0,10.0,7.0,7.0,8.0,20.0,3.0,5.0,6.0,11.0,0.07663612217989524,0.4444444444444444,0.0950126644058216,0.4722222222222222,2.0,3.0,True,2023
0,13,19,13.0,25.0,7.0,14.0,4.0,6.0,10.0,15.0,5.0,7.0,5.0,6.0,0.08109773121409244,0.4898419864559819,0.041394648318352135,0.36009732360097324,2.0,2.0,False,2023
1,19,13,10.0,15.0,5.0,7.0,5.0,6.0,13.0,25.0,7.0,14.0,4.0,6.0,0.041394648318352135,0.36009732360097324,0.06487818497127396,0.48873873873873874,2.0,2.0,True,2023
0,25,6,8.0,16.0,2.0,7.0,9.0,11.0,10.0,17.0,5.0,7.0,5.0,7.0,0.09729925621967792,0.6168831168831169,0.1464297087164528,0.49658314350797267,2.0,2.0,False,2023
1,7,1,15.0,25.0,4.0,7.0,7.0,10.0,8.0,24.0,3.0,7.0,12.0,16.0,0.1700882290988178,0.5033557046979866,0.06195803617849764,0.5011086474501109,2.0,2.0,False,2023
0,18,16,13.0,26.0,5.0,8.0,8.0,9.0,10.0,28.0,2.0,8.0,6.0,8.0,0.12069091595935084,0.6112311015118791,0.0950126644058216,0.4722222222222222,2.0,2.0,False,2023
1,16,18,10.0,28.0,2.0,8.0,6.0,8.0,13.0,26.0,5.0,8.0,8.0,9.0,0.0950126644058216,0.4722222222222222,0.09655273276748068,0.6099137931034483,2.0,2.0,True,2023
1,4,29,16.0,23.0,6.0,12.0,8.0,11.0,18.0,27.0,3.0,6.0,6.0,7.0,0.14568609964064758,0.6540880503144654,0.12295501007436989,0.517162471395881,2.0,2.0,False,2023
0,1,7,8.0,24.0,3.0,7.0,12.0,16.0,15.0,25.0,4.0,7.0,7.0,10.0,0.06195803617849764,0.5011086474501109,0.13607058327905425,0.5022321428571429,2.0,2.0,True,2023
0,22,11,7.0,16.0,3.0,9.0,7.0,9.0,8.0,15.0,5.0,11.0,8.0,8.0,0.10671525229334489,0.5034965034965035,0.07284201123279227,0.6013215859030837,2.0,2.0,False,2023
0,8,5,9.0,15.0,5.0,12.0,12.0,13.0,9.0,23.0,5.0,12.0,4.0,5.0,0.14499496484477742,0.4672897196261682,0.010136821582079339,0.48,2.0,2.0,True,2023
1,5,8,9.0,23.0,5.0,12.0,4.0,5.0,9.0,15.0,5.0,12.0,12.0,13.0,0.010136821582079339,0.48,0.15599597187582195,0.46853146853146854,2.0,2.0,False,2023
1,21,14,9.0,21.0,5.0,11.0,7.0,9.0,12.0,24.0,4.0,8.0,11.0,13.0,0.07172630494292276,0.4433497536945813,0.07915832277111574,0.4326241134751773,4.0,2.0,True,2023
1,11,22,8.0,15.0,5.0,11.0,8.0,8.0,7.0,16.0,3.0,9.0,7.0,9.0,0.07284201123279227,0.6013215859030837,0.0853722018346759,0.5023255813953489,2.0,2.0,True,2023
1,0,27,11.0,21.0,7.0,13.0,5.0,5.0,9.0,18.0,3.0,7.0,8.0,9.0,0.12061838716017051,0.47619047619047616,0.08209146341660396,0.3857493857493858,3.0,2.0,True,2023
0,29,4,18.0,27.0,3.0,6.0,6.0,7.0,16.0,23.0,6.0,12.0,8.0,11.0,0.12295501007436989,0.517162471395881,0.11654887971251807,0.6527196652719666,2.0,2.0,True,2023
1,3,10,12.0,21.0,7.0,11.0,4.0,4.0,10.0,17.0,3.0,4.0,2.0,4.0,0.12347081736520393,0.4205607476635514,0.024066596716617112,0.3546099290780142,2.0,2.0,True,2023
0,27,0,9.0,18.0,3.0,7.0,8.0,9.0,11.0,21.0,7.0,13.0,5.0,5.0,0.08209146341660396,0.3857493857493858,0.1364947097281364,0.5,2.0,3.0,False,2023
0,20,9,10.0,15.0,3.0,6.0,4.0,5.0,13.0,22.0,4.0,7.0,4.0,6.0,0.15500363997466163,0.6,0.08760422428164202,0.4212962962962963,2.0,2.0,False,2023
0,12,2,12.0,21.0,6.0,10.0,8.0,9.0,12.0,23.0,5.0,11.0,8.0,9.0,0.10054295363968573,0.5553145336225597,0.1828858740448875,0.6025974025974026,2.0,2.0,True,2023
1,2,12,12.0,23.0,5.0,11.0,8.0,9.0,12.0,21.0,6.0,10.0,8.0,9.0,0.1828858740448875,0.6025974025974026,0.12043436291174858,0.5562770562770563,2.0,2.0,False,2023
1,6,25,10.0,17.0,5.0,7.0,5.0,7.0,8.0,16.0,2.0,7.0,9.0,11.0,0.1464297087164528,0.49658314350797267,0.07783940497574234,0.6155507559395248,2.0,2.0,True,2023
0,14,21,12.0,24.0,4.0,8.0,11.0,13.0,9.0,21.0,5.0,11.0,7.0,9.0,0.07915832277111574,0.4326241134751773,0.0973810439543382,0.44471744471744473,2.0,4.0,False,2023
0,10,3,10.0,17.0,3.0,4.0,2.0,4.0,12.0,21.0,7.0,11.0,4.0,4.0,0.024066596716617112,0.3546099290780142,0.13877665389216315,0.4219114219114219,2.0,2.0,False,2023
1,9,20,13.0,22.0,4.0,7.0,4.0,6.0,10.0,15.0,3.0,6.0,4.0,5.0,0.08760422428164202,0.4212962962962963,0.1240029119797293,0.5986984815618221,2.0,2.0,True,2023
1,11,17,10.0,26.0,4.0,9.0,9.0,9.0,15.0,25.0,7.0,12.0,11.0,14.0,0.09827360898623383,0.6021978021978022,0.04272217952698728,0.5146067415730337,1.0,3.0,False,2023
1,25,10,12.0,17.0,3.0,8.0,7.0,8.0,7.0,10.0,4.0,5.0,6.0,6.0,0.07783940497574234,0.6155507559395248,0.01925327737329369,0.35377358490566035,1.0,1.0,True,2023
0,13,28,11.0,21.0,8.0,13.0,4.0,4.0,8.0,15.0,3.0,8.0,7.0,10.0,0.06487818497127396,0.48873873873873874,0.07501371258022933,0.3795620437956204,2.0,3.0,True,2023
0,10,25,7.0,10.0,4.0,5.0,6.0,6.0,12.0,17.0,3.0,8.0,7.0,8.0,0.01925327737329369,0.35377358490566035,0.10227152398059387,0.6163793103448276,1.0,1.0,False,2023
0,4,21,9.0,18.0,3.0,5.0,5.0,6.0,10.0,21.0,2.0,7.0,11.0,12.0,0.11654887971251807,0.6527196652719666,0.0973810439543382,0.44471744471744473,1.0,1.0,True,2023
1,23,26,10.0,22.0,2.0,6.0,7.0,8.0,10.0,17.0,3.0,7.0,12.0,12.0,0.10130889774391619,0.4457831325301205,0.08306783522613011,0.4697674418604651,3.0,3.0,False,2023
0,17,11,15.0,25.0,7.0,12.0,11.0,14.0,10.0,26.0,4.0,9.0,9.0,9.0,0.04272217952698728,0.5146067415730337,0.07861888718898706,0.6008771929824561,3.0,1.0,True,2023
1,24,15,6.0,13.0,4.0,6.0,5.0,5.0,10.0,15.0,3.0,8.0,4.0,5.0,0.1066701339928177,0.5921985815602837,0.11168552098455539,0.4121951219512195,3.0,3.0,False,2023
0,15,24,10.0,15.0,3.0,8.0,4.0,5.0,6.0,13.0,4.0,6.0,5.0,5.0,0.11168552098455539,0.4121951219512195,0.08533610719425416,0.5901060070671378,3.0,3.0,True,2023
1,0,1,14.0,21.0,8.0,17.0,3.0,5.0,6.0,19.0,1.0,9.0,7.0,7.0,0.1364947097281364,0.5,0.08956642894279812,0.5022123893805309,1.0,1.0,True,2023
1,28,13,8.0,15.0,3.0,8.0,7.0,10.0,11.0,21.0,8.0,13.0,4.0,4.0,0.07501371258022933,0.3795620437956204,0.09190254797701916,0.4898876404494382,3.0,2.0,False,2023
0,1,0,6.0,19.0,1.0,9.0,7.0,7.0,14.0,21.0,8.0,17.0,3.0,5.0,0.08956642894279812,0.5022123893805309,0.14919576778250912,0.5217391304347826,1.0,1.0,False,2023
1,21,4,10.0,21.0,2.0,7.0,11.0,12.0,9.0,18.0,3.0,5.0,5.0,6.0,0.0973810439543382,0.44471744471744473,0.13323910377001444,0.6534446764091858,1.0,1.0,False,2023
0,26,23,10.0,17.0,3.0,7.0,12.0,12.0,10.0,22.0,2.0,6.0,7.0,8.0,0.08306783522613011,0.4697674418604651,0.08104711819513295,0.44471153846153844,3.0,3.0,True,2023
1,14,29,11.0,25.0,4.0,8.0,5.0,6.0,22.0,30.0,4.0,7.0,9.0,9.0,0.0633266582168926,0.43160377358490565,0.13836400805949592,0.5182648401826484,2.0,2.0,False,2023
0,29,14,22.0,30.0,4.0,7.0,9.0,9.0,11.0,25.0,4.0,8.0,5.0,6.0,0.13836400805949592,0.5182648401826484,0.050661326573514076,0.43058823529411766,2.0,2.0,True,2023
1,5,7,11.0,23.0,2.0,6.0,4.0,6.0,10.0,16.0,6.0,7.0,5.0,5.0,0.00810945726566347,0.4788732394366197,0.13607058327905425,0.5022321428571429,2.0,2.0,False,2023
0,7,5,10.0,16.0,6.0,7.0,5.0,5.0,11.0,23.0,2.0,6.0,4.0,6.0,0.13607058327905425,0.5022321428571429,0.006487565812530777,0.477751756440281,2.0,2.0,True,2023
1,15,27,8.0,18.0,3.0,11.0,6.0,6.0,16.0,28.0,3.0,9.0,6.0,7.0,0.12934841678764433,0.41362530413625304,0.06567317073328317,0.38480392156862747,1.0,2.0,True,2023
0,27,15,16.0,28.0,3.0,9.0,6.0,7.0,8.0,18.0,3.0,11.0,6.0,6.0,0.06567317073328317,0.38480392156862747,0.14347873343011547,0.41504854368932037,2.0,1.0,False,2023
1,17,22,9.0,21.0,5.0,10.0,7.0,7.0,10.0,17.0,4.0,9.0,4.0,4.0,0.07417774362158983,0.515695067264574,0.0853722018346759,0.5023255813953489,1.0,2.0,True,2023
0,22,17,10.0,17.0,4.0,9.0,4.0,4.0,9.0,21.0,5.0,10.0,7.0,7.0,0.0853722018346759,0.5023255813953489,0.09934219489727185,0.5167785234899329,2.0,1.0,False,2023
0,3,28,8.0,22.0,3.0,11.0,5.0,6.0,7.0,19.0,2.0,7.0,7.0,8.0,0.13877665389216315,0.4219114219114219,0.06001097006418347,0.3786407766990291,2.0,1.0,False,2023
1,8,20,12.0,19.0,8.0,11.0,8.0,11.0,13.0,19.0,3.0,8.0,5.0,9.0,0.15599597187582195,0.46853146853146854,0.1240029119797293,0.5986984815618221,2.0,2.0,True,2023
0,20,8,13.0,19.0,3.0,8.0,5.0,9.0,12.0,19.0,8.0,11.0,8.0,11.0,0.1240029119797293,0.5986984815618221,0.16479677750065752,0.4697674418604651,2.0,2.0,False,2023
1,19,16,7.0,16.0,3.0,6.0,9.0,12.0,12.0,23.0,5.0,10.0,6.0,8.0,0.07311571865468171,0.3616504854368932,0.11601013152465729,0.47344110854503463,3.0,2.0,False,2023
0,16,19,12.0,23.0,5.0,10.0,6.0,8.0,7.0,16.0,3.0,6.0,9.0,12.0,0.11601013152465729,0.47344110854503463,0.058492574923745363,0.36077481840193704,2.0,3.0,True,2023
1,6,2,13.0,24.0,3.0,8.0,5.0,6.0,10.0,20.0,5.0,9.0,9.0,11.0,0.15714376697316224,0.49772727272727274,0.14630869923591,0.6010362694300518,2.0,2.0,False,2023
0,2,6,10.0,20.0,5.0,9.0,9.0,11.0,13.0,24.0,3.0,8.0,5.0,6.0,0.14630869923591,0.6010362694300518,0.1257150135785298,0.4965986394557823,2.0,2.0,True,2023
1,28,3,7.0,19.0,2.0,7.0,7.0,8.0,8.0,22.0,3.0,11.0,5.0,6.0,0.06001097006418347,0.3786407766990291,0.11102132311373052,0.42093023255813955,1.0,2.0,True,2023
1,1,18,9.0,20.0,4.0,8.0,9.0,10.0,12.0,21.0,7.0,11.0,14.0,17.0,0.0716531431542385,0.5011037527593819,0.09655273276748068,0.6099137931034483,2.0,3.0,True,2023
0,2,25,11.0,24.0,5.0,10.0,4.0,5.0,9.0,20.0,3.0,6.0,9.0,13.0,0.15704695938872798,0.6020671834625323,0.10227152398059387,0.6163793103448276,1.0,2.0,True,2023
1,10,4,8.0,18.0,2.0,6.0,12.0,15.0,12.0,21.0,3.0,8.0,8.0,11.0,0.015402621898634953,0.35294117647058826,0.13323910377001444,0.6534446764091858,2.0,2.0,False,2023
0,4,10,12.0,21.0,3.0,8.0,8.0,11.0,8.0,18.0,2.0,6.0,12.0,15.0,0.13323910377001444,0.6534446764091858,0.012322097518907962,0.352112676056338,2.0,2.0,True,2023
0,12,16,8.0,20.0,4.0,11.0,5.0,8.0,10.0,22.0,3.0,11.0,5.0,5.0,0.12043436291174858,0.5562770562770563,0.13280810521972583,0.47465437788018433,3.0,1.0,False,2023
1,25,2,9.0,20.0,3.0,6.0,9.0,13.0,11.0,24.0,5.0,10.0,4.0,5.0,0.10227152398059387,0.6163793103448276,0.1656375675109824,0.6030927835051546,2.0,1.0,False,2023
0,18,1,12.0,21.0,7.0,11.0,14.0,17.0,9.0,20.0,4.0,8.0,9.0,10.0,0.09655273276748068,0.6099137931034483,0.0973225145233908,0.5022026431718062,3.0,2.0,False,2023
1,16,12,10.0,22.0,3.0,11.0,5.0,5.0,8.0,20.0,4.0,11.0,5.0,8.0,0.13280810521972583,0.47465437788018433,0.09634749032939886,0.5550755939524838,1.0,3.0,True,2023
0,22,0,13.0,21.0,5.0,13.0,6.0,8.0,10.0,23.0,8.0,16.0,4.0,5.0,0.06829776146774072,0.5011600928074246,0.14919576778250912,0.5217391304347826,1.0,2.0,True,2023
0,26,9,10.0,22.0,3.0,6.0,15.0,15.0,10.0,21.0,5.0,10.0,10.0,11.0,0.10645426818090409,0.4709976798143852,0.11008337942531363,0.4226327944572748,2.0,3.0,True,2023
1,9,26,10.0,21.0,5.0,10.0,10.0,11.0,10.0,22.0,3.0,6.0,15.0,15.0,0.11008337942531363,0.4226327944572748,0.12516341454472327,0.4722222222222222,3.0,2.0,False,2023
0,24,21,8.0,15.0,4.0,8.0,3.0,6.0,11.0,23.0,4.0,10.0,4.0,6.0,0.08533610719425416,0.5901060070671378,0.07790483516347056,0.44362745098039214,2.0,2.0,True,2023
0,7,13,9.0,16.0,3.0,9.0,4.0,4.0,12.0,20.0,5.0,9.0,6.0,7.0,0.1488564666232434,0.5033407572383074,0.09190254797701916,0.4898876404494382,1.0,2.0,False,2023
1,13,7,12.0,20.0,5.0,9.0,6.0,7.0,9.0,16.0,3.0,9.0,4.0,4.0,0.09190254797701916,0.4898876404494382,0.11908517329859472,0.5022222222222222,2.0,1.0,True,2023
1,21,24,11.0,23.0,4.0,10.0,4.0,6.0,8.0,15.0,4.0,8.0,3.0,6.0,0.07790483516347056,0.44362745098039214,0.10826888575540335,0.5915492957746479,2.0,2.0,False,2023
1,0,22,10.0,23.0,8.0,16.0,4.0,5.0,13.0,21.0,5.0,13.0,6.0,8.0,0.14919576778250912,0.5217391304347826,0.09463820917419259,0.5023148148148148,2.0,1.0,False,2023
0,13,20,7.0,17.0,6.0,10.0,9.0,12.0,10.0,15.0,5.0,10.0,7.0,9.0,0.11352203838161531,0.4910313901345291,0.09920232958378344,0.5974025974025974,1.0,2.0,True,2023
0,29,3,8.0,17.0,2.0,6.0,4.0,5.0,17.0,27.0,4.0,8.0,5.0,5.0,0.15069120644759673,0.5193621867881549,0.11102132311373052,0.42093023255813955,2.0,2.0,False,2023
1,3,29,17.0,27.0,4.0,8.0,5.0,5.0,8.0,17.0,2.0,6.0,4.0,5.0,0.11102132311373052,0.42093023255813955,0.12055296515807738,0.5181818181818182,2.0,2.0,True,2023
1,20,13,10.0,15.0,5.0,10.0,7.0,9.0,7.0,17.0,6.0,10.0,9.0,12.0,0.09920232958378344,0.5974025974025974,0.13081763070529226,0.49217002237136465,2.0,1.0,False,2023
1,12,19,12.0,17.0,3.0,8.0,8.0,8.0,12.0,16.0,7.0,10.0,5.0,5.0,0.09634749032939886,0.5550755939524838,0.058492574923745363,0.36077481840193704,1.0,2.0,False,2023
0,19,12,12.0,16.0,7.0,10.0,5.0,5.0,12.0,17.0,3.0,8.0,8.0,8.0,0.058492574923745363,0.36077481840193704,0.0770779922635191,0.5538793103448276,2.0,1.0,True,2023
1,8,19,11.0,16.0,4.0,9.0,7.0,11.0,9.0,17.0,5.0,10.0,3.0,4.0,0.16479677750065752,0.4697674418604651,0.08679405993899628,0.36231884057971014,3.0,1.0,True,2023
1,10,24,9.0,19.0,2.0,6.0,13.0,14.0,7.0,20.0,4.0,9.0,4.0,8.0,0.012322097518907962,0.352112676056338,0.10826888575540335,0.5915492957746479,2.0,2.0,True,2023
0,2,7,9.0,24.0,3.0,8.0,5.0,6.0,8.0,17.0,4.0,6.0,8.0,10.0,0.1656375675109824,0.6030927835051546,0.11908517329859472,0.5022222222222222,2.0,2.0,True,2023
0,0,11,10.0,25.0,4.0,13.0,12.0,13.0,9.0,20.0,4.0,9.0,8.0,10.0,0.1193566142260073,0.5,0.07861888718898706,0.6008771929824561,2.0,4.0,False,2023
0,24,10,7.0,20.0,4.0,9.0,4.0,8.0,9.0,19.0,2.0,6.0,13.0,14.0,0.10826888575540335,0.5915492957746479,0.04985767801512637,0.35362997658079626,2.0,2.0,False,2023
1,25,29,10.0,20.0,3.0,12.0,6.0,6.0,6.0,16.0,2.0,7.0,10.0,10.0,0.0818172191844751,0.6150537634408603,0.12055296515807738,0.5181818181818182,2.0,1.0,True,2023
0,9,28,9.0,20.0,2.0,10.0,6.0,8.0,10.0,19.0,6.0,12.0,8.0,8.0,0.0880667035402509,0.4216589861751152,0.08800877605134676,0.3801452784503632,2.0,3.0,False,2023
1,11,0,9.0,20.0,4.0,9.0,8.0,10.0,10.0,25.0,4.0,13.0,12.0,13.0,0.07861888718898706,0.6008771929824561,0.09548529138080583,0.48,4.0,2.0,True,2023
1,7,2,8.0,17.0,4.0,6.0,8.0,10.0,9.0,24.0,3.0,8.0,5.0,6.0,0.11908517329859472,0.5022222222222222,0.17251005400878588,0.6041131105398457,2.0,2.0,False,2023
0,29,25,6.0,16.0,2.0,7.0,10.0,10.0,10.0,20.0,3.0,12.0,6.0,6.0,0.12055296515807738,0.5181818181818182,0.10545377534758008,0.6158798283261803,1.0,2.0,False,2023
0,21,6,13.0,24.0,3.0,7.0,3.0,8.0,14.0,24.0,3.0,7.0,4.0,6.0,0.06232386813077645,0.44254278728606355,0.1257150135785298,0.4965986394557823,2.0,3.0,False,2023
0,15,4,9.0,19.0,3.0,7.0,6.0,7.0,12.0,23.0,2.0,7.0,9.0,10.0,0.14347873343011547,0.41504854368932037,0.14659128301601157,0.6541666666666667,3.0,2.0,False,2023
1,16,26,9.0,19.0,5.0,12.0,8.0,10.0,5.0,14.0,3.0,6.0,17.0,19.0,0.14624648417578068,0.47586206896551725,0.12516341454472327,0.4722222222222222,2.0,2.0,True,2023
1,27,14,11.0,21.0,5.0,9.0,5.0,6.0,8.0,18.0,2.0,6.0,12.0,16.0,0.052538536586626536,0.38386308068459657,0.050661326573514076,0.43058823529411766,3.0,3.0,True,2023
0,14,27,8.0,18.0,2.0,6.0,12.0,16.0,11.0,21.0,5.0,9.0,5.0,6.0,0.050661326573514076,0.43058823529411766,0.08203082926930122,0.3853658536585366,3.0,3.0,False,2023
1,6,21,14.0,24.0,3.0,7.0,4.0,6.0,13.0,24.0,3.0,7.0,3.0,8.0,0.1257150135785298,0.4965986394557823,0.04985909450462116,0.44146341463414634,3.0,2.0,True,2023
0,19,8,9.0,17.0,5.0,10.0,3.0,4.0,11.0,16.0,4.0,9.0,7.0,11.0,0.08679405993899628,0.36231884057971014,0.17183742200052604,0.4709976798143852,1.0,3.0,False,2023
0,26,16,5.0,14.0,3.0,6.0,17.0,19.0,9.0,19.0,5.0,12.0,8.0,10.0,0.12516341454472327,0.4722222222222222,0.15699718734062454,0.47706422018348627,2.0,2.0,False,2023
0,22,23,9.0,16.0,7.0,11.0,3.0,6.0,9.0,18.0,4.0,9.0,9.0,10.0,0.09463820917419259,0.5023148148148148,0.08104711819513295,0.44471153846153844,2.0,4.0,False,2023
1,28,9,10.0,19.0,6.0,12.0,8.0,8.0,9.0,20.0,2.0,10.0,6.0,8.0,0.08800877605134676,0.3801452784503632,0.07045336283220072,0.4206896551724138,3.0,2.0,True,2023
1,23,22,9.0,18.0,4.0,9.0,9.0,10.0,9.0,16.0,7.0,11.0,3.0,6.0,0.08104711819513295,0.44471153846153844,0.07571056733935408,0.5011547344110855,4.0,2.0,True,2023
1,4,15,12.0,23.0,2.0,7.0,9.0,10.0,9.0,19.0,3.0,7.0,6.0,7.0,0.14659128301601157,0.6541666666666667,0.11478298674409237,0.41404358353510895,2.0,3.0,True,2023
0,1,5,9.0,17.0,4.0,7.0,4.0,4.0,14.0,21.0,3.0,9.0,4.0,4.0,0.0973225145233908,0.5022026431718062,0.006487565812530777,0.477751756440281,3.0,4.0,False,2023
1,12,24,14.0,21.0,4.0,8.0,4.0,5.0,10.0,20.0,5.0,11.0,4.0,4.0,0.0770779922635191,0.5538793103448276,0.08661510860432267,0.5894736842105263,2.0,1.0,True,2023
1,17,20,12.0,22.0,9.0,17.0,7.0,7.0,14.0,25.0,3.0,10.0,4.0,6.0,0.09934219489727185,0.5167785234899329,0.07936186366702676,0.5961123110151187,4.0,2.0,False,2023
0,20,17,14.0,25.0,3.0,10.0,4.0,6.0,12.0,22.0,9.0,17.0,7.0,7.0,0.07936186366702676,0.5961123110151187,0.07947375591781748,0.515625,2.0,4.0,True,2023
0,24,12,10.0,20.0,5.0,11.0,4.0,4.0,14.0,21.0,4.0,8.0,4.0,5.0,0.08661510860432267,0.5894736842105263,0.10166239381081528,0.5548387096774193,1.0,2.0,False,2023
1,5,1,14.0,21.0,3.0,9.0,4.0,4.0,9.0,17.0,4.0,7.0,4.0,4.0,0.006487565812530777,0.477751756440281,0.07785801161871264,0.5010989010989011,4.0,3.0,True,2023
0,25,10,13.0,27.0,4.0,10.0,8.0,9.0,12.0,15.0,3.0,5.0,8.0,8.0,0.10545377534758008,0.6158798283261803,0.04985767801512637,0.35362997658079626,2.0,2.0,False,2023
1,16,19,8.0,20.0,3.0,7.0,4.0,7.0,6.0,15.0,3.0,6.0,5.0,6.0,0.15699718734062454,0.47706422018348627,0.06943524795119702,0.3614457831325301,2.0,2.0,True,2023
0,7,8,11.0,17.0,6.0,9.0,4.0,5.0,13.0,17.0,3.0,6.0,9.0,12.0,0.09526813863887577,0.5011086474501109,0.17183742200052604,0.4709976798143852,2.0,2.0,False,2023
1,8,7,13.0,17.0,3.0,6.0,9.0,12.0,11.0,17.0,6.0,9.0,4.0,5.0,0.17183742200052604,0.4709976798143852,0.07621451091110062,0.5,2.0,2.0,True,2023
0,23,11,12.0,16.0,6.0,9.0,7.0,10.0,9.0,20.0,5.0,12.0,5.0,7.0,0.10483769455610636,0.4460431654676259,0.10289510975118965,0.6017505470459519,2.0,2.0,True,2023
1,10,25,12.0,15.0,3.0,5.0,8.0,8.0,13.0,27.0,4.0,10.0,8.0,9.0,0.04985767801512637,0.35362997658079626,0.08436302027806405,0.6145610278372591,2.0,2.0,True,2023
0,29,18,9.0,22.0,4.0,8.0,13.0,14.0,14.0,19.0,8.0,12.0,7.0,8.0,0.09644237212646191,0.5170068027210885,0.07724218621398454,0.6086021505376344,2.0,4.0,False,2023
1,11,23,9.0,20.0,5.0,12.0,5.0,7.0,12.0,16.0,6.0,9.0,7.0,10.0,0.10289510975118965,0.6017505470459519,0.12387015564488509,0.4473684210526316,2.0,2.0,False,2023
0,19,16,6.0,15.0,3.0,6.0,5.0,6.0,8.0,20.0,3.0,7.0,4.0,7.0,0.06943524795119702,0.3614457831325301,0.16559774987249962,0.4782608695652174,2.0,2.0,False,2023
1,18,29,14.0,19.0,8.0,12.0,7.0,8.0,9.0,22.0,4.0,8.0,13.0,14.0,0.07724218621398454,0.6086021505376344,0.07715389770116952,0.5158371040723982,4.0,2.0,True,2023
0,14,22,11.0,20.0,4.0,9.0,6.0,8.0,12.0,19.0,4.0,10.0,7.0,8.0,0.04052906125881126,0.4295774647887324,0.07571056733935408,0.5011547344110855,2.0,2.0,False,2023
0,15,3,7.0,15.0,6.0,8.0,8.0,14.0,9.0,21.0,3.0,8.0,7.0,9.0,0.11478298674409237,0.41404358353510895,0.1288170584909844,0.4222737819025522,2.0,3.0,True,2023
1,6,9,14.0,25.0,5.0,9.0,6.0,6.0,12.0,25.0,7.0,9.0,7.0,7.0,0.14057201086282384,0.497737556561086,0.07045336283220072,0.4206896551724138,2.0,2.0,True,2023
0,4,13,10.0,20.0,3.0,8.0,7.0,10.0,13.0,28.0,3.0,11.0,4.0,10.0,0.15727302641280924,0.6548856548856549,0.13081763070529226,0.49217002237136465,2.0,3.0,True,2023
1,3,15,9.0,21.0,3.0,8.0,7.0,9.0,7.0,15.0,6.0,8.0,8.0,14.0,0.1288170584909844,0.4222737819025522,0.13182638939527389,0.41545893719806765,3.0,2.0,False,2023
1,13,4,13.0,28.0,3.0,11.0,4.0,10.0,10.0,20.0,3.0,8.0,7.0,10.0,0.13081763070529226,0.49217002237136465,0.16581842113024742,0.6556016597510373,3.0,2.0,False,2023
1,21,28,10.0,20.0,3.0,8.0,5.0,6.0,9.0,21.0,4.0,10.0,11.0,14.0,0.04985909450462116,0.44146341463414634,0.11040702084107741,0.38164251207729466,2.0,2.0,False,2023
0,28,21,9.0,21.0,4.0,10.0,11.0,14.0,10.0,20.0,3.0,8.0,5.0,6.0,0.11040702084107741,0.38164251207729466,0.039887275603696926,0.44038929440389296,2.0,2.0,True,2023
1,22,14,12.0,19.0,4.0,10.0,7.0,8.0,11.0,20.0,4.0,9.0,6.0,8.0,0.07571056733935408,0.5011547344110855,0.03242324900704901,0.42857142857142855,2.0,2.0,True,2023
0,9,6,12.0,25.0,7.0,9.0,7.0,7.0,14.0,25.0,5.0,9.0,6.0,6.0,0.07045336283220072,0.4206896551724138,0.15245760869025907,0.49887133182844245,2.0,2.0,False,2023
1,12,5,11.0,16.0,5.0,8.0,8.0,10.0,7.0,15.0,3.0,5.0,7.0,8.0,0.10166239381081528,0.5548387096774193,0.045190052650024626,0.47897196261682246,2.0,2.0,False,2023
0,6,22,13.0,20.0,3.0,8.0,6.0,7.0,12.0,15.0,7.0,8.0,5.0,5.0,0.15245760869025907,0.49887133182844245,0.10056845387148325,0.5023041474654378,1.0,1.0,True,2023
1,14,24,14.0,27.0,7.0,11.0,12.0,13.0,13.0,27.0,5.0,12.0,5.0,5.0,0.03242324900704901,0.42857142857142855,0.06929208688345814,0.5874125874125874,1.0,2.0,False,2023
0,24,14,13.0,27.0,5.0,12.0,5.0,5.0,14.0,27.0,7.0,11.0,12.0,13.0,0.06929208688345814,0.5874125874125874,0.025938599205639207,0.42757009345794394,2.0,1.0,True,2023
1,22,6,12.0,15.0,7.0,8.0,5.0,5.0,13.0,20.0,3.0,8.0,6.0,7.0,0.10056845387148325,0.5023041474654378,0.16196608695220724,0.5,1.0,1.0,False,2023
1,17,23,13.0,22.0,5.0,11.0,15.0,15.0,10.0,20.0,4.0,8.0,6.0,9.0,0.07947375591781748,0.515625,0.12387015564488509,0.4473684210526316,2.0,1.0,True,2023
0,23,17,10.0,20.0,4.0,8.0,6.0,9.0,13.0,22.0,5.0,11.0,15.0,15.0,0.12387015564488509,0.4473684210526316,0.103579004734254,0.5167037861915368,1.0,2.0,False,2023
0,5,12,7.0,15.0,3.0,5.0,7.0,8.0,11.0,16.0,5.0,8.0,8.0,10.0,0.045190052650024626,0.47897196261682246,0.08132991504865222,0.5536480686695279,2.0,2.0,True,2023
1,3,26,9.0,22.0,4.0,9.0,7.0,13.0,7.0,16.0,3.0,6.0,9.0,9.0,0.10305364679278753,0.4212962962962963,0.10013073163577861,0.47113163972286376,1.0,3.0,True,2023
1,20,11,13.0,20.0,3.0,7.0,8.0,10.0,9.0,18.0,5.0,10.0,6.0,6.0,0.1034894909336214,0.5969827586206896,0.08231608780095172,0.6004366812227074,2.0,1.0,True,2023
0,11,20,9.0,18.0,5.0,10.0,6.0,6.0,13.0,20.0,3.0,7.0,8.0,10.0,0.08231608780095172,0.6004366812227074,0.12279159274689713,0.5978494623655914,1.0,2.0,False,2023
0,26,3,7.0,16.0,3.0,6.0,9.0,9.0,9.0,22.0,4.0,9.0,7.0,13.0,0.10013073163577861,0.47113163972286376,0.12244291743423001,0.4226327944572748,3.0,1.0,False,2023
0,13,27,9.0,15.0,3.0,10.0,6.0,7.0,9.0,13.0,4.0,5.0,9.0,9.0,0.10465410456423381,0.49107142857142855,0.08203082926930122,0.3853658536585366,1.0,3.0,False,2023
1,0,2,14.0,26.0,6.0,11.0,9.0,10.0,13.0,23.0,3.0,9.0,4.0,7.0,0.09548529138080583,0.48,0.17251005400878588,0.6041131105398457,3.0,3.0,True,2023
0,2,0,13.0,23.0,3.0,9.0,4.0,7.0,14.0,26.0,6.0,11.0,9.0,10.0,0.17251005400878588,0.6041131105398457,0.11638823310464468,0.5,3.0,3.0,False,2023
1,27,13,9.0,13.0,4.0,5.0,9.0,9.0,9.0,15.0,3.0,10.0,6.0,7.0,0.08203082926930122,0.3853658536585366,0.08372328365138705,0.48997772828507796,3.0,1.0,True,2023
0,7,8,13.0,23.0,5.0,13.0,3.0,3.0,14.0,24.0,3.0,10.0,5.0,7.0,0.07621451091110062,0.5,0.1774699376004208,0.4722222222222222,2.0,2.0,False,2023
1,8,7,14.0,24.0,3.0,10.0,5.0,7.0,13.0,23.0,5.0,13.0,3.0,3.0,0.1774699376004208,0.4722222222222222,0.0609716087288805,0.4988962472406181,2.0,2.0,True,2023
1,28,15,9.0,21.0,3.0,11.0,7.0,9.0,7.0,16.0,3.0,9.0,6.0,11.0,0.12832561667286194,0.38313253012048193,0.13182638939527389,0.41545893719806765,2.0,2.0,True,2023
0,25,10,8.0,18.0,3.0,8.0,10.0,12.0,6.0,14.0,3.0,5.0,8.0,10.0,0.08436302027806405,0.6145610278372591,0.0798861424121011,0.35514018691588783,2.0,2.0,False,2023
0,15,28,7.0,16.0,3.0,9.0,6.0,11.0,9.0,21.0,3.0,11.0,7.0,9.0,0.13182638939527389,0.41545893719806765,0.14266049333828953,0.38461538461538464,2.0,2.0,False,2023
0,21,18,11.0,23.0,5.0,8.0,6.0,7.0,20.0,32.0,4.0,8.0,11.0,11.0,0.039887275603696926,0.44038929440389296,0.10179374897118762,0.6094420600858369,2.0,2.0,False,2023
1,18,21,20.0,32.0,4.0,8.0,11.0,11.0,11.0,23.0,5.0,8.0,6.0,7.0,0.10179374897118762,0.6094420600858369,0.03190982048295754,0.4393203883495146,2.0,2.0,True,2023
1,1,4,12.0,21.0,3.0,6.0,4.0,4.0,9.0,20.0,4.0,9.0,5.0,6.0,0.07785801161871264,0.5010989010989011,0.16581842113024742,0.6556016597510373,3.0,2.0,True,2023
1,9,27,10.0,22.0,6.0,14.0,7.0,9.0,10.0,21.0,4.0,9.0,14.0,15.0,0.05636269026576057,0.4197247706422018,0.105624663415441,0.38686131386861317,2.0,1.0,True,2023
0,4,1,9.0,20.0,4.0,9.0,5.0,6.0,12.0,21.0,3.0,6.0,4.0,4.0,0.16581842113024742,0.6556016597510373,0.1022864092949701,0.5021929824561403,2.0,3.0,False,2023
1,19,29,12.0,22.0,6.0,12.0,8.0,8.0,14.0,24.0,4.0,6.0,10.0,12.0,0.05554819836095761,0.3605769230769231,0.07715389770116952,0.5158371040723982,2.0,2.0,False,2023
0,29,19,14.0,24.0,4.0,6.0,10.0,12.0,12.0,22.0,6.0,12.0,8.0,8.0,0.07715389770116952,0.5158371040723982,0.04443855868876609,0.3597122302158273,2.0,2.0,True,2023
0,27,9,10.0,21.0,4.0,9.0,14.0,15.0,10.0,22.0,6.0,14.0,7.0,9.0,0.105624663415441,0.38686131386861317,0.08509015221260846,0.42105263157894735,1.0,2.0,False,2023
1,10,25,6.0,14.0,3.0,5.0,8.0,10.0,8.0,18.0,3.0,8.0,10.0,12.0,0.0798861424121011,0.35514018691588783,0.06749041622245125,0.6132478632478633,2.0,2.0,True,2023
1,17,23,13.0,21.0,11.0,17.0,7.0,9.0,9.0,19.0,3.0,10.0,3.0,6.0,0.103579004734254,0.5167037861915368,0.09909612451590807,0.44630071599045346,2.0,2.0,True,2023
0,3,5,12.0,24.0,2.0,7.0,4.0,4.0,9.0,25.0,5.0,7.0,4.0,5.0,0.12244291743423001,0.4226327944572748,0.0761520421200197,0.4801864801864802,2.0,2.0,False,2023
0,23,17,9.0,19.0,3.0,10.0,3.0,6.0,13.0,21.0,11.0,17.0,7.0,9.0,0.09909612451590807,0.44630071599045346,0.12286320378740319,0.5177777777777778,2.0,2.0,False,2023
1,24,2,10.0,22.0,2.0,5.0,8.0,9.0,9.0,20.0,2.0,8.0,5.0,7.0,0.0954336695067665,0.5888501742160279,0.1380080432070287,0.6025641025641025,2.0,2.0,True,2023
1,5,3,9.0,25.0,5.0,7.0,4.0,5.0,12.0,24.0,2.0,7.0,4.0,4.0,0.0761520421200197,0.4801864801864802,0.09795433394738401,0.4216589861751152,2.0,2.0,True,2023
1,16,9,8.0,14.0,5.0,7.0,6.0,7.0,7.0,16.0,3.0,7.0,4.0,5.0,0.16559774987249962,0.4782608695652174,0.08509015221260846,0.42105263157894735,3.0,1.0,True,2023
0,6,14,11.0,17.0,3.0,10.0,7.0,7.0,8.0,21.0,4.0,10.0,6.0,6.0,0.16196608695220724,0.5,0.025938599205639207,0.42757009345794394,2.0,2.0,True,2023
0,2,24,9.0,20.0,2.0,8.0,5.0,7.0,10.0,22.0,2.0,5.0,8.0,9.0,0.1380080432070287,0.6025641025641025,0.1163469356054132,0.5902777777777778,2.0,2.0,False,2023
1,22,12,8.0,16.0,3.0,7.0,5.0,6.0,8.0,18.0,3.0,12.0,6.0,7.0,0.0804547630971866,0.5011494252873563,0.08132991504865222,0.5536480686695279,2.0,2.0,False,2023
0,12,22,8.0,18.0,3.0,12.0,6.0,7.0,8.0,16.0,3.0,7.0,5.0,6.0,0.08132991504865222,0.5536480686695279,0.06436381047774928,0.5,2.0,2.0,True,2023
1,13,26,13.0,27.0,6.0,14.0,9.0,10.0,14.0,23.0,4.0,7.0,13.0,13.0,0.08372328365138705,0.48997772828507796,0.08010458530862288,0.4700460829493088,2.0,2.0,True,2023
0,26,13,14.0,23.0,4.0,7.0,13.0,13.0,13.0,27.0,6.0,14.0,9.0,10.0,0.08010458530862288,0.4700460829493088,0.10697862692110963,0.4911111111111111,2.0,2.0,False,2023
1,14,6,8.0,21.0,4.0,10.0,6.0,6.0,11.0,17.0,3.0,10.0,7.0,7.0,0.025938599205639207,0.42757009345794394,0.16957286956176582,0.501123595505618,2.0,2.0,False,2023
0,9,16,7.0,16.0,3.0,7.0,4.0,5.0,8.0,14.0,5.0,7.0,6.0,7.0,0.08509015221260846,0.42105263157894735,0.1724781998979997,0.4794520547945205,1.0,3.0,False,2023
1,11,8,8.0,19.0,5.0,12.0,2.0,3.0,10.0,17.0,1.0,4.0,6.0,10.0,0.06585287024076138,0.599128540305011,0.18197595008033668,0.47344110854503463,3.0,2.0,True,2023
0,8,11,10.0,17.0,1.0,4.0,6.0,10.0,8.0,19.0,5.0,12.0,2.0,3.0,0.18197595008033668,0.47344110854503463,0.0926822961926091,0.6,2.0,3.0,False,2023
1,18,15,10.0,17.0,4.0,8.0,11.0,13.0,8.0,15.0,2.0,7.0,7.0,7.0,0.12143499917695011,0.6102783725910065,0.1054611115162191,0.41445783132530123,2.0,2.0,True,2023
1,4,0,11.0,26.0,3.0,7.0,11.0,17.0,6.0,17.0,4.0,10.0,5.0,6.0,0.13265473690419793,0.6542443064182195,0.11638823310464468,0.5,2.0,3.0,True,2023
0,15,18,8.0,15.0,2.0,7.0,7.0,7.0,10.0,17.0,4.0,8.0,11.0,13.0,0.1054611115162191,0.41445783132530123,0.13714799934156008,0.6111111111111112,2.0,2.0,False,2023
1,29,2,14.0,25.0,3.0,11.0,11.0,15.0,15.0,29.0,5.0,11.0,9.0,10.0,0.10172311816093563,0.5169300225733634,0.11040643456562296,0.6010230179028133,2.0,1.0,False,2023
0,7,1,5.0,24.0,3.0,11.0,8.0,8.0,7.0,17.0,3.0,8.0,11.0,12.0,0.0609716087288805,0.4988962472406181,0.1022864092949701,0.5021929824561403,2.0,2.0,False,2023
0,0,4,6.0,17.0,4.0,10.0,5.0,6.0,11.0,26.0,3.0,7.0,11.0,17.0,0.11638823310464468,0.5,0.14612378952335833,0.6549586776859504,3.0,2.0,False,2023
1,1,7,7.0,17.0,3.0,8.0,11.0,12.0,5.0,24.0,3.0,11.0,8.0,8.0,0.1022864092949701,0.5021929824561403,0.0487772869831044,0.4977973568281938,2.0,2.0,True,2023
0,2,29,15.0,29.0,5.0,11.0,9.0,10.0,14.0,25.0,3.0,11.0,11.0,15.0,0.11040643456562296,0.6010230179028133,0.0813784945287485,0.5157657657657657,1.0,2.0,True,2023
0,23,24,6.0,16.0,2.0,7.0,5.0,7.0,7.0,18.0,4.0,8.0,7.0,8.0,0.07927689961272646,0.4452380952380952,0.1163469356054132,0.5902777777777778,2.0,2.0,False,2023
0,17,5,14.0,23.0,7.0,14.0,5.0,7.0,10.0,16.0,3.0,5.0,4.0,8.0,0.12286320378740319,0.5177777777777778,0.10092163369601574,0.4813953488372093,2.0,2.0,True,2023
0,9,10,8.0,15.0,4.0,9.0,9.0,10.0,8.0,17.0,3.0,7.0,7.0,8.0,0.06807212177008677,0.4200913242009132,0.1039089139296809,0.35664335664335667,2.0,3.0,False,2023
1,10,9,8.0,17.0,3.0,7.0,7.0,8.0,8.0,15.0,4.0,9.0,9.0,10.0,0.1039089139296809,0.35664335664335667,0.054457697416069414,0.4191343963553531,3.0,2.0,True,2023
1,13,3,9.0,23.0,4.0,8.0,10.0,11.0,13.0,20.0,6.0,9.0,4.0,6.0,0.10697862692110963,0.4911111111111111,0.09795433394738401,0.4216589861751152,2.0,2.0,False,2023
1,5,17,10.0,16.0,3.0,5.0,4.0,8.0,14.0,23.0,7.0,14.0,5.0,7.0,0.10092163369601574,0.4813953488372093,0.13829056302992254,0.5188470066518847,2.0,2.0,False,2023
0,15,25,10.0,23.0,5.0,12.0,7.0,8.0,13.0,25.0,2.0,8.0,11.0,11.0,0.08436888921297528,0.41346153846153844,0.06749041622245125,0.6132478632478633,1.0,3.0,True,2023
1,25,15,13.0,25.0,2.0,8.0,11.0,11.0,10.0,23.0,5.0,12.0,7.0,8.0,0.06749041622245125,0.6132478632478633,0.10749511137038023,0.4148681055155875,3.0,1.0,False,2023
1,24,23,7.0,18.0,4.0,8.0,7.0,8.0,6.0,16.0,2.0,7.0,5.0,7.0,0.1163469356054132,0.5902777777777778,0.06342151969018117,0.44418052256532065,2.0,2.0,True,2023
1,26,12,10.0,20.0,4.0,7.0,6.0,7.0,12.0,23.0,9.0,17.0,5.0,6.0,0.0640836682468983,0.4689655172413793,0.10506393203892177,0.5546038543897216,2.0,2.0,False,2023
1,27,28,11.0,23.0,2.0,8.0,16.0,17.0,11.0,21.0,4.0,7.0,12.0,15.0,0.0844997307323528,0.3859223300970874,0.14266049333828953,0.38461538461538464,3.0,3.0,False,2023
1,21,19,10.0,28.0,5.0,13.0,7.0,8.0,9.0,19.0,5.0,11.0,7.0,8.0,0.03190982048295754,0.4393203883495146,0.04443855868876609,0.3597122302158273,3.0,3.0,False,2023
0,0,22,11.0,22.0,5.0,10.0,11.0,11.0,9.0,17.0,5.0,10.0,6.0,7.0,0.09311058648371574,0.48148148148148145,0.06436381047774928,0.5,1.0,2.0,False,2023
1,20,14,17.0,20.0,2.0,5.0,9.0,10.0,9.0,16.0,4.0,8.0,4.0,7.0,0.12279159274689713,0.5978494623655914,0.020750879364511365,0.42657342657342656,4.0,2.0,True,2023
0,14,20,9.0,16.0,4.0,8.0,4.0,7.0,17.0,20.0,2.0,5.0,9.0,10.0,0.020750879364511365,0.42657342657342656,0.13823327419751769,0.5987124463519313,2.0,4.0,False,2023
0,3,13,13.0,20.0,6.0,9.0,4.0,6.0,9.0,23.0,4.0,8.0,10.0,11.0,0.09795433394738401,0.4216589861751152,0.0855829015368877,0.49002217294900224,2.0,2.0,True,2023
0,19,21,9.0,19.0,5.0,11.0,7.0,8.0,10.0,28.0,5.0,13.0,7.0,8.0,0.04443855868876609,0.3597122302158273,0.02552785638636603,0.43825665859564167,3.0,3.0,True,2023
0,28,27,11.0,21.0,4.0,7.0,12.0,15.0,11.0,23.0,2.0,8.0,16.0,17.0,0.14266049333828953,0.38461538461538464,0.06759978458588224,0.38498789346246975,3.0,3.0,True,2023
1,22,0,9.0,17.0,5.0,10.0,6.0,7.0,11.0,22.0,5.0,10.0,11.0,11.0,0.06436381047774928,0.5,0.07448846918697259,0.4642857142857143,2.0,1.0,True,2023
0,12,26,12.0,23.0,9.0,17.0,5.0,6.0,10.0,20.0,4.0,7.0,6.0,7.0,0.10506393203892177,0.5546038543897216,0.051266934597518646,0.46788990825688076,2.0,2.0,True,2023
0,8,11,12.0,25.0,3.0,8.0,6.0,8.0,15.0,26.0,7.0,14.0,10.0,10.0,0.14558076006426934,0.47235023041474655,0.0926822961926091,0.6,2.0,2.0,False,2023
0,7,24,11.0,22.0,2.0,9.0,4.0,5.0,8.0,15.0,4.0,7.0,8.0,9.0,0.0487772869831044,0.4977973568281938,0.13307754848433057,0.5916955017301038,2.0,1.0,True,2023
0,12,1,13.0,20.0,10.0,15.0,6.0,10.0,10.0,21.0,4.0,9.0,5.0,6.0,0.12405114563113742,0.5555555555555556,0.1218291274359761,0.5032822757111597,1.0,2.0,True,2023
1,1,12,10.0,21.0,4.0,9.0,5.0,6.0,13.0,20.0,10.0,15.0,6.0,10.0,0.1218291274359761,0.5032822757111597,0.13924091650490994,0.5565031982942431,2.0,1.0,False,2023
1,24,7,8.0,15.0,4.0,7.0,8.0,9.0,11.0,22.0,2.0,9.0,4.0,5.0,0.13307754848433057,0.5916955017301038,0.07902182958648352,0.4989010989010989,1.0,2.0,False,2023
0,4,16,8.0,14.0,3.0,8.0,8.0,13.0,9.0,21.0,3.0,8.0,5.0,8.0,0.14612378952335833,0.6549586776859504,0.1724781998979997,0.4794520547945205,2.0,3.0,False,2023
1,16,4,9.0,21.0,3.0,8.0,5.0,8.0,8.0,14.0,3.0,8.0,8.0,13.0,0.1724781998979997,0.4794520547945205,0.11689903161868667,0.6536082474226804,3.0,2.0,True,2023
1,11,8,15.0,26.0,7.0,14.0,10.0,10.0,12.0,25.0,3.0,8.0,6.0,8.0,0.0926822961926091,0.6,0.11646460805141548,0.47126436781609193,2.0,2.0,True,2023
1,25,6,14.0,24.0,4.0,9.0,10.0,11.0,13.0,22.0,3.0,9.0,6.0,8.0,0.053992332977961,0.6119402985074627,0.16957286956176582,0.501123595505618,2.0,4.0,False,2023
1,19,15,6.0,16.0,3.0,5.0,9.0,9.0,9.0,19.0,4.0,6.0,6.0,9.0,0.07555084695101287,0.361244019138756,0.10749511137038023,0.4148681055155875,2.0,2.0,False,2023
1,18,0,11.0,23.0,4.0,8.0,10.0,12.0,10.0,20.0,5.0,9.0,5.0,6.0,0.13714799934156008,0.6111111111111112,0.07448846918697259,0.4642857142857143,3.0,2.0,True,2023
0,17,13,6.0,14.0,3.0,8.0,9.0,10.0,11.0,18.0,5.0,9.0,8.0,10.0,0.13829056302992254,0.5188470066518847,0.0855829015368877,0.49002217294900224,2.0,2.0,False,2023
1,26,23,11.0,23.0,3.0,5.0,10.0,12.0,11.0,18.0,4.0,6.0,4.0,7.0,0.051266934597518646,0.46788990825688076,0.06342151969018117,0.44418052256532065,2.0,2.0,False,2023
0,23,26,11.0,18.0,4.0,6.0,4.0,7.0,11.0,23.0,3.0,5.0,10.0,12.0,0.06342151969018117,0.44418052256532065,0.04101354767801492,0.4668192219679634,2.0,2.0,True,2023
0,20,29,8.0,16.0,2.0,6.0,8.0,9.0,13.0,21.0,3.0,6.0,5.0,8.0,0.13823327419751769,0.5987124463519313,0.0813784945287485,0.5157657657657657,2.0,3.0,False,2023
0,15,19,9.0,19.0,4.0,6.0,6.0,9.0,6.0,16.0,3.0,5.0,9.0,9.0,0.10749511137038023,0.4148681055155875,0.0604406775608103,0.360381861575179,2.0,2.0,True,2023
1,29,20,13.0,21.0,3.0,6.0,5.0,8.0,8.0,16.0,2.0,6.0,8.0,9.0,0.0813784945287485,0.5157657657657657,0.11058661935801414,0.5974304068522484,3.0,2.0,True,2023
0,6,25,13.0,22.0,3.0,9.0,6.0,8.0,14.0,24.0,4.0,9.0,10.0,11.0,0.16957286956176582,0.501123595505618,0.0431938663823688,0.6106382978723405,4.0,2.0,True,2023
1,2,10,9.0,20.0,4.0,10.0,11.0,12.0,9.0,19.0,3.0,7.0,7.0,8.0,0.12832514765249836,0.6020408163265306,0.12312713114374471,0.3581395348837209,3.0,2.0,False,2023
0,22,3,7.0,16.0,4.0,8.0,7.0,8.0,14.0,24.0,8.0,15.0,8.0,8.0,0.09149104838219943,0.5011441647597255,0.11836346715790722,0.42298850574712643,2.0,2.0,False,2023
0,28,27,9.0,20.0,6.0,9.0,6.0,11.0,7.0,14.0,3.0,5.0,2.0,2.0,0.15412839467063164,0.38609112709832133,0.06759978458588224,0.38498789346246975,2.0,2.0,True,2023
1,21,9,9.0,19.0,7.0,13.0,3.0,5.0,9.0,18.0,7.0,10.0,13.0,14.0,0.02552785638636603,0.43825665859564167,0.054457697416069414,0.4191343963553531,2.0,2.0,False,2023
1,3,22,14.0,24.0,8.0,15.0,8.0,8.0,7.0,16.0,4.0,8.0,7.0,8.0,0.11836346715790722,0.42298850574712643,0.07319283870575954,0.5,2.0,2.0,True,2023
0,0,18,10.0,20.0,5.0,9.0,5.0,6.0,11.0,23.0,4.0,8.0,10.0,12.0,0.07448846918697259,0.4642857142857143,0.14971839947324805,0.6119402985074627,2.0,3.0,False,2023
0,9,21,9.0,18.0,7.0,10.0,13.0,14.0,9.0,19.0,7.0,13.0,3.0,5.0,0.054457697416069414,0.4191343963553531,0.020422285109092823,0.43719806763285024,2.0,2.0,True,2023
1,13,17,11.0,18.0,5.0,9.0,8.0,10.0,6.0,14.0,3.0,8.0,9.0,10.0,0.0855829015368877,0.49002217294900224,0.11063245042393803,0.5176991150442478,2.0,2.0,True,2023
1,27,28,7.0,14.0,3.0,5.0,2.0,2.0,9.0,20.0,6.0,9.0,6.0,11.0,0.06759978458588224,0.38498789346246975,0.16330271573650532,0.3875598086124402,2.0,2.0,False,2023
0,10,2,9.0,19.0,3.0,7.0,7.0,8.0,9.0,20.0,4.0,10.0,11.0,12.0,0.12312713114374471,0.3581395348837209,0.10266011812199868,0.6005089058524173,2.0,3.0,True,2023
1,26,16,8.0,14.0,5.0,8.0,5.0,8.0,10.0,24.0,6.0,15.0,8.0,10.0,0.04101354767801492,0.4668192219679634,0.17798255991839979,0.4806378132118451,1.0,2.0,True,2023
0,14,24,8.0,19.0,4.0,6.0,4.0,4.0,12.0,26.0,4.0,6.0,5.0,8.0,0.01660070349160909,0.4255813953488372,0.10646203878746445,0.5896551724137931,3.0,2.0,False,2023
0,16,26,10.0,24.0,6.0,15.0,8.0,10.0,8.0,14.0,5.0,8.0,5.0,8.0,0.17798255991839979,0.4806378132118451,0.07281083814241193,0.4680365296803653,2.0,1.0,False,2023
1,5,12,6.0,14.0,3.0,7.0,7.0,9.0,11.0,18.0,3.0,9.0,7.0,10.0,0.0807373069568126,0.4802784222737819,0.13924091650490994,0.5565031982942431,3.0,2.0,False,2023
0,12,5,11.0,18.0,3.0,9.0,7.0,10.0,6.0,14.0,3.0,7.0,7.0,9.0,0.13924091650490994,0.5565031982942431,0.06458984556545008,0.4791666666666667,2.0,3.0,True,2023
1,4,11,9.0,16.0,4.0,7.0,4.0,4.0,7.0,13.0,6.0,10.0,2.0,2.0,0.11689903161868667,0.6536082474226804,0.11414583695408728,0.6008676789587852,2.0,2.0,True,2023
1,7,8,21.0,35.0,6.0,12.0,10.0,15.0,12.0,19.0,4.0,7.0,6.0,7.0,0.07902182958648352,0.4989010989010989,0.11646460805141548,0.47126436781609193,2.0,2.0,True,2023
1,24,14,12.0,26.0,4.0,6.0,5.0,8.0,8.0,19.0,4.0,6.0,4.0,4.0,0.10646203878746445,0.5896551724137931,0.013280562793287274,0.4245939675174014,2.0,3.0,True,2023
1,1,17,6.0,16.0,1.0,6.0,7.0,9.0,11.0,21.0,5.0,14.0,6.0,8.0,0.09746330194878088,0.5021834061135371,0.11063245042393803,0.5176991150442478,2.0,1.0,False,2023
0,8,7,12.0,19.0,4.0,7.0,6.0,7.0,21.0,35.0,6.0,12.0,10.0,15.0,0.11646460805141548,0.47126436781609193,0.1032174636691868,0.5,2.0,2.0,False,2023
0,17,1,11.0,21.0,5.0,14.0,6.0,8.0,6.0,16.0,1.0,6.0,7.0,9.0,0.11063245042393803,0.5176991150442478,0.0779706415590247,0.5010893246187363,1.0,2.0,True,2023
1,3,13,9.0,21.0,3.0,9.0,6.0,8.0,12.0,25.0,5.0,13.0,4.0,6.0,0.1346907737263258,0.4243119266055046,0.10846632122951017,0.4911504424778761,1.0,1.0,True,2023
0,13,3,12.0,25.0,5.0,13.0,4.0,6.0,9.0,21.0,3.0,9.0,6.0,8.0,0.10846632122951017,0.4911504424778761,0.14775261898106062,0.425629290617849,1.0,1.0,False,2023
0,11,4,7.0,13.0,6.0,10.0,2.0,2.0,9.0,16.0,4.0,7.0,4.0,4.0,0.11414583695408728,0.6008676789587852,0.13351922529494933,0.654320987654321,2.0,2.0,False,2023
1,25,0,9.0,20.0,4.0,10.0,6.0,7.0,14.0,23.0,5.0,11.0,10.0,11.0,0.0431938663823688,0.6106382978723405,0.05959077534957807,0.4482758620689655,2.0,2.0,False,2023
0,0,25,14.0,23.0,5.0,11.0,10.0,11.0,9.0,20.0,4.0,10.0,6.0,7.0,0.05959077534957807,0.4482758620689655,0.03455509310589504,0.6093418259023354,2.0,2.0,True,2023
1,23,27,13.0,24.0,7.0,10.0,7.0,7.0,10.0,19.0,3.0,6.0,7.0,9.0,0.09073721575214494,0.44549763033175355,0.054079827668705796,0.38405797101449274,2.0,2.0,True,2023
0,14,29,9.0,18.0,3.0,9.0,11.0,13.0,13.0,24.0,2.0,6.0,6.0,8.0,0.013280562793287274,0.4245939675174014,0.1051027956229988,0.5168539325842697,1.0,2.0,False,2023
0,27,23,10.0,19.0,3.0,6.0,7.0,9.0,13.0,24.0,7.0,10.0,7.0,7.0,0.054079827668705796,0.38405797101449274,0.11258977260171595,0.44680851063829785,2.0,2.0,False,2023
1,29,14,13.0,24.0,2.0,6.0,6.0,8.0,9.0,18.0,3.0,9.0,11.0,13.0,0.1051027956229988,0.5168539325842697,0.01062445023462982,0.4236111111111111,2.0,1.0,True,2023
1,22,28,9.0,16.0,5.0,10.0,7.0,7.0,11.0,22.0,3.0,8.0,9.0,12.0,0.07319283870575954,0.5,0.16330271573650532,0.3875598086124402,2.0,2.0,False,2023
1,19,6,7.0,16.0,3.0,8.0,9.0,9.0,14.0,23.0,5.0,10.0,12.0,13.0,0.0604406775608103,0.360381861575179,0.17565829564941265,0.5022421524663677,2.0,2.0,False,2023
0,10,2,9.0,21.0,6.0,7.0,7.0,9.0,10.0,25.0,3.0,10.0,6.0,7.0,0.13850170491499578,0.35962877030162416,0.10266011812199868,0.6005089058524173,2.0,2.0,True,2023
0,28,22,11.0,22.0,3.0,8.0,9.0,12.0,9.0,16.0,5.0,10.0,7.0,7.0,0.16330271573650532,0.3875598086124402,0.058554270964607635,0.4988610478359909,2.0,2.0,True,2023
0,6,19,14.0,23.0,5.0,10.0,12.0,13.0,7.0,16.0,3.0,8.0,9.0,9.0,0.17565829564941265,0.5022421524663677,0.04835254204864824,0.3595238095238095,2.0,2.0,True,2023
0,21,20,10.0,21.0,4.0,9.0,7.0,7.0,13.0,26.0,4.0,9.0,12.0,17.0,0.020422285109092823,0.43719806763285024,0.11058661935801414,0.5974304068522484,2.0,2.0,False,2023
1,20,21,13.0,26.0,4.0,9.0,12.0,17.0,10.0,21.0,4.0,9.0,7.0,7.0,0.11058661935801414,0.5974304068522484,0.01633782808727426,0.43614457831325304,2.0,2.0,True,2023
1,2,10,10.0,25.0,3.0,10.0,6.0,7.0,9.0,21.0,6.0,7.0,7.0,9.0,0.10266011812199868,0.6005089058524173,0.15080136393199664,0.3611111111111111,2.0,2.0,False,2023
0,17,26,10.0,18.0,6.0,12.0,5.0,7.0,10.0,24.0,4.0,6.0,14.0,14.0,0.12850596033915043,0.5187637969094923,0.07281083814241193,0.4680365296803653,2.0,2.0,False,2023
1,7,29,9.0,18.0,5.0,10.0,7.0,8.0,12.0,19.0,3.0,6.0,4.0,4.0,0.1032174636691868,0.5,0.12408223649839904,0.5179372197309418,2.0,1.0,True,2023
0,21,15,12.0,25.0,5.0,10.0,4.0,6.0,14.0,25.0,3.0,8.0,7.0,9.0,0.01633782808727426,0.43614457831325304,0.1259960890963042,0.41626794258373206,1.0,3.0,True,2023
1,15,21,14.0,25.0,3.0,8.0,7.0,9.0,12.0,25.0,5.0,10.0,4.0,6.0,0.1259960890963042,0.41626794258373206,0.053070262469819406,0.4375,3.0,1.0,False,2023
0,29,7,12.0,19.0,3.0,6.0,4.0,4.0,9.0,18.0,5.0,10.0,7.0,8.0,0.12408223649839904,0.5179372197309418,0.12257397093534945,0.5010940919037199,1.0,2.0,False,2023
1,18,25,7.0,16.0,5.0,11.0,14.0,15.0,13.0,27.0,3.0,11.0,9.0,11.0,0.14971839947324805,0.6119402985074627,0.03455509310589504,0.6093418259023354,3.0,1.0,True,2023
0,25,18,13.0,27.0,3.0,11.0,9.0,11.0,7.0,16.0,5.0,11.0,14.0,15.0,0.03455509310589504,0.6093418259023354,0.15977471957859843,0.6127659574468085,1.0,3.0,False,2023
1,26,17,10.0,24.0,4.0,6.0,14.0,14.0,10.0,18.0,6.0,12.0,5.0,7.0,0.07281083814241193,0.4680365296803653,0.10280476827132035,0.5176211453744494,2.0,2.0,True,2023
1,8,4,14.0,24.0,7.0,10.0,6.0,8.0,12.0,17.0,4.0,9.0,17.0,22.0,0.09317168644113238,0.4701834862385321,0.13351922529494933,0.654320987654321,2.0,2.0,False,2023
0,10,9,11.0,19.0,2.0,7.0,6.0,6.0,11.0,22.0,3.0,8.0,12.0,12.0,0.15080136393199664,0.3611111111111111,0.08356615793285552,0.42045454545454547,1.0,3.0,False,2023
1,23,13,11.0,21.0,3.0,6.0,10.0,11.0,6.0,17.0,6.0,10.0,7.0,7.0,0.11258977260171595,0.44680851063829785,0.08677305698360813,0.4900662251655629,1.0,2.0,True,2023
0,13,23,6.0,17.0,6.0,10.0,7.0,7.0,11.0,21.0,3.0,6.0,10.0,11.0,0.08677305698360813,0.4900662251655629,0.13007181808137275,0.4481132075471698,2.0,1.0,False,2023
1,1,5,8.0,16.0,1.0,5.0,6.0,8.0,10.0,17.0,5.0,8.0,6.0,6.0,0.0779706415590247,0.5010893246187363,0.06458984556545008,0.4791666666666667,2.0,2.0,False,2023
0,5,1,10.0,17.0,5.0,8.0,6.0,6.0,8.0,16.0,1.0,5.0,6.0,8.0,0.06458984556545008,0.4791666666666667,0.06237651324721975,0.5,2.0,2.0,True,2023
1,3,11,8.0,12.0,5.0,6.0,6.0,6.0,8.0,21.0,3.0,9.0,7.0,10.0,0.14775261898106062,0.425629290617849,0.09131666956326982,0.5995670995670995,2.0,2.0,True,2023
0,11,3,8.0,21.0,3.0,9.0,7.0,10.0,8.0,12.0,5.0,6.0,6.0,6.0,0.09131666956326982,0.5995670995670995,0.15820209518484848,0.4269406392694064,2.0,2.0,False,2023
1,9,10,11.0,22.0,3.0,8.0,12.0,12.0,11.0,19.0,2.0,7.0,6.0,6.0,0.08356615793285552,0.42045454545454547,0.12064109114559732,0.36027713625866054,3.0,1.0,True,2023
0,4,8,12.0,17.0,4.0,9.0,17.0,22.0,14.0,24.0,7.0,10.0,6.0,8.0,0.13351922529494933,0.654320987654321,0.07453734915290591,0.4691075514874142,2.0,2.0,True,2023
1,12,27,12.0,16.0,4.0,12.0,4.0,4.0,13.0,17.0,3.0,8.0,6.0,6.0,0.15139273320392793,0.5574468085106383,0.04326386213496464,0.38313253012048193,3.0,2.0,False,2023
1,7,14,12.0,21.0,9.0,16.0,6.0,7.0,10.0,20.0,5.0,10.0,11.0,14.0,0.12257397093534945,0.5010940919037199,0.01062445023462982,0.4236111111111111,1.0,2.0,False,2023
0,14,7,10.0,20.0,5.0,10.0,11.0,14.0,12.0,21.0,9.0,16.0,6.0,7.0,0.01062445023462982,0.4236111111111111,0.09805917674827956,0.5,2.0,1.0,True,2023
1,28,0,8.0,19.0,5.0,8.0,5.0,7.0,8.0,18.0,3.0,8.0,8.0,9.0,0.17064217258920428,0.38902147971360385,0.08767262027966247,0.4666666666666667,2.0,2.0,True,2023
0,0,28,8.0,18.0,3.0,8.0,8.0,9.0,8.0,19.0,5.0,8.0,5.0,7.0,0.08767262027966247,0.4666666666666667,0.17651373807136342,0.3904761904761905,2.0,2.0,False,2023
1,19,11,10.0,14.0,2.0,6.0,8.0,11.0,13.0,20.0,9.0,13.0,4.0,6.0,0.04835254204864824,0.3595238095238095,0.07305333565061586,0.5982721382289417,2.0,1.0,False,2023
1,20,16,9.0,16.0,2.0,7.0,5.0,7.0,12.0,26.0,3.0,6.0,8.0,10.0,0.12846929548641134,0.5982905982905983,0.14238604793471982,0.47954545454545455,2.0,3.0,True,2023
0,16,20,12.0,26.0,3.0,6.0,8.0,10.0,9.0,16.0,2.0,7.0,5.0,7.0,0.14238604793471982,0.47954545454545455,0.14277543638912907,0.5991471215351812,3.0,2.0,False,2023
0,27,12,13.0,17.0,3.0,8.0,6.0,6.0,12.0,16.0,4.0,12.0,4.0,4.0,0.04326386213496464,0.38313253012048193,0.12111418656314235,0.5562632696390658,2.0,3.0,True,2023
0,11,19,13.0,20.0,9.0,13.0,4.0,6.0,10.0,14.0,2.0,6.0,8.0,11.0,0.07305333565061586,0.5982721382289417,0.03868203363891859,0.3586698337292161,1.0,2.0,True,2023
1,24,21,7.0,15.0,7.0,10.0,6.0,7.0,10.0,26.0,4.0,13.0,6.0,6.0,0.12516963102997156,0.5910652920962199,0.053070262469819406,0.4375,4.0,2.0,True,2023
0,29,15,11.0,21.0,3.0,6.0,9.0,10.0,9.0,17.0,6.0,12.0,8.0,9.0,0.09926578919871923,0.5167785234899329,0.10079687127704336,0.4152744630071599,2.0,2.0,False,2023
1,1,10,12.0,19.0,5.0,11.0,3.0,6.0,9.0,20.0,4.0,8.0,5.0,8.0,0.06237651324721975,0.5,0.12064109114559732,0.36027713625866054,2.0,2.0,False,2023
0,19,18,7.0,18.0,2.0,5.0,8.0,9.0,6.0,16.0,3.0,11.0,10.0,11.0,0.03868203363891859,0.3586698337292161,0.15977471957859843,0.6127659574468085,1.0,2.0,False,2023
1,26,17,8.0,19.0,2.0,6.0,11.0,13.0,7.0,19.0,4.0,11.0,2.0,3.0,0.09824867051392955,0.46924829157175396,0.10280476827132035,0.5176211453744494,2.0,2.0,True,2023
0,17,26,7.0,19.0,4.0,11.0,2.0,3.0,8.0,19.0,2.0,6.0,11.0,13.0,0.10280476827132035,0.5176211453744494,0.11859893641114365,0.47045454545454546,2.0,2.0,False,2023
1,28,25,13.0,19.0,6.0,9.0,4.0,9.0,17.0,25.0,4.0,10.0,16.0,18.0,0.17651373807136342,0.3904761904761905,0.02764407448471603,0.6080508474576272,1.0,2.0,False,2023
0,25,28,17.0,25.0,4.0,10.0,16.0,18.0,13.0,19.0,6.0,9.0,4.0,9.0,0.02764407448471603,0.6080508474576272,0.14121099045709073,0.38954869358669836,2.0,1.0,True,2023
1,23,13,11.0,21.0,3.0,7.0,3.0,3.0,8.0,16.0,4.0,10.0,8.0,9.0,0.13007181808137275,0.4481132075471698,0.0694184455868865,0.4889867841409692,2.0,2.0,False,2023
1,15,29,9.0,17.0,6.0,12.0,8.0,9.0,11.0,21.0,3.0,6.0,9.0,10.0,0.10079687127704336,0.4152744630071599,0.07941263135897539,0.515625,2.0,2.0,True,2023
0,13,23,8.0,16.0,4.0,10.0,8.0,9.0,11.0,21.0,3.0,7.0,3.0,3.0,0.0694184455868865,0.4889867841409692,0.1040574544650982,0.4470588235294118,2.0,2.0,True,2023
0,10,1,9.0,20.0,4.0,8.0,5.0,8.0,12.0,19.0,5.0,11.0,3.0,6.0,0.12064109114559732,0.36027713625866054,0.0499012105977758,0.49891540130151846,2.0,2.0,True,2023
0,4,3,17.0,27.0,3.0,6.0,11.0,16.0,9.0,21.0,3.0,9.0,15.0,16.0,0.14681538023595947,0.6550308008213552,0.15820209518484848,0.4269406392694064,2.0,2.0,False,2023
1,6,0,9.0,17.0,4.0,6.0,5.0,5.0,12.0,17.0,5.0,11.0,5.0,8.0,0.1805266365195301,0.5033557046979866,0.07013809622372998,0.45161290322580644,3.0,1.0,True,2023
0,0,6,12.0,17.0,5.0,11.0,5.0,8.0,9.0,17.0,4.0,6.0,5.0,5.0,0.07013809622372998,0.45161290322580644,0.1844213092156241,0.5044642857142857,1.0,3.0,False,2023
1,2,22,13.0,25.0,4.0,11.0,11.0,13.0,12.0,24.0,6.0,13.0,3.0,4.0,0.08212809449759895,0.5989847715736041,0.058554270964607635,0.4988610478359909,3.0,3.0,False,2023
0,22,2,12.0,24.0,6.0,13.0,3.0,4.0,13.0,25.0,4.0,11.0,11.0,13.0,0.058554270964607635,0.4988610478359909,0.06570247559807915,0.5974683544303797,3.0,3.0,True,2023
1,9,27,9.0,24.0,7.0,14.0,9.0,9.0,12.0,23.0,2.0,7.0,5.0,6.0,0.10685292634628443,0.4217687074829932,0.07461108970797171,0.38461538461538464,2.0,1.0,False,2023
0,27,9,12.0,23.0,2.0,7.0,5.0,6.0,9.0,24.0,7.0,14.0,9.0,9.0,0.07461108970797171,0.38461538461538464,0.08548234107702754,0.42081447963800905,1.0,2.0,True,2023
0,21,24,10.0,26.0,4.0,13.0,6.0,6.0,7.0,15.0,7.0,10.0,6.0,7.0,0.053070262469819406,0.4375,0.14013570482397725,0.5924657534246576,2.0,4.0,False,2023
1,3,4,9.0,21.0,3.0,9.0,15.0,16.0,17.0,27.0,3.0,6.0,11.0,16.0,0.15820209518484848,0.4269406392694064,0.11745230418876758,0.6536885245901639,2.0,2.0,True,2023
1,18,19,6.0,16.0,3.0,11.0,10.0,11.0,7.0,18.0,2.0,5.0,8.0,9.0,0.15977471957859843,0.6127659574468085,0.030945626911134873,0.3578199052132701,2.0,1.0,True,2023
0,14,11,13.0,20.0,2.0,5.0,4.0,4.0,9.0,17.0,4.0,9.0,5.0,5.0,0.04849956018770386,0.42494226327944573,0.09844266852049269,0.5991379310344828,2.0,2.0,False,2023
1,11,14,9.0,17.0,4.0,9.0,5.0,5.0,13.0,20.0,2.0,5.0,4.0,4.0,0.09844266852049269,0.5991379310344828,0.03879964815016309,0.423963133640553,2.0,2.0,True,2023
0,5,8,7.0,14.0,2.0,6.0,7.0,10.0,14.0,27.0,7.0,14.0,7.0,7.0,0.09167187645236005,0.48036951501154734,0.07453734915290591,0.4691075514874142,3.0,3.0,False,2023
1,8,5,14.0,27.0,7.0,14.0,7.0,7.0,7.0,14.0,2.0,6.0,7.0,10.0,0.07453734915290591,0.4691075514874142,0.07333750116188804,0.4792626728110599,3.0,3.0,True,2023
0,24,18,12.0,19.0,3.0,10.0,5.0,7.0,18.0,30.0,3.0,7.0,7.0,7.0,0.14013570482397725,0.5924657534246576,0.16781977566287876,0.613588110403397,2.0,2.0,False,2023
0,27,28,12.0,22.0,4.0,9.0,6.0,7.0,14.0,22.0,6.0,10.0,10.0,13.0,0.09968887176637736,0.38609112709832133,0.14121099045709073,0.38954869358669836,2.0,2.0,True,2023
1,28,27,14.0,22.0,6.0,10.0,10.0,13.0,12.0,22.0,4.0,9.0,6.0,7.0,0.14121099045709073,0.38954869358669836,0.11975109741310189,0.3875598086124402,2.0,2.0,False,2023
0,8,26,8.0,18.0,5.0,8.0,8.0,10.0,17.0,29.0,3.0,5.0,7.0,9.0,0.09962987932232473,0.4703196347031963,0.11859893641114365,0.47045454545454546,1.0,2.0,True,2023
1,10,5,8.0,15.0,4.0,6.0,5.0,5.0,7.0,15.0,3.0,9.0,5.0,9.0,0.13651287291647785,0.3617511520737327,0.07333750116188804,0.4792626728110599,2.0,1.0,True,2023
0,5,10,7.0,15.0,3.0,9.0,5.0,9.0,8.0,15.0,4.0,6.0,5.0,5.0,0.07333750116188804,0.4792626728110599,0.14921029833318228,0.3632183908045977,1.0,2.0,False,2023
0,16,7,9.0,17.0,2.0,8.0,10.0,10.0,9.0,16.0,3.0,10.0,5.0,6.0,0.11390883834777585,0.47845804988662133,0.09805917674827956,0.5,3.0,3.0,True,2023
1,18,24,18.0,30.0,3.0,7.0,7.0,7.0,12.0,19.0,3.0,10.0,5.0,7.0,0.16781977566287876,0.613588110403397,0.1121085638591818,0.590443686006826,2.0,2.0,True,2023
1,7,16,9.0,16.0,3.0,10.0,5.0,6.0,9.0,17.0,2.0,8.0,10.0,10.0,0.09805917674827956,0.5,0.1311270706782207,0.4796380090497738,3.0,3.0,False,2023
0,14,15,14.0,23.0,3.0,8.0,6.0,6.0,9.0,16.0,2.0,7.0,10.0,13.0,0.03879964815016309,0.423963133640553,0.12063749702163469,0.4166666666666667,1.0,2.0,True,2023
1,15,14,9.0,16.0,2.0,7.0,10.0,13.0,14.0,23.0,3.0,8.0,6.0,6.0,0.12063749702163469,0.4166666666666667,0.07103971852013047,0.42528735632183906,2.0,1.0,False,2023
1,12,22,10.0,23.0,5.0,13.0,7.0,8.0,14.0,20.0,10.0,16.0,5.0,5.0,0.12111418656314235,0.5562632696390658,0.08684341677168611,0.5,3.0,2.0,False,2023
0,22,12,14.0,20.0,10.0,16.0,5.0,5.0,10.0,23.0,5.0,13.0,7.0,8.0,0.08684341677168611,0.5,0.09689134925051388,0.5550847457627118,2.0,3.0,True,2023
1,26,8,17.0,29.0,3.0,5.0,7.0,9.0,8.0,18.0,5.0,8.0,8.0,10.0,0.11859893641114365,0.47045454545454546,0.11970390345785978,0.4715261958997722,2.0,1.0,False,2023
0,21,29,9.0,22.0,5.0,12.0,5.0,7.0,15.0,23.0,4.0,9.0,5.0,7.0,0.04245620997585552,0.4364508393285372,0.07941263135897539,0.515625,2.0,2.0,True,2023
1,9,19,10.0,18.0,3.0,11.0,5.0,8.0,8.0,20.0,2.0,7.0,5.0,5.0,0.08548234107702754,0.42081447963800905,0.030945626911134873,0.3578199052132701,2.0,2.0,True,2023
0,25,3,10.0,22.0,6.0,10.0,6.0,8.0,6.0,16.0,3.0,12.0,5.0,6.0,0.06211525958777282,0.6088794926004228,0.1665616761478788,0.428246013667426,2.0,2.0,True,2023
1,1,13,10.0,17.0,3.0,8.0,11.0,12.0,17.0,30.0,6.0,12.0,10.0,12.0,0.0499012105977758,0.49891540130151846,0.0955347564695092,0.4901098901098901,2.0,2.0,False,2023
0,13,1,17.0,30.0,6.0,12.0,10.0,12.0,10.0,17.0,3.0,8.0,11.0,12.0,0.0955347564695092,0.4901098901098901,0.039920968478220645,0.49783549783549785,2.0,2.0,True,2023
1,20,17,12.0,21.0,3.0,6.0,5.0,8.0,10.0,22.0,4.0,11.0,10.0,10.0,0.14277543638912907,0.5991471215351812,0.08224381461705628,0.5164835164835165,3.0,2.0,True,2023
1,3,25,6.0,16.0,3.0,12.0,5.0,6.0,10.0,22.0,6.0,10.0,6.0,8.0,0.1665616761478788,0.428246013667426,0.08969220767021827,0.609704641350211,2.0,2.0,False,2023
0,17,20,10.0,22.0,4.0,11.0,10.0,10.0,12.0,21.0,3.0,6.0,5.0,8.0,0.08224381461705628,0.5164835164835165,0.15422034911130325,0.6,2.0,3.0,False,2023
1,6,4,9.0,18.0,5.0,8.0,4.0,4.0,10.0,16.0,2.0,6.0,8.0,11.0,0.1844213092156241,0.5044642857142857,0.11745230418876758,0.6536885245901639,2.0,2.0,True,2023
0,4,6,10.0,16.0,2.0,6.0,8.0,11.0,9.0,18.0,5.0,8.0,4.0,4.0,0.11745230418876758,0.6536885245901639,0.18753704737249927,0.5055679287305123,2.0,2.0,False,2023
1,2,23,13.0,29.0,5.0,13.0,9.0,11.0,13.0,25.0,3.0,10.0,6.0,7.0,0.06570247559807915,0.5974683544303797,0.1040574544650982,0.4470588235294118,2.0,2.0,True,2023
0,23,2,13.0,25.0,3.0,10.0,6.0,7.0,13.0,29.0,5.0,13.0,9.0,11.0,0.1040574544650982,0.4470588235294118,0.09256198047846333,0.5984848484848485,2.0,2.0,False,2023
0,19,9,8.0,20.0,2.0,7.0,5.0,5.0,10.0,18.0,3.0,11.0,5.0,8.0,0.030945626911134873,0.3578199052132701,0.10838587286162205,0.4221218961625282,2.0,2.0,False,2023
1,29,21,15.0,23.0,4.0,9.0,5.0,7.0,9.0,22.0,5.0,12.0,5.0,7.0,0.07941263135897539,0.515625,0.07396496798068443,0.43779904306220097,2.0,2.0,False,2023
1,20,7,16.0,25.0,5.0,11.0,7.0,9.0,10.0,20.0,7.0,17.0,5.0,10.0,0.15422034911130325,0.6,0.07844734139862365,0.4989106753812636,2.0,2.0,True,2023
0,16,0,15.0,29.0,3.0,10.0,6.0,7.0,11.0,25.0,5.0,12.0,7.0,8.0,0.1311270706782207,0.4796380090497738,0.056110476978983984,0.4375,2.0,4.0,False,2023
1,0,16,11.0,25.0,5.0,12.0,7.0,8.0,15.0,29.0,3.0,10.0,6.0,7.0,0.056110476978983984,0.4375,0.10490165654257655,0.4785553047404063,4.0,2.0,True,2023
1,28,18,12.0,24.0,4.0,9.0,7.0,7.0,12.0,22.0,5.0,11.0,10.0,15.0,0.11296879236567259,0.3886255924170616,0.174255820530303,0.614406779661017,2.0,2.0,False,2023
1,13,29,12.0,19.0,6.0,14.0,12.0,16.0,13.0,23.0,3.0,6.0,12.0,12.0,0.11642780517560736,0.49122807017543857,0.06353010508718031,0.5144766146993318,2.0,2.0,True,2023
0,29,13,13.0,23.0,3.0,6.0,12.0,12.0,12.0,19.0,6.0,14.0,12.0,16.0,0.06353010508718031,0.5144766146993318,0.13314224414048587,0.4923413566739606,2.0,2.0,False,2023
0,4,2,9.0,22.0,4.0,7.0,8.0,12.0,14.0,22.0,5.0,9.0,10.0,10.0,0.09396184335101407,0.6523517382413088,0.09256198047846333,0.5984848484848485,2.0,2.0,False,2023
0,7,20,10.0,20.0,7.0,17.0,5.0,10.0,16.0,25.0,5.0,11.0,7.0,9.0,0.07844734139862365,0.4989106753812636,0.1633762792890426,0.6008492569002123,2.0,2.0,False,2023
1,2,4,14.0,22.0,5.0,9.0,10.0,10.0,9.0,22.0,4.0,7.0,8.0,12.0,0.09256198047846333,0.5984848484848485,0.07516947468081125,0.6510204081632653,2.0,2.0,True,2023
0,18,28,12.0,22.0,5.0,11.0,10.0,15.0,12.0,24.0,4.0,9.0,7.0,7.0,0.174255820530303,0.614406779661017,0.09037503389253806,0.3877068557919622,2.0,2.0,True,2023
1,19,24,8.0,20.0,4.0,7.0,8.0,9.0,9.0,19.0,4.0,8.0,12.0,14.0,0.024756501528907897,0.35697399527186763,0.1121085638591818,0.590443686006826,3.0,3.0,False,2023
0,11,5,8.0,19.0,5.0,11.0,13.0,13.0,9.0,22.0,2.0,7.0,6.0,9.0,0.11875413481639416,0.6,0.058670000929510434,0.4781609195402299,4.0,3.0,False,2023
1,17,21,12.0,19.0,5.0,10.0,7.0,10.0,10.0,26.0,4.0,10.0,4.0,6.0,0.06579505169364502,0.5153508771929824,0.07396496798068443,0.43779904306220097,3.0,3.0,True,2023
0,21,17,10.0,26.0,4.0,10.0,4.0,6.0,12.0,19.0,5.0,10.0,7.0,10.0,0.07396496798068443,0.43779904306220097,0.09263604135491602,0.5164113785557987,3.0,3.0,False,2023
1,12,23,8.0,19.0,5.0,10.0,3.0,3.0,11.0,16.0,5.0,8.0,4.0,5.0,0.09689134925051388,0.5550847457627118,0.08324596357207856,0.4460093896713615,3.0,3.0,True,2023
0,22,8,5.0,12.0,4.0,7.0,6.0,6.0,10.0,18.0,4.0,9.0,6.0,7.0,0.10947473341734888,0.5011337868480725,0.11970390345785978,0.4715261958997722,3.0,3.0,False,2023
1,8,22,10.0,18.0,4.0,9.0,6.0,7.0,5.0,12.0,4.0,7.0,6.0,6.0,0.11970390345785978,0.4715261958997722,0.0875797867338791,0.5,3.0,3.0,True,2023
0,24,19,9.0,19.0,4.0,8.0,12.0,14.0,8.0,20.0,4.0,7.0,8.0,9.0,0.1121085638591818,0.590443686006826,0.019805201223126317,0.3561320754716981,3.0,3.0,True,2023
0,6,3,11.0,19.0,7.0,11.0,7.0,8.0,14.0,20.0,5.0,9.0,13.0,15.0,0.18753704737249927,0.5055679287305123,0.13324934091830304,0.42727272727272725,3.0,3.0,True,2023
1,27,1,11.0,19.0,4.0,8.0,9.0,10.0,14.0,22.0,6.0,12.0,4.0,4.0,0.11975109741310189,0.3875598086124402,0.039920968478220645,0.49783549783549785,3.0,3.0,False,2023
0,1,27,14.0,22.0,6.0,12.0,4.0,4.0,11.0,19.0,4.0,8.0,9.0,10.0,0.039920968478220645,0.49783549783549785,0.0958008779304815,0.38663484486873506,3.0,3.0,True,2023
0,23,12,11.0,16.0,5.0,8.0,4.0,5.0,8.0,19.0,5.0,10.0,3.0,3.0,0.08324596357207856,0.4460093896713615,0.11751307940041111,0.5560253699788583,3.0,3.0,False,2023
1,3,6,14.0,20.0,5.0,9.0,13.0,15.0,11.0,19.0,7.0,11.0,7.0,8.0,0.13324934091830304,0.42727272727272725,0.19002963789799943,0.5066666666666667,3.0,3.0,False,2023
1,5,11,9.0,22.0,2.0,7.0,6.0,9.0,8.0,19.0,5.0,11.0,13.0,13.0,0.058670000929510434,0.4781609195402299,0.09500330785311532,0.5987124463519313,3.0,4.0,True,2023
0,18,14,17.0,32.0,2.0,8.0,13.0,14.0,8.0,15.0,3.0,9.0,7.0,9.0,0.1794046564242424,0.6152219873150105,0.07103971852013047,0.42528735632183906,2.0,4.0,False,2023
1,14,18,8.0,15.0,3.0,9.0,7.0,9.0,17.0,32.0,2.0,8.0,13.0,14.0,0.07103971852013047,0.42528735632183906,0.1435237251393939,0.6139240506329114,4.0,2.0,True,2023
1,15,20,10.0,16.0,3.0,7.0,3.0,5.0,12.0,20.0,5.0,9.0,8.0,8.0,0.09650999761730775,0.4156769596199525,0.1633762792890426,0.6008492569002123,4.0,2.0,False,2023
1,26,5,9.0,14.0,3.0,6.0,10.0,11.0,8.0,18.0,4.0,6.0,3.0,4.0,0.09487914912891492,0.46938775510204084,0.08693600074360834,0.4793577981651376,4.0,1.0,True,2023
0,20,15,12.0,20.0,5.0,9.0,8.0,8.0,10.0,16.0,3.0,7.0,3.0,5.0,0.1633762792890426,0.6008492569002123,0.0772079980938462,0.4146919431279621,2.0,4.0,True,2023
0,29,10,12.0,24.0,4.0,10.0,4.0,6.0,7.0,13.0,2.0,4.0,5.0,5.0,0.050824084069744244,0.5133333333333333,0.14921029833318228,0.3632183908045977,2.0,4.0,True,2023
0,5,26,8.0,18.0,4.0,6.0,3.0,4.0,9.0,14.0,3.0,6.0,10.0,11.0,0.08693600074360834,0.4793577981651376,0.11590331930313194,0.47058823529411764,1.0,4.0,False,2023
0,7,16,10.0,21.0,5.0,9.0,6.0,8.0,8.0,22.0,3.0,10.0,15.0,16.0,0.06275787311889892,0.49782608695652175,0.10490165654257655,0.4785553047404063,2.0,2.0,True,2023
1,10,29,7.0,13.0,2.0,4.0,5.0,5.0,12.0,24.0,4.0,10.0,4.0,6.0,0.14921029833318228,0.3632183908045977,0.0806592672557954,0.5144124168514412,4.0,2.0,False,2023
0,24,25,9.0,18.0,5.0,9.0,9.0,12.0,13.0,24.0,2.0,4.0,10.0,15.0,0.12968685108734543,0.5918367346938775,0.08969220767021827,0.609704641350211,1.0,4.0,True,2023
1,22,9,11.0,16.0,6.0,8.0,6.0,8.0,11.0,17.0,3.0,6.0,9.0,10.0,0.0875797867338791,0.5,0.10838587286162205,0.4221218961625282,1.0,4.0,True,2023
1,16,7,8.0,22.0,3.0,10.0,15.0,16.0,10.0,21.0,5.0,9.0,6.0,8.0,0.10490165654257655,0.4785553047404063,0.09020629849511913,0.49891540130151846,2.0,2.0,False,2023
0,21,0,7.0,25.0,3.0,11.0,5.0,5.0,10.0,22.0,5.0,12.0,5.0,6.0,0.05917197438454754,0.43675417661097854,0.08488838158318718,0.45454545454545453,1.0,2.0,False,2023
1,2,1,14.0,26.0,6.0,16.0,8.0,8.0,11.0,22.0,3.0,11.0,4.0,5.0,0.11404958438277066,0.5994962216624685,0.07193677478257651,0.49892008639308855,2.0,1.0,True,2023
0,9,22,11.0,17.0,3.0,6.0,9.0,10.0,11.0,16.0,6.0,8.0,6.0,8.0,0.10838587286162205,0.4221218961625282,0.11006382938710328,0.5011286681715575,4.0,1.0,False,2023
1,25,24,13.0,24.0,2.0,4.0,10.0,15.0,9.0,18.0,5.0,9.0,9.0,12.0,0.08969220767021827,0.609704641350211,0.14374948086987635,0.5932203389830508,4.0,1.0,False,2023
0,1,2,11.0,22.0,3.0,11.0,4.0,5.0,14.0,26.0,6.0,16.0,8.0,8.0,0.07193677478257651,0.49892008639308855,0.13123966750621655,0.6005025125628141,1.0,2.0,False,2023
1,13,28,21.0,31.0,3.0,11.0,16.0,22.0,12.0,25.0,7.0,16.0,5.0,8.0,0.13314224414048587,0.4923413566739606,0.09037503389253806,0.3877068557919622,2.0,2.0,True,2023
0,28,13,12.0,25.0,7.0,16.0,5.0,8.0,21.0,31.0,3.0,11.0,16.0,22.0,0.09037503389253806,0.3877068557919622,0.1465137953123887,0.49344978165938863,2.0,2.0,False,2023
1,0,21,10.0,22.0,5.0,12.0,5.0,6.0,7.0,25.0,3.0,11.0,5.0,5.0,0.08488838158318718,0.45454545454545453,0.04733757950763803,0.4357142857142857,2.0,1.0,True,2023
0,23,8,10.0,23.0,2.0,7.0,9.0,9.0,14.0,21.0,5.0,6.0,14.0,19.0,0.06659677085766284,0.4449648711943794,0.13576312276628782,0.4727272727272727,2.0,2.0,False,2023
0,11,0,10.0,22.0,7.0,13.0,4.0,6.0,7.0,22.0,5.0,10.0,10.0,12.0,0.09500330785311532,0.5987124463519313,0.10791070526654974,0.47058823529411764,2.0,1.0,False,2023
1,12,29,11.0,18.0,3.0,7.0,5.0,6.0,10.0,18.0,4.0,7.0,5.0,5.0,0.11751307940041111,0.5560253699788583,0.0806592672557954,0.5144124168514412,2.0,1.0,True,2023
1,14,7,11.0,17.0,2.0,6.0,7.0,8.0,14.0,22.0,3.0,6.0,3.0,4.0,0.09683177481610437,0.42660550458715596,0.09020629849511913,0.49891540130151846,1.0,1.0,True,2023
0,7,14,14.0,22.0,3.0,6.0,3.0,4.0,11.0,17.0,2.0,6.0,7.0,8.0,0.09020629849511913,0.49891540130151846,0.1174654198528835,0.4279176201372998,1.0,1.0,False,2023
0,20,15,15.0,24.0,4.0,8.0,10.0,10.0,12.0,21.0,4.0,8.0,5.0,8.0,0.1707010234312341,0.6016949152542372,0.0772079980938462,0.4146919431279621,1.0,1.0,False,2023
1,8,23,14.0,21.0,5.0,6.0,14.0,19.0,10.0,23.0,2.0,7.0,9.0,9.0,0.13576312276628782,0.4727272727272727,0.05327741668613027,0.4439252336448598,2.0,2.0,True,2023
1,15,20,12.0,21.0,4.0,8.0,5.0,8.0,15.0,24.0,4.0,8.0,10.0,10.0,0.0772079980938462,0.4146919431279621,0.1365608187449873,0.6004228329809725,1.0,1.0,True,2023
0,10,19,7.0,15.0,2.0,4.0,7.0,9.0,10.0,16.0,6.0,11.0,6.0,8.0,0.11936823866654582,0.3623853211009174,0.019805201223126317,0.3561320754716981,1.0,2.0,False,2023
1,19,10,10.0,16.0,6.0,11.0,6.0,8.0,7.0,15.0,2.0,4.0,7.0,9.0,0.019805201223126317,0.3561320754716981,0.09549459093323666,0.36155606407322655,2.0,1.0,True,2023
1,27,4,15.0,25.0,4.0,7.0,12.0,14.0,17.0,39.0,3.0,14.0,11.0,17.0,0.0958008779304815,0.38663484486873506,0.07516947468081125,0.6510204081632653,2.0,3.0,True,2023
0,4,27,17.0,39.0,3.0,14.0,11.0,17.0,15.0,25.0,4.0,7.0,12.0,14.0,0.07516947468081125,0.6510204081632653,0.11664070234438521,0.3880952380952381,3.0,2.0,False,2023
1,9,6,10.0,26.0,3.0,4.0,6.0,9.0,11.0,22.0,5.0,11.0,9.0,9.0,0.08670869828929764,0.42117117117117114,0.19002963789799943,0.5066666666666667,1.0,2.0,False,2023
0,6,9,11.0,22.0,5.0,11.0,9.0,9.0,10.0,26.0,3.0,4.0,6.0,9.0,0.19002963789799943,0.5066666666666667,0.06936695863143812,0.4202247191011236,2.0,1.0,True,2023
1,0,11,7.0,22.0,5.0,10.0,10.0,12.0,10.0,22.0,7.0,13.0,4.0,6.0,0.10791070526654974,0.47058823529411764,0.07600264628249226,0.5974304068522484,1.0,2.0,True,2023
0,29,12,10.0,18.0,4.0,7.0,5.0,5.0,11.0,18.0,3.0,7.0,5.0,6.0,0.0806592672557954,0.5144124168514412,0.1340104635203289,0.5569620253164557,1.0,2.0,False,2023
1,5,28,11.0,21.0,3.0,8.0,5.0,6.0,14.0,27.0,6.0,13.0,7.0,11.0,0.06954880059488668,0.4782608695652174,0.07230002711403045,0.3867924528301887,2.0,2.0,True,2023
0,1,13,7.0,15.0,4.0,7.0,5.0,8.0,11.0,21.0,5.0,9.0,9.0,12.0,0.05754941982606121,0.4978448275862069,0.1465137953123887,0.49344978165938863,2.0,2.0,False,2023
1,25,16,8.0,19.0,5.0,8.0,9.0,11.0,9.0,19.0,4.0,7.0,7.0,8.0,0.07175376613617461,0.608421052631579,0.08392132523406123,0.4774774774774775,2.0,2.0,False,2023
0,16,25,9.0,19.0,4.0,7.0,7.0,8.0,8.0,19.0,5.0,8.0,9.0,11.0,0.08392132523406123,0.4774774774774775,0.05740301290893969,0.6071428571428571,2.0,2.0,True,2023
1,22,3,10.0,19.0,6.0,8.0,8.0,9.0,10.0,25.0,5.0,11.0,3.0,4.0,0.11006382938710328,0.5011286681715575,0.10659947273464243,0.42630385487528344,2.0,3.0,True,2023
0,3,22,10.0,25.0,5.0,11.0,3.0,4.0,10.0,19.0,6.0,8.0,8.0,9.0,0.10659947273464243,0.42630385487528344,0.12805106350968262,0.5022522522522522,3.0,2.0,False,2023
1,21,26,10.0,15.0,5.0,10.0,4.0,6.0,11.0,23.0,5.0,9.0,7.0,7.0,0.04733757950763803,0.4357142857142857,0.11590331930313194,0.47058823529411764,2.0,2.0,True,2023
0,26,21,11.0,23.0,5.0,9.0,7.0,7.0,10.0,15.0,5.0,10.0,4.0,6.0,0.11590331930313194,0.47058823529411764,0.07787006360611043,0.43705463182897863,2.0,2.0,False,2023
1,2,24,12.0,26.0,3.0,11.0,6.0,10.0,11.0,22.0,3.0,9.0,6.0,8.0,0.13123966750621655,0.6005025125628141,0.14374948086987635,0.5932203389830508,2.0,2.0,True,2023
0,24,2,11.0,22.0,3.0,9.0,6.0,8.0,12.0,26.0,3.0,11.0,6.0,10.0,0.14374948086987635,0.5932203389830508,0.14499173400497323,0.6015037593984962,2.0,2.0,False,2023
1,13,1,11.0,21.0,5.0,9.0,9.0,12.0,7.0,15.0,4.0,7.0,5.0,8.0,0.1465137953123887,0.49344978165938863,0.04603953586084897,0.4967741935483871,2.0,2.0,True,2023
0,28,5,14.0,27.0,6.0,13.0,7.0,11.0,11.0,21.0,3.0,8.0,5.0,6.0,0.07230002711403045,0.3867924528301887,0.09563904047590935,0.4794520547945205,2.0,2.0,False,2023
1,8,18,13.0,20.0,11.0,16.0,10.0,16.0,14.0,22.0,4.0,7.0,8.0,10.0,0.14861049821303024,0.47392290249433106,0.1435237251393939,0.6139240506329114,2.0,3.0,True,2023
0,18,8,14.0,22.0,4.0,7.0,8.0,10.0,13.0,20.0,11.0,16.0,10.0,16.0,0.1435237251393939,0.6139240506329114,0.1588883985704242,0.4751131221719457,3.0,2.0,False,2023
1,4,23,14.0,23.0,4.0,7.0,14.0,21.0,10.0,20.0,2.0,8.0,8.0,14.0,0.060135579744649004,0.6496945010183299,0.05327741668613027,0.4439252336448598,2.0,2.0,True,2023
0,7,25,6.0,12.0,3.0,6.0,7.0,7.0,11.0,22.0,4.0,11.0,9.0,10.0,0.0721650387960953,0.49783549783549785,0.05740301290893969,0.6071428571428571,2.0,1.0,False,2023
1,15,11,12.0,24.0,6.0,10.0,5.0,6.0,16.0,24.0,4.0,8.0,9.0,10.0,0.10176639847507696,0.4160756501182033,0.07600264628249226,0.5974304068522484,2.0,2.0,True,2023
0,11,15,16.0,24.0,4.0,8.0,9.0,10.0,12.0,24.0,6.0,10.0,5.0,6.0,0.07600264628249226,0.5974304068522484,0.12141311878006156,0.41745283018867924,2.0,2.0,False,2023
1,10,14,13.0,25.0,2.0,5.0,6.0,7.0,9.0,16.0,4.0,8.0,9.0,11.0,0.09549459093323666,0.36155606407322655,0.1174654198528835,0.4279176201372998,2.0,2.0,False,2023
0,14,10,9.0,16.0,4.0,8.0,9.0,11.0,13.0,25.0,2.0,5.0,6.0,7.0,0.1174654198528835,0.4279176201372998,0.07639567274658933,0.3607305936073059,2.0,2.0,True,2023
1,25,7,11.0,22.0,4.0,11.0,9.0,10.0,6.0,12.0,3.0,6.0,7.0,7.0,0.05740301290893969,0.6071428571428571,0.05773203103687624,0.49676025917926564,1.0,2.0,True,2023
0,17,0,12.0,29.0,4.0,15.0,6.0,7.0,14.0,23.0,7.0,15.0,8.0,9.0,0.09263604135491602,0.5164113785557987,0.1263285642132398,0.4857142857142857,4.0,2.0,False,2023
1,20,12,8.0,15.0,5.0,6.0,5.0,5.0,9.0,18.0,4.0,9.0,10.0,11.0,0.1365608187449873,0.6004228329809725,0.1340104635203289,0.5569620253164557,2.0,2.0,True,2023
0,12,20,9.0,18.0,4.0,9.0,10.0,11.0,8.0,15.0,5.0,6.0,5.0,5.0,0.1340104635203289,0.5569620253164557,0.14924865499598983,0.6012658227848101,2.0,2.0,False,2023
1,27,19,15.0,20.0,5.0,9.0,8.0,8.0,8.0,19.0,4.0,7.0,8.0,9.0,0.11664070234438521,0.3880952380952381,0.055844160978501055,0.35764705882352943,2.0,2.0,True,2023
0,19,27,8.0,19.0,4.0,7.0,8.0,9.0,15.0,20.0,5.0,9.0,8.0,8.0,0.055844160978501055,0.35764705882352943,0.13331256187550816,0.38954869358669836,2.0,2.0,False,2023
1,9,29,11.0,24.0,3.0,12.0,7.0,9.0,18.0,27.0,4.0,9.0,7.0,9.0,0.06936695863143812,0.4202247191011236,0.06452741380463632,0.5132743362831859,2.0,2.0,False,2023
0,29,9,18.0,27.0,4.0,9.0,7.0,9.0,11.0,24.0,3.0,12.0,7.0,9.0,0.06452741380463632,0.5132743362831859,0.05549356690515049,0.4192825112107623,2.0,2.0,True,2023
0,23,4,10.0,20.0,2.0,8.0,8.0,14.0,14.0,23.0,4.0,7.0,14.0,21.0,0.05327741668613027,0.4439252336448598,0.08810846379571921,0.6504065040650406,2.0,2.0,False,2023
1,0,17,14.0,23.0,7.0,15.0,8.0,9.0,12.0,29.0,4.0,15.0,6.0,7.0,0.1263285642132398,0.4857142857142857,0.07410883308393282,0.5152838427947598,2.0,4.0,True,2023
1,26,18,9.0,15.0,3.0,6.0,5.0,8.0,10.0,17.0,3.0,7.0,4.0,6.0,0.09272265544250555,0.46952595936794583,0.11481898011151512,0.6126315789473684,2.0,1.0,False,2023
1,23,19,10.0,21.0,4.0,10.0,6.0,7.0,10.0,16.0,3.0,5.0,5.0,5.0,0.04262193334890422,0.4428904428904429,0.044675328782800845,0.3568075117370892,1.0,1.0,False,2023
0,13,5,18.0,29.0,6.0,10.0,9.0,15.0,10.0,19.0,4.0,5.0,6.0,7.0,0.15721103624991098,0.49455337690631807,0.09563904047590935,0.4794520547945205,2.0,2.0,True,2023
0,19,23,10.0,16.0,3.0,5.0,5.0,5.0,10.0,21.0,4.0,10.0,6.0,7.0,0.044675328782800845,0.3568075117370892,0.034097546679123375,0.4418604651162791,1.0,1.0,True,2023
0,12,11,11.0,20.0,4.0,11.0,10.0,13.0,7.0,15.0,5.0,9.0,12.0,12.0,0.10720837081626311,0.5557894736842105,0.06080211702599381,0.5961538461538461,1.0,1.0,True,2023
1,11,12,7.0,15.0,5.0,9.0,12.0,12.0,11.0,20.0,4.0,11.0,10.0,13.0,0.06080211702599381,0.5961538461538461,0.1257666966530105,0.5567226890756303,1.0,1.0,False,2023
0,18,26,10.0,17.0,3.0,7.0,4.0,6.0,9.0,15.0,3.0,6.0,5.0,8.0,0.11481898011151512,0.6126315789473684,0.07417812435400443,0.46846846846846846,1.0,2.0,True,2023
1,5,13,10.0,19.0,4.0,5.0,6.0,7.0,18.0,29.0,6.0,10.0,9.0,15.0,0.09563904047590935,0.4794520547945205,0.16576882899992879,0.4956521739130435,2.0,2.0,False,2023
1,16,8,13.0,22.0,2.0,6.0,6.0,7.0,6.0,16.0,2.0,7.0,8.0,10.0,0.107137060187249,0.4786516853932584,0.1588883985704242,0.4751131221719457,2.0,1.0,True,2023
0,8,16,6.0,16.0,2.0,7.0,8.0,10.0,13.0,22.0,2.0,6.0,6.0,7.0,0.1588883985704242,0.4751131221719457,0.12570964814979918,0.4798206278026906,1.0,2.0,False,2023
1,22,24,11.0,17.0,5.0,12.0,10.0,10.0,15.0,25.0,7.0,13.0,8.0,8.0,0.12805106350968262,0.5022522522522522,0.11499958469590107,0.5912162162162162,2.0,2.0,True,2023
0,6,21,11.0,19.0,4.0,9.0,4.0,5.0,9.0,19.0,5.0,14.0,5.0,5.0,0.19202371031839954,0.5077605321507761,0.07787006360611043,0.43705463182897863,3.0,2.0,True,2023
0,3,27,10.0,19.0,5.0,11.0,5.0,6.0,7.0,17.0,2.0,4.0,7.0,7.0,0.08527957818771395,0.4253393665158371,0.13331256187550816,0.38954869358669836,2.0,1.0,True,2023
1,27,3,7.0,17.0,2.0,4.0,7.0,7.0,10.0,19.0,5.0,11.0,5.0,6.0,0.13331256187550816,0.38954869358669836,0.10822366255017116,0.42663656884875845,1.0,2.0,False,2023
1,21,6,9.0,19.0,5.0,14.0,5.0,5.0,11.0,19.0,4.0,9.0,4.0,5.0,0.07787006360611043,0.43705463182897863,0.19361896825471964,0.5088495575221239,2.0,3.0,False,2023
1,1,28,7.0,12.0,4.0,8.0,5.0,6.0,9.0,25.0,5.0,13.0,12.0,16.0,0.04603953586084897,0.4967741935483871,0.05784002169122436,0.38588235294117645,2.0,2.0,False,2023
0,24,22,15.0,25.0,7.0,13.0,8.0,8.0,11.0,17.0,5.0,12.0,10.0,10.0,0.11499958469590107,0.5912162162162162,0.1424408508077461,0.503370786516854,2.0,2.0,False,2023
0,28,1,9.0,25.0,5.0,13.0,12.0,16.0,7.0,12.0,4.0,8.0,5.0,6.0,0.05784002169122436,0.38588235294117645,0.036831628688679174,0.4957081545064378,2.0,2.0,True,2023
1,16,15,13.0,23.0,5.0,7.0,8.0,10.0,8.0,18.0,4.0,9.0,4.0,4.0,0.12570964814979918,0.4798206278026906,0.12141311878006156,0.41745283018867924,1.0,2.0,True,2023
1,4,14,6.0,16.0,3.0,9.0,6.0,6.0,11.0,18.0,3.0,5.0,4.0,4.0,0.08810846379571921,0.6504065040650406,0.13397233588230678,0.4292237442922374,2.0,2.0,False,2023
0,14,4,11.0,18.0,3.0,5.0,4.0,4.0,6.0,16.0,3.0,9.0,6.0,6.0,0.13397233588230678,0.4292237442922374,0.07048677103657537,0.6490872210953347,2.0,2.0,True,2023
1,20,2,10.0,14.0,4.0,7.0,8.0,8.0,12.0,20.0,4.0,8.0,11.0,14.0,0.14924865499598983,0.6012658227848101,0.14499173400497323,0.6015037593984962,2.0,3.0,True,2023
0,15,16,8.0,18.0,4.0,9.0,4.0,4.0,13.0,23.0,5.0,7.0,8.0,10.0,0.12141311878006156,0.41745283018867924,0.14056771851983935,0.4809843400447427,2.0,1.0,False,2023
0,2,20,12.0,20.0,4.0,8.0,11.0,14.0,10.0,14.0,4.0,7.0,8.0,8.0,0.14499173400497323,0.6015037593984962,0.15939892399679184,0.6021052631578947,3.0,2.0,False,2023
1,1,13,11.0,20.0,4.0,9.0,8.0,12.0,10.0,26.0,5.0,11.0,18.0,22.0,0.036831628688679174,0.4957081545064378,0.16576882899992879,0.4956521739130435,2.0,2.0,False,2023
0,12,24,12.0,19.0,5.0,9.0,7.0,8.0,7.0,16.0,4.0,10.0,7.0,8.0,0.1257666966530105,0.5567226890756303,0.09199966775672086,0.5892255892255892,2.0,2.0,True,2023
0,19,17,8.0,15.0,2.0,3.0,8.0,9.0,12.0,18.0,5.0,10.0,7.0,9.0,0.07574026302624068,0.3583138173302108,0.07410883308393282,0.5152838427947598,2.0,3.0,False,2023
1,18,8,15.0,24.0,5.0,9.0,10.0,10.0,10.0,16.0,5.0,8.0,6.0,8.0,0.1318551840892121,0.6134453781512605,0.12711071885633934,0.47404063205417607,2.0,2.0,True,2023
0,8,18,10.0,16.0,5.0,8.0,6.0,8.0,15.0,24.0,5.0,9.0,10.0,10.0,0.12711071885633934,0.47404063205417607,0.14548414727136968,0.6142557651991615,2.0,2.0,False,2023
1,28,7,8.0,18.0,4.0,12.0,10.0,12.0,6.0,13.0,2.0,6.0,2.0,2.0,0.08627201735297949,0.3873239436619718,0.05773203103687624,0.49676025917926564,2.0,3.0,True,2023
1,23,20,10.0,24.0,3.0,11.0,6.0,6.0,10.0,20.0,4.0,7.0,4.0,6.0,0.034097546679123375,0.4418604651162791,0.15939892399679184,0.6021052631578947,2.0,1.0,True,2023
1,17,19,12.0,18.0,5.0,10.0,7.0,9.0,8.0,15.0,2.0,3.0,8.0,9.0,0.07410883308393282,0.5152838427947598,0.06059221042099254,0.3574766355140187,3.0,2.0,True,2023
1,24,12,7.0,16.0,4.0,10.0,7.0,8.0,12.0,19.0,5.0,9.0,7.0,8.0,0.09199966775672086,0.5892255892255892,0.14061335732240837,0.5576519916142557,2.0,2.0,False,2023
0,20,23,10.0,20.0,4.0,7.0,4.0,6.0,10.0,24.0,3.0,11.0,6.0,6.0,0.15939892399679184,0.6021052631578947,0.0672780373432987,0.4431554524361949,1.0,2.0,False,2023
1,22,25,9.0,15.0,4.0,7.0,7.0,10.0,11.0,20.0,5.0,12.0,6.0,8.0,0.1424408508077461,0.503370786516854,0.08592241032715175,0.6079664570230608,2.0,3.0,True,2023
0,13,1,10.0,26.0,5.0,11.0,18.0,22.0,11.0,20.0,4.0,9.0,8.0,12.0,0.16576882899992879,0.4956521739130435,0.02946530295094334,0.49464668094218417,2.0,2.0,True,2023
0,9,0,10.0,22.0,3.0,10.0,11.0,13.0,21.0,39.0,10.0,21.0,6.0,8.0,0.05549356690515049,0.4192825112107623,0.14106285137059182,0.5,3.0,3.0,False,2023
1,3,27,22.0,34.0,7.0,15.0,20.0,25.0,16.0,32.0,3.0,9.0,10.0,12.0,0.10822366255017116,0.42663656884875845,0.10665004950040653,0.3886255924170616,2.0,2.0,True,2023
0,27,3,16.0,32.0,3.0,9.0,10.0,12.0,22.0,34.0,7.0,15.0,20.0,25.0,0.10665004950040653,0.3886255924170616,0.12657893004013693,0.42792792792792794,2.0,2.0,False,2023
1,21,29,11.0,22.0,3.0,10.0,6.0,11.0,16.0,26.0,4.0,8.0,11.0,15.0,0.06229605088488834,0.43601895734597157,0.09162193104370907,0.5143487858719646,2.0,3.0,False,2023
0,29,21,16.0,26.0,4.0,8.0,11.0,15.0,11.0,22.0,3.0,10.0,6.0,11.0,0.09162193104370907,0.5143487858719646,0.049836840707910675,0.43498817966903075,3.0,2.0,True,2023
1,6,5,11.0,14.0,4.0,7.0,5.0,5.0,7.0,13.0,3.0,7.0,6.0,7.0,0.19361896825471964,0.5088495575221239,0.07651123238072748,0.4783599088838269,2.0,2.0,True,2023
0,5,6,7.0,13.0,3.0,7.0,6.0,7.0,11.0,14.0,4.0,7.0,5.0,5.0,0.07651123238072748,0.4783599088838269,0.1948951746037757,0.5099337748344371,2.0,2.0,False,2023
0,25,22,11.0,20.0,5.0,12.0,6.0,8.0,9.0,15.0,4.0,7.0,7.0,10.0,0.08592241032715175,0.6079664570230608,0.15395268064619688,0.5044843049327354,3.0,2.0,False,2023
1,0,9,21.0,39.0,10.0,21.0,6.0,8.0,10.0,22.0,3.0,10.0,11.0,13.0,0.14106285137059182,0.5,0.04439485352412039,0.41834451901565994,3.0,3.0,True,2023
0,7,28,6.0,13.0,2.0,6.0,2.0,2.0,8.0,18.0,4.0,12.0,10.0,12.0,0.05773203103687624,0.49676025917926564,0.1090176138823836,0.38875878220140514,3.0,2.0,False,2023
1,26,2,10.0,18.0,5.0,8.0,4.0,5.0,11.0,18.0,3.0,7.0,8.0,9.0,0.07417812435400443,0.46846846846846846,0.11599338720397859,0.6,3.0,2.0,True,2023
1,11,15,9.0,17.0,5.0,10.0,15.0,15.0,15.0,22.0,3.0,7.0,6.0,8.0,0.04864169362079505,0.5948827292110874,0.09713049502404925,0.4164705882352941,3.0,2.0,False,2023
0,15,11,15.0,22.0,3.0,7.0,6.0,8.0,9.0,17.0,5.0,10.0,15.0,15.0,0.09713049502404925,0.4164705882352941,0.03891335489663604,0.5936170212765958,2.0,3.0,True,2023
1,4,14,20.0,33.0,3.0,9.0,15.0,16.0,10.0,28.0,3.0,6.0,6.0,6.0,0.07048677103657537,0.6490872210953347,0.14717786870584543,0.4305239179954442,2.0,2.0,True,2023
0,14,4,10.0,28.0,3.0,6.0,6.0,6.0,20.0,33.0,3.0,9.0,15.0,16.0,0.14717786870584543,0.4305239179954442,0.0963894168292603,0.6497975708502024,2.0,2.0,False,2023
0,2,26,11.0,18.0,3.0,7.0,8.0,9.0,10.0,18.0,5.0,8.0,4.0,5.0,0.11599338720397859,0.6,0.09934249948320355,0.4696629213483146,2.0,3.0,False,2023
1,8,1,10.0,21.0,5.0,11.0,6.0,6.0,7.0,15.0,2.0,8.0,6.0,8.0,0.10168857508507148,0.47297297297297297,0.02946530295094334,0.49464668094218417,2.0,2.0,True,2023
0,4,25,7.0,18.0,5.0,11.0,15.0,21.0,9.0,23.0,4.0,14.0,8.0,8.0,0.0963894168292603,0.6497975708502024,0.0687379282617214,0.606694560669456,1.0,2.0,True,2023
1,15,9,9.0,20.0,4.0,9.0,7.0,8.0,9.0,17.0,3.0,7.0,6.0,7.0,0.11770439601923939,0.41784037558685444,0.04439485352412039,0.41834451901565994,1.0,2.0,False,2023
1,18,22,8.0,20.0,5.0,8.0,8.0,10.0,9.0,22.0,6.0,14.0,9.0,10.0,0.14548414727136968,0.6142557651991615,0.15395268064619688,0.5044843049327354,2.0,2.0,True,2023
1,25,4,9.0,23.0,4.0,14.0,8.0,8.0,7.0,18.0,5.0,11.0,15.0,21.0,0.0687379282617214,0.606694560669456,0.11711153346340823,0.6505050505050505,2.0,1.0,False,2023
0,9,15,9.0,17.0,3.0,7.0,6.0,7.0,9.0,20.0,4.0,9.0,7.0,8.0,0.04439485352412039,0.41834451901565994,0.09416351681539151,0.4168618266978923,2.0,1.0,True,2023
1,10,26,8.0,17.0,3.0,7.0,7.0,9.0,8.0,19.0,3.0,7.0,17.0,18.0,0.07639567274658933,0.3607305936073059,0.09934249948320355,0.4696629213483146,5.0,1.0,True,2023
0,26,10,8.0,19.0,3.0,7.0,17.0,18.0,8.0,17.0,3.0,7.0,7.0,9.0,0.09934249948320355,0.4696629213483146,0.10111653819727144,0.3621867881548975,1.0,5.0,False,2023
1,28,5,17.0,27.0,3.0,8.0,6.0,11.0,9.0,16.0,2.0,6.0,10.0,12.0,0.1090176138823836,0.38875878220140514,0.06120898590458198,0.4772727272727273,2.0,2.0,True,2023
0,5,28,9.0,16.0,2.0,6.0,10.0,12.0,17.0,27.0,3.0,8.0,6.0,11.0,0.06120898590458198,0.4772727272727273,0.1272140911059069,0.3901869158878505,2.0,2.0,False,2023
0,1,8,7.0,15.0,2.0,8.0,6.0,8.0,10.0,21.0,5.0,11.0,6.0,6.0,0.02946530295094334,0.49464668094218417,0.12135086006805718,0.47415730337078654,2.0,2.0,False,2023
0,22,18,9.0,22.0,6.0,14.0,9.0,10.0,8.0,20.0,5.0,8.0,8.0,10.0,0.15395268064619688,0.5044843049327354,0.15638731781709575,0.6150627615062761,2.0,2.0,False,2023
0,17,23,8.0,18.0,4.0,9.0,11.0,15.0,11.0,26.0,3.0,9.0,7.0,9.0,0.09928706646714625,0.5163398692810458,0.0672780373432987,0.4431554524361949,2.0,2.0,False,2023
1,29,12,9.0,18.0,4.0,7.0,12.0,14.0,13.0,23.0,2.0,6.0,4.0,5.0,0.11329754483496726,0.5154185022026432,0.14061335732240837,0.5576519916142557,2.0,2.0,True,2023
0,12,29,13.0,23.0,2.0,6.0,4.0,5.0,9.0,18.0,4.0,7.0,12.0,14.0,0.14061335732240837,0.5576519916142557,0.1306380358679738,0.5164835164835165,2.0,2.0,False,2023
1,0,19,11.0,23.0,3.0,10.0,5.0,5.0,10.0,17.0,5.0,10.0,5.0,6.0,0.15285028109647344,0.5135135135135135,0.06059221042099254,0.3574766355140187,2.0,2.0,False,2023
0,19,0,10.0,17.0,5.0,10.0,5.0,6.0,11.0,23.0,3.0,10.0,5.0,5.0,0.06059221042099254,0.3574766355140187,0.12228022487717875,0.5,2.0,2.0,True,2023
1,3,7,7.0,20.0,5.0,12.0,5.0,5.0,9.0,17.0,3.0,6.0,4.0,4.0,0.12657893004013693,0.42792792792792794,0.04618562482950099,0.4956896551724138,2.0,2.0,True,2023
0,7,3,9.0,17.0,3.0,6.0,4.0,4.0,7.0,20.0,5.0,12.0,5.0,5.0,0.04618562482950099,0.4956896551724138,0.14126314403210954,0.42921348314606744,2.0,2.0,False,2023
1,21,16,7.0,23.0,4.0,13.0,5.0,5.0,8.0,17.0,2.0,6.0,5.0,7.0,0.049836840707910675,0.43498817966903075,0.14056771851983935,0.4809843400447427,2.0,3.0,False,2023
0,16,21,8.0,17.0,2.0,6.0,5.0,7.0,7.0,23.0,4.0,13.0,5.0,5.0,0.14056771851983935,0.4809843400447427,0.03986947256632854,0.4339622641509434,3.0,2.0,True,2023
1,27,6,8.0,20.0,3.0,4.0,7.0,7.0,15.0,24.0,6.0,10.0,9.0,9.0,0.08532003960032522,0.3877068557919622,0.1948951746037757,0.5099337748344371,2.0,2.0,True,2023
0,6,27,15.0,24.0,6.0,10.0,9.0,9.0,8.0,20.0,3.0,4.0,7.0,7.0,0.1948951746037757,0.5099337748344371,0.10825603168026017,0.3891509433962264,2.0,2.0,False,2023
1,23,17,11.0,26.0,3.0,9.0,7.0,9.0,8.0,18.0,4.0,9.0,11.0,15.0,0.0672780373432987,0.4431554524361949,0.079429653173717,0.5152173913043478,2.0,2.0,True,2023
1,20,24,7.0,12.0,4.0,7.0,4.0,5.0,6.0,11.0,2.0,5.0,4.0,7.0,0.12751913919743346,0.6008403361344538,0.07359973420537669,0.587248322147651,3.0,3.0,True,2023
1,10,16,10.0,20.0,4.0,7.0,8.0,10.0,13.0,21.0,3.0,8.0,5.0,7.0,0.10111653819727144,0.3621867881548975,0.15245417481587148,0.48214285714285715,1.0,1.0,False,2023
0,16,10,13.0,21.0,3.0,8.0,5.0,7.0,10.0,20.0,4.0,7.0,8.0,10.0,0.15245417481587148,0.48214285714285715,0.08089323055781715,0.3613636363636364,1.0,1.0,True,2023
1,1,11,8.0,24.0,5.0,13.0,10.0,11.0,15.0,27.0,6.0,15.0,13.0,13.0,0.023572242360754673,0.4935897435897436,0.03891335489663604,0.5936170212765958,1.0,2.0,False,2023
0,11,1,15.0,27.0,6.0,15.0,13.0,13.0,8.0,24.0,5.0,13.0,10.0,11.0,0.03891335489663604,0.5936170212765958,0.018857793888603737,0.4925373134328358,2.0,1.0,True,2023
0,24,20,6.0,11.0,2.0,5.0,4.0,7.0,7.0,12.0,4.0,7.0,4.0,5.0,0.07359973420537669,0.587248322147651,0.1420153113579468,0.6016771488469602,3.0,3.0,False,2023
1,13,2,7.0,23.0,3.0,6.0,9.0,11.0,8.0,22.0,4.0,9.0,11.0,12.0,0.17261506319994305,0.4967462039045553,0.09279470976318287,0.5985037406483791,3.0,2.0,False,2023
0,2,13,8.0,22.0,4.0,9.0,11.0,12.0,7.0,23.0,3.0,6.0,9.0,11.0,0.09279470976318287,0.5985037406483791,0.13809205055995444,0.49567099567099565,2.0,3.0,True,2023
0,17,22,7.0,24.0,4.0,11.0,4.0,5.0,6.0,16.0,3.0,10.0,7.0,7.0,0.079429653173717,0.5152173913043478,0.1231621445169575,0.5033557046979866,2.0,2.0,False,2023
0,28,25,10.0,22.0,6.0,11.0,6.0,9.0,9.0,21.0,4.0,9.0,9.0,11.0,0.1272140911059069,0.3901869158878505,0.054990342609377116,0.605427974947808,2.0,2.0,True,2023
1,5,19,11.0,18.0,3.0,4.0,5.0,6.0,9.0,20.0,2.0,7.0,3.0,6.0,0.04896718872366558,0.47619047619047616,0.08847376833679403,0.358974358974359,2.0,2.0,True,2023
1,25,28,9.0,21.0,4.0,9.0,9.0,11.0,10.0,22.0,6.0,11.0,6.0,9.0,0.054990342609377116,0.605427974947808,0.14177127288472552,0.3916083916083916,2.0,2.0,False,2023
1,7,12,10.0,20.0,2.0,6.0,10.0,10.0,10.0,15.0,5.0,12.0,10.0,10.0,0.03694849986360079,0.4946236559139785,0.1124906858579267,0.5564853556485355,2.0,2.0,False,2023
0,12,7,10.0,15.0,5.0,12.0,10.0,10.0,10.0,20.0,2.0,6.0,10.0,10.0,0.1124906858579267,0.5564853556485355,0.029558799890880633,0.49356223175965663,2.0,2.0,True,2023
1,18,27,9.0,20.0,5.0,9.0,6.0,8.0,14.0,19.0,11.0,13.0,4.0,5.0,0.15638731781709575,0.6150627615062761,0.10825603168026017,0.3891509433962264,2.0,2.0,False,2023
0,27,18,14.0,19.0,11.0,13.0,4.0,5.0,9.0,20.0,5.0,9.0,6.0,8.0,0.10825603168026017,0.3891509433962264,0.1251098542536766,0.6137787056367432,2.0,2.0,True,2023
1,26,14,12.0,23.0,3.0,8.0,5.0,6.0,7.0,14.0,2.0,5.0,8.0,10.0,0.07947399958656284,0.46860986547085204,0.11774229496467634,0.42954545454545456,2.0,3.0,True,2023
0,14,26,7.0,14.0,2.0,5.0,8.0,10.0,12.0,23.0,3.0,8.0,5.0,6.0,0.11774229496467634,0.42954545454545456,0.10357919966925029,0.4697986577181208,3.0,2.0,False,2023
1,8,6,10.0,24.0,4.0,10.0,8.0,10.0,9.0,26.0,4.0,10.0,11.0,11.0,0.12135086006805718,0.47415730337078654,0.15591613968302057,0.5088105726872246,2.0,2.0,False,2023
1,23,24,11.0,15.0,3.0,9.0,10.0,10.0,9.0,14.0,3.0,5.0,5.0,8.0,0.09382242987463896,0.4444444444444444,0.05887978736430135,0.5852842809364549,2.0,1.0,True,2023
1,4,21,7.0,10.0,3.0,7.0,5.0,11.0,15.0,29.0,7.0,15.0,5.0,5.0,0.11711153346340823,0.6505050505050505,0.03986947256632854,0.4339622641509434,2.0,2.0,False,2023
0,21,4,15.0,29.0,7.0,15.0,5.0,5.0,7.0,10.0,3.0,7.0,5.0,11.0,0.03986947256632854,0.4339622641509434,0.09368922677072658,0.6491935483870968,2.0,2.0,True,2023
1,29,9,10.0,19.0,5.0,8.0,4.0,6.0,12.0,24.0,2.0,8.0,6.0,7.0,0.1306380358679738,0.5164835164835165,0.0755158828192963,0.41964285714285715,2.0,2.0,True,2023
0,9,29,12.0,24.0,2.0,8.0,6.0,7.0,10.0,19.0,5.0,8.0,4.0,6.0,0.0755158828192963,0.41964285714285715,0.14451042869437905,0.5175438596491229,2.0,2.0,False,2023
1,22,17,6.0,16.0,3.0,10.0,7.0,7.0,7.0,24.0,4.0,11.0,4.0,5.0,0.1231621445169575,0.5033557046979866,0.0635437225389736,0.5140997830802603,2.0,2.0,True,2023
0,24,23,9.0,14.0,3.0,5.0,5.0,8.0,11.0,15.0,3.0,9.0,10.0,10.0,0.05887978736430135,0.5852842809364549,0.11505794389971116,0.4457274826789838,1.0,2.0,False,2023
1,20,3,10.0,17.0,3.0,8.0,5.0,6.0,8.0,20.0,3.0,6.0,5.0,8.0,0.1420153113579468,0.6016771488469602,0.14126314403210954,0.42921348314606744,1.0,2.0,True,2023
0,3,20,8.0,20.0,3.0,6.0,5.0,8.0,10.0,17.0,3.0,8.0,5.0,6.0,0.14126314403210954,0.42921348314606744,0.15361224908635743,0.602510460251046,2.0,1.0,False,2023
0,6,8,9.0,26.0,4.0,10.0,11.0,11.0,10.0,24.0,4.0,10.0,8.0,10.0,0.15591613968302057,0.5088105726872246,0.09708068805444574,0.4730941704035874,2.0,2.0,True,2023
0,19,5,9.0,20.0,2.0,7.0,3.0,6.0,11.0,18.0,3.0,4.0,5.0,6.0,0.08847376833679403,0.358974358974359,0.07917375097893246,0.47737556561085975,2.0,2.0,False,2023
0,11,27,12.0,20.0,4.0,7.0,3.0,3.0,13.0,22.0,6.0,12.0,9.0,10.0,0.07113068391730883,0.5944798301486199,0.12660482534420814,0.3905882352941176,2.0,1.0,False,2023
1,13,8,10.0,23.0,4.0,7.0,11.0,15.0,10.0,17.0,1.0,4.0,5.0,10.0,0.13809205055995444,0.49567099567099565,0.09708068805444574,0.4730941704035874,2.0,1.0,True,2023
0,29,15,14.0,28.0,4.0,6.0,8.0,10.0,11.0,21.0,4.0,9.0,12.0,14.0,0.14451042869437905,0.5175438596491229,0.09416351681539151,0.4168618266978923,1.0,3.0,True,2023
0,2,5,13.0,26.0,5.0,10.0,3.0,6.0,8.0,18.0,4.0,9.0,4.0,5.0,0.1142357678105463,0.599502487562189,0.07917375097893246,0.47737556561085975,2.0,1.0,True,2023
1,15,29,11.0,21.0,4.0,9.0,12.0,14.0,14.0,28.0,4.0,6.0,8.0,10.0,0.09416351681539151,0.4168618266978923,0.15560834295550324,0.5185995623632386,3.0,1.0,False,2023
0,8,13,10.0,17.0,1.0,4.0,5.0,10.0,10.0,23.0,4.0,7.0,11.0,15.0,0.09708068805444574,0.4730941704035874,0.15047364044796355,0.49676025917926564,1.0,2.0,False,2023
1,5,2,8.0,18.0,4.0,9.0,4.0,5.0,13.0,26.0,5.0,10.0,3.0,6.0,0.07917375097893246,0.47737556561085975,0.13138861424843704,0.6004962779156328,1.0,2.0,False,2023
0,10,0,9.0,20.0,4.0,9.0,5.0,7.0,9.0,20.0,5.0,14.0,9.0,10.0,0.08089323055781715,0.3613636363636364,0.12228022487717875,0.5,2.0,3.0,True,2023
1,27,11,13.0,22.0,6.0,12.0,9.0,10.0,12.0,20.0,4.0,7.0,3.0,3.0,0.12660482534420814,0.3905882352941176,0.05690454713384706,0.5932203389830508,1.0,2.0,True,2023
1,0,10,9.0,20.0,5.0,14.0,9.0,10.0,9.0,20.0,4.0,9.0,5.0,7.0,0.12228022487717875,0.5,0.10471458444625373,0.36281179138321995,3.0,2.0,False,2023
1,12,6,9.0,21.0,5.0,13.0,7.0,9.0,10.0,21.0,6.0,15.0,6.0,7.0,0.12999254868634136,0.55741127348643,0.16473291174641644,0.5098901098901099,2.0,2.0,False,2023
0,6,12,10.0,21.0,6.0,15.0,6.0,7.0,9.0,21.0,5.0,13.0,7.0,9.0,0.16473291174641644,0.5098901098901099,0.10399403894907308,0.55625,2.0,2.0,True,2023
0,9,24,9.0,18.0,3.0,7.0,9.0,9.0,9.0,23.0,3.0,10.0,9.0,10.0,0.06041270625543704,0.41870824053452116,0.04710382989144108,0.5833333333333334,2.0,2.0,True,2023
1,16,11,8.0,18.0,4.0,7.0,5.0,6.0,8.0,18.0,4.0,9.0,6.0,10.0,0.16196333985269717,0.48329621380846327,0.05690454713384706,0.5932203389830508,3.0,1.0,True,2023
0,3,7,8.0,17.0,4.0,7.0,6.0,6.0,9.0,18.0,5.0,7.0,4.0,4.0,0.11301051522568764,0.4282511210762332,0.029558799890880633,0.49356223175965663,2.0,2.0,True,2023
1,25,17,8.0,19.0,4.0,9.0,9.0,11.0,11.0,23.0,3.0,9.0,9.0,12.0,0.04399227408750169,0.6041666666666666,0.0635437225389736,0.5140997830802603,2.0,2.0,True,2023
1,26,13,11.0,20.0,3.0,8.0,11.0,13.0,8.0,18.0,4.0,10.0,10.0,12.0,0.10357919966925029,0.4697986577181208,0.15047364044796355,0.49676025917926564,2.0,1.0,True,2023
0,17,25,11.0,23.0,3.0,9.0,9.0,12.0,8.0,19.0,4.0,9.0,9.0,11.0,0.0635437225389736,0.5140997830802603,0.07519381927000135,0.604989604989605,2.0,2.0,False,2023
0,13,26,8.0,18.0,4.0,10.0,10.0,12.0,11.0,20.0,3.0,8.0,11.0,13.0,0.15047364044796355,0.49676025917926564,0.12286335973540023,0.47098214285714285,1.0,2.0,False,2023
1,24,9,9.0,23.0,3.0,10.0,9.0,10.0,9.0,18.0,3.0,7.0,9.0,9.0,0.04710382989144108,0.5833333333333334,0.08833016500434963,0.42,2.0,2.0,False,2023
0,18,19,8.0,18.0,3.0,9.0,5.0,6.0,11.0,17.0,4.0,8.0,6.0,7.0,0.1251098542536766,0.6137787056367432,0.07077901466943523,0.3581395348837209,2.0,2.0,True,2023
1,19,18,11.0,17.0,4.0,8.0,6.0,7.0,8.0,18.0,3.0,9.0,5.0,6.0,0.07077901466943523,0.3581395348837209,0.14008788340294126,0.6145833333333334,2.0,2.0,False,2023
1,7,3,9.0,18.0,5.0,7.0,4.0,4.0,8.0,17.0,4.0,7.0,6.0,6.0,0.029558799890880633,0.49356223175965663,0.1304084121805501,0.42953020134228187,2.0,2.0,False,2023
1,1,23,9.0,15.0,5.0,9.0,2.0,4.0,8.0,19.0,4.0,7.0,6.0,6.0,0.018857793888603737,0.4925373134328358,0.11505794389971116,0.4457274826789838,3.0,2.0,False,2023
0,21,22,8.0,17.0,3.0,9.0,7.0,8.0,10.0,21.0,4.0,12.0,8.0,10.0,0.07189557805306282,0.43529411764705883,0.138529715613566,0.5044642857142857,2.0,2.0,False,2023
0,23,1,8.0,19.0,4.0,7.0,6.0,6.0,9.0,15.0,5.0,9.0,2.0,4.0,0.11505794389971116,0.4457274826789838,0.01508623511088299,0.49148936170212765,2.0,3.0,True,2023
1,22,21,10.0,21.0,4.0,12.0,8.0,10.0,8.0,17.0,3.0,9.0,7.0,8.0,0.138529715613566,0.5044642857142857,0.057516462442450254,0.43427230046948356,2.0,2.0,True,2023
0,11,16,8.0,18.0,4.0,9.0,6.0,10.0,8.0,18.0,4.0,7.0,5.0,6.0,0.05690454713384706,0.5932203389830508,0.16957067188215774,0.48444444444444446,1.0,3.0,False,2023
1,20,29,13.0,29.0,5.0,9.0,4.0,4.0,10.0,21.0,2.0,7.0,8.0,8.0,0.15361224908635743,0.602510460251046,0.15560834295550324,0.5185995623632386,3.0,2.0,True,2023
1,14,8,8.0,16.0,5.0,10.0,4.0,4.0,12.0,21.0,4.0,8.0,7.0,8.0,0.09419383597174107,0.42857142857142855,0.0776645504435566,0.4720357941834452,3.0,2.0,False,2023
0,8,14,12.0,21.0,4.0,8.0,7.0,8.0,8.0,16.0,5.0,10.0,4.0,4.0,0.0776645504435566,0.4720357941834452,0.07535506877739286,0.4276018099547511,2.0,3.0,True,2023
1,15,10,11.0,14.0,6.0,8.0,3.0,4.0,8.0,13.0,3.0,7.0,5.0,8.0,0.07533081345231321,0.4158878504672897,0.10471458444625373,0.36281179138321995,2.0,2.0,True,2023
0,10,15,8.0,13.0,3.0,7.0,5.0,8.0,11.0,14.0,6.0,8.0,3.0,4.0,0.10471458444625373,0.36281179138321995,0.10026465076185057,0.4172494172494173,2.0,2.0,False,2023
1,28,4,15.0,30.0,4.0,12.0,10.0,10.0,7.0,16.0,5.0,11.0,9.0,12.0,0.14177127288472552,0.3916083916083916,0.09368922677072658,0.6491935483870968,3.0,3.0,False,2023
0,29,20,10.0,21.0,2.0,7.0,8.0,8.0,13.0,29.0,5.0,9.0,4.0,4.0,0.15560834295550324,0.5185995623632386,0.16288979926908595,0.6033402922755741,2.0,3.0,False,2023
1,2,27,10.0,21.0,4.0,11.0,8.0,8.0,10.0,24.0,4.0,13.0,3.0,4.0,0.13138861424843704,0.6004962779156328,0.1412838602753665,0.392018779342723,2.0,2.0,True,2023
0,27,2,10.0,24.0,4.0,13.0,3.0,4.0,10.0,21.0,4.0,11.0,8.0,8.0,0.1412838602753665,0.392018779342723,0.14511089139874964,0.6014851485148515,2.0,2.0,False,2023
1,16,5,11.0,19.0,3.0,5.0,5.0,11.0,6.0,16.0,2.0,6.0,5.0,5.0,0.16957067188215774,0.48444444444444446,0.06333900078314597,0.4762979683972912,1.0,2.0,True,2023
0,5,16,6.0,16.0,2.0,6.0,5.0,5.0,11.0,19.0,3.0,5.0,5.0,11.0,0.06333900078314597,0.4762979683972912,0.17565653750572618,0.48558758314855877,2.0,1.0,False,2023
0,4,28,7.0,16.0,5.0,11.0,9.0,12.0,15.0,30.0,4.0,12.0,10.0,10.0,0.09368922677072658,0.6491935483870968,0.11341701830778042,0.39069767441860465,3.0,3.0,True,2023
1,17,10,12.0,25.0,2.0,12.0,7.0,9.0,12.0,20.0,3.0,5.0,8.0,10.0,0.05083497803117888,0.512987012987013,0.08377166755700298,0.36199095022624433,2.0,1.0,False,2023
1,12,26,8.0,19.0,4.0,12.0,23.0,23.0,9.0,18.0,2.0,7.0,6.0,7.0,0.10399403894907308,0.55625,0.12286335973540023,0.47098214285714285,2.0,2.0,True,2023
0,10,17,12.0,20.0,3.0,5.0,8.0,10.0,12.0,25.0,2.0,12.0,7.0,9.0,0.08377166755700298,0.36199095022624433,0.04066798242494311,0.5118790496760259,1.0,2.0,True,2023
0,3,11,14.0,27.0,7.0,18.0,11.0,11.0,11.0,19.0,5.0,11.0,12.0,14.0,0.1304084121805501,0.42953020134228187,0.045523637707077645,0.5919661733615222,2.0,2.0,False,2023
1,25,21,10.0,16.0,6.0,10.0,8.0,9.0,14.0,22.0,5.0,9.0,4.0,6.0,0.07519381927000135,0.604989604989605,0.057516462442450254,0.43427230046948356,2.0,2.0,True,2023
0,21,25,14.0,22.0,5.0,9.0,4.0,6.0,10.0,16.0,6.0,10.0,8.0,9.0,0.057516462442450254,0.43427230046948356,0.10015505541600107,0.6058091286307054,2.0,2.0,False,2023
1,18,19,12.0,20.0,2.0,7.0,11.0,11.0,6.0,14.0,5.0,6.0,9.0,9.0,0.14008788340294126,0.6145833333333334,0.056623211735548185,0.35730858468677495,2.0,2.0,True,2023
1,24,13,9.0,14.0,3.0,6.0,12.0,12.0,12.0,22.0,3.0,9.0,16.0,21.0,0.03768306391315286,0.5813953488372093,0.12037891235837084,0.4956896551724138,2.0,2.0,True,2023
0,26,12,9.0,18.0,2.0,7.0,6.0,7.0,8.0,19.0,4.0,12.0,23.0,23.0,0.12286335973540023,0.47098214285714285,0.12319523115925848,0.5571725571725572,2.0,2.0,False,2023
0,13,24,12.0,22.0,3.0,9.0,16.0,21.0,9.0,14.0,3.0,6.0,12.0,12.0,0.12037891235837084,0.4956896551724138,0.07014645113052229,0.5827814569536424,2.0,2.0,False,2023
1,0,7,10.0,24.0,6.0,15.0,7.0,8.0,10.0,18.0,5.0,9.0,14.0,14.0,0.097824179901743,0.48717948717948717,0.023647039912704507,0.4925053533190578,3.0,2.0,False,2023
0,7,0,10.0,18.0,5.0,9.0,14.0,14.0,10.0,24.0,6.0,15.0,7.0,8.0,0.023647039912704507,0.4925053533190578,0.0782593439213944,0.475,2.0,3.0,True,2023
0,19,18,6.0,14.0,5.0,6.0,9.0,9.0,12.0,20.0,2.0,7.0,11.0,11.0,0.056623211735548185,0.35730858468677495,0.15207030672235303,0.6153846153846154,2.0,2.0,False,2023
1,11,3,11.0,19.0,5.0,11.0,12.0,14.0,14.0,27.0,7.0,18.0,11.0,11.0,0.045523637707077645,0.5919661733615222,0.10432672974444009,0.42857142857142855,2.0,2.0,True,2023
0,5,16,9.0,19.0,3.0,7.0,11.0,12.0,14.0,25.0,4.0,5.0,8.0,9.0,0.050671200626516776,0.4752252252252252,0.17565653750572618,0.48558758314855877,2.0,2.0,False,2023
0,23,19,8.0,18.0,5.0,8.0,4.0,6.0,10.0,16.0,5.0,8.0,7.0,8.0,0.13204635511976892,0.4470046082949309,0.04529856938843855,0.35648148148148145,3.0,1.0,False,2023
1,14,27,9.0,20.0,2.0,5.0,4.0,5.0,15.0,28.0,4.0,11.0,4.0,7.0,0.07535506877739286,0.4276018099547511,0.1130270882202932,0.3911007025761124,2.0,2.0,True,2023
0,1,15,9.0,25.0,4.0,12.0,5.0,7.0,9.0,18.0,4.0,11.0,7.0,9.0,0.01508623511088299,0.49148936170212765,0.10026465076185057,0.4172494172494173,3.0,2.0,False,2023
1,28,22,11.0,23.0,4.0,12.0,9.0,9.0,11.0,20.0,7.0,15.0,5.0,9.0,0.11341701830778042,0.39069767441860465,0.1508237724908528,0.5055679287305123,2.0,3.0,True,2023
0,22,28,11.0,20.0,7.0,15.0,5.0,9.0,11.0,23.0,4.0,12.0,9.0,9.0,0.1508237724908528,0.5055679287305123,0.13073361464622432,0.39211136890951276,3.0,2.0,False,2023
1,16,5,14.0,25.0,4.0,5.0,8.0,9.0,9.0,19.0,3.0,7.0,11.0,12.0,0.17565653750572618,0.48558758314855877,0.04053696050121342,0.47415730337078654,2.0,2.0,True,2023
0,27,14,15.0,28.0,4.0,11.0,4.0,7.0,9.0,20.0,2.0,5.0,4.0,5.0,0.1130270882202932,0.3911007025761124,0.10028405502191429,0.4288939051918736,2.0,2.0,False,2023
1,19,23,10.0,16.0,5.0,8.0,7.0,8.0,8.0,18.0,5.0,8.0,4.0,6.0,0.04529856938843855,0.35648148148148145,0.10563708409581514,0.4459770114942529,1.0,3.0,True,2023
1,20,7,10.0,15.0,5.0,7.0,4.0,6.0,6.0,14.0,3.0,6.0,4.0,4.0,0.16288979926908595,0.6033402922755741,0.058917631930163604,0.4935897435897436,2.0,1.0,True,2023
1,2,8,15.0,22.0,4.0,8.0,8.0,10.0,15.0,24.0,6.0,12.0,4.0,5.0,0.14511089139874964,0.6014851485148515,0.10213164035484527,0.4732142857142857,2.0,2.0,True,2023
0,8,2,15.0,24.0,6.0,12.0,4.0,5.0,15.0,22.0,4.0,8.0,8.0,10.0,0.10213164035484527,0.4732142857142857,0.15608871311899972,0.6024691358024692,2.0,2.0,False,2023
1,9,4,9.0,18.0,3.0,8.0,7.0,8.0,10.0,21.0,4.0,10.0,4.0,4.0,0.08833016500434963,0.42,0.11495138141658127,0.6498993963782697,3.0,2.0,False,2023
0,4,9,10.0,21.0,4.0,10.0,4.0,4.0,9.0,18.0,3.0,8.0,7.0,8.0,0.11495138141658127,0.6498993963782697,0.07066413200347971,0.4190687361419069,2.0,3.0,True,2023
0,7,20,6.0,14.0,3.0,6.0,4.0,4.0,10.0,15.0,5.0,7.0,4.0,6.0,0.058917631930163604,0.4935897435897436,0.17031183941526878,0.6041666666666666,1.0,2.0,False,2023
1,15,1,9.0,18.0,4.0,11.0,7.0,9.0,9.0,25.0,4.0,12.0,5.0,7.0,0.10026465076185057,0.4172494172494173,0.012068988088706392,0.49044585987261147,2.0,3.0,True,2023
0,26,18,10.0,16.0,3.0,5.0,16.0,16.0,10.0,17.0,5.0,10.0,10.0,10.0,0.09829068778832019,0.46993318485523383,0.15207030672235303,0.6153846153846154,2.0,2.0,True,2023
1,25,21,11.0,19.0,3.0,11.0,10.0,12.0,11.0,19.0,4.0,10.0,6.0,9.0,0.10015505541600107,0.6058091286307054,0.0460131699539602,0.4332552693208431,2.0,2.0,True,2023
0,21,25,11.0,19.0,4.0,10.0,6.0,9.0,11.0,19.0,3.0,11.0,10.0,12.0,0.0460131699539602,0.4332552693208431,0.12012404433280086,0.6066252587991718,2.0,2.0,False,2023
1,17,3,16.0,28.0,5.0,13.0,13.0,15.0,11.0,23.0,2.0,8.0,8.0,10.0,0.04066798242494311,0.5118790496760259,0.10432672974444009,0.42857142857142855,2.0,2.0,False,2023
0,3,17,11.0,23.0,2.0,8.0,8.0,10.0,16.0,28.0,5.0,13.0,13.0,15.0,0.10432672974444009,0.42857142857142855,0.03253438593995449,0.5107758620689655,2.0,2.0,True,2023
1,18,26,10.0,17.0,5.0,10.0,10.0,10.0,10.0,16.0,3.0,5.0,16.0,16.0,0.15207030672235303,0.6153846153846154,0.11863255023065615,0.4711111111111111,2.0,2.0,False,2023
1,29,13,10.0,28.0,3.0,8.0,6.0,10.0,14.0,28.0,4.0,11.0,3.0,7.0,0.1244866743644026,0.517467248908297,0.09630312988669668,0.4946236559139785,3.0,2.0,False,2023
0,13,29,14.0,28.0,4.0,11.0,3.0,7.0,10.0,28.0,3.0,8.0,6.0,10.0,0.09630312988669668,0.4946236559139785,0.09958933949152207,0.5163398692810458,2.0,3.0,True,2023
1,6,2,9.0,24.0,4.0,11.0,3.0,4.0,7.0,22.0,4.0,10.0,6.0,7.0,0.17178632939713318,0.5109649122807017,0.15608871311899972,0.6024691358024692,4.0,1.0,False,2023
0,2,6,7.0,22.0,4.0,10.0,6.0,7.0,9.0,24.0,4.0,11.0,3.0,4.0,0.15608871311899972,0.6024691358024692,0.13742906351770653,0.5098468271334792,1.0,4.0,True,2023
1,12,4,11.0,19.0,5.0,11.0,7.0,8.0,7.0,16.0,6.0,14.0,7.0,8.0,0.12319523115925848,0.5571725571725572,0.13196110513326503,0.6506024096385542,2.0,1.0,True,2023
0,4,12,7.0,16.0,6.0,14.0,7.0,8.0,11.0,19.0,5.0,11.0,7.0,8.0,0.13196110513326503,0.6506024096385542,0.1385561849274068,0.558091286307054,1.0,2.0,False,2023
1,15,1,9.0,14.0,5.0,8.0,7.0,10.0,11.0,21.0,5.0,9.0,3.0,6.0,0.12021172060948045,0.4186046511627907,0.012068988088706392,0.49044585987261147,2.0,2.0,True,2023
1,14,28,14.0,27.0,4.0,10.0,8.0,9.0,12.0,24.0,3.0,7.0,7.0,8.0,0.10028405502191429,0.4288939051918736,0.13073361464622432,0.39211136890951276,2.0,2.0,False,2023
0,28,14,12.0,24.0,3.0,7.0,7.0,8.0,14.0,27.0,4.0,10.0,8.0,9.0,0.13073361464622432,0.39211136890951276,0.08022724401753142,0.42792792792792794,2.0,2.0,True,2023
1,11,10,8.0,21.0,3.0,11.0,17.0,21.0,10.0,20.0,5.0,10.0,3.0,5.0,0.07641891016566212,0.5928270042194093,0.10701733404560239,0.36343115124153497,3.0,3.0,True,2023
0,10,11,10.0,20.0,5.0,10.0,3.0,5.0,8.0,21.0,3.0,11.0,17.0,21.0,0.10701733404560239,0.36343115124153497,0.1011351281325297,0.5936842105263158,3.0,3.0,False,2023
1,5,0,7.0,11.0,2.0,5.0,6.0,8.0,8.0,17.0,4.0,12.0,7.0,8.0,0.04053696050121342,0.47415730337078654,0.0782593439213944,0.475,2.0,3.0,False,2023
0,0,5,8.0,17.0,4.0,12.0,7.0,8.0,7.0,11.0,2.0,5.0,6.0,8.0,0.0782593439213944,0.475,0.032429568400970735,0.4730941704035874,3.0,2.0,True,2023
0,1,15,11.0,21.0,5.0,9.0,3.0,6.0,9.0,14.0,5.0,8.0,7.0,10.0,0.012068988088706392,0.49044585987261147,0.13616937648758437,0.419953596287703,2.0,2.0,False,2023
1,23,7,12.0,24.0,2.0,8.0,5.0,5.0,10.0,18.0,6.0,7.0,6.0,8.0,0.10563708409581514,0.4459770114942529,0.04713410554413088,0.4925373134328358,2.0,2.0,True,2023
1,24,20,10.0,20.0,3.0,9.0,4.0,4.0,9.0,17.0,4.0,8.0,4.0,5.0,0.07014645113052229,0.5827814569536424,0.17031183941526878,0.6041666666666666,3.0,2.0,False,2023
1,22,9,9.0,18.0,5.0,12.0,8.0,11.0,9.0,18.0,6.0,10.0,8.0,9.0,0.12065901799268224,0.5044444444444445,0.07066413200347971,0.4190687361419069,2.0,2.0,False,2023
0,9,22,9.0,18.0,6.0,10.0,8.0,9.0,9.0,18.0,5.0,12.0,8.0,11.0,0.07066413200347971,0.4190687361419069,0.09652721439414579,0.5033259423503326,2.0,2.0,True,2023
1,19,8,9.0,19.0,3.0,7.0,9.0,10.0,12.0,19.0,3.0,8.0,8.0,10.0,0.07623885551075084,0.3579676674364896,0.08170531228387622,0.47216035634743875,2.0,2.0,False,2023
0,8,19,12.0,19.0,3.0,8.0,8.0,10.0,9.0,19.0,3.0,7.0,9.0,10.0,0.08170531228387622,0.47216035634743875,0.06099108440860067,0.35714285714285715,2.0,2.0,True,2023
1,27,26,9.0,19.0,4.0,9.0,14.0,15.0,11.0,18.0,2.0,9.0,7.0,8.0,0.09042167057623456,0.3901869158878505,0.11863255023065615,0.4711111111111111,2.0,1.0,False,2023
0,26,27,11.0,18.0,2.0,9.0,7.0,8.0,9.0,19.0,4.0,9.0,14.0,15.0,0.11863255023065615,0.4711111111111111,0.07233733646098764,0.38927738927738925,1.0,2.0,True,2023
0,7,23,10.0,18.0,6.0,7.0,6.0,8.0,12.0,24.0,2.0,8.0,5.0,5.0,0.04713410554413088,0.4925373134328358,0.12450966727665211,0.44724770642201833,2.0,2.0,False,2023
0,20,24,9.0,17.0,4.0,8.0,4.0,5.0,10.0,20.0,3.0,9.0,4.0,4.0,0.17031183941526878,0.6041666666666666,0.05611716090441783,0.5808580858085809,2.0,3.0,True,2023
0,3,23,8.0,16.0,2.0,9.0,7.0,8.0,10.0,18.0,3.0,7.0,4.0,5.0,0.12346138379555208,0.4298440979955457,0.12450966727665211,0.44724770642201833,2.0,1.0,False,2023
1,11,18,16.0,29.0,3.0,12.0,8.0,10.0,11.0,20.0,5.0,11.0,10.0,13.0,0.1011351281325297,0.5936842105263158,0.12165624537788242,0.6141078838174274,1.0,2.0,False,2023
0,18,11,11.0,20.0,5.0,11.0,10.0,13.0,16.0,29.0,3.0,12.0,8.0,10.0,0.12165624537788242,0.6141078838174274,0.08090810250602376,0.592436974789916,2.0,1.0,True,2023
1,25,9,9.0,16.0,2.0,7.0,9.0,10.0,10.0,17.0,3.0,5.0,9.0,9.0,0.12012404433280086,0.6066252587991718,0.09653130560278378,0.42035398230088494,2.0,1.0,False,2023
0,9,25,10.0,17.0,3.0,5.0,9.0,9.0,9.0,16.0,2.0,7.0,9.0,10.0,0.09653130560278378,0.42035398230088494,0.09609923546624069,0.6053719008264463,1.0,2.0,True,2023
1,17,13,11.0,20.0,4.0,11.0,10.0,10.0,8.0,19.0,8.0,10.0,5.0,6.0,0.03253438593995449,0.5107758620689655,0.11704250390935733,0.4957081545064378,2.0,2.0,True,2023
0,13,17,8.0,19.0,8.0,10.0,5.0,6.0,11.0,20.0,4.0,11.0,10.0,10.0,0.11704250390935733,0.4957081545064378,0.06602750875196359,0.5118279569892473,2.0,2.0,False,2023
1,12,4,11.0,19.0,5.0,8.0,2.0,4.0,5.0,14.0,4.0,10.0,6.0,6.0,0.1385561849274068,0.558091286307054,0.10556888410661203,0.6492985971943888,2.0,2.0,True,2023
0,4,12,5.0,14.0,4.0,10.0,6.0,6.0,11.0,19.0,5.0,8.0,2.0,4.0,0.10556888410661203,0.6492985971943888,0.15084494794192543,0.5590062111801242,2.0,2.0,False,2023
1,22,16,7.0,15.0,4.0,9.0,7.0,7.0,10.0,19.0,5.0,11.0,9.0,12.0,0.09652721439414579,0.5033259423503326,0.18052523000458093,0.48672566371681414,1.0,3.0,False,2023
0,16,22,10.0,19.0,5.0,11.0,9.0,12.0,7.0,15.0,4.0,9.0,7.0,7.0,0.18052523000458093,0.48672566371681414,0.07722177151531663,0.5022123893805309,3.0,1.0,True,2023
1,21,2,11.0,27.0,4.0,8.0,8.0,8.0,12.0,27.0,4.0,14.0,5.0,5.0,0.03681053596316816,0.4322429906542056,0.16487097049519978,0.603448275862069,2.0,2.0,False,2023
0,2,21,12.0,27.0,4.0,14.0,5.0,5.0,11.0,27.0,4.0,8.0,8.0,8.0,0.16487097049519978,0.603448275862069,0.02944842877053453,0.43123543123543123,2.0,2.0,True,2023
1,23,3,10.0,18.0,3.0,7.0,4.0,5.0,8.0,16.0,2.0,9.0,7.0,8.0,0.12450966727665211,0.44724770642201833,0.09876910703644166,0.4288888888888889,1.0,2.0,True,2023
1,24,1,12.0,24.0,5.0,8.0,6.0,7.0,9.0,16.0,2.0,6.0,7.0,8.0,0.05611716090441783,0.5808580858085809,0.009655190470965113,0.4894067796610169,2.0,2.0,True,2023
1,17,13,10.0,17.0,4.0,9.0,16.0,16.0,8.0,22.0,3.0,10.0,12.0,14.0,0.06602750875196359,0.5118279569892473,0.09363400312748586,0.49464668094218417,1.0,1.0,True,2023
1,5,15,10.0,25.0,4.0,10.0,3.0,6.0,11.0,21.0,4.0,7.0,9.0,11.0,0.032429568400970735,0.4730941704035874,0.13616937648758437,0.419953596287703,2.0,2.0,False,2023
0,13,17,8.0,22.0,3.0,10.0,12.0,14.0,10.0,17.0,4.0,9.0,16.0,16.0,0.09363400312748586,0.49464668094218417,0.09282200700157087,0.5128755364806867,1.0,1.0,False,2023
1,29,18,15.0,23.0,2.0,6.0,4.0,5.0,12.0,21.0,4.0,7.0,9.0,12.0,0.09958933949152207,0.5163398692810458,0.13732499630230594,0.6149068322981367,3.0,1.0,False,2023
0,18,29,12.0,21.0,4.0,7.0,9.0,12.0,15.0,23.0,2.0,6.0,4.0,5.0,0.13732499630230594,0.6149068322981367,0.07967147159321766,0.5152173913043478,1.0,3.0,True,2023
0,1,24,9.0,16.0,2.0,6.0,7.0,8.0,12.0,24.0,5.0,8.0,6.0,7.0,0.009655190470965113,0.4894067796610169,0.08489372872353426,0.5822368421052632,2.0,2.0,False,2023
0,15,5,11.0,21.0,4.0,7.0,9.0,11.0,10.0,25.0,4.0,10.0,3.0,6.0,0.13616937648758437,0.419953596287703,0.025943654720776588,0.4720357941834452,2.0,2.0,True,2023
0,28,19,15.0,24.0,4.0,7.0,8.0,8.0,7.0,19.0,5.0,10.0,5.0,6.0,0.14458689171697947,0.39351851851851855,0.06099108440860067,0.35714285714285715,2.0,2.0,True,2023
0,10,20,8.0,16.0,2.0,7.0,6.0,6.0,9.0,17.0,4.0,10.0,5.0,11.0,0.08561386723648191,0.36261261261261263,0.176249471532215,0.604989604989605,2.0,2.0,False,2023
1,27,0,18.0,31.0,5.0,10.0,12.0,14.0,9.0,21.0,8.0,15.0,4.0,5.0,0.07233733646098764,0.38927738927738925,0.10260747513711552,0.4878048780487805,2.0,2.0,True,2023
0,0,27,9.0,21.0,8.0,15.0,4.0,5.0,18.0,31.0,5.0,10.0,12.0,14.0,0.10260747513711552,0.4878048780487805,0.09786986916879012,0.39069767441860465,2.0,2.0,False,2023
1,6,26,9.0,20.0,3.0,8.0,3.0,6.0,12.0,21.0,5.0,7.0,11.0,14.0,0.13742906351770653,0.5098468271334792,0.13490604018452493,0.4722838137472284,3.0,2.0,False,2023
1,19,28,7.0,19.0,5.0,10.0,5.0,6.0,15.0,24.0,4.0,7.0,8.0,8.0,0.06099108440860067,0.35714285714285715,0.15566951337358356,0.394919168591224,2.0,2.0,False,2023
1,20,10,9.0,17.0,4.0,10.0,5.0,11.0,8.0,16.0,2.0,7.0,6.0,6.0,0.176249471532215,0.604989604989605,0.06849109378918553,0.36179775280898874,2.0,2.0,True,2023
0,26,6,12.0,21.0,5.0,7.0,11.0,14.0,9.0,20.0,3.0,8.0,3.0,6.0,0.13490604018452493,0.4722838137472284,0.10994325081416523,0.5087336244541485,2.0,3.0,True,2023
0,11,23,9.0,16.0,4.0,10.0,7.0,8.0,10.0,25.0,4.0,10.0,6.0,6.0,0.08090810250602376,0.592436974789916,0.1396077338213217,0.448512585812357,2.0,2.0,True,2023
1,14,0,9.0,20.0,4.0,12.0,11.0,12.0,12.0,28.0,7.0,15.0,11.0,12.0,0.08022724401753142,0.42792792792792794,0.08208598010969241,0.47619047619047616,3.0,1.0,False,2023
0,0,14,12.0,28.0,7.0,15.0,11.0,12.0,9.0,20.0,4.0,12.0,11.0,12.0,0.08208598010969241,0.47619047619047616,0.06418179521402514,0.42696629213483145,1.0,3.0,True,2023
1,28,25,11.0,29.0,2.0,9.0,10.0,11.0,10.0,23.0,5.0,13.0,9.0,13.0,0.15566951337358356,0.394919168591224,0.09609923546624069,0.6053719008264463,1.0,2.0,False,2023
1,23,11,10.0,25.0,4.0,10.0,6.0,6.0,9.0,16.0,4.0,10.0,7.0,8.0,0.1396077338213217,0.448512585812357,0.104726482004819,0.5932914046121593,2.0,2.0,False,2023
1,4,22,13.0,19.0,5.0,8.0,4.0,4.0,11.0,17.0,5.0,10.0,6.0,6.0,0.08445510728528963,0.648,0.07722177151531663,0.5022123893805309,2.0,2.0,True,2023
0,22,4,11.0,17.0,5.0,10.0,6.0,6.0,13.0,19.0,5.0,8.0,4.0,4.0,0.07722177151531663,0.5022123893805309,0.1075640858282317,0.6487025948103793,2.0,2.0,False,2023
1,16,7,11.0,20.0,5.0,8.0,7.0,8.0,8.0,16.0,3.0,6.0,4.0,4.0,0.18442018400366475,0.4878587196467991,0.0377072844353047,0.49148936170212765,2.0,3.0,True,2023
0,25,28,10.0,23.0,5.0,13.0,9.0,13.0,11.0,29.0,2.0,9.0,10.0,11.0,0.09609923546624069,0.6053719008264463,0.12453561069886684,0.39400921658986177,2.0,1.0,True,2023
1,29,1,16.0,26.0,5.0,10.0,11.0,12.0,14.0,20.0,3.0,10.0,9.0,11.0,0.07967147159321766,0.5152173913043478,0.007724152376772091,0.4883720930232558,1.0,1.0,True,2023
0,1,29,14.0,20.0,3.0,10.0,9.0,11.0,16.0,26.0,5.0,10.0,11.0,12.0,0.007724152376772091,0.4883720930232558,0.10373717727457413,0.5162689804772235,1.0,1.0,False,2023
1,3,8,9.0,22.0,5.0,10.0,7.0,7.0,8.0,20.0,3.0,9.0,7.0,9.0,0.09876910703644166,0.4288888888888889,0.10536424982710098,0.47333333333333333,2.0,3.0,True,2023
0,8,3,8.0,20.0,3.0,9.0,7.0,9.0,9.0,22.0,5.0,10.0,7.0,7.0,0.10536424982710098,0.47333333333333333,0.11901528562915334,0.43015521064301554,3.0,2.0,False,2023
0,2,21,15.0,23.0,7.0,12.0,14.0,14.0,9.0,23.0,5.0,12.0,5.0,9.0,0.17189677639615983,0.6044226044226044,0.02944842877053453,0.43123543123543123,2.0,2.0,True,2023
1,9,12,11.0,17.0,5.0,8.0,9.0,11.0,11.0,19.0,2.0,8.0,11.0,11.0,0.11722504448222701,0.4216335540838852,0.15084494794192543,0.5590062111801242,2.0,2.0,True,2023
0,12,9,11.0,19.0,2.0,8.0,11.0,11.0,11.0,17.0,5.0,8.0,9.0,11.0,0.15084494794192543,0.5590062111801242,0.1337800355857816,0.42290748898678415,2.0,2.0,False,2023
0,7,16,8.0,16.0,3.0,6.0,4.0,4.0,11.0,20.0,5.0,8.0,7.0,8.0,0.0377072844353047,0.49148936170212765,0.1875361472029318,0.4889867841409692,3.0,2.0,False,2023
1,21,2,9.0,23.0,5.0,12.0,5.0,9.0,15.0,23.0,7.0,12.0,14.0,14.0,0.02944842877053453,0.43123543123543123,0.17751742111692786,0.6053921568627451,2.0,2.0,False,2023
0,25,4,15.0,28.0,6.0,12.0,6.0,11.0,16.0,26.0,5.0,10.0,5.0,6.0,0.11687938837299254,0.6061855670103092,0.1075640858282317,0.6487025948103793,1.0,1.0,False,2023
1,5,6,11.0,26.0,3.0,11.0,11.0,12.0,7.0,16.0,1.0,7.0,5.0,6.0,0.025943654720776588,0.4720357941834452,0.10994325081416523,0.5087336244541485,2.0,2.0,True,2023
0,6,5,7.0,16.0,1.0,7.0,5.0,6.0,11.0,26.0,3.0,11.0,11.0,12.0,0.10994325081416523,0.5087336244541485,0.06075492377662127,0.4732142857142857,2.0,2.0,False,2023
1,4,25,16.0,26.0,5.0,10.0,5.0,6.0,15.0,28.0,6.0,12.0,6.0,11.0,0.1075640858282317,0.6487025948103793,0.09350351069839404,0.6049382716049383,1.0,1.0,True,2023
1,24,18,10.0,20.0,3.0,7.0,5.0,7.0,12.0,22.0,3.0,5.0,15.0,18.0,0.08489372872353426,0.5822368421052632,0.14985999704184477,0.6157024793388429,2.0,2.0,False,2023
0,17,20,12.0,20.0,6.0,12.0,14.0,14.0,13.0,15.0,4.0,7.0,9.0,10.0,0.09282200700157087,0.5128755364806867,0.18099957722577203,0.6058091286307054,2.0,2.0,False,2023
0,18,24,12.0,22.0,3.0,5.0,15.0,18.0,10.0,20.0,3.0,7.0,5.0,7.0,0.14985999704184477,0.6157024793388429,0.0679149829788274,0.580327868852459,2.0,2.0,True,2023
1,20,17,13.0,15.0,4.0,7.0,9.0,10.0,12.0,20.0,6.0,12.0,14.0,14.0,0.18099957722577203,0.6058091286307054,0.07425760560125669,0.5117773019271948,2.0,2.0,True,2023
1,8,12,8.0,17.0,5.0,9.0,3.0,5.0,11.0,15.0,4.0,10.0,4.0,6.0,0.08429139986168079,0.4722838137472284,0.12067595835354035,0.5578512396694215,2.0,2.0,False,2023
0,22,26,7.0,16.0,3.0,6.0,3.0,6.0,8.0,17.0,7.0,12.0,8.0,9.0,0.061777417212253306,0.5011037527593819,0.14792483214761992,0.47345132743362833,2.0,3.0,False,2023
0,12,8,11.0,15.0,4.0,10.0,4.0,6.0,8.0,17.0,5.0,9.0,3.0,5.0,0.12067595835354035,0.5578512396694215,0.06743311988934463,0.47123893805309736,2.0,2.0,True,2023
0,24,11,9.0,15.0,7.0,9.0,5.0,8.0,11.0,20.0,6.0,8.0,6.0,7.0,0.0679149829788274,0.580327868852459,0.104726482004819,0.5932914046121593,1.0,2.0,False,2023
1,26,22,8.0,17.0,7.0,12.0,8.0,9.0,7.0,16.0,3.0,6.0,3.0,6.0,0.14792483214761992,0.47345132743362833,0.049421933769802646,0.5,3.0,2.0,True,2023
1,11,24,11.0,20.0,6.0,8.0,6.0,7.0,9.0,15.0,7.0,9.0,5.0,8.0,0.104726482004819,0.5932914046121593,0.05433198638306193,0.5784313725490197,2.0,1.0,True,2023
1,28,14,11.0,24.0,3.0,7.0,8.0,8.0,11.0,24.0,4.0,12.0,6.0,6.0,0.12453561069886684,0.39400921658986177,0.06418179521402514,0.42696629213483145,2.0,2.0,False,2023
0,14,28,11.0,24.0,4.0,12.0,6.0,6.0,11.0,24.0,3.0,7.0,8.0,8.0,0.06418179521402514,0.42696629213483145,0.09962848855909348,0.3931034482758621,2.0,2.0,True,2023
1,16,3,9.0,19.0,5.0,8.0,6.0,9.0,9.0,19.0,5.0,11.0,5.0,6.0,0.1875361472029318,0.4889867841409692,0.11901528562915334,0.43015521064301554,2.0,2.0,True,2023
0,15,29,13.0,23.0,3.0,8.0,6.0,7.0,11.0,25.0,4.0,9.0,8.0,9.0,0.1489355011900675,0.4212962962962963,0.10373717727457413,0.5162689804772235,3.0,2.0,True,2023
1,29,15,11.0,25.0,4.0,9.0,8.0,9.0,13.0,23.0,3.0,8.0,6.0,7.0,0.10373717727457413,0.5162689804772235,0.159148400952054,0.4226327944572748,2.0,3.0,False,2023
0,9,13,12.0,18.0,4.0,8.0,8.0,8.0,9.0,19.0,4.0,10.0,10.0,12.0,0.1337800355857816,0.42290748898678415,0.07490720250198869,0.4935897435897436,2.0,3.0,True,2023
1,13,9,9.0,19.0,4.0,10.0,10.0,12.0,12.0,18.0,4.0,8.0,8.0,8.0,0.07490720250198869,0.4935897435897436,0.1470240284686253,0.42417582417582417,3.0,2.0,False,2023
0,23,20,7.0,17.0,3.0,6.0,9.0,10.0,12.0,20.0,2.0,5.0,7.0,7.0,0.11168618705705735,0.4474885844748858,0.18479966178061763,0.6066252587991718,2.0,1.0,False,2023
0,3,16,9.0,19.0,5.0,11.0,5.0,6.0,9.0,19.0,5.0,8.0,6.0,9.0,0.11901528562915334,0.43015521064301554,0.1900289177623454,0.4901098901098901,2.0,2.0,False,2023
0,21,1,11.0,24.0,3.0,12.0,5.0,6.0,16.0,24.0,4.0,10.0,5.0,6.0,0.023558743016427623,0.43023255813953487,0.006179321901417673,0.4873417721518987,2.0,2.0,True,2023
1,1,21,16.0,24.0,4.0,10.0,5.0,6.0,11.0,24.0,3.0,12.0,5.0,6.0,0.006179321901417673,0.4873417721518987,0.0588469944131421,0.43155452436194897,2.0,2.0,False,2023
1,20,23,12.0,20.0,2.0,5.0,7.0,7.0,7.0,17.0,3.0,6.0,9.0,10.0,0.18479966178061763,0.6066252587991718,0.08934894964564588,0.44646924829157175,1.0,2.0,True,2023
1,17,18,8.0,21.0,3.0,13.0,10.0,10.0,12.0,22.0,3.0,6.0,7.0,7.0,0.07425760560125669,0.5117773019271948,0.1598879976334758,0.6164948453608248,2.0,2.0,False,2023
0,18,17,12.0,22.0,3.0,6.0,7.0,7.0,8.0,21.0,3.0,13.0,10.0,10.0,0.1598879976334758,0.6164948453608248,0.05940608448100535,0.5106837606837606,2.0,2.0,True,2023
0,6,7,11.0,27.0,4.0,8.0,6.0,6.0,11.0,20.0,3.0,6.0,9.0,10.0,0.08795460065133218,0.5076252723311547,0.030165827548243762,0.49044585987261147,2.0,3.0,False,2023
1,23,25,8.0,16.0,5.0,10.0,11.0,12.0,11.0,16.0,4.0,8.0,7.0,7.0,0.08934894964564588,0.44646924829157175,0.09350351069839404,0.6049382716049383,1.0,2.0,True,2023
1,7,6,11.0,20.0,3.0,6.0,9.0,10.0,11.0,27.0,4.0,8.0,6.0,6.0,0.030165827548243762,0.49044585987261147,0.07036368052106574,0.5065217391304347,3.0,2.0,True,2023
1,19,27,9.0,20.0,3.0,9.0,5.0,6.0,10.0,20.0,2.0,6.0,8.0,9.0,0.048792867526880536,0.3563218390804598,0.09786986916879012,0.39069767441860465,4.0,4.0,False,2023
0,27,19,10.0,20.0,2.0,6.0,8.0,9.0,9.0,20.0,3.0,9.0,5.0,6.0,0.09786986916879012,0.39069767441860465,0.03903429402150443,0.3555045871559633,4.0,4.0,True,2023
1,2,0,9.0,27.0,4.0,13.0,12.0,12.0,10.0,25.0,6.0,18.0,5.0,8.0,0.17751742111692786,0.6053921568627451,0.10566878408775393,0.4883720930232558,3.0,3.0,True,2023
0,0,2,10.0,25.0,6.0,18.0,5.0,8.0,9.0,27.0,4.0,13.0,12.0,12.0,0.10566878408775393,0.4883720930232558,0.18201393689354226,0.6063569682151589,3.0,3.0,False,2023
0,25,23,11.0,16.0,4.0,8.0,7.0,7.0,8.0,16.0,5.0,10.0,11.0,12.0,0.09350351069839404,0.6049382716049383,0.1114791597165167,0.44772727272727275,2.0,1.0,False,2023
0,0,3,10.0,23.0,5.0,12.0,7.0,8.0,10.0,25.0,5.0,11.0,8.0,8.0,0.08453502727020315,0.4772727272727273,0.09521222850332267,0.42920353982300885,1.0,2.0,True,2023
0,6,11,18.0,29.0,8.0,15.0,4.0,8.0,11.0,22.0,6.0,10.0,5.0,5.0,0.07036368052106574,0.5065217391304347,0.1237811856038552,0.5941422594142259,1.0,2.0,True,2023
1,5,24,9.0,16.0,3.0,7.0,2.0,3.0,13.0,18.0,4.0,6.0,6.0,6.0,0.06075492377662127,0.4732142857142857,0.05433198638306193,0.5784313725490197,3.0,2.0,False,2023
1,11,6,11.0,22.0,6.0,10.0,5.0,5.0,18.0,29.0,8.0,15.0,4.0,8.0,0.1237811856038552,0.5941422594142259,0.0962909444168526,0.5075921908893709,2.0,1.0,False,2023
1,15,26,10.0,23.0,5.0,7.0,8.0,8.0,16.0,23.0,7.0,12.0,3.0,4.0,0.159148400952054,0.4226327944572748,0.15833986571809594,0.4746136865342163,2.0,2.0,True,2023
0,26,15,16.0,23.0,7.0,12.0,3.0,4.0,10.0,23.0,5.0,7.0,8.0,8.0,0.15833986571809594,0.4746136865342163,0.16731872076164317,0.423963133640553,2.0,2.0,False,2023
1,10,8,10.0,16.0,5.0,7.0,8.0,8.0,9.0,21.0,3.0,11.0,9.0,10.0,0.06849109378918553,0.36179775280898874,0.06743311988934463,0.47123893805309736,5.0,2.0,True,2023
0,8,10,9.0,21.0,3.0,11.0,9.0,10.0,10.0,16.0,5.0,7.0,8.0,8.0,0.06743311988934463,0.47123893805309736,0.09479287503134841,0.3632286995515695,2.0,5.0,False,2023
1,29,16,10.0,21.0,3.0,10.0,10.0,11.0,9.0,29.0,4.0,6.0,6.0,10.0,0.0829897418196593,0.5151515151515151,0.1900289177623454,0.4901098901098901,2.0,2.0,True,2023
1,20,22,11.0,15.0,3.0,8.0,7.0,9.0,6.0,11.0,3.0,8.0,9.0,11.0,0.1878397294244941,0.6074380165289256,0.049421933769802646,0.5,2.0,2.0,True,2023
0,22,20,6.0,11.0,3.0,8.0,9.0,11.0,11.0,15.0,3.0,8.0,7.0,9.0,0.049421933769802646,0.5,0.19027178353959529,0.6082474226804123,2.0,2.0,False,2023
1,13,12,12.0,24.0,5.0,10.0,6.0,8.0,9.0,14.0,2.0,6.0,6.0,6.0,0.05992576200159096,0.4925373134328358,0.13654076668283227,0.5587628865979382,2.0,2.0,True,2023
0,12,13,9.0,14.0,2.0,6.0,6.0,6.0,12.0,24.0,5.0,10.0,6.0,8.0,0.13654076668283227,0.5587628865979382,0.08794060960127276,0.49361702127659574,2.0,2.0,False,2023
1,3,0,10.0,25.0,5.0,11.0,8.0,8.0,10.0,23.0,5.0,12.0,7.0,8.0,0.09521222850332267,0.42920353982300885,0.10762802181616252,0.4888888888888889,2.0,1.0,False,2023
1,9,28,14.0,25.0,3.0,8.0,8.0,8.0,11.0,22.0,3.0,10.0,7.0,9.0,0.1470240284686253,0.42417582417582417,0.09962848855909348,0.3931034482758621,2.0,2.0,True,2023
0,28,9,11.0,22.0,3.0,10.0,7.0,9.0,14.0,25.0,3.0,8.0,8.0,8.0,0.09962848855909348,0.3931034482758621,0.15761922277490023,0.42543859649122806,2.0,2.0,False,2023
0,16,29,9.0,29.0,4.0,6.0,6.0,10.0,10.0,21.0,3.0,10.0,10.0,11.0,0.1900289177623454,0.4901098901098901,0.10639179345572744,0.5161987041036717,2.0,2.0,False,2023
0,24,5,13.0,18.0,4.0,6.0,6.0,6.0,9.0,16.0,3.0,7.0,2.0,3.0,0.05433198638306193,0.5784313725490197,0.04860393902129702,0.47216035634743875,2.0,3.0,True,2023
1,14,10,13.0,22.0,5.0,11.0,10.0,10.0,8.0,14.0,3.0,5.0,9.0,10.0,0.09134543617122011,0.4282511210762332,0.09479287503134841,0.3632286995515695,3.0,1.0,True,2023
1,23,1,17.0,29.0,8.0,16.0,7.0,8.0,7.0,13.0,2.0,6.0,4.0,10.0,0.1114791597165167,0.44772727272727275,0.0049434575211341385,0.4863157894736842,2.0,3.0,True,2023
0,10,14,8.0,14.0,3.0,5.0,9.0,10.0,13.0,22.0,5.0,11.0,10.0,10.0,0.09479287503134841,0.3632286995515695,0.11307634893697609,0.42953020134228187,1.0,3.0,False,2023
1,25,2,14.0,23.0,2.0,6.0,2.0,3.0,10.0,23.0,4.0,8.0,7.0,8.0,0.07480280855871523,0.6036960985626283,0.18201393689354226,0.6063569682151589,2.0,2.0,False,2023
0,2,25,10.0,23.0,4.0,8.0,7.0,8.0,14.0,23.0,2.0,6.0,2.0,3.0,0.18201393689354226,0.6063569682151589,0.05984224684697218,0.6024590163934426,2.0,2.0,True,2023
1,15,18,11.0,19.0,6.0,9.0,9.0,10.0,12.0,29.0,3.0,8.0,6.0,6.0,0.16731872076164317,0.423963133640553,0.16791039810678066,0.6172839506172839,1.0,2.0,False,2023
0,18,15,12.0,29.0,3.0,8.0,6.0,6.0,11.0,19.0,6.0,9.0,9.0,10.0,0.16791039810678066,0.6172839506172839,0.13385497660931453,0.42298850574712643,2.0,1.0,True,2023
0,1,23,7.0,13.0,2.0,6.0,4.0,10.0,17.0,29.0,8.0,16.0,7.0,8.0,0.0049434575211341385,0.4863157894736842,0.12918332777321334,0.4489795918367347,3.0,2.0,False,2023
0,4,3,12.0,27.0,5.0,8.0,3.0,3.0,19.0,27.0,3.0,6.0,4.0,4.0,0.12605126866258537,0.649402390438247,0.07616978280265814,0.4282560706401766,4.0,1.0,False,2023
1,9,21,11.0,22.0,4.0,6.0,7.0,9.0,11.0,25.0,7.0,13.0,5.0,5.0,0.15761922277490023,0.42543859649122806,0.0588469944131421,0.43155452436194897,1.0,3.0,False,2023
0,21,9,11.0,25.0,7.0,13.0,5.0,5.0,11.0,22.0,4.0,6.0,7.0,9.0,0.0588469944131421,0.43155452436194897,0.12609537821992017,0.424507658643326,3.0,1.0,True,2023
0,22,7,8.0,17.0,5.0,12.0,11.0,11.0,9.0,19.0,3.0,7.0,11.0,15.0,0.03953754701584212,0.4989010989010989,0.06413266203859501,0.4915254237288136,1.0,2.0,False,2023
1,3,4,19.0,27.0,3.0,6.0,4.0,4.0,12.0,27.0,5.0,8.0,3.0,3.0,0.07616978280265814,0.4282560706401766,0.10084101493006829,0.6481113320079522,1.0,4.0,True,2023
1,7,22,9.0,19.0,3.0,7.0,11.0,15.0,8.0,17.0,5.0,12.0,11.0,11.0,0.06413266203859501,0.4915254237288136,0.031630037612673696,0.49780701754385964,2.0,1.0,True,2023
1,12,8,10.0,22.0,4.0,10.0,8.0,10.0,7.0,16.0,2.0,8.0,3.0,4.0,0.10923261334626581,0.5576131687242798,0.0539464959114757,0.47019867549668876,2.0,2.0,True,2023
0,28,25,10.0,18.0,4.0,8.0,6.0,9.0,9.0,21.0,6.0,10.0,8.0,10.0,0.07970279084727479,0.3922018348623853,0.05984224684697218,0.6024590163934426,2.0,1.0,False,2023
1,17,29,12.0,20.0,7.0,13.0,11.0,13.0,14.0,24.0,4.0,7.0,10.0,10.0,0.05940608448100535,0.5106837606837606,0.10639179345572744,0.5161987041036717,3.0,2.0,False,2023
1,7,16,8.0,21.0,4.0,10.0,6.0,7.0,9.0,19.0,3.0,6.0,8.0,10.0,0.091306129630876,0.492600422832981,0.15202313420987631,0.48903508771929827,1.0,2.0,True,2023
0,16,7,9.0,19.0,3.0,6.0,8.0,10.0,8.0,21.0,4.0,10.0,6.0,7.0,0.15202313420987631,0.48903508771929827,0.11304490370470081,0.4936708860759494,2.0,1.0,False,2023
1,25,28,9.0,21.0,6.0,10.0,8.0,10.0,10.0,18.0,4.0,8.0,6.0,9.0,0.05984224684697218,0.6024590163934426,0.06376223267781983,0.391304347826087,1.0,2.0,True,2023
0,29,17,14.0,24.0,4.0,7.0,10.0,10.0,12.0,20.0,7.0,13.0,11.0,13.0,0.10639179345572744,0.5161987041036717,0.04752486758480428,0.509594882729211,2.0,3.0,True,2023
0,6,0,12.0,22.0,5.0,7.0,9.0,15.0,9.0,17.0,4.0,8.0,8.0,8.0,0.0962909444168526,0.5075921908893709,0.10762802181616252,0.4888888888888889,2.0,2.0,True,2023
1,20,26,11.0,23.0,2.0,6.0,6.0,13.0,13.0,21.0,3.0,7.0,7.0,8.0,0.19027178353959529,0.6082474226804123,0.12667189257447675,0.473568281938326,2.0,2.0,False,2023
0,26,20,13.0,21.0,3.0,7.0,7.0,8.0,11.0,23.0,2.0,6.0,6.0,13.0,0.12667189257447675,0.473568281938326,0.15221742683167622,0.6069958847736625,2.0,2.0,True,2023
1,13,24,9.0,21.0,5.0,10.0,8.0,13.0,10.0,18.0,3.0,5.0,8.0,8.0,0.08794060960127276,0.49361702127659574,0.08346558910644955,0.5798045602605864,2.0,2.0,False,2023
1,0,6,9.0,17.0,4.0,8.0,8.0,8.0,12.0,22.0,5.0,7.0,9.0,15.0,0.10762802181616252,0.4888888888888889,0.11703275553348207,0.5086580086580087,2.0,2.0,False,2023
0,8,12,7.0,16.0,2.0,8.0,3.0,4.0,10.0,22.0,4.0,10.0,8.0,10.0,0.0539464959114757,0.47019867549668876,0.12738609067701265,0.5585215605749486,2.0,2.0,False,2023
0,24,13,10.0,18.0,3.0,5.0,8.0,8.0,9.0,21.0,5.0,10.0,8.0,13.0,0.08346558910644955,0.5798045602605864,0.0703524876810182,0.49256900212314225,2.0,2.0,True,2023
0,2,10,10.0,22.0,5.0,11.0,4.0,6.0,8.0,13.0,3.0,5.0,6.0,9.0,0.18561114951483382,0.6073170731707317,0.07583430002507872,0.3624161073825503,2.0,2.0,False,2023
0,21,11,9.0,23.0,2.0,8.0,8.0,11.0,8.0,16.0,4.0,8.0,5.0,6.0,0.08707759553051367,0.43287037037037035,0.09902494848308416,0.592901878914405,2.0,3.0,False,2023
1,15,16,8.0,14.0,6.0,9.0,2.0,2.0,9.0,18.0,3.0,6.0,2.0,3.0,0.13385497660931453,0.42298850574712643,0.12161850736790106,0.487964989059081,2.0,1.0,True,2023
0,16,15,9.0,18.0,3.0,6.0,2.0,3.0,8.0,14.0,6.0,9.0,2.0,2.0,0.12161850736790106,0.487964989059081,0.14708398128745165,0.4243119266055046,1.0,2.0,False,2023
1,17,5,12.0,19.0,7.0,11.0,6.0,6.0,8.0,15.0,3.0,7.0,6.0,8.0,0.04752486758480428,0.509594882729211,0.04860393902129702,0.47216035634743875,1.0,3.0,True,2023
0,5,17,8.0,15.0,3.0,7.0,6.0,8.0,12.0,19.0,7.0,11.0,6.0,6.0,0.04860393902129702,0.47216035634743875,0.07801989406784342,0.5106382978723404,3.0,1.0,False,2023
1,10,2,8.0,13.0,3.0,5.0,6.0,9.0,10.0,22.0,5.0,11.0,4.0,6.0,0.07583430002507872,0.3624161073825503,0.14848891961186705,0.6058394160583942,2.0,2.0,True,2023
1,11,21,8.0,16.0,4.0,8.0,5.0,6.0,9.0,23.0,2.0,8.0,8.0,11.0,0.09902494848308416,0.592901878914405,0.06966207642441094,0.43187066974595845,3.0,2.0,True,2023
0,23,1,11.0,23.0,6.0,12.0,7.0,9.0,15.0,25.0,6.0,12.0,6.0,10.0,0.12918332777321334,0.4489795918367347,0.003954766016907311,0.4852941176470588,2.0,2.0,False,2023
1,19,4,11.0,15.0,6.0,7.0,7.0,9.0,8.0,15.0,6.0,8.0,11.0,17.0,0.03903429402150443,0.3555045871559633,0.10084101493006829,0.6481113320079522,4.0,2.0,False,2023
0,4,19,8.0,15.0,6.0,8.0,11.0,17.0,11.0,15.0,6.0,7.0,7.0,9.0,0.10084101493006829,0.6481113320079522,0.03122743521720354,0.35469107551487417,2.0,4.0,True,2023
1,27,9,11.0,21.0,2.0,9.0,4.0,7.0,9.0,19.0,3.0,8.0,7.0,10.0,0.11829589533503211,0.39211136890951276,0.12609537821992017,0.424507658643326,4.0,2.0,True,2023
0,9,27,9.0,19.0,3.0,8.0,7.0,10.0,11.0,21.0,2.0,9.0,4.0,7.0,0.12609537821992017,0.424507658643326,0.1346367162680257,0.39351851851851855,2.0,4.0,False,2023
1,1,23,15.0,25.0,6.0,12.0,6.0,10.0,11.0,23.0,6.0,12.0,7.0,9.0,0.003954766016907311,0.4852941176470588,0.10334666221857067,0.4479638009049774,2.0,2.0,True,2023
0,2,12,9.0,18.0,3.0,9.0,11.0,14.0,12.0,22.0,4.0,8.0,6.0,8.0,0.14848891961186705,0.6058394160583942,0.12738609067701265,0.5585215605749486,1.0,2.0,False,2023
1,8,20,9.0,22.0,3.0,8.0,4.0,5.0,11.0,21.0,3.0,8.0,4.0,4.0,0.04315719672918056,0.46916299559471364,0.15221742683167622,0.6069958847736625,2.0,2.0,False,2023
0,21,7,7.0,21.0,4.0,9.0,5.0,6.0,9.0,16.0,6.0,7.0,4.0,4.0,0.06966207642441094,0.43187066974595845,0.11304490370470081,0.4936708860759494,1.0,2.0,False,2023
1,28,3,11.0,21.0,8.0,12.0,6.0,7.0,12.0,24.0,6.0,14.0,8.0,10.0,0.06376223267781983,0.391304347826087,0.10093582624212652,0.42951541850220265,2.0,3.0,True,2023
0,3,28,12.0,24.0,6.0,14.0,8.0,10.0,11.0,21.0,8.0,12.0,6.0,7.0,0.10093582624212652,0.42951541850220265,0.09100978614225586,0.3926940639269406,3.0,2.0,False,2023
0,20,8,11.0,21.0,3.0,8.0,4.0,4.0,9.0,22.0,3.0,8.0,4.0,5.0,0.15221742683167622,0.6069958847736625,0.034525757383344444,0.46813186813186813,2.0,2.0,True,2023
1,12,2,12.0,22.0,4.0,8.0,6.0,8.0,9.0,18.0,3.0,9.0,11.0,14.0,0.12738609067701265,0.5585215605749486,0.11879113568949365,0.6043689320388349,2.0,1.0,True,2023
0,27,22,14.0,21.0,2.0,7.0,6.0,7.0,11.0,21.0,4.0,11.0,5.0,7.0,0.1346367162680257,0.39351851851851855,0.031630037612673696,0.49780701754385964,1.0,3.0,False,2023
1,29,24,16.0,29.0,9.0,14.0,8.0,13.0,11.0,20.0,4.0,9.0,3.0,4.0,0.12511343476458198,0.5172413793103449,0.10677247128515963,0.5811688311688312,2.0,2.0,False,2023
1,13,14,16.0,29.0,3.0,7.0,9.0,12.0,12.0,23.0,2.0,10.0,9.0,11.0,0.0703524876810182,0.49256900212314225,0.11307634893697609,0.42953020134228187,2.0,3.0,False,2023
0,14,13,12.0,23.0,2.0,10.0,9.0,11.0,16.0,29.0,3.0,7.0,9.0,12.0,0.11307634893697609,0.42953020134228187,0.05628199014481457,0.4915254237288136,3.0,2.0,True,2023
0,24,29,11.0,20.0,4.0,9.0,3.0,4.0,16.0,29.0,9.0,14.0,8.0,13.0,0.10677247128515963,0.5811688311688312,0.10009074781166558,0.5161290322580645,2.0,2.0,True,2023
1,22,27,11.0,21.0,4.0,11.0,5.0,7.0,14.0,21.0,2.0,7.0,6.0,7.0,0.031630037612673696,0.49780701754385964,0.10770937301442056,0.39260969976905313,3.0,1.0,True,2023
1,7,21,9.0,16.0,6.0,7.0,4.0,4.0,7.0,21.0,4.0,9.0,5.0,6.0,0.11304490370470081,0.4936708860759494,0.05572966113952875,0.4308755760368664,2.0,1.0,True,2023
1,26,9,13.0,22.0,3.0,7.0,9.0,10.0,10.0,20.0,4.0,8.0,10.0,11.0,0.1413375140595814,0.4747252747252747,0.10087630257593613,0.42358078602620086,3.0,2.0,False,2023
0,23,8,12.0,25.0,4.0,10.0,9.0,10.0,9.0,18.0,5.0,9.0,5.0,5.0,0.10334666221857067,0.4479638009049774,0.034525757383344444,0.46813186813186813,2.0,1.0,True,2023
1,15,25,8.0,12.0,5.0,9.0,4.0,4.0,11.0,24.0,3.0,9.0,2.0,2.0,0.14708398128745165,0.4243119266055046,0.08787379747757776,0.6032719836400818,2.0,3.0,False,2023
0,25,15,11.0,24.0,3.0,9.0,2.0,2.0,8.0,12.0,5.0,9.0,4.0,4.0,0.08787379747757776,0.6032719836400818,0.11766718502996132,0.4233409610983982,3.0,2.0,True,2023
1,17,11,21.0,29.0,9.0,15.0,9.0,10.0,8.0,18.0,3.0,9.0,7.0,8.0,0.07801989406784342,0.5106382978723404,0.11921995878646734,0.59375,2.0,2.0,True,2023
0,11,17,8.0,18.0,3.0,9.0,7.0,8.0,21.0,29.0,9.0,15.0,9.0,10.0,0.11921995878646734,0.59375,0.10241591525427474,0.5116772823779193,2.0,2.0,False,2023
1,18,6,8.0,18.0,6.0,10.0,13.0,13.0,11.0,20.0,7.0,10.0,10.0,11.0,0.17432831848542452,0.6180698151950719,0.11703275553348207,0.5086580086580087,4.0,3.0,True,2023
1,10,22,8.0,14.0,6.0,6.0,9.0,10.0,8.0,18.0,6.0,10.0,10.0,12.0,0.10066744002006298,0.3638392857142857,0.06530403009013895,0.4989059080962801,2.0,1.0,True,2023
0,22,10,8.0,18.0,6.0,10.0,10.0,12.0,8.0,14.0,6.0,6.0,9.0,10.0,0.06530403009013895,0.4989059080962801,0.1205339520160504,0.36525612472160357,1.0,2.0,False,2023
0,9,26,10.0,20.0,4.0,8.0,10.0,11.0,13.0,22.0,3.0,7.0,9.0,10.0,0.10087630257593613,0.42358078602620086,0.11307001124766511,0.47368421052631576,2.0,3.0,True,2023
1,8,23,9.0,18.0,5.0,9.0,5.0,5.0,12.0,25.0,4.0,10.0,9.0,10.0,0.034525757383344444,0.46813186813186813,0.12267732977485654,0.4492099322799097,1.0,2.0,False,2023
1,4,20,9.0,20.0,5.0,6.0,15.0,22.0,10.0,24.0,3.0,9.0,4.0,4.0,0.12067281194405463,0.6488095238095238,0.161773941465341,0.6078028747433265,2.0,1.0,True,2023
0,20,4,10.0,24.0,3.0,9.0,4.0,4.0,9.0,20.0,5.0,6.0,15.0,22.0,0.161773941465341,0.6078028747433265,0.1365382495552437,0.6495049504950495,1.0,2.0,False,2023
1,29,5,8.0,20.0,3.0,7.0,6.0,7.0,9.0,20.0,3.0,6.0,4.0,4.0,0.10009074781166558,0.5161290322580645,0.038883151217037615,0.4711111111111111,1.0,2.0,True,2023
0,5,29,9.0,20.0,3.0,6.0,4.0,4.0,8.0,20.0,3.0,7.0,6.0,7.0,0.038883151217037615,0.4711111111111111,0.12007259824933247,0.5171673819742489,2.0,1.0,False,2023
1,1,14,10.0,19.0,2.0,8.0,5.0,6.0,12.0,25.0,5.0,13.0,4.0,5.0,0.04316381281352585,0.4863731656184486,0.13046107914958088,0.43080357142857145,2.0,1.0,False,2023
0,14,1,12.0,25.0,5.0,13.0,4.0,5.0,10.0,19.0,2.0,8.0,5.0,6.0,0.13046107914958088,0.43080357142857145,0.03453105025082068,0.48535564853556484,1.0,2.0,True,2023
1,0,16,10.0,23.0,5.0,10.0,10.0,11.0,10.0,20.0,2.0,7.0,7.0,12.0,0.08610241745293001,0.4782608695652174,0.09729480589432085,0.4868995633187773,3.0,2.0,True,2023
0,16,0,10.0,20.0,2.0,7.0,7.0,12.0,10.0,23.0,5.0,10.0,10.0,11.0,0.09729480589432085,0.4868995633187773,0.108881933962344,0.48936170212765956,2.0,3.0,False,2023
0,6,18,11.0,20.0,7.0,10.0,10.0,11.0,8.0,18.0,6.0,10.0,13.0,13.0,0.11703275553348207,0.5086580086580087,0.17946265478833962,0.6188524590163934,3.0,4.0,False,2023
0,3,1,9.0,16.0,5.0,8.0,9.0,10.0,8.0,13.0,2.0,6.0,3.0,5.0,0.08074866099370122,0.42857142857142855,0.03453105025082068,0.48535564853556484,2.0,1.0,True,2023
1,7,13,9.0,20.0,5.0,7.0,7.0,10.0,10.0,18.0,5.0,10.0,11.0,14.0,0.13043592296376066,0.49473684210526314,0.05628199014481457,0.4915254237288136,2.0,2.0,False,2023
0,13,7,10.0,18.0,5.0,10.0,11.0,14.0,9.0,20.0,5.0,7.0,7.0,10.0,0.05628199014481457,0.4915254237288136,0.10434873837100853,0.49369747899159666,2.0,2.0,True,2023
1,24,5,14.0,19.0,5.0,8.0,5.0,6.0,7.0,13.0,3.0,7.0,5.0,6.0,0.1254179770281277,0.5825242718446602,0.031106520973630092,0.4700665188470067,2.0,1.0,True,2023
0,5,24,7.0,13.0,3.0,7.0,5.0,6.0,14.0,19.0,5.0,8.0,5.0,6.0,0.031106520973630092,0.4700665188470067,0.14033438162250217,0.5838709677419355,1.0,2.0,False,2023
1,1,3,8.0,13.0,2.0,6.0,3.0,5.0,9.0,16.0,5.0,8.0,9.0,10.0,0.03453105025082068,0.48535564853556484,0.10459892879496098,0.4298245614035088,1.0,2.0,False,2023
0,19,6,10.0,19.0,5.0,8.0,5.0,6.0,14.0,27.0,6.0,12.0,8.0,8.0,0.03122743521720354,0.35469107551487417,0.09362620442678565,0.5075593952483801,3.0,1.0,True,2023
1,6,19,14.0,27.0,6.0,12.0,8.0,8.0,10.0,19.0,5.0,8.0,5.0,6.0,0.09362620442678565,0.5075593952483801,0.06498194817376284,0.3561643835616438,1.0,3.0,False,2023
1,2,28,12.0,26.0,4.0,8.0,9.0,9.0,13.0,25.0,5.0,13.0,6.0,7.0,0.11879113568949365,0.6043689320388349,0.09100978614225586,0.3926940639269406,2.0,2.0,False,2023
1,21,27,9.0,19.0,4.0,11.0,9.0,10.0,9.0,21.0,2.0,7.0,10.0,11.0,0.05572966113952875,0.4308755760368664,0.10770937301442056,0.39260969976905313,2.0,2.0,True,2023
0,27,21,9.0,21.0,2.0,7.0,10.0,11.0,9.0,19.0,4.0,11.0,9.0,10.0,0.10770937301442056,0.39260969976905313,0.084583728911623,0.432183908045977,2.0,2.0,False,2023
0,28,2,13.0,25.0,5.0,13.0,6.0,7.0,12.0,26.0,4.0,8.0,9.0,9.0,0.09100978614225586,0.3926940639269406,0.09503290855159492,0.6029055690072639,2.0,2.0,True,2023
1,12,10,10.0,17.0,5.0,7.0,9.0,12.0,7.0,14.0,4.0,7.0,10.0,13.0,0.14190887254161014,0.5594262295081968,0.1205339520160504,0.36525612472160357,3.0,2.0,True,2023
0,16,23,10.0,21.0,3.0,10.0,5.0,5.0,9.0,18.0,4.0,10.0,4.0,6.0,0.07783584471545668,0.485838779956427,0.12267732977485654,0.4492099322799097,2.0,2.0,False,2023
1,26,3,12.0,21.0,3.0,3.0,10.0,11.0,10.0,23.0,3.0,8.0,8.0,10.0,0.11307001124766511,0.47368421052631576,0.10459892879496098,0.4298245614035088,2.0,1.0,True,2023
0,3,26,10.0,23.0,3.0,8.0,8.0,10.0,12.0,21.0,3.0,3.0,10.0,11.0,0.10459892879496098,0.4298245614035088,0.1304560089981321,0.474835886214442,1.0,2.0,False,2023
1,23,16,9.0,18.0,4.0,10.0,4.0,6.0,10.0,21.0,3.0,10.0,5.0,5.0,0.12267732977485654,0.4492099322799097,0.06226867577236535,0.48478260869565215,2.0,2.0,True,2023
0,10,12,7.0,14.0,4.0,7.0,10.0,13.0,10.0,17.0,5.0,7.0,9.0,12.0,0.1205339520160504,0.36525612472160357,0.1535270980332881,0.5603271983640081,2.0,3.0,False,2023
1,22,4,10.0,20.0,5.0,9.0,8.0,9.0,16.0,29.0,4.0,7.0,7.0,18.0,0.05224322407211116,0.4978165938864629,0.1365382495552437,0.6495049504950495,2.0,2.0,False,2023
1,0,25,13.0,24.0,6.0,14.0,5.0,5.0,11.0,26.0,5.0,10.0,4.0,5.0,0.108881933962344,0.48936170212765956,0.1102990379820622,0.6040816326530613,2.0,2.0,True,2023
0,25,0,11.0,26.0,5.0,10.0,4.0,5.0,13.0,24.0,6.0,14.0,5.0,5.0,0.1102990379820622,0.6040816326530613,0.1271055471698752,0.5,2.0,2.0,False,2023
0,4,22,16.0,29.0,4.0,7.0,7.0,18.0,10.0,20.0,5.0,9.0,8.0,9.0,0.1365382495552437,0.6495049504950495,0.04179457925768893,0.49673202614379086,2.0,2.0,True,2023
1,23,15,14.0,21.0,7.0,9.0,7.0,9.0,10.0,24.0,3.0,7.0,10.0,11.0,0.13814186381988525,0.45045045045045046,0.11766718502996132,0.4233409610983982,1.0,3.0,True,2023
1,11,13,11.0,20.0,5.0,11.0,5.0,6.0,11.0,23.0,6.0,11.0,7.0,10.0,0.09537596702917386,0.5925155925155925,0.08502559211585166,0.492600422832981,3.0,2.0,True,2023
0,13,11,11.0,23.0,6.0,11.0,7.0,10.0,11.0,20.0,5.0,11.0,5.0,6.0,0.08502559211585166,0.492600422832981,0.1163007736233391,0.5933609958506224,2.0,3.0,False,2023
1,5,7,15.0,26.0,3.0,9.0,5.0,5.0,12.0,20.0,3.0,7.0,6.0,6.0,0.024885216778904075,0.4690265486725664,0.10434873837100853,0.49369747899159666,2.0,2.0,False,2023
0,7,5,12.0,20.0,3.0,7.0,6.0,6.0,15.0,26.0,3.0,9.0,5.0,5.0,0.10434873837100853,0.49369747899159666,0.01990817342312326,0.46799116997792495,2.0,2.0,True,2023
1,17,25,10.0,20.0,2.0,9.0,8.0,9.0,11.0,17.0,4.0,10.0,5.0,5.0,0.10241591525427474,0.5116772823779193,0.08823923038564976,0.6028513238289206,3.0,1.0,False,2023
0,20,18,8.0,16.0,5.0,9.0,6.0,7.0,18.0,31.0,4.0,7.0,7.0,10.0,0.1294191531722728,0.6065573770491803,0.17946265478833962,0.6188524590163934,3.0,3.0,False,2023
1,10,27,9.0,15.0,3.0,5.0,8.0,9.0,11.0,18.0,5.0,7.0,7.0,7.0,0.09642716161284032,0.36444444444444446,0.08616749841153645,0.391705069124424,1.0,2.0,False,2023
0,27,10,11.0,18.0,5.0,7.0,7.0,7.0,9.0,15.0,3.0,5.0,8.0,9.0,0.08616749841153645,0.391705069124424,0.07714172929027226,0.36363636363636365,2.0,1.0,True,2023
1,8,14,9.0,22.0,3.0,6.0,5.0,5.0,8.0,17.0,4.0,9.0,6.0,8.0,0.027620605906675554,0.46710526315789475,0.1443688633196647,0.43207126948775054,3.0,3.0,False,2023
0,25,17,11.0,17.0,4.0,10.0,5.0,5.0,10.0,20.0,2.0,9.0,8.0,9.0,0.08823923038564976,0.6028513238289206,0.08193273220341979,0.510593220338983,1.0,3.0,True,2023
1,18,20,18.0,31.0,4.0,7.0,7.0,10.0,8.0,16.0,5.0,9.0,6.0,7.0,0.17946265478833962,0.6188524590163934,0.10353532253781823,0.6053169734151329,3.0,3.0,True,2023
0,15,23,10.0,24.0,3.0,7.0,10.0,11.0,14.0,21.0,7.0,9.0,7.0,9.0,0.11766718502996132,0.4233409610983982,0.1505134910559082,0.451685393258427,3.0,1.0,False,2023
0,1,19,8.0,17.0,2.0,8.0,7.0,7.0,6.0,17.0,6.0,11.0,6.0,8.0,0.02762484020065654,0.48434237995824636,0.06498194817376284,0.3561643835616438,2.0,2.0,True,2023
1,6,28,12.0,27.0,5.0,12.0,3.0,6.0,10.0,19.0,4.0,7.0,6.0,6.0,0.07490096354142853,0.5064655172413793,0.11280782891380467,0.3940774487471526,2.0,2.0,True,2023
0,28,6,10.0,19.0,4.0,7.0,6.0,6.0,12.0,27.0,5.0,12.0,3.0,6.0,0.11280782891380467,0.3940774487471526,0.09992077083314281,0.5075268817204301,2.0,2.0,False,2023
1,2,29,13.0,25.0,3.0,10.0,11.0,12.0,15.0,30.0,6.0,12.0,5.0,6.0,0.09503290855159492,0.6029055690072639,0.12007259824933247,0.5171673819742489,2.0,3.0,True,2023
0,29,2,15.0,30.0,6.0,12.0,5.0,6.0,13.0,25.0,3.0,10.0,11.0,12.0,0.12007259824933247,0.5171673819742489,0.11602632684127594,0.6038647342995169,3.0,2.0,False,2023
1,9,24,10.0,21.0,2.0,8.0,11.0,14.0,12.0,20.0,5.0,10.0,6.0,7.0,0.12070104206074891,0.42483660130718953,0.14033438162250217,0.5838709677419355,3.0,2.0,False,2023
0,24,9,12.0,20.0,5.0,10.0,6.0,7.0,10.0,21.0,2.0,8.0,11.0,14.0,0.14033438162250217,0.5838709677419355,0.09656083364859913,0.42391304347826086,2.0,3.0,True,2023
0,14,8,8.0,17.0,4.0,9.0,6.0,8.0,9.0,22.0,3.0,6.0,5.0,5.0,0.1443688633196647,0.43207126948775054,0.022096484725340444,0.4660831509846827,3.0,3.0,True,2023
1,19,1,6.0,17.0,6.0,11.0,6.0,8.0,8.0,17.0,2.0,8.0,7.0,7.0,0.06498194817376284,0.3561643835616438,0.06209987216052524,0.48541666666666666,2.0,2.0,False,2023
0,22,16,9.0,20.0,2.0,7.0,7.0,8.0,12.0,21.0,3.0,8.0,8.0,9.0,0.04179457925768893,0.49673202614379086,0.06226867577236535,0.48478260869565215,2.0,2.0,False,2023
0,8,4,7.0,16.0,4.0,7.0,7.0,8.0,20.0,26.0,3.0,7.0,7.0,12.0,0.022096484725340444,0.4660831509846827,0.149230599644195,0.650197628458498,1.0,2.0,False,2023
1,16,22,12.0,21.0,3.0,8.0,8.0,9.0,9.0,20.0,2.0,7.0,7.0,8.0,0.06226867577236535,0.48478260869565215,0.033435663406151145,0.4956521739130435,2.0,2.0,True,2023
1,4,8,20.0,26.0,3.0,7.0,7.0,12.0,7.0,16.0,4.0,7.0,7.0,8.0,0.149230599644195,0.650197628458498,0.017677187780272354,0.4650655021834061,2.0,1.0,True,2023
0,24,3,9.0,19.0,1.0,3.0,8.0,9.0,11.0,13.0,7.0,7.0,4.0,5.0,0.15226750529800176,0.5852090032154341,0.08367914303596878,0.4288840262582057,1.0,2.0,False,2023
0,12,21,11.0,21.0,5.0,9.0,6.0,7.0,11.0,19.0,5.0,13.0,4.0,6.0,0.1535270980332881,0.5603271983640081,0.084583728911623,0.432183908045977,2.0,3.0,False,2023
1,21,12,11.0,19.0,5.0,13.0,4.0,6.0,11.0,21.0,5.0,9.0,6.0,7.0,0.084583728911623,0.432183908045977,0.12282167842663047,0.5591836734693878,3.0,2.0,True,2023
1,3,24,11.0,13.0,7.0,7.0,4.0,5.0,9.0,19.0,1.0,3.0,8.0,9.0,0.08367914303596878,0.4288840262582057,0.12181400423840141,0.5833333333333334,2.0,1.0,True,2023
0,29,6,7.0,15.0,3.0,6.0,5.0,7.0,8.0,16.0,4.0,7.0,9.0,11.0,0.09605807859946598,0.5160599571734475,0.09992077083314281,0.5075268817204301,2.0,2.0,False,2023
1,5,14,12.0,21.0,2.0,7.0,3.0,4.0,10.0,14.0,4.0,7.0,5.0,6.0,0.01990817342312326,0.46799116997792495,0.15549509065573175,0.43333333333333335,2.0,2.0,False,2023
0,14,5,10.0,14.0,4.0,7.0,5.0,6.0,12.0,21.0,2.0,7.0,3.0,4.0,0.15549509065573175,0.43333333333333335,0.015926538738498607,0.4669603524229075,2.0,2.0,True,2023
1,17,9,10.0,21.0,5.0,12.0,17.0,17.0,13.0,25.0,5.0,10.0,9.0,9.0,0.08193273220341979,0.510593220338983,0.09656083364859913,0.42391304347826086,2.0,2.0,True,2023
0,9,17,13.0,25.0,5.0,10.0,9.0,9.0,10.0,21.0,5.0,12.0,17.0,17.0,0.09656083364859913,0.42391304347826086,0.10554618576273582,0.5116279069767442,2.0,2.0,False,2023
1,7,25,12.0,19.0,4.0,7.0,5.0,5.0,9.0,19.0,3.0,10.0,4.0,5.0,0.12347899069680683,0.4947589098532495,0.11059138430851981,0.6036585365853658,2.0,2.0,True,2023
0,25,7,9.0,19.0,3.0,10.0,4.0,5.0,12.0,19.0,4.0,7.0,5.0,5.0,0.11059138430851981,0.6036585365853658,0.13878319255744548,0.49581589958158995,2.0,2.0,False,2023
1,18,10,11.0,20.0,3.0,9.0,7.0,11.0,11.0,22.0,3.0,7.0,10.0,10.0,0.18357012383067167,0.6196319018404908,0.07714172929027226,0.36363636363636365,2.0,2.0,False,2023
0,0,26,12.0,21.0,8.0,14.0,6.0,8.0,10.0,24.0,2.0,5.0,10.0,10.0,0.1271055471698752,0.5,0.1304560089981321,0.474835886214442,3.0,3.0,True,2023
1,23,15,14.0,27.0,4.0,11.0,5.0,10.0,13.0,27.0,3.0,8.0,4.0,5.0,0.1505134910559082,0.451685393258427,0.09413374802396905,0.4223744292237443,2.0,2.0,False,2023
0,15,23,13.0,27.0,3.0,8.0,4.0,5.0,14.0,27.0,4.0,11.0,5.0,10.0,0.09413374802396905,0.4223744292237443,0.12041079284472656,0.45067264573991034,2.0,2.0,True,2023
1,13,19,17.0,24.0,5.0,11.0,14.0,18.0,10.0,16.0,5.0,11.0,5.0,7.0,0.06802047369268133,0.49156118143459915,0.05198555853901027,0.3553530751708428,2.0,2.0,True,2023
0,19,13,10.0,16.0,5.0,11.0,5.0,7.0,17.0,24.0,5.0,11.0,14.0,18.0,0.05198555853901027,0.3553530751708428,0.09441637895414505,0.4926315789473684,2.0,2.0,False,2023
1,6,29,8.0,16.0,4.0,7.0,9.0,11.0,7.0,15.0,3.0,6.0,5.0,7.0,0.09992077083314281,0.5075268817204301,0.07684646287957278,0.5149572649572649,2.0,2.0,True,2023
1,26,0,10.0,24.0,2.0,5.0,10.0,10.0,12.0,21.0,8.0,14.0,6.0,8.0,0.1304560089981321,0.474835886214442,0.14168443773590017,0.5102040816326531,3.0,3.0,False,2023
0,10,18,11.0,22.0,3.0,7.0,10.0,10.0,11.0,20.0,3.0,9.0,7.0,11.0,0.07714172929027226,0.36363636363636365,0.14685609906453734,0.6183673469387755,2.0,2.0,True,2023
1,3,12,9.0,17.0,3.0,13.0,2.0,3.0,7.0,16.0,4.0,6.0,10.0,15.0,0.10694331442877503,0.43013100436681223,0.12282167842663047,0.5591836734693878,2.0,2.0,False,2023
0,29,28,11.0,25.0,2.0,8.0,9.0,11.0,13.0,29.0,2.0,9.0,9.0,11.0,0.07684646287957278,0.5149572649572649,0.09024626313104374,0.3931818181818182,1.0,3.0,True,2023
1,4,21,14.0,24.0,4.0,9.0,8.0,8.0,10.0,26.0,3.0,9.0,6.0,6.0,0.159384479715356,0.650887573964497,0.10766698312929841,0.4334862385321101,2.0,2.0,True,2023
0,21,4,10.0,26.0,3.0,9.0,6.0,6.0,14.0,24.0,4.0,9.0,8.0,8.0,0.10766698312929841,0.4334862385321101,0.16750758377228478,0.6515748031496063,2.0,2.0,False,2023
1,28,29,13.0,29.0,2.0,9.0,9.0,11.0,11.0,25.0,2.0,8.0,9.0,11.0,0.09024626313104374,0.3931818181818182,0.10147717030365822,0.5159914712153518,3.0,1.0,False,2023
1,20,8,10.0,21.0,7.0,12.0,5.0,5.0,7.0,19.0,2.0,6.0,7.0,8.0,0.10353532253781823,0.6053169734151329,0.017677187780272354,0.4650655021834061,3.0,2.0,True,2023
0,12,3,7.0,16.0,4.0,6.0,10.0,15.0,9.0,17.0,3.0,13.0,2.0,3.0,0.12282167842663047,0.5591836734693878,0.08555465154302003,0.42919389978213507,2.0,2.0,True,2023
0,8,20,7.0,19.0,2.0,6.0,7.0,8.0,10.0,21.0,7.0,12.0,5.0,5.0,0.017677187780272354,0.4650655021834061,0.12282825803025459,0.6061224489795919,2.0,3.0,False,2023
0,24,27,11.0,24.0,3.0,9.0,10.0,10.0,10.0,19.0,3.0,6.0,4.0,6.0,0.12181400423840141,0.5833333333333334,0.10893399872922918,0.3931034482758621,2.0,3.0,True,2023
1,27,24,10.0,19.0,3.0,6.0,4.0,6.0,11.0,24.0,3.0,9.0,10.0,10.0,0.10893399872922918,0.3931034482758621,0.13745120339072112,0.5846645367412141,3.0,2.0,False,2023
1,7,9,9.0,18.0,1.0,7.0,10.0,10.0,8.0,17.0,4.0,7.0,2.0,3.0,0.13878319255744548,0.49581589958158995,0.0772486669188793,0.4229934924078091,2.0,2.0,False,2023
0,26,1,9.0,23.0,4.0,9.0,10.0,10.0,8.0,21.0,3.0,6.0,6.0,9.0,0.10436480719850567,0.4737991266375546,0.06209987216052524,0.48541666666666666,2.0,4.0,False,2023
1,18,10,9.0,17.0,6.0,10.0,10.0,10.0,7.0,18.0,3.0,8.0,7.0,7.0,0.14685609906453734,0.6183673469387755,0.10171338343221781,0.36504424778761063,2.0,2.0,True,2023
1,11,25,8.0,17.0,5.0,12.0,10.0,10.0,12.0,25.0,4.0,9.0,6.0,6.0,0.1163007736233391,0.5933609958506224,0.08847310744681584,0.6024340770791075,4.0,2.0,True,2023
0,25,11,12.0,25.0,4.0,9.0,6.0,6.0,8.0,17.0,5.0,12.0,10.0,10.0,0.08847310744681584,0.6024340770791075,0.1330406188986713,0.5942028985507246,2.0,4.0,False,2023
1,5,15,9.0,18.0,3.0,6.0,2.0,2.0,15.0,23.0,2.0,6.0,4.0,5.0,0.015926538738498607,0.4669603524229075,0.11530699841917524,0.42369020501138954,2.0,2.0,False,2023
0,15,5,15.0,23.0,2.0,6.0,4.0,5.0,9.0,18.0,3.0,6.0,2.0,2.0,0.11530699841917524,0.42369020501138954,0.012741230990798885,0.46593406593406594,2.0,2.0,True,2023
0,9,7,8.0,17.0,4.0,7.0,2.0,3.0,9.0,18.0,1.0,7.0,10.0,10.0,0.0772486669188793,0.4229934924078091,0.11102655404595638,0.49478079331941544,2.0,2.0,True,2023
1,1,26,8.0,21.0,3.0,6.0,6.0,9.0,9.0,23.0,4.0,9.0,10.0,10.0,0.06209987216052524,0.48541666666666666,0.08349184575880454,0.47276688453159044,4.0,2.0,True,2023
0,0,23,8.0,21.0,5.0,12.0,9.0,10.0,11.0,26.0,7.0,17.0,5.0,6.0,0.14168443773590017,0.5102040816326531,0.12041079284472656,0.45067264573991034,2.0,2.0,False,2023
1,23,0,11.0,26.0,7.0,17.0,5.0,6.0,8.0,21.0,5.0,12.0,9.0,10.0,0.12041079284472656,0.45067264573991034,0.11334755018872014,0.5,2.0,2.0,True,2023
0,6,2,9.0,18.0,4.0,7.0,4.0,5.0,12.0,19.0,7.0,12.0,3.0,5.0,0.11993661666651426,0.5085836909871244,0.11602632684127594,0.6038647342995169,2.0,4.0,False,2023
1,2,6,12.0,19.0,7.0,12.0,3.0,5.0,9.0,18.0,4.0,7.0,4.0,5.0,0.11602632684127594,0.6038647342995169,0.09594929333321141,0.5074946466809421,4.0,2.0,True,2023
0,10,18,7.0,18.0,3.0,8.0,7.0,7.0,9.0,17.0,6.0,10.0,10.0,10.0,0.10171338343221781,0.36504424778761063,0.15748487925162985,0.6191446028513238,2.0,2.0,False,2023
0,17,16,11.0,22.0,5.0,13.0,15.0,16.0,9.0,16.0,3.0,7.0,13.0,18.0,0.10554618576273582,0.5116279069767442,0.08981494061789227,0.48590021691973967,2.0,3.0,True,2023
1,16,17,9.0,16.0,3.0,7.0,13.0,18.0,11.0,22.0,5.0,13.0,15.0,16.0,0.08981494061789227,0.48590021691973967,0.12443694861018866,0.5126582278481012,3.0,2.0,False,2023
0,12,28,11.0,22.0,5.0,10.0,10.0,11.0,13.0,23.0,3.0,9.0,4.0,6.0,0.13825734274130438,0.560081466395112,0.07219701050483499,0.3922902494331066,2.0,2.0,False,2023
0,16,3,9.0,20.0,6.0,7.0,6.0,6.0,11.0,19.0,4.0,8.0,6.0,6.0,0.07185195249431382,0.48484848484848486,0.08555465154302003,0.42919389978213507,1.0,2.0,False,2023
1,4,24,21.0,39.0,2.0,8.0,10.0,15.0,9.0,26.0,4.0,8.0,4.0,6.0,0.16750758377228478,0.6515748031496063,0.13745120339072112,0.5846645367412141,2.0,2.0,True,2023
1,28,12,13.0,23.0,3.0,9.0,4.0,6.0,11.0,22.0,5.0,10.0,10.0,11.0,0.07219701050483499,0.3922902494331066,0.1106058741930435,0.5589430894308943,2.0,2.0,True,2023
0,24,4,9.0,26.0,4.0,8.0,4.0,6.0,21.0,39.0,2.0,8.0,10.0,15.0,0.13745120339072112,0.5846645367412141,0.17400606701782784,0.6522593320235757,2.0,2.0,False,2023
1,22,29,11.0,24.0,5.0,13.0,2.0,3.0,13.0,27.0,2.0,5.0,6.0,8.0,0.033435663406151145,0.4956521739130435,0.10147717030365822,0.5159914712153518,4.0,2.0,False,2023
0,29,22,13.0,27.0,2.0,5.0,6.0,8.0,11.0,24.0,5.0,13.0,2.0,3.0,0.10147717030365822,0.5159914712153518,0.026748530724920914,0.4945770065075922,2.0,4.0,True,2023
1,27,21,9.0,14.0,3.0,5.0,5.0,6.0,8.0,21.0,3.0,8.0,4.0,4.0,0.08714719898338334,0.3922018348623853,0.08613358650343873,0.43249427917620137,2.0,2.0,True,2023
1,13,8,12.0,19.0,3.0,12.0,11.0,12.0,10.0,20.0,2.0,6.0,6.0,6.0,0.09441637895414505,0.4926315789473684,0.014141750224217884,0.46405228758169936,3.0,2.0,True,2023
1,3,16,11.0,19.0,4.0,8.0,6.0,6.0,9.0,20.0,6.0,7.0,6.0,6.0,0.08555465154302003,0.42919389978213507,0.057481561995451055,0.4838012958963283,2.0,1.0,True,2023
0,21,27,8.0,21.0,3.0,8.0,4.0,4.0,9.0,14.0,3.0,5.0,5.0,6.0,0.08613358650343873,0.43249427917620137,0.10971775918670668,0.39359267734553777,2.0,2.0,False,2023
0,0,20,10.0,17.0,5.0,10.0,3.0,3.0,12.0,23.0,5.0,11.0,6.0,8.0,0.11334755018872014,0.5,0.12282825803025459,0.6061224489795919,1.0,2.0,False,2023
0,8,13,10.0,20.0,2.0,6.0,6.0,6.0,12.0,19.0,3.0,12.0,11.0,12.0,0.014141750224217884,0.46405228758169936,0.11553310316331604,0.49369747899159666,2.0,3.0,False,2023
1,20,0,12.0,23.0,5.0,11.0,6.0,8.0,10.0,17.0,5.0,10.0,3.0,3.0,0.12282825803025459,0.6061224489795919,0.09067804015097611,0.49019607843137253,2.0,1.0,True,2023
0,18,5,10.0,18.0,3.0,5.0,11.0,13.0,11.0,16.0,2.0,5.0,8.0,8.0,0.15748487925162985,0.6191446028513238,0.012741230990798885,0.46593406593406594,2.0,2.0,True,2023
1,14,17,14.0,25.0,4.0,10.0,11.0,12.0,11.0,20.0,9.0,12.0,8.0,8.0,0.16439607252458538,0.43458980044345896,0.12443694861018866,0.5126582278481012,4.0,2.0,False,2023
0,15,22,7.0,14.0,3.0,7.0,6.0,7.0,8.0,15.0,5.0,9.0,5.0,6.0,0.1322455987353402,0.425,0.026748530724920914,0.4945770065075922,2.0,1.0,False,2023
0,17,14,11.0,20.0,9.0,12.0,8.0,8.0,14.0,25.0,4.0,10.0,11.0,12.0,0.12443694861018866,0.5126582278481012,0.1315168580196683,0.4336283185840708,2.0,4.0,True,2023
1,11,9,10.0,21.0,3.0,11.0,6.0,7.0,10.0,19.0,3.0,8.0,5.0,7.0,0.1330406188986713,0.5942028985507246,0.10179893353510346,0.42424242424242425,2.0,2.0,False,2023
1,5,18,11.0,16.0,2.0,5.0,8.0,8.0,10.0,18.0,3.0,5.0,11.0,13.0,0.012741230990798885,0.46593406593406594,0.1659879034013039,0.6199186991869918,2.0,2.0,False,2023
1,23,10,9.0,20.0,6.0,16.0,8.0,10.0,6.0,16.0,3.0,7.0,6.0,9.0,0.13632863427578124,0.4519015659955257,0.08137070674577425,0.36423841059602646,2.0,2.0,False,2023
0,9,11,10.0,19.0,3.0,8.0,5.0,7.0,10.0,21.0,3.0,11.0,6.0,7.0,0.10179893353510346,0.42424242424242425,0.10643249511893704,0.5929752066115702,2.0,2.0,True,2023
1,1,25,10.0,15.0,2.0,7.0,9.0,12.0,10.0,22.0,5.0,11.0,7.0,9.0,0.0896798977284202,0.4864864864864865,0.07077848595745267,0.6012145748987854,2.0,2.0,False,2023
0,25,1,10.0,22.0,5.0,11.0,7.0,9.0,10.0,15.0,2.0,7.0,9.0,12.0,0.07077848595745267,0.6012145748987854,0.07174391818273615,0.4854771784232365,2.0,2.0,True,2023
1,19,21,8.0,16.0,4.0,8.0,4.0,5.0,9.0,23.0,4.0,13.0,9.0,14.0,0.041588446831208215,0.35454545454545455,0.06890686920275099,0.4315068493150685,4.0,1.0,True,2023
0,21,19,9.0,23.0,4.0,13.0,9.0,14.0,8.0,16.0,4.0,8.0,4.0,5.0,0.06890686920275099,0.4315068493150685,0.07327075746496657,0.35600907029478457,1.0,4.0,False,2023
1,2,7,9.0,21.0,3.0,12.0,11.0,12.0,9.0,20.0,4.0,8.0,7.0,7.0,0.13282106147302075,0.6048192771084338,0.11102655404595638,0.49478079331941544,2.0,2.0,False,2023
0,7,2,9.0,20.0,4.0,8.0,7.0,7.0,9.0,21.0,3.0,12.0,11.0,12.0,0.11102655404595638,0.49478079331941544,0.1062568491784166,0.6033653846153846,2.0,2.0,True,2023
1,22,15,8.0,15.0,5.0,9.0,5.0,6.0,7.0,14.0,3.0,7.0,6.0,7.0,0.026748530724920914,0.4945770065075922,0.10579647898827216,0.42403628117913833,1.0,2.0,True,2023
0,10,23,6.0,16.0,3.0,7.0,6.0,9.0,9.0,20.0,6.0,16.0,8.0,10.0,0.08137070674577425,0.36423841059602646,0.109062907420625,0.45089285714285715,2.0,2.0,True,2023
0,29,8,13.0,25.0,3.0,7.0,6.0,9.0,15.0,28.0,4.0,9.0,5.0,6.0,0.12118173624292657,0.5170212765957447,0.011313400179374307,0.46304347826086956,2.0,2.0,False,2023
1,8,29,15.0,28.0,4.0,9.0,5.0,6.0,13.0,25.0,3.0,7.0,6.0,9.0,0.011313400179374307,0.46304347826086956,0.09694538899434126,0.5159235668789809,2.0,2.0,True,2023
0,24,28,11.0,23.0,5.0,9.0,12.0,12.0,14.0,21.0,5.0,8.0,8.0,10.0,0.1099609627125769,0.5828025477707006,0.09775760840386798,0.3936651583710407,2.0,2.0,True,2023
1,4,12,13.0,19.0,4.0,9.0,9.0,16.0,11.0,24.0,2.0,8.0,9.0,10.0,0.17400606701782784,0.6522593320235757,0.1106058741930435,0.5589430894308943,2.0,2.0,True,2023
0,1,26,9.0,16.0,2.0,8.0,7.0,9.0,14.0,23.0,5.0,8.0,14.0,15.0,0.07174391818273615,0.4854771784232365,0.08349184575880454,0.47276688453159044,1.0,3.0,False,2023
1,26,1,14.0,23.0,5.0,8.0,14.0,15.0,9.0,16.0,2.0,8.0,7.0,9.0,0.08349184575880454,0.47276688453159044,0.05739513454618892,0.484472049689441,3.0,1.0,True,2023
0,13,0,9.0,17.0,5.0,10.0,5.0,6.0,7.0,13.0,3.0,7.0,5.0,5.0,0.11553310316331604,0.49369747899159666,0.09067804015097611,0.49019607843137253,2.0,2.0,False,2023
1,28,24,14.0,21.0,5.0,8.0,8.0,10.0,11.0,23.0,5.0,9.0,12.0,12.0,0.09775760840386798,0.3936651583710407,0.12796877017006153,0.5841269841269842,2.0,2.0,False,2023
1,0,13,7.0,13.0,3.0,7.0,5.0,5.0,9.0,17.0,5.0,10.0,5.0,6.0,0.09067804015097611,0.49019607843137253,0.09242648253065283,0.49266247379454925,2.0,2.0,True,2023
1,19,7,8.0,17.0,4.0,10.0,7.0,7.0,13.0,15.0,4.0,7.0,5.0,8.0,0.07327075746496657,0.35600907029478457,0.1288212432367651,0.49583333333333335,1.0,1.0,False,2023
1,27,17,11.0,18.0,5.0,10.0,9.0,9.0,12.0,21.0,5.0,12.0,11.0,11.0,0.10971775918670668,0.39359267734553777,0.13954955888815093,0.5136842105263157,2.0,1.0,True,2023
1,6,14,16.0,23.0,4.0,9.0,9.0,10.0,11.0,20.0,4.0,9.0,12.0,13.0,0.09594929333321141,0.5074946466809421,0.1315168580196683,0.4336283185840708,3.0,1.0,True,2023
0,17,27,12.0,21.0,5.0,12.0,11.0,11.0,11.0,18.0,5.0,10.0,9.0,9.0,0.13954955888815093,0.5136842105263157,0.12777420734936534,0.3949771689497717,1.0,2.0,False,2023
0,14,6,11.0,20.0,4.0,9.0,12.0,13.0,16.0,23.0,4.0,9.0,9.0,10.0,0.1315168580196683,0.4336283185840708,0.11675943466656913,0.5085470085470085,1.0,3.0,False,2023
0,9,20,10.0,21.0,3.0,8.0,5.0,7.0,15.0,24.0,7.0,12.0,4.0,5.0,0.12143914682808277,0.42548596112311016,0.13826260642420368,0.6069246435845214,1.0,2.0,False,2023
1,20,9,15.0,24.0,7.0,12.0,4.0,5.0,10.0,21.0,3.0,8.0,5.0,7.0,0.13826260642420368,0.6069246435845214,0.09715131746246622,0.4245689655172414,2.0,1.0,True,2023
0,7,19,13.0,15.0,4.0,7.0,5.0,8.0,8.0,17.0,4.0,10.0,7.0,7.0,0.1288212432367651,0.49583333333333335,0.058616605971973254,0.3552036199095023,1.0,1.0,True,2023
0,12,4,11.0,24.0,2.0,8.0,9.0,10.0,13.0,19.0,4.0,9.0,9.0,16.0,0.1106058741930435,0.5589430894308943,0.17920485361426225,0.6529411764705882,2.0,2.0,False,2023
1,23,20,8.0,17.0,3.0,5.0,4.0,6.0,7.0,16.0,2.0,10.0,7.0,8.0,0.109062907420625,0.45089285714285715,0.15061008513936294,0.6077235772357723,2.0,1.0,True,2023
1,8,15,9.0,16.0,6.0,8.0,8.0,8.0,7.0,13.0,2.0,7.0,6.0,6.0,0.04905072014349945,0.4642082429501085,0.10579647898827216,0.42403628117913833,1.0,2.0,True,2023
0,18,28,6.0,16.0,3.0,4.0,18.0,19.0,8.0,19.0,5.0,8.0,8.0,12.0,0.1659879034013039,0.6199186991869918,0.07820608672309438,0.3927765237020316,2.0,1.0,False,2023
0,15,8,7.0,13.0,2.0,7.0,6.0,6.0,9.0,16.0,6.0,8.0,8.0,8.0,0.10579647898827216,0.42403628117913833,0.07924057611479955,0.4653679653679654,2.0,1.0,False,2023
0,20,23,7.0,16.0,2.0,10.0,7.0,8.0,8.0,17.0,3.0,5.0,4.0,6.0,0.15061008513936294,0.6077235772357723,0.1272503259365,0.4521158129175947,1.0,2.0,False,2023
1,28,18,8.0,19.0,5.0,8.0,8.0,12.0,6.0,16.0,3.0,4.0,18.0,19.0,0.07820608672309438,0.3927765237020316,0.13279032272104313,0.6186612576064908,1.0,2.0,True,2023
1,22,3,9.0,18.0,4.0,9.0,7.0,7.0,9.0,18.0,4.0,10.0,5.0,5.0,0.06139882457993673,0.49567099567099565,0.10844372123441601,0.43043478260869567,2.0,3.0,False,2023
0,3,22,9.0,18.0,4.0,10.0,5.0,5.0,9.0,18.0,4.0,9.0,7.0,7.0,0.10844372123441601,0.43043478260869567,0.04911905966394938,0.4946004319654428,3.0,2.0,True,2023
1,21,10,13.0,24.0,6.0,13.0,4.0,6.0,8.0,20.0,2.0,5.0,10.0,11.0,0.055125495362200794,0.4305239179954442,0.1050965653966194,0.3656387665198238,2.0,2.0,False,2023
0,10,21,8.0,20.0,2.0,5.0,10.0,11.0,13.0,24.0,6.0,13.0,4.0,6.0,0.1050965653966194,0.3656387665198238,0.04410039628976063,0.42954545454545456,2.0,2.0,True,2023
0,25,16,7.0,19.0,3.0,9.0,3.0,6.0,10.0,17.0,4.0,8.0,4.0,7.0,0.09662278876596216,0.602020202020202,0.057481561995451055,0.4838012958963283,2.0,3.0,True,2023
1,16,25,10.0,17.0,4.0,8.0,4.0,7.0,7.0,19.0,3.0,9.0,3.0,6.0,0.057481561995451055,0.4838012958963283,0.11729823101276973,0.6028225806451613,3.0,2.0,False,2023
0,26,0,8.0,17.0,2.0,6.0,8.0,8.0,15.0,22.0,12.0,16.0,1.0,2.0,0.10679347660704361,0.47391304347826085,0.1125424321207809,0.5,2.0,2.0,False,2023
1,11,13,9.0,19.0,3.0,7.0,12.0,15.0,10.0,17.0,4.0,8.0,9.0,9.0,0.10643249511893704,0.5929752066115702,0.09242648253065283,0.49266247379454925,3.0,2.0,False,2023
0,13,11,10.0,17.0,4.0,8.0,9.0,9.0,9.0,19.0,3.0,7.0,12.0,15.0,0.09242648253065283,0.49266247379454925,0.08514599609514964,0.5917525773195876,2.0,3.0,True,2023
1,17,4,8.0,18.0,2.0,7.0,12.0,12.0,9.0,20.0,3.0,8.0,7.0,9.0,0.11163964711052074,0.5126050420168067,0.17920485361426225,0.6529411764705882,2.0,2.0,False,2023
0,4,17,9.0,20.0,3.0,8.0,7.0,9.0,8.0,18.0,2.0,7.0,12.0,12.0,0.17920485361426225,0.6529411764705882,0.08931171768841659,0.5115303983228512,2.0,2.0,True,2023
1,1,15,10.0,21.0,5.0,11.0,6.0,6.0,11.0,17.0,8.0,12.0,6.0,9.0,0.05739513454618892,0.484472049689441,0.08463718319061772,0.4230769230769231,2.0,1.0,False,2023
0,15,1,11.0,17.0,8.0,12.0,6.0,9.0,10.0,21.0,5.0,11.0,6.0,6.0,0.08463718319061772,0.4230769230769231,0.045916107636951135,0.4834710743801653,1.0,2.0,True,2023
0,3,14,10.0,16.0,5.0,9.0,3.0,4.0,7.0,13.0,2.0,6.0,5.0,5.0,0.12675497698753282,0.4316702819956616,0.10521348641573465,0.4326710816777042,1.0,2.0,True,2023
0,24,6,10.0,20.0,3.0,7.0,7.0,10.0,15.0,29.0,7.0,11.0,10.0,11.0,0.12796877017006153,0.5841269841269842,0.11675943466656913,0.5085470085470085,2.0,2.0,True,2023
1,27,5,10.0,18.0,2.0,6.0,5.0,5.0,8.0,18.0,3.0,8.0,5.0,5.0,0.12777420734936534,0.3949771689497717,0.010192984792639108,0.4649122807017544,2.0,3.0,True,2023
0,5,27,8.0,18.0,3.0,8.0,5.0,5.0,10.0,18.0,2.0,6.0,5.0,5.0,0.010192984792639108,0.4649122807017544,0.14221936587949227,0.39635535307517084,3.0,2.0,False,2023
1,0,26,15.0,22.0,12.0,16.0,1.0,2.0,8.0,17.0,2.0,6.0,8.0,8.0,0.1125424321207809,0.5,0.08543478128563489,0.47288503253796094,2.0,2.0,True,2023
1,19,2,7.0,16.0,3.0,7.0,7.0,7.0,11.0,24.0,5.0,9.0,9.0,10.0,0.058616605971973254,0.3552036199095023,0.1062568491784166,0.6033653846153846,2.0,3.0,False,2023
1,6,24,15.0,29.0,7.0,11.0,10.0,11.0,10.0,20.0,3.0,7.0,7.0,10.0,0.11675943466656913,0.5085470085470085,0.14237501613604922,0.5854430379746836,2.0,2.0,False,2023
0,2,19,11.0,24.0,5.0,9.0,9.0,10.0,7.0,16.0,3.0,7.0,7.0,7.0,0.1062568491784166,0.6033653846153846,0.046893284777578606,0.3544018058690745,3.0,2.0,True,2023
1,14,3,7.0,13.0,2.0,6.0,5.0,5.0,10.0,16.0,5.0,9.0,3.0,4.0,0.10521348641573465,0.4326710816777042,0.14140398159002626,0.4329004329004329,2.0,1.0,False,2023
0,23,20,7.0,12.0,3.0,7.0,7.0,8.0,11.0,15.0,4.0,6.0,6.0,8.0,0.1272503259365,0.4521158129175947,0.12048806811149035,0.6064908722109533,2.0,2.0,False,2023
1,8,9,11.0,23.0,4.0,12.0,8.0,9.0,8.0,17.0,5.0,9.0,6.0,6.0,0.07924057611479955,0.4653679653679654,0.09715131746246622,0.4245689655172414,2.0,3.0,True,2023
1,29,26,13.0,20.0,4.0,7.0,8.0,10.0,10.0,19.0,5.0,10.0,11.0,12.0,0.09694538899434126,0.5159235668789809,0.08543478128563489,0.47288503253796094,3.0,1.0,False,2023
0,9,8,8.0,17.0,5.0,9.0,6.0,6.0,11.0,23.0,4.0,12.0,8.0,9.0,0.09715131746246622,0.4245689655172414,0.10339246089183965,0.46652267818574517,3.0,2.0,False,2023
1,16,27,12.0,20.0,4.0,8.0,6.0,9.0,12.0,26.0,3.0,7.0,10.0,17.0,0.04598524959636084,0.4827586206896552,0.14221936587949227,0.39635535307517084,2.0,1.0,True,2023
1,10,28,9.0,15.0,2.0,5.0,4.0,8.0,9.0,16.0,4.0,10.0,4.0,6.0,0.12407725231729552,0.367032967032967,0.1025648693784755,0.39414414414414417,2.0,2.0,False,2023
1,20,23,11.0,15.0,4.0,6.0,6.0,8.0,7.0,12.0,3.0,7.0,7.0,8.0,0.12048806811149035,0.6064908722109533,0.10180026074919998,0.45111111111111113,2.0,2.0,True,2023
1,6,7,11.0,23.0,3.0,9.0,18.0,20.0,14.0,18.0,2.0,8.0,7.0,8.0,0.0934075477332553,0.5074626865671642,0.1430569945894121,0.4968814968814969,1.0,3.0,False,2023
0,7,6,14.0,18.0,2.0,8.0,7.0,8.0,11.0,23.0,3.0,9.0,18.0,20.0,0.1430569945894121,0.4968814968814969,0.07472603818660424,0.5063829787234042,3.0,1.0,True,2023
0,27,16,12.0,26.0,3.0,7.0,10.0,17.0,12.0,20.0,4.0,8.0,6.0,9.0,0.14221936587949227,0.39635535307517084,0.07678819967708868,0.4838709677419355,1.0,2.0,False,2023
0,26,29,10.0,19.0,5.0,10.0,11.0,12.0,13.0,20.0,4.0,7.0,8.0,10.0,0.08543478128563489,0.47288503253796094,0.077556311195473,0.5148305084745762,1.0,3.0,True,2023
0,28,10,9.0,16.0,4.0,10.0,4.0,6.0,9.0,15.0,2.0,5.0,4.0,8.0,0.1025648693784755,0.39414414414414417,0.09926180185383641,0.36622807017543857,2.0,2.0,True,2023
1,12,22,12.0,18.0,3.0,7.0,14.0,14.0,10.0,18.0,6.0,12.0,10.0,11.0,0.0884846993544348,0.5578093306288032,0.04911905966394938,0.4946004319654428,4.0,3.0,True,2023
1,24,13,8.0,20.0,4.0,9.0,6.0,6.0,9.0,17.0,6.0,12.0,3.0,4.0,0.14237501613604922,0.5854430379746836,0.11394118602452227,0.49372384937238495,2.0,2.0,False,2023
0,5,25,8.0,17.0,3.0,8.0,5.0,7.0,15.0,21.0,3.0,7.0,5.0,5.0,0.008154387834111286,0.4638949671772429,0.11729823101276973,0.6028225806451613,2.0,3.0,False,2023
1,14,21,13.0,22.0,8.0,14.0,7.0,8.0,7.0,20.0,4.0,10.0,5.0,5.0,0.08417078913258771,0.43171806167400884,0.04410039628976063,0.42954545454545456,2.0,3.0,True,2023
0,21,14,7.0,20.0,4.0,10.0,5.0,5.0,13.0,22.0,8.0,14.0,7.0,8.0,0.04410039628976063,0.42954545454545456,0.10733663130607016,0.432967032967033,3.0,2.0,False,2023
1,11,23,8.0,16.0,4.0,7.0,6.0,8.0,13.0,27.0,6.0,9.0,3.0,3.0,0.08514599609514964,0.5917525773195876,0.10180026074919998,0.45111111111111113,2.0,1.0,False,2023
0,23,11,13.0,27.0,6.0,9.0,3.0,3.0,8.0,16.0,4.0,7.0,6.0,8.0,0.10180026074919998,0.45111111111111113,0.06811679687611971,0.5905349794238683,1.0,2.0,True,2023
1,25,5,15.0,21.0,3.0,7.0,5.0,5.0,8.0,17.0,3.0,8.0,5.0,7.0,0.11729823101276973,0.6028225806451613,0.006523510267289029,0.462882096069869,3.0,2.0,True,2023
1,17,0,8.0,21.0,2.0,7.0,16.0,16.0,13.0,28.0,7.0,19.0,5.0,5.0,0.08931171768841659,0.5115303983228512,0.13003394569662471,0.5094339622641509,2.0,2.0,True,2023
0,0,17,13.0,28.0,7.0,19.0,5.0,5.0,8.0,21.0,2.0,7.0,16.0,16.0,0.13003394569662471,0.5094339622641509,0.11144937415073328,0.5125523012552301,2.0,2.0,False,2023
1,2,18,8.0,15.0,5.0,8.0,3.0,3.0,11.0,21.0,3.0,7.0,7.0,8.0,0.12500547934273326,0.60431654676259,0.13279032272104313,0.6186612576064908,2.0,3.0,True,2023
0,22,12,10.0,18.0,6.0,12.0,10.0,11.0,12.0,18.0,3.0,7.0,14.0,14.0,0.04911905966394938,0.4946004319654428,0.11078775948354784,0.5587044534412956,3.0,4.0,False,2023
0,15,1,11.0,23.0,3.0,6.0,9.0,10.0,14.0,22.0,6.0,9.0,7.0,9.0,0.10770974655249418,0.42437923250564336,0.045916107636951135,0.4834710743801653,2.0,2.0,True,2023
1,1,15,14.0,22.0,6.0,9.0,7.0,9.0,11.0,23.0,3.0,6.0,9.0,10.0,0.045916107636951135,0.4834710743801653,0.12616779724199537,0.42567567567567566,2.0,2.0,False,2023
0,13,24,9.0,17.0,6.0,12.0,3.0,4.0,8.0,20.0,4.0,9.0,6.0,6.0,0.11394118602452227,0.49372384937238495,0.11390001290883937,0.583596214511041,2.0,2.0,True,2023
1,3,19,9.0,16.0,2.0,6.0,5.0,6.0,6.0,13.0,2.0,5.0,6.0,7.0,0.14140398159002626,0.4329004329004329,0.046893284777578606,0.3544018058690745,2.0,2.0,True,2023
0,18,2,11.0,21.0,3.0,7.0,7.0,8.0,8.0,15.0,5.0,8.0,3.0,3.0,0.13279032272104313,0.6186612576064908,0.14000438347418662,0.6052631578947368,3.0,2.0,False,2023
0,19,3,6.0,13.0,2.0,5.0,6.0,7.0,9.0,16.0,2.0,6.0,5.0,6.0,0.046893284777578606,0.3544018058690745,0.153123185272021,0.43412526997840173,2.0,2.0,False,2023
1,6,27,8.0,17.0,6.0,9.0,13.0,13.0,16.0,25.0,2.0,7.0,4.0,7.0,0.07472603818660424,0.5063829787234042,0.11377549270359381,0.39545454545454545,2.0,2.0,True,2023
1,10,20,8.0,14.0,2.0,5.0,3.0,6.0,15.0,21.0,3.0,12.0,6.0,9.0,0.09926180185383641,0.36622807017543857,0.1363904544891923,0.6072874493927125,2.0,2.0,True,2023
1,9,7,10.0,18.0,5.0,9.0,11.0,12.0,10.0,17.0,3.0,9.0,6.0,6.0,0.07772105396997298,0.4236559139784946,0.15444559567152968,0.4979253112033195,2.0,2.0,True,2023
0,7,9,10.0,17.0,3.0,9.0,6.0,6.0,10.0,18.0,5.0,9.0,11.0,12.0,0.15444559567152968,0.4979253112033195,0.10217684317597837,0.4248927038626609,2.0,2.0,False,2023
0,4,29,14.0,23.0,4.0,11.0,9.0,13.0,10.0,22.0,3.0,4.0,5.0,6.0,0.1833638828914098,0.6536203522504892,0.077556311195473,0.5148305084745762,3.0,2.0,True,2023
1,29,4,10.0,22.0,3.0,4.0,5.0,6.0,14.0,23.0,4.0,11.0,9.0,13.0,0.077556311195473,0.5148305084745762,0.18669110631312785,0.654296875,2.0,3.0,False,2023
0,20,10,15.0,21.0,3.0,12.0,6.0,9.0,8.0,14.0,2.0,5.0,3.0,6.0,0.1363904544891923,0.6072874493927125,0.11940944148306913,0.3676148796498906,2.0,2.0,False,2023
0,27,6,16.0,25.0,2.0,7.0,4.0,7.0,8.0,17.0,6.0,9.0,13.0,13.0,0.11377549270359381,0.39545454545454545,0.0997808305492834,0.5074309978768577,2.0,2.0,False,2023
1,15,13,10.0,16.0,4.0,5.0,12.0,14.0,7.0,16.0,4.0,10.0,12.0,12.0,0.12616779724199537,0.42567567567567566,0.13115294881961784,0.49478079331941544,2.0,2.0,False,2023
0,13,15,7.0,16.0,4.0,10.0,12.0,12.0,10.0,16.0,4.0,5.0,12.0,14.0,0.13115294881961784,0.49478079331941544,0.1009342377935963,0.4247191011235955,2.0,2.0,True,2023
1,8,3,8.0,15.0,2.0,5.0,7.0,8.0,13.0,21.0,3.0,9.0,4.0,4.0,0.10339246089183965,0.46652267818574517,0.153123185272021,0.43412526997840173,3.0,2.0,False,2023
1,25,11,12.0,21.0,5.0,9.0,6.0,7.0,10.0,20.0,2.0,7.0,6.0,7.0,0.13383858481021577,0.6036217303822937,0.06811679687611971,0.5905349794238683,2.0,2.0,False,2023
0,11,25,10.0,20.0,2.0,7.0,6.0,7.0,12.0,21.0,5.0,9.0,6.0,7.0,0.06811679687611971,0.5905349794238683,0.10707086784817262,0.6024096385542169,2.0,2.0,True,2023
0,28,18,12.0,20.0,5.0,11.0,4.0,5.0,14.0,18.0,5.0,8.0,7.0,10.0,0.12205189550278042,0.3955056179775281,0.1062322581768345,0.6174089068825911,3.0,2.0,False,2023
1,22,7,7.0,15.0,4.0,11.0,7.0,7.0,9.0,18.0,3.0,9.0,4.0,6.0,0.039295247731159506,0.49353448275862066,0.12355647653722375,0.4968944099378882,2.0,1.0,False,2023
1,17,26,10.0,18.0,6.0,13.0,12.0,13.0,13.0,16.0,4.0,4.0,18.0,19.0,0.11144937415073328,0.5125523012552301,0.1083478250285079,0.474025974025974,2.0,3.0,False,2023
1,18,28,14.0,18.0,5.0,8.0,7.0,10.0,12.0,20.0,5.0,11.0,4.0,5.0,0.1062322581768345,0.6174089068825911,0.09764151640222433,0.39461883408071746,2.0,3.0,True,2023
0,26,17,13.0,16.0,4.0,4.0,18.0,19.0,10.0,18.0,6.0,13.0,12.0,13.0,0.1083478250285079,0.474025974025974,0.08915949932058662,0.511482254697286,3.0,2.0,True,2023
0,5,19,11.0,22.0,6.0,16.0,7.0,10.0,13.0,24.0,3.0,7.0,11.0,12.0,0.006523510267289029,0.462882096069869,0.037514627822062885,0.3536036036036036,2.0,2.0,False,2023
0,3,8,13.0,21.0,3.0,9.0,4.0,4.0,8.0,15.0,2.0,5.0,7.0,8.0,0.153123185272021,0.43412526997840173,0.08271396871347172,0.46551724137931033,2.0,3.0,True,2023
0,1,12,8.0,19.0,3.0,9.0,6.0,6.0,11.0,20.0,5.0,11.0,8.0,8.0,0.03673288610956091,0.4824742268041237,0.11078775948354784,0.5587044534412956,2.0,2.0,False,2023
0,21,2,9.0,22.0,3.0,8.0,6.0,9.0,13.0,21.0,8.0,14.0,10.0,12.0,0.035280317031808506,0.42857142857142855,0.14000438347418662,0.6052631578947368,2.0,2.0,False,2023
1,16,23,13.0,23.0,3.0,7.0,7.0,7.0,9.0,19.0,3.0,7.0,4.0,4.0,0.07678819967708868,0.4838709677419355,0.12144020859936,0.4523281596452328,3.0,2.0,True,2023
0,23,16,9.0,19.0,3.0,7.0,4.0,4.0,13.0,23.0,3.0,7.0,7.0,7.0,0.12144020859936,0.4523281596452328,0.10143055974167095,0.48497854077253216,2.0,3.0,False,2023
1,24,4,9.0,23.0,4.0,11.0,9.0,10.0,13.0,25.0,4.0,7.0,8.0,11.0,0.11390001290883937,0.583596214511041,0.18669110631312785,0.654296875,2.0,1.0,False,2023
0,4,24,13.0,25.0,4.0,7.0,8.0,11.0,9.0,23.0,4.0,11.0,9.0,10.0,0.18669110631312785,0.654296875,0.0911200103270715,0.5817610062893082,1.0,2.0,True,2023
0,7,22,9.0,18.0,3.0,9.0,4.0,6.0,7.0,15.0,4.0,11.0,7.0,7.0,0.12355647653722375,0.4968944099378882,0.031436198184927606,0.4924731182795699,1.0,2.0,True,2023
1,19,5,13.0,24.0,3.0,7.0,11.0,12.0,11.0,22.0,6.0,16.0,7.0,10.0,0.037514627822062885,0.3536036036036036,0.005218808213831224,0.46187363834422657,2.0,2.0,True,2023
1,12,1,11.0,20.0,5.0,11.0,8.0,8.0,8.0,19.0,3.0,9.0,6.0,6.0,0.11078775948354784,0.5587044534412956,0.029386308887648725,0.48148148148148145,2.0,2.0,True,2023
1,2,21,13.0,21.0,8.0,14.0,10.0,12.0,9.0,22.0,3.0,8.0,6.0,9.0,0.14000438347418662,0.6052631578947368,0.028224253625446803,0.4276018099547511,2.0,2.0,True,2023
1,0,29,11.0,25.0,3.0,13.0,4.0,4.0,7.0,19.0,3.0,6.0,9.0,11.0,0.10402715655729977,0.5,0.0620450489563784,0.5137420718816068,3.0,2.0,False,2023
1,3,27,10.0,18.0,3.0,7.0,6.0,6.0,8.0,16.0,2.0,5.0,5.0,5.0,0.1624985482176168,0.4353448275862069,0.09102039416287505,0.3945578231292517,1.0,2.0,True,2023
0,11,28,10.0,23.0,3.0,10.0,8.0,10.0,12.0,26.0,3.0,11.0,14.0,15.0,0.09449343750089577,0.5913757700205339,0.09764151640222433,0.39461883408071746,1.0,1.0,False,2023
1,14,22,13.0,18.0,4.0,7.0,8.0,8.0,8.0,18.0,5.0,10.0,6.0,8.0,0.10733663130607016,0.432967032967033,0.031436198184927606,0.4924731182795699,3.0,1.0,True,2023
0,22,14,8.0,18.0,5.0,10.0,6.0,8.0,13.0,18.0,4.0,7.0,8.0,8.0,0.031436198184927606,0.4924731182795699,0.12586930504485613,0.4342105263157895,1.0,3.0,False,2023
1,15,13,12.0,23.0,3.0,7.0,12.0,14.0,11.0,21.0,5.0,10.0,3.0,5.0,0.1009342377935963,0.4247191011235955,0.14492235905569426,0.49583333333333335,1.0,1.0,True,2023
0,13,15,11.0,21.0,5.0,10.0,3.0,5.0,12.0,23.0,3.0,7.0,12.0,14.0,0.14492235905569426,0.49583333333333335,0.12074739023487704,0.4260089686098655,1.0,1.0,False,2023
1,28,11,12.0,26.0,3.0,11.0,14.0,15.0,10.0,23.0,3.0,10.0,8.0,10.0,0.09764151640222433,0.39461883408071746,0.07559475000071661,0.5901639344262295,1.0,1.0,True,2023
0,12,10,10.0,23.0,4.0,11.0,8.0,8.0,7.0,16.0,3.0,6.0,4.0,6.0,0.12863020758683827,0.5595959595959596,0.11940944148306913,0.3676148796498906,1.0,2.0,True,2023
0,27,3,8.0,16.0,2.0,5.0,5.0,5.0,10.0,18.0,3.0,7.0,6.0,6.0,0.09102039416287505,0.3945578231292517,0.16999883857409342,0.43655913978494626,2.0,1.0,False,2023
0,20,21,11.0,22.0,2.0,7.0,8.0,9.0,9.0,18.0,3.0,10.0,5.0,8.0,0.10911236359135383,0.6060606060606061,0.028224253625446803,0.4276018099547511,2.0,1.0,True,2023
1,6,18,8.0,18.0,6.0,9.0,5.0,6.0,12.0,20.0,2.0,6.0,12.0,13.0,0.0997808305492834,0.5074309978768577,0.1249858065414676,0.6181818181818182,2.0,1.0,False,2023
0,18,6,12.0,20.0,2.0,6.0,12.0,13.0,8.0,18.0,6.0,9.0,5.0,6.0,0.1249858065414676,0.6181818181818182,0.07982466443942672,0.5063559322033898,1.0,2.0,True,2023
1,9,5,9.0,19.0,3.0,5.0,6.0,9.0,9.0,15.0,3.0,8.0,7.0,9.0,0.10217684317597837,0.4248927038626609,0.005218808213831224,0.46187363834422657,2.0,1.0,True,2023
0,5,9,9.0,15.0,3.0,8.0,7.0,9.0,9.0,19.0,3.0,5.0,6.0,9.0,0.005218808213831224,0.46187363834422657,0.1217414745407827,0.4261241970021413,1.0,2.0,False,2023
0,29,0,7.0,19.0,3.0,6.0,9.0,11.0,11.0,25.0,3.0,13.0,4.0,4.0,0.0620450489563784,0.5137420718816068,0.08322172524583982,0.4909090909090909,2.0,3.0,True,2023
1,21,20,9.0,18.0,3.0,10.0,5.0,8.0,11.0,22.0,2.0,7.0,8.0,9.0,0.028224253625446803,0.4276018099547511,0.12728989087308307,0.6068548387096774,1.0,2.0,False,2023
1,10,12,7.0,16.0,3.0,6.0,4.0,6.0,10.0,23.0,4.0,11.0,8.0,8.0,0.11940944148306913,0.3676148796498906,0.14290416606947062,0.5604838709677419,2.0,1.0,False,2023
0,16,2,9.0,18.0,3.0,9.0,7.0,11.0,8.0,20.0,6.0,11.0,9.0,12.0,0.10143055974167095,0.48497854077253216,0.15200350677934932,0.6062052505966588,2.0,2.0,False,2023
1,25,19,12.0,26.0,6.0,13.0,7.0,10.0,10.0,18.0,4.0,8.0,10.0,11.0,0.10707086784817262,0.6024096385542169,0.07001170225765031,0.3550561797752809,2.0,2.0,True,2023
1,2,16,8.0,20.0,6.0,11.0,9.0,12.0,9.0,18.0,3.0,9.0,7.0,11.0,0.15200350677934932,0.6062052505966588,0.08114444779333677,0.48394004282655245,2.0,2.0,True,2023
0,19,25,10.0,18.0,4.0,8.0,10.0,11.0,12.0,26.0,6.0,13.0,7.0,10.0,0.07001170225765031,0.3550561797752809,0.1256566942785381,0.6032064128256514,2.0,2.0,False,2023
1,12,20,8.0,20.0,4.0,14.0,7.0,7.0,12.0,15.0,5.0,13.0,4.0,4.0,0.14290416606947062,0.5604838709677419,0.12728989087308307,0.6068548387096774,2.0,2.0,False,2023
1,27,10,9.0,20.0,2.0,5.0,8.0,8.0,8.0,18.0,3.0,5.0,6.0,7.0,0.07281631533030004,0.3936651583710407,0.09552755318645531,0.36681222707423583,2.0,2.0,False,2023
0,29,17,8.0,18.0,6.0,12.0,3.0,4.0,13.0,23.0,8.0,14.0,6.0,7.0,0.08963603916510274,0.5147679324894515,0.08915949932058662,0.511482254697286,2.0,3.0,False,2023
1,17,29,13.0,23.0,8.0,14.0,6.0,7.0,8.0,18.0,6.0,12.0,3.0,4.0,0.08915949932058662,0.511482254697286,0.0717088313320822,0.5136842105263157,3.0,2.0,True,2023
1,18,1,10.0,18.0,4.0,9.0,6.0,7.0,6.0,20.0,2.0,8.0,15.0,17.0,0.13998864523317409,0.6189516129032258,0.029386308887648725,0.48148148148148145,2.0,3.0,True,2023
0,1,18,6.0,20.0,2.0,8.0,15.0,17.0,10.0,18.0,4.0,9.0,6.0,7.0,0.029386308887648725,0.48148148148148145,0.1519909161865393,0.6197183098591549,3.0,2.0,False,2023
1,26,8,9.0,21.0,4.0,11.0,8.0,9.0,14.0,24.0,3.0,8.0,4.0,5.0,0.12667826002280633,0.47516198704103674,0.08271396871347172,0.46551724137931033,3.0,3.0,False,2023
0,8,26,14.0,24.0,3.0,8.0,4.0,5.0,9.0,21.0,4.0,11.0,8.0,9.0,0.08271396871347172,0.46551724137931033,0.10134260801824506,0.47413793103448276,3.0,3.0,True,2023
1,28,6,15.0,21.0,6.0,9.0,4.0,8.0,8.0,21.0,3.0,10.0,9.0,9.0,0.11811321312177947,0.3959731543624161,0.07982466443942672,0.5063559322033898,2.0,2.0,True,2023
0,6,28,8.0,21.0,3.0,10.0,9.0,9.0,15.0,21.0,6.0,9.0,4.0,8.0,0.07982466443942672,0.5063559322033898,0.13449057049742358,0.39732142857142855,2.0,2.0,False,2023
1,22,11,12.0,24.0,4.0,11.0,5.0,9.0,10.0,20.0,6.0,9.0,7.0,7.0,0.025148958547942087,0.49141630901287553,0.07559475000071661,0.5901639344262295,2.0,2.0,False,2023
1,21,9,12.0,19.0,6.0,12.0,5.0,6.0,11.0,18.0,3.0,7.0,9.0,9.0,0.022579402900357443,0.42663656884875845,0.1217414745407827,0.4261241970021413,2.0,2.0,True,2023
1,0,14,12.0,22.0,5.0,13.0,3.0,5.0,13.0,23.0,3.0,8.0,8.0,8.0,0.08322172524583982,0.4909090909090909,0.12586930504485613,0.4342105263157895,2.0,2.0,True,2023
1,13,23,15.0,23.0,4.0,9.0,11.0,15.0,12.0,22.0,3.0,6.0,7.0,7.0,0.11593788724455541,0.49480249480249483,0.097152166879488,0.45132743362831856,2.0,3.0,False,2023
0,23,13,12.0,22.0,3.0,6.0,7.0,7.0,15.0,23.0,4.0,9.0,11.0,15.0,0.097152166879488,0.45132743362831856,0.09275030979564433,0.49377593360995853,3.0,2.0,True,2023
1,3,5,16.0,26.0,6.0,13.0,7.0,8.0,8.0,14.0,2.0,8.0,7.0,11.0,0.16999883857409342,0.43655913978494626,0.004175046571064979,0.4608695652173913,2.0,2.0,True,2023
0,5,3,8.0,14.0,2.0,8.0,7.0,11.0,16.0,26.0,6.0,13.0,7.0,8.0,0.004175046571064979,0.4608695652173913,0.17599907085927477,0.43776824034334766,2.0,2.0,False,2023
0,9,21,11.0,18.0,3.0,7.0,9.0,9.0,12.0,19.0,6.0,12.0,5.0,6.0,0.1217414745407827,0.4261241970021413,0.05806352232028596,0.42792792792792794,2.0,2.0,False,2023
0,10,27,8.0,18.0,3.0,5.0,6.0,7.0,9.0,20.0,2.0,5.0,8.0,8.0,0.09552755318645531,0.36681222707423583,0.05825305226424003,0.3927765237020316,2.0,2.0,True,2023
0,11,22,10.0,20.0,6.0,9.0,7.0,7.0,12.0,24.0,4.0,11.0,5.0,9.0,0.07559475000071661,0.5901639344262295,0.02011916683835367,0.49036402569593146,2.0,2.0,True,2023
0,20,12,12.0,15.0,5.0,13.0,4.0,4.0,8.0,20.0,4.0,14.0,7.0,7.0,0.12728989087308307,0.6068548387096774,0.1143233328555765,0.5593561368209256,2.0,2.0,True,2023
0,14,0,13.0,23.0,3.0,8.0,8.0,8.0,12.0,22.0,5.0,13.0,3.0,5.0,0.12586930504485613,0.4342105263157895,0.10657738019667184,0.5,2.0,2.0,False,2023
1,24,0,12.0,17.0,7.0,9.0,7.0,7.0,10.0,20.0,4.0,10.0,5.0,6.0,0.0911200103270715,0.5817610062893082,0.10657738019667184,0.5,4.0,1.0,True,2023
0,10,25,11.0,15.0,3.0,6.0,4.0,4.0,15.0,17.0,3.0,9.0,5.0,7.0,0.11642204254916426,0.3681917211328976,0.1256566942785381,0.6032064128256514,1.0,2.0,False,2023
1,25,10,15.0,17.0,3.0,9.0,5.0,7.0,11.0,15.0,3.0,6.0,4.0,4.0,0.1256566942785381,0.6032064128256514,0.09313763403933141,0.3673913043478261,2.0,1.0,True,2023
0,14,17,11.0,20.0,6.0,10.0,7.0,7.0,14.0,30.0,5.0,17.0,6.0,7.0,0.1006954440358849,0.43326039387308535,0.1113275994564693,0.5125,1.0,1.0,True,2023
1,7,15,13.0,20.0,3.0,5.0,6.0,7.0,12.0,22.0,4.0,9.0,10.0,10.0,0.138845181229779,0.49793388429752067,0.12074739023487704,0.4260089686098655,4.0,3.0,True,2023
1,17,14,14.0,30.0,5.0,17.0,6.0,7.0,11.0,20.0,6.0,10.0,7.0,7.0,0.1113275994564693,0.5125,0.12055635522870793,0.4344978165938865,1.0,1.0,False,2023
0,0,24,10.0,20.0,4.0,10.0,5.0,6.0,12.0,17.0,7.0,9.0,7.0,7.0,0.10657738019667184,0.5,0.1128960082616572,0.5830721003134797,1.0,4.0,False,2023
0,15,7,12.0,22.0,4.0,9.0,10.0,10.0,13.0,20.0,3.0,5.0,6.0,7.0,0.12074739023487704,0.4260089686098655,0.1510761449838232,0.49896907216494846,3.0,4.0,False,2023
0,2,4,10.0,24.0,3.0,12.0,8.0,9.0,13.0,26.0,8.0,12.0,11.0,19.0,0.16160280542347943,0.6071428571428571,0.18935288505050227,0.6549707602339181,2.0,4.0,False,2023
1,4,2,13.0,26.0,8.0,12.0,11.0,19.0,10.0,24.0,3.0,12.0,8.0,9.0,0.18935288505050227,0.6549707602339181,0.12928224433878355,0.6057007125890737,4.0,2.0,True,2023
1,18,3,9.0,21.0,3.0,7.0,11.0,12.0,11.0,24.0,4.0,11.0,7.0,8.0,0.1519909161865393,0.6197183098591549,0.17599907085927477,0.43776824034334766,2.0,2.0,True,2023
0,11,16,9.0,21.0,3.0,9.0,7.0,7.0,9.0,26.0,4.0,10.0,6.0,8.0,0.1004758000005733,0.591002044989775,0.08114444779333677,0.48394004282655245,2.0,3.0,False,2023
0,13,20,12.0,22.0,3.0,8.0,10.0,12.0,11.0,16.0,5.0,10.0,3.0,3.0,0.09275030979564433,0.49377593360995853,0.14183191269846646,0.607645875251509,2.0,2.0,False,2023
0,8,29,10.0,21.0,3.0,7.0,4.0,6.0,13.0,17.0,3.0,7.0,8.0,10.0,0.10617117497077737,0.4666666666666667,0.0717088313320822,0.5136842105263157,2.0,2.0,False,2023
1,29,8,13.0,17.0,3.0,7.0,8.0,10.0,10.0,21.0,3.0,7.0,4.0,6.0,0.0717088313320822,0.5136842105263157,0.0849369399766219,0.4656652360515021,2.0,2.0,True,2023
1,16,11,9.0,26.0,4.0,10.0,6.0,8.0,9.0,21.0,3.0,9.0,7.0,7.0,0.08114444779333677,0.48394004282655245,0.08038064000045864,0.5897959183673469,3.0,2.0,True,2023
1,22,27,8.0,15.0,6.0,10.0,5.0,5.0,10.0,23.0,5.0,11.0,11.0,13.0,0.02011916683835367,0.49036402569593146,0.05825305226424003,0.3927765237020316,2.0,2.0,True,2023
1,26,1,8.0,16.0,2.0,7.0,13.0,15.0,4.0,12.0,2.0,7.0,6.0,10.0,0.10134260801824506,0.47413793103448276,0.02350904711011898,0.4804928131416838,2.0,2.0,True,2023
0,3,18,11.0,24.0,4.0,11.0,7.0,8.0,9.0,21.0,3.0,7.0,11.0,12.0,0.17599907085927477,0.43776824034334766,0.16159273294923143,0.6204819277108434,2.0,2.0,False,2023
0,1,26,4.0,12.0,2.0,7.0,6.0,10.0,8.0,16.0,2.0,7.0,13.0,15.0,0.02350904711011898,0.4804928131416838,0.12107408641459605,0.4752688172043011,2.0,2.0,False,2023
1,9,28,9.0,15.0,2.0,6.0,10.0,13.0,10.0,19.0,3.0,8.0,7.0,8.0,0.09739317963262616,0.4252136752136752,0.13449057049742358,0.39732142857142855,2.0,2.0,False,2023
0,28,9,10.0,19.0,3.0,8.0,7.0,8.0,9.0,15.0,2.0,6.0,10.0,13.0,0.13449057049742358,0.39732142857142855,0.07791454370610093,0.42430703624733473,2.0,2.0,True,2023
1,21,5,10.0,26.0,5.0,15.0,4.0,7.0,10.0,20.0,5.0,8.0,8.0,9.0,0.05806352232028596,0.42792792792792794,0.0033400372568519834,0.4598698481561822,2.0,2.0,True,2023
0,5,21,10.0,20.0,5.0,8.0,8.0,9.0,10.0,26.0,5.0,15.0,4.0,7.0,0.0033400372568519834,0.4598698481561822,0.08645081785622877,0.42921348314606744,2.0,2.0,False,2023
1,6,12,17.0,24.0,4.0,10.0,7.0,7.0,10.0,19.0,3.0,9.0,6.0,7.0,0.06385973155154137,0.5052854122621564,0.1143233328555765,0.5593561368209256,2.0,2.0,True,2023
0,12,6,10.0,19.0,3.0,9.0,6.0,7.0,17.0,24.0,4.0,10.0,7.0,7.0,0.1143233328555765,0.5593561368209256,0.0910877852412331,0.5063291139240507,2.0,2.0,False,2023
1,2,19,15.0,24.0,6.0,10.0,3.0,4.0,12.0,17.0,4.0,7.0,3.0,4.0,0.12928224433878355,0.6057007125890737,0.05600936180612025,0.3542600896860987,1.0,3.0,True,2023
0,19,2,12.0,17.0,4.0,7.0,3.0,4.0,15.0,24.0,6.0,10.0,3.0,4.0,0.05600936180612025,0.3542600896860987,0.14342579547102682,0.6066350710900474,3.0,1.0,False,2023
1,20,13,11.0,16.0,5.0,10.0,3.0,3.0,12.0,22.0,3.0,8.0,10.0,12.0,0.14183191269846646,0.607645875251509,0.07420024783651546,0.4927536231884058,2.0,2.0,True,2023
0,27,22,10.0,23.0,5.0,11.0,11.0,13.0,8.0,15.0,6.0,10.0,5.0,5.0,0.05825305226424003,0.3927765237020316,0.05609533347068293,0.49145299145299143,2.0,2.0,False,2023
0,14,23,14.0,28.0,4.0,13.0,5.0,7.0,11.0,26.0,3.0,10.0,9.0,10.0,0.12055635522870793,0.4344978165938865,0.11772173350359041,0.45253863134657835,2.0,3.0,True,2023
0,24,7,10.0,19.0,4.0,11.0,6.0,6.0,9.0,17.0,6.0,12.0,6.0,7.0,0.1128960082616572,0.5830721003134797,0.1510761449838232,0.49896907216494846,2.0,2.0,True,2023
1,7,24,9.0,17.0,6.0,12.0,6.0,7.0,10.0,19.0,4.0,11.0,6.0,6.0,0.1510761449838232,0.49896907216494846,0.13031680660932576,0.584375,2.0,2.0,False,2023
1,23,14,11.0,26.0,3.0,10.0,9.0,10.0,14.0,28.0,4.0,13.0,5.0,7.0,0.11772173350359041,0.45253863134657835,0.13644508418296636,0.4357298474945534,3.0,2.0,False,2023
1,27,4,8.0,20.0,3.0,6.0,7.0,7.0,13.0,18.0,5.0,8.0,4.0,7.0,0.046602441811392024,0.3918918918918919,0.19148230804040184,0.6556420233463035,1.0,2.0,False,2023
0,4,27,13.0,18.0,5.0,8.0,4.0,7.0,8.0,20.0,3.0,6.0,7.0,7.0,0.19148230804040184,0.6556420233463035,0.03728195344911362,0.39101123595505616,2.0,1.0,True,2023
1,18,16,10.0,25.0,6.0,9.0,13.0,17.0,10.0,20.0,4.0,12.0,9.0,10.0,0.16159273294923143,0.6204819277108434,0.1049155582346694,0.48504273504273504,8.0,8.0,True,2023
1,15,17,11.0,15.0,4.0,6.0,7.0,8.0,10.0,19.0,5.0,11.0,7.0,7.0,0.09659791218790163,0.4250559284116331,0.08906207956517545,0.5114345114345115,9.0,9.0,True,2023
1,11,26,15.0,28.0,3.0,12.0,10.0,10.0,12.0,26.0,3.0,5.0,15.0,19.0,0.08038064000045864,0.5897959183673469,0.12107408641459605,0.4752688172043011,8.0,8.0,True,2023
1,25,8,9.0,21.0,3.0,8.0,7.0,8.0,12.0,27.0,5.0,7.0,7.0,8.0,0.14052535542283046,0.604,0.0849369399766219,0.4656652360515021,9.0,8.0,True,2023
0,17,15,10.0,19.0,5.0,11.0,7.0,7.0,11.0,15.0,4.0,6.0,7.0,8.0,0.08906207956517545,0.5114345114345115,0.1172783297503213,0.4263392857142857,9.0,9.0,False,2023
0,16,18,10.0,20.0,4.0,12.0,9.0,10.0,10.0,25.0,6.0,9.0,13.0,17.0,0.1049155582346694,0.48504273504273504,0.16927418635938515,0.6212424849699398,8.0,8.0,False,2023
0,8,25,12.0,27.0,5.0,7.0,7.0,8.0,9.0,21.0,3.0,8.0,7.0,8.0,0.0849369399766219,0.4656652360515021,0.15242028433826438,0.6047904191616766,8.0,9.0,False,2023
1,10,19,7.0,14.0,4.0,8.0,5.0,6.0,9.0,13.0,5.0,7.0,4.0,6.0,0.09313763403933141,0.3673913043478261,0.044807489444896195,0.3534675615212528,9.0,8.0,True,2023
0,26,11,12.0,26.0,3.0,5.0,15.0,19.0,15.0,28.0,3.0,12.0,10.0,10.0,0.12107408641459605,0.4752688172043011,0.1043045120003669,0.5906313645621182,8.0,8.0,False,2023
1,29,0,9.0,20.0,7.0,11.0,6.0,8.0,8.0,19.0,4.0,11.0,8.0,9.0,0.09736706506566575,0.5147058823529411,0.08526190415733748,0.49122807017543857,8.0,9.0,True,2023
0,2,22,11.0,25.0,5.0,12.0,10.0,11.0,13.0,15.0,8.0,10.0,6.0,7.0,0.14342579547102682,0.6066350710900474,0.05609533347068293,0.49145299145299143,8.0,8.0,True,2023
1,13,5,8.0,16.0,6.0,11.0,11.0,12.0,9.0,17.0,2.0,5.0,5.0,8.0,0.07420024783651546,0.4927536231884058,0.0026720298054815866,0.4588744588744589,8.0,8.0,True,2023
0,5,13,9.0,17.0,2.0,5.0,5.0,8.0,8.0,16.0,6.0,11.0,11.0,12.0,0.0026720298054815866,0.4588744588744589,0.09936019826921237,0.493801652892562,8.0,8.0,False,2023
1,3,20,12.0,22.0,2.0,7.0,7.0,8.0,8.0,19.0,6.0,11.0,6.0,6.0,0.14079925668741983,0.43683083511777304,0.15346553015877315,0.608433734939759,8.0,8.0,False,2023
0,20,3,8.0,19.0,6.0,11.0,6.0,6.0,12.0,22.0,2.0,7.0,7.0,8.0,0.15346553015877315,0.608433734939759,0.11263940534993586,0.4358974358974359,8.0,8.0,True,2023
0,19,10,9.0,13.0,5.0,7.0,4.0,6.0,7.0,14.0,4.0,8.0,5.0,6.0,0.044807489444896195,0.3534675615212528,0.11451010723146512,0.368763557483731,8.0,9.0,False,2023
0,0,29,8.0,19.0,4.0,11.0,8.0,9.0,9.0,20.0,7.0,11.0,6.0,8.0,0.08526190415733748,0.49122807017543857,0.11789365205253259,0.5157232704402516,9.0,8.0,False,2023
1,22,2,13.0,15.0,8.0,10.0,6.0,7.0,11.0,25.0,5.0,12.0,10.0,11.0,0.05609533347068293,0.49145299145299143,0.15474063637682148,0.607565011820331,8.0,8.0,False,2023
1,23,21,11.0,26.0,3.0,7.0,4.0,4.0,11.0,21.0,5.0,9.0,5.0,6.0,0.09417738680287233,0.45154185022026433,0.08645081785622877,0.42921348314606744,8.0,9.0,False,2023
0,26,7,11.0,17.0,6.0,12.0,6.0,7.0,9.0,21.0,3.0,7.0,6.0,6.0,0.09685926913167683,0.4742489270386266,0.12086091598705857,0.49794238683127573,1.0,8.0,False,2023
1,7,26,9.0,21.0,3.0,7.0,6.0,6.0,11.0,17.0,6.0,12.0,6.0,7.0,0.12086091598705857,0.49794238683127573,0.07748741530534146,0.4732334047109208,8.0,1.0,True,2023
0,6,27,8.0,15.0,3.0,8.0,7.0,9.0,12.0,17.0,4.0,6.0,5.0,8.0,0.0910877852412331,0.5063291139240507,0.03728195344911362,0.39101123595505616,9.0,8.0,False,2023
1,14,28,10.0,23.0,5.0,12.0,8.0,8.0,16.0,29.0,7.0,14.0,7.0,7.0,0.13644508418296636,0.4357298474945534,0.14759245639793886,0.3986636971046771,8.0,9.0,False,2023
1,4,12,9.0,17.0,5.0,9.0,3.0,4.0,8.0,17.0,3.0,7.0,6.0,8.0,0.19318584643232145,0.6563106796116505,0.0914586662844612,0.5582329317269076,8.0,9.0,True,2023
0,28,14,16.0,29.0,7.0,14.0,7.0,7.0,10.0,23.0,5.0,12.0,8.0,8.0,0.14759245639793886,0.3986636971046771,0.10915606734637309,0.43478260869565216,9.0,8.0,True,2023
0,21,23,11.0,21.0,5.0,9.0,5.0,6.0,11.0,26.0,3.0,7.0,4.0,4.0,0.08645081785622877,0.42921348314606744,0.07534190944229786,0.45054945054945056,9.0,8.0,True,2023
0,15,24,17.0,27.0,6.0,12.0,9.0,11.0,16.0,22.0,6.0,10.0,11.0,14.0,0.1172783297503213,0.4263392857142857,0.13031680660932576,0.584375,1.0,8.0,True,2023
1,0,1,12.0,19.0,12.0,17.0,6.0,6.0,7.0,16.0,3.0,7.0,8.0,9.0,0.06820952332586998,0.4827586206896552,0.018807237688095186,0.47950819672131145,1.0,9.0,True,2023
0,3,9,11.0,19.0,4.0,10.0,7.0,7.0,11.0,19.0,5.0,8.0,14.0,15.0,0.11263940534993586,0.4358974358974359,0.07791454370610093,0.42430703624733473,1.0,9.0,False,2023
1,24,15,16.0,22.0,6.0,10.0,11.0,14.0,17.0,27.0,6.0,12.0,9.0,11.0,0.13031680660932576,0.584375,0.13382266380025704,0.42761692650334077,8.0,1.0,False,2023
0,1,0,7.0,16.0,3.0,7.0,8.0,9.0,12.0,19.0,12.0,17.0,6.0,6.0,0.018807237688095186,0.47950819672131145,0.09456761866069599,0.4915254237288136,9.0,1.0,False,2023
1,9,3,11.0,19.0,5.0,8.0,14.0,15.0,11.0,19.0,4.0,10.0,7.0,7.0,0.07791454370610093,0.42430703624733473,0.09011152427994869,0.4349680170575693,9.0,1.0,True,2023
1,27,6,12.0,17.0,4.0,6.0,5.0,8.0,8.0,15.0,3.0,8.0,7.0,9.0,0.03728195344911362,0.39101123595505616,0.07287022819298647,0.5052631578947369,8.0,9.0,True,2023
0,12,4,8.0,17.0,3.0,7.0,6.0,8.0,9.0,17.0,5.0,9.0,3.0,4.0,0.0914586662844612,0.5582329317269076,0.19454867714585716,0.6569767441860465,9.0,8.0,False,2023
1,10,22,7.0,14.0,2.0,7.0,7.0,9.0,11.0,19.0,3.0,8.0,5.0,6.0,0.11451010723146512,0.368763557483731,0.04487626677654634,0.4904051172707889,2.0,2.0,False,2023
1,11,5,9.0,17.0,3.0,7.0,6.0,6.0,9.0,22.0,3.0,8.0,9.0,10.0,0.1043045120003669,0.5906313645621182,0.002137623844385269,0.45788336933045354,2.0,2.0,True,2023
0,20,16,7.0,13.0,2.0,7.0,4.0,4.0,9.0,18.0,5.0,10.0,4.0,5.0,0.16277242412701853,0.6092184368737475,0.08393244658773552,0.4840085287846482,2.0,2.0,False,2023
0,5,11,9.0,22.0,3.0,8.0,9.0,10.0,9.0,17.0,3.0,7.0,6.0,6.0,0.002137623844385269,0.45788336933045354,0.12344360960029352,0.5914634146341463,2.0,2.0,False,2023
1,18,2,12.0,21.0,3.0,8.0,17.0,18.0,10.0,21.0,5.0,8.0,4.0,5.0,0.16927418635938515,0.6212424849699398,0.15474063637682148,0.607565011820331,2.0,2.0,False,2023
0,2,18,10.0,21.0,5.0,8.0,4.0,5.0,12.0,21.0,3.0,8.0,17.0,18.0,0.15474063637682148,0.607565011820331,0.13541934908750813,0.62,2.0,2.0,True,2023
1,28,8,11.0,20.0,5.0,10.0,7.0,9.0,7.0,22.0,3.0,9.0,4.0,6.0,0.1580739651183511,0.4,0.06794955198129751,0.46466809421841543,1.0,2.0,True,2023
0,8,28,7.0,22.0,3.0,9.0,4.0,6.0,11.0,20.0,5.0,10.0,7.0,9.0,0.06794955198129751,0.46466809421841543,0.1664591720946809,0.401330376940133,2.0,1.0,False,2023
1,19,25,9.0,19.0,3.0,5.0,4.0,8.0,9.0,20.0,4.0,12.0,10.0,13.0,0.03584599155591696,0.35267857142857145,0.15242028433826438,0.6047904191616766,2.0,2.0,False,2023
0,25,19,9.0,20.0,4.0,12.0,10.0,13.0,9.0,19.0,3.0,5.0,4.0,8.0,0.15242028433826438,0.6047904191616766,0.028676793244733566,0.3518930957683742,2.0,2.0,True,2023
1,21,12,9.0,22.0,5.0,16.0,6.0,6.0,10.0,23.0,6.0,12.0,16.0,20.0,0.109160654284983,0.4304932735426009,0.07316693302756896,0.5571142284569138,1.0,1.0,True,2023
0,12,21,10.0,23.0,6.0,12.0,16.0,20.0,9.0,22.0,5.0,16.0,6.0,6.0,0.07316693302756896,0.5571142284569138,0.1273285234279864,0.4317673378076063,1.0,1.0,False,2023
1,16,20,9.0,18.0,5.0,10.0,4.0,5.0,7.0,13.0,2.0,7.0,4.0,4.0,0.08393244658773552,0.4840085287846482,0.13021793930161482,0.608,2.0,2.0,True,2023
0,22,10,11.0,19.0,3.0,8.0,5.0,6.0,7.0,14.0,2.0,7.0,7.0,9.0,0.04487626677654634,0.4904051172707889,0.0916080857851721,0.36796536796536794,2.0,2.0,True,2023
0,29,13,12.0,23.0,2.0,11.0,6.0,9.0,10.0,22.0,4.0,10.0,3.0,4.0,0.11789365205253259,0.5157232704402516,0.09936019826921237,0.493801652892562,3.0,3.0,True,2023
0,7,4,11.0,21.0,2.0,5.0,5.0,9.0,13.0,22.0,4.0,9.0,4.0,4.0,0.13668873278964686,0.4989733059548255,0.19454867714585716,0.6569767441860465,2.0,2.0,False,2023
1,4,7,13.0,22.0,4.0,9.0,4.0,4.0,11.0,21.0,2.0,5.0,5.0,9.0,0.19454867714585716,0.6569767441860465,0.10935098623171749,0.4979508196721312,2.0,2.0,True,2023
1,17,1,22.0,38.0,13.0,22.0,14.0,14.0,8.0,19.0,2.0,7.0,4.0,6.0,0.07124966365214036,0.5103734439834025,0.015045790150476149,0.4785276073619632,3.0,2.0,True,2023
1,0,23,12.0,23.0,6.0,14.0,4.0,7.0,12.0,22.0,4.0,11.0,5.0,5.0,0.09456761866069599,0.4915254237288136,0.07534190944229786,0.45054945054945056,2.0,2.0,True,2023
0,23,0,12.0,22.0,4.0,11.0,5.0,5.0,12.0,23.0,6.0,14.0,4.0,7.0,0.07534190944229786,0.45054945054945056,0.11565409492855679,0.5,2.0,2.0,False,2023
1,26,15,8.0,17.0,4.0,9.0,8.0,11.0,11.0,19.0,4.0,9.0,8.0,12.0,0.07748741530534146,0.4732334047109208,0.13382266380025704,0.42761692650334077,2.0,2.0,False,2023
0,15,26,11.0,19.0,4.0,9.0,8.0,12.0,8.0,17.0,4.0,9.0,8.0,11.0,0.13382266380025704,0.42761692650334077,0.06198993224427317,0.4722222222222222,2.0,2.0,True,2023
1,13,29,10.0,22.0,4.0,10.0,3.0,4.0,12.0,23.0,2.0,11.0,6.0,9.0,0.09936019826921237,0.493801652892562,0.13431492164202607,0.5167364016736402,3.0,3.0,False,2023
1,3,25,13.0,21.0,8.0,12.0,3.0,4.0,10.0,24.0,4.0,7.0,3.0,4.0,0.09011152427994869,0.4349680170575693,0.16193622747061148,0.6055776892430279,2.0,1.0,True,2023
0,14,27,7.0,18.0,2.0,8.0,3.0,7.0,11.0,18.0,3.0,6.0,7.0,8.0,0.10915606734637309,0.43478260869565216,0.0698255627592909,0.3923766816143498,2.0,2.0,False,2023
0,25,3,10.0,24.0,4.0,7.0,3.0,4.0,13.0,21.0,8.0,12.0,3.0,4.0,0.16193622747061148,0.6055776892430279,0.11208921942395896,0.43617021276595747,1.0,2.0,False,2023
0,6,9,10.0,16.0,4.0,8.0,9.0,9.0,12.0,26.0,5.0,8.0,9.0,9.0,0.07287022819298647,0.5052631578947369,0.10233163496488076,0.425531914893617,2.0,2.0,False,2023
1,9,6,12.0,26.0,5.0,8.0,9.0,9.0,10.0,16.0,4.0,8.0,9.0,9.0,0.10233163496488076,0.425531914893617,0.058296182554389175,0.5042016806722689,2.0,2.0,True,2023
1,20,24,14.0,22.0,4.0,13.0,12.0,15.0,12.0,19.0,3.0,7.0,11.0,11.0,0.13021793930161482,0.608,0.10425344528746061,0.5825545171339563,1.0,2.0,True,2023
0,24,20,12.0,19.0,3.0,7.0,11.0,11.0,14.0,22.0,4.0,13.0,12.0,15.0,0.10425344528746061,0.5825545171339563,0.14417435144129187,0.6087824351297405,2.0,1.0,False,2023
1,27,14,11.0,18.0,3.0,6.0,7.0,8.0,7.0,18.0,2.0,8.0,3.0,7.0,0.0698255627592909,0.3923766816143498,0.08732485387709847,0.43383947939262474,2.0,2.0,True,2023
0,1,17,8.0,19.0,2.0,7.0,4.0,6.0,22.0,38.0,13.0,22.0,14.0,14.0,0.015045790150476149,0.4785276073619632,0.0969997309217123,0.5113871635610766,2.0,3.0,False,2023
1,18,12,10.0,17.0,4.0,8.0,7.0,8.0,9.0,14.0,4.0,9.0,5.0,6.0,0.13541934908750813,0.62,0.058533546422055174,0.556,2.0,2.0,False,2023
0,10,8,10.0,18.0,3.0,7.0,9.0,11.0,8.0,19.0,2.0,8.0,7.0,8.0,0.0916080857851721,0.36796536796536794,0.05435964158503801,0.4636752136752137,2.0,2.0,True,2023
0,2,28,10.0,18.0,3.0,9.0,5.0,5.0,7.0,16.0,4.0,9.0,9.0,12.0,0.16379250910145718,0.6084905660377359,0.1664591720946809,0.401330376940133,2.0,2.0,False,2023
0,12,18,9.0,14.0,4.0,9.0,5.0,6.0,10.0,17.0,4.0,8.0,7.0,8.0,0.058533546422055174,0.556,0.1083354792700065,0.6187624750499002,2.0,2.0,True,2023
1,21,19,9.0,19.0,6.0,8.0,5.0,6.0,10.0,16.0,1.0,8.0,4.0,6.0,0.1273285234279864,0.4317673378076063,0.028676793244733566,0.3518930957683742,2.0,2.0,True,2023
0,19,21,10.0,16.0,1.0,8.0,4.0,6.0,9.0,19.0,6.0,8.0,5.0,6.0,0.028676793244733566,0.3518930957683742,0.1418628187423891,0.4330357142857143,2.0,2.0,False,2023
1,8,10,8.0,19.0,2.0,8.0,7.0,8.0,10.0,18.0,3.0,7.0,9.0,11.0,0.05435964158503801,0.4636752136752137,0.11328646862813767,0.3693304535637149,2.0,2.0,False,2023
1,28,2,7.0,16.0,4.0,9.0,9.0,12.0,10.0,18.0,3.0,9.0,5.0,5.0,0.1664591720946809,0.401330376940133,0.13103400728116574,0.6070588235294118,2.0,2.0,True,2023
0,27,25,9.0,14.0,4.0,6.0,4.0,5.0,7.0,18.0,5.0,11.0,5.0,6.0,0.09586045020743272,0.39373601789709173,0.12954898197648917,0.6043737574552683,2.0,2.0,False,2023
0,29,16,9.0,19.0,5.0,10.0,10.0,13.0,15.0,29.0,2.0,6.0,9.0,11.0,0.13431492164202607,0.5167364016736402,0.10714595727018843,0.4851063829787234,2.0,3.0,False,2023
0,15,26,8.0,14.0,4.0,7.0,9.0,10.0,9.0,16.0,2.0,6.0,8.0,9.0,0.14705813104020565,0.4288888888888889,0.06198993224427317,0.4722222222222222,2.0,2.0,True,2023
1,26,15,9.0,16.0,2.0,6.0,8.0,9.0,8.0,14.0,4.0,7.0,9.0,10.0,0.06198993224427317,0.4722222222222222,0.15764650483216452,0.43015521064301554,2.0,2.0,False,2023
1,13,22,14.0,25.0,4.0,9.0,8.0,12.0,10.0,18.0,3.0,6.0,12.0,15.0,0.0794881586153699,0.4927835051546392,0.07590101342123708,0.49148936170212765,2.0,3.0,False,2023
1,25,27,7.0,18.0,5.0,11.0,5.0,6.0,9.0,14.0,4.0,6.0,4.0,5.0,0.12954898197648917,0.6043737574552683,0.07668836016594618,0.39285714285714285,2.0,2.0,True,2023
0,5,11,12.0,19.0,5.0,9.0,5.0,8.0,9.0,21.0,4.0,8.0,8.0,12.0,0.0017100990755082152,0.45689655172413796,0.12344360960029352,0.5914634146341463,3.0,3.0,True,2023
1,11,5,9.0,21.0,4.0,8.0,8.0,12.0,12.0,19.0,5.0,9.0,5.0,8.0,0.12344360960029352,0.5914634146341463,0.04136807926040657,0.45806451612903226,3.0,3.0,False,2023
0,23,24,8.0,18.0,2.0,5.0,4.0,7.0,10.0,21.0,3.0,8.0,6.0,6.0,0.06027352755383829,0.44956140350877194,0.08340275622996848,0.5807453416149069,2.0,2.0,True,2023
1,24,23,10.0,21.0,3.0,8.0,6.0,6.0,8.0,18.0,2.0,5.0,4.0,7.0,0.08340275622996848,0.5807453416149069,0.08821882204307062,0.45076586433260396,2.0,2.0,False,2023
0,20,1,12.0,18.0,5.0,10.0,3.0,4.0,7.0,15.0,3.0,7.0,3.0,3.0,0.14417435144129187,0.6087824351297405,0.012036632120380919,0.4775510204081633,2.0,2.0,True,2023
1,16,29,15.0,29.0,2.0,6.0,9.0,11.0,9.0,19.0,5.0,10.0,10.0,13.0,0.10714595727018843,0.4851063829787234,0.10745193731362086,0.5156576200417536,3.0,2.0,True,2023
0,4,6,15.0,27.0,3.0,7.0,2.0,6.0,11.0,19.0,5.0,10.0,6.0,7.0,0.19563894171668572,0.6576402321083172,0.058296182554389175,0.5042016806722689,2.0,2.0,True,2023
1,6,4,11.0,19.0,5.0,10.0,6.0,7.0,15.0,27.0,3.0,7.0,2.0,6.0,0.058296182554389175,0.5042016806722689,0.19651115337334857,0.6583011583011583,2.0,2.0,False,2023
1,1,20,7.0,15.0,3.0,7.0,3.0,3.0,12.0,18.0,5.0,10.0,3.0,4.0,0.012036632120380919,0.4775510204081633,0.15533948115303348,0.6095617529880478,2.0,2.0,False,2023
1,9,14,11.0,26.0,4.0,8.0,7.0,8.0,17.0,30.0,3.0,7.0,6.0,7.0,0.1218653079719046,0.4267515923566879,0.08732485387709847,0.43383947939262474,2.0,2.0,False,2023
1,0,17,10.0,24.0,5.0,10.0,6.0,7.0,9.0,21.0,5.0,8.0,13.0,15.0,0.11565409492855679,0.5,0.0969997309217123,0.5113871635610766,2.0,2.0,True,2023
0,22,13,10.0,18.0,3.0,6.0,12.0,15.0,14.0,25.0,4.0,9.0,8.0,12.0,0.07590101342123708,0.49148936170212765,0.06359052689229591,0.49176954732510286,3.0,2.0,True,2023
0,14,9,17.0,30.0,3.0,7.0,6.0,7.0,11.0,26.0,4.0,8.0,7.0,8.0,0.08732485387709847,0.43383947939262474,0.09749224637752368,0.4258474576271186,2.0,2.0,True,2023
0,17,0,9.0,21.0,5.0,8.0,13.0,15.0,10.0,24.0,5.0,10.0,6.0,7.0,0.0969997309217123,0.5113871635610766,0.13252327594284544,0.5081967213114754,2.0,2.0,False,2023
0,6,28,13.0,18.0,7.0,11.0,8.0,8.0,15.0,18.0,6.0,9.0,4.0,5.0,0.04663694604351134,0.5031446540880503,0.1731673376757447,0.4026548672566372,1.0,2.0,False,2023
0,27,19,14.0,20.0,6.0,9.0,7.0,9.0,11.0,21.0,8.0,12.0,6.0,9.0,0.07668836016594618,0.39285714285714285,0.022941434595786854,0.3511111111111111,1.0,2.0,True,2023
0,8,17,18.0,29.0,3.0,10.0,7.0,8.0,12.0,22.0,5.0,9.0,15.0,16.0,0.04348771326803041,0.4626865671641791,0.07759978473736984,0.5103305785123967,2.0,1.0,True,2023
0,29,26,8.0,18.0,4.0,12.0,8.0,11.0,10.0,17.0,3.0,9.0,4.0,6.0,0.10745193731362086,0.5156576200417536,0.049591945795418535,0.47121535181236673,1.0,1.0,True,2023
1,28,6,15.0,18.0,6.0,9.0,4.0,5.0,13.0,18.0,7.0,11.0,8.0,8.0,0.1731673376757447,0.4026548672566372,0.03730955683480907,0.502092050209205,2.0,1.0,True,2023
1,17,8,12.0,22.0,5.0,9.0,15.0,16.0,18.0,29.0,3.0,10.0,7.0,8.0,0.07759978473736984,0.5103305785123967,0.07479017061442432,0.46382978723404256,1.0,2.0,False,2023
0,10,4,10.0,16.0,3.0,7.0,7.0,8.0,10.0,18.0,4.0,8.0,8.0,10.0,0.11328646862813767,0.3693304535637149,0.19651115337334857,0.6583011583011583,2.0,1.0,False,2023
1,4,10,10.0,18.0,4.0,8.0,8.0,10.0,10.0,16.0,3.0,7.0,7.0,8.0,0.19651115337334857,0.6583011583011583,0.09062917490251013,0.36853448275862066,1.0,2.0,True,2023
1,26,29,10.0,17.0,3.0,9.0,4.0,6.0,8.0,18.0,4.0,12.0,8.0,11.0,0.049591945795418535,0.47121535181236673,0.1259615498508967,0.5166666666666667,1.0,1.0,False,2023
1,21,7,9.0,24.0,3.0,10.0,5.0,7.0,15.0,26.0,3.0,7.0,4.0,6.0,0.1418628187423891,0.4330357142857143,0.10935098623171749,0.4979508196721312,2.0,3.0,False,2023
1,1,16,8.0,18.0,4.0,7.0,4.0,4.0,12.0,17.0,6.0,9.0,7.0,10.0,0.009629305696304736,0.47657841140529533,0.12571676581615074,0.4861995753715499,1.0,1.0,False,2023
1,19,27,11.0,21.0,8.0,12.0,6.0,9.0,14.0,20.0,6.0,9.0,7.0,9.0,0.022941434595786854,0.3511111111111111,0.10135068813275694,0.39420935412026725,2.0,1.0,False,2023
0,7,21,15.0,26.0,3.0,7.0,4.0,6.0,9.0,24.0,3.0,10.0,5.0,7.0,0.10935098623171749,0.4979508196721312,0.11349025499391127,0.43207126948775054,3.0,2.0,True,2023
1,2,3,13.0,21.0,6.0,8.0,11.0,14.0,17.0,32.0,5.0,12.0,6.0,7.0,0.13103400728116574,0.6070588235294118,0.11208921942395896,0.43617021276595747,2.0,3.0,True,2023
0,3,2,17.0,32.0,5.0,12.0,6.0,7.0,13.0,21.0,6.0,8.0,11.0,14.0,0.11208921942395896,0.43617021276595747,0.1448272058249326,0.607981220657277,3.0,2.0,False,2023
1,12,18,8.0,15.0,2.0,7.0,5.0,6.0,10.0,17.0,4.0,9.0,7.0,7.0,0.08682683713764414,0.5568862275449101,0.1083354792700065,0.6187624750499002,2.0,2.0,False,2023
0,18,12,10.0,17.0,4.0,9.0,7.0,7.0,8.0,15.0,2.0,7.0,5.0,6.0,0.1083354792700065,0.6187624750499002,0.06946146971011531,0.5557768924302788,2.0,2.0,True,2023
0,16,1,12.0,17.0,6.0,9.0,7.0,10.0,8.0,18.0,4.0,7.0,4.0,4.0,0.12571676581615074,0.4861995753715499,0.007703444557043788,0.47560975609756095,1.0,1.0,True,2023
0,22,5,12.0,17.0,2.0,4.0,4.0,4.0,11.0,26.0,5.0,10.0,4.0,5.0,0.10072081073698966,0.49256900212314225,0.04136807926040657,0.45806451612903226,2.0,2.0,False,2023
1,14,25,10.0,24.0,4.0,9.0,7.0,8.0,9.0,17.0,4.0,11.0,7.0,7.0,0.10985988310167878,0.43506493506493504,0.14363918558119135,0.6051587301587301,2.0,2.0,True,2023
0,25,14,9.0,17.0,4.0,11.0,7.0,7.0,10.0,24.0,4.0,9.0,7.0,8.0,0.14363918558119135,0.6051587301587301,0.12788790648134302,0.43628509719222464,2.0,2.0,False,2023
1,5,22,11.0,26.0,5.0,10.0,4.0,5.0,12.0,17.0,2.0,4.0,4.0,4.0,0.04136807926040657,0.45806451612903226,0.08057664858959172,0.4915254237288136,2.0,2.0,True,2023
1,13,18,15.0,22.0,7.0,13.0,9.0,11.0,13.0,21.0,5.0,7.0,9.0,13.0,0.06359052689229591,0.49176954732510286,0.12666838341600523,0.6195219123505976,2.0,1.0,True,2023
0,18,13,13.0,21.0,5.0,7.0,9.0,13.0,15.0,22.0,7.0,13.0,9.0,11.0,0.12666838341600523,0.6195219123505976,0.09087242151383673,0.4928131416837782,1.0,2.0,False,2023
1,0,24,9.0,20.0,5.0,12.0,11.0,12.0,8.0,16.0,2.0,10.0,6.0,6.0,0.13252327594284544,0.5081967213114754,0.06672220498397478,0.5789473684210527,2.0,2.0,True,2023
0,24,0,8.0,16.0,2.0,10.0,6.0,6.0,9.0,20.0,5.0,12.0,11.0,12.0,0.06672220498397478,0.5789473684210527,0.14601862075427635,0.5161290322580645,2.0,2.0,False,2023
0,23,29,8.0,16.0,5.0,8.0,6.0,10.0,12.0,22.0,3.0,6.0,12.0,14.0,0.08821882204307062,0.45076586433260396,0.1259615498508967,0.5166666666666667,3.0,2.0,True,2023
0,16,20,8.0,20.0,2.0,7.0,9.0,11.0,8.0,19.0,4.0,8.0,8.0,8.0,0.14057341265292062,0.4872881355932203,0.15533948115303348,0.6095617529880478,2.0,3.0,False,2023
1,0,8,10.0,17.0,4.0,9.0,12.0,12.0,8.0,21.0,3.0,10.0,6.0,8.0,0.14601862075427635,0.5161290322580645,0.07479017061442432,0.46382978723404256,1.0,2.0,True,2023
1,26,11,12.0,17.0,5.0,13.0,3.0,4.0,6.0,14.0,4.0,9.0,8.0,11.0,0.03967355663633483,0.4702127659574468,0.09875488768023481,0.59026369168357,2.0,3.0,True,2023
0,11,26,6.0,14.0,4.0,9.0,8.0,11.0,12.0,17.0,5.0,13.0,3.0,4.0,0.09875488768023481,0.59026369168357,0.07173884530906786,0.4713375796178344,3.0,2.0,False,2023
0,24,15,12.0,16.0,3.0,8.0,10.0,10.0,12.0,22.0,4.0,9.0,8.0,8.0,0.053377763987179826,0.5771604938271605,0.15764650483216452,0.43015521064301554,1.0,3.0,False,2023
1,12,28,11.0,18.0,5.0,8.0,18.0,20.0,16.0,25.0,8.0,13.0,4.0,6.0,0.06946146971011531,0.5557768924302788,0.17853387014059574,0.40397350993377484,2.0,2.0,False,2023
0,28,12,16.0,25.0,8.0,13.0,4.0,6.0,11.0,18.0,5.0,8.0,18.0,20.0,0.17853387014059574,0.40397350993377484,0.05556917576809225,0.5546719681908548,2.0,2.0,True,2023
1,29,23,12.0,22.0,3.0,6.0,12.0,14.0,8.0,16.0,5.0,8.0,6.0,10.0,0.1259615498508967,0.5166666666666667,0.11057505763445649,0.4519650655021834,2.0,3.0,False,2023
0,8,0,8.0,21.0,3.0,10.0,6.0,8.0,10.0,17.0,4.0,9.0,12.0,12.0,0.07479017061442432,0.46382978723404256,0.15681489660342107,0.5238095238095238,2.0,1.0,False,2023
1,2,6,15.0,27.0,3.0,8.0,4.0,5.0,13.0,22.0,5.0,11.0,8.0,10.0,0.1448272058249326,0.607981220657277,0.03730955683480907,0.502092050209205,2.0,2.0,False,2023
1,20,16,8.0,19.0,4.0,8.0,8.0,8.0,8.0,20.0,2.0,7.0,9.0,11.0,0.15533948115303348,0.6095617529880478,0.1124587301223365,0.48625792811839325,3.0,2.0,True,2023
1,21,10,10.0,19.0,4.0,9.0,5.0,6.0,13.0,26.0,2.0,6.0,4.0,6.0,0.11349025499391127,0.43207126948775054,0.09062917490251013,0.36853448275862066,2.0,2.0,False,2023
1,27,7,13.0,21.0,2.0,7.0,9.0,11.0,12.0,24.0,6.0,10.0,6.0,6.0,0.10135068813275694,0.39420935412026725,0.127480788985374,0.49897750511247446,2.0,2.0,False,2023
0,7,27,12.0,24.0,6.0,10.0,6.0,6.0,13.0,21.0,2.0,7.0,9.0,11.0,0.127480788985374,0.49897750511247446,0.08108055050620555,0.3933333333333333,2.0,2.0,True,2023
1,9,17,17.0,22.0,5.0,5.0,8.0,8.0,10.0,21.0,5.0,11.0,8.0,9.0,0.09749224637752368,0.4258474576271186,0.06207982778989587,0.5092783505154639,3.0,2.0,True,2023
0,17,9,10.0,21.0,5.0,11.0,8.0,9.0,17.0,22.0,5.0,5.0,8.0,8.0,0.06207982778989587,0.5092783505154639,0.11799379710201893,0.427061310782241,2.0,3.0,False,2023
1,15,24,12.0,22.0,4.0,9.0,8.0,8.0,12.0,16.0,3.0,8.0,10.0,10.0,0.15764650483216452,0.43015521064301554,0.04270221118974386,0.5753846153846154,3.0,1.0,True,2023
0,10,21,13.0,26.0,2.0,6.0,4.0,6.0,10.0,19.0,4.0,9.0,5.0,6.0,0.09062917490251013,0.36853448275862066,0.09079220399512902,0.4311111111111111,2.0,2.0,True,2023
0,6,2,13.0,22.0,5.0,11.0,8.0,10.0,15.0,27.0,3.0,8.0,4.0,5.0,0.03730955683480907,0.502092050209205,0.11586176465994609,0.6065573770491803,2.0,2.0,True,2023
0,1,5,7.0,13.0,3.0,4.0,4.0,6.0,7.0,15.0,7.0,12.0,7.0,7.0,0.007703444557043788,0.47560975609756095,0.07309446340832526,0.4592274678111588,3.0,2.0,True,2023
1,15,23,11.0,22.0,6.0,9.0,6.0,7.0,10.0,20.0,4.0,8.0,6.0,8.0,0.16611720386573162,0.4314159292035398,0.11057505763445649,0.4519650655021834,1.0,1.0,False,2023
1,5,1,7.0,15.0,7.0,12.0,7.0,7.0,7.0,13.0,3.0,4.0,4.0,6.0,0.07309446340832526,0.4592274678111588,0.04616275564563503,0.4766734279918864,2.0,3.0,False,2023
1,12,9,10.0,21.0,3.0,9.0,10.0,12.0,8.0,14.0,4.0,8.0,7.0,8.0,0.05556917576809225,0.5546719681908548,0.11799379710201893,0.427061310782241,1.0,1.0,True,2023
1,14,25,9.0,22.0,4.0,6.0,5.0,6.0,11.0,18.0,6.0,11.0,5.0,5.0,0.12788790648134302,0.43628509719222464,0.11491134846495307,0.6039603960396039,2.0,2.0,False,2023
0,25,14,11.0,18.0,6.0,11.0,5.0,5.0,9.0,22.0,4.0,6.0,5.0,6.0,0.11491134846495307,0.6039603960396039,0.10231032518507441,0.4353448275862069,2.0,2.0,True,2023
0,19,3,8.0,14.0,1.0,4.0,4.0,6.0,8.0,17.0,5.0,6.0,3.0,5.0,0.018353147676629482,0.35033259423503327,0.08967137553916717,0.43524416135881105,3.0,3.0,False,2023
1,4,18,10.0,21.0,6.0,8.0,16.0,18.0,11.0,26.0,5.0,9.0,11.0,11.0,0.19720892269867885,0.6589595375722543,0.10133470673280418,0.6182902584493042,3.0,2.0,False,2023
0,18,4,11.0,26.0,5.0,9.0,11.0,11.0,10.0,21.0,6.0,8.0,16.0,18.0,0.10133470673280418,0.6182902584493042,0.15776713815894308,0.6576923076923077,2.0,3.0,True,2023
0,23,15,10.0,20.0,4.0,8.0,6.0,8.0,11.0,22.0,6.0,9.0,6.0,7.0,0.11057505763445649,0.4519650655021834,0.1328937630925853,0.4304635761589404,1.0,1.0,True,2023
1,3,19,8.0,17.0,5.0,6.0,3.0,5.0,8.0,14.0,1.0,4.0,4.0,6.0,0.08967137553916717,0.43524416135881105,0.014682518141303585,0.3495575221238938,3.0,3.0,True,2023
0,9,12,8.0,14.0,4.0,8.0,7.0,8.0,10.0,21.0,3.0,9.0,10.0,12.0,0.11799379710201893,0.427061310782241,0.0844553406144738,0.5555555555555556,1.0,1.0,False,2023
1,1,5,11.0,19.0,4.0,8.0,5.0,6.0,7.0,15.0,3.0,9.0,4.0,6.0,0.04616275564563503,0.4766734279918864,0.05847557072666021,0.4582441113490364,1.0,1.0,True,2023
1,14,4,15.0,32.0,3.0,8.0,5.0,5.0,7.0,14.0,6.0,10.0,11.0,15.0,0.10231032518507441,0.4353448275862069,0.15776713815894308,0.6576923076923077,1.0,1.0,False,2023
0,4,14,7.0,14.0,6.0,10.0,11.0,15.0,15.0,32.0,3.0,8.0,5.0,5.0,0.15776713815894308,0.6576923076923077,0.08184826014805953,0.4344086021505376,1.0,1.0,True,2023
1,10,17,9.0,18.0,4.0,7.0,7.0,10.0,10.0,25.0,4.0,16.0,17.0,20.0,0.11250333992200812,0.36989247311827955,0.0496638622319167,0.5082304526748971,2.0,2.0,False,2023
0,17,10,10.0,25.0,4.0,16.0,17.0,20.0,9.0,18.0,4.0,7.0,7.0,10.0,0.0496638622319167,0.5082304526748971,0.0900026719376065,0.36909871244635195,2.0,2.0,True,2023
1,26,11,12.0,17.0,4.0,7.0,17.0,19.0,8.0,15.0,3.0,6.0,6.0,8.0,0.07173884530906786,0.4713375796178344,0.07900391014418785,0.5890688259109311,2.0,2.0,True,2023
0,11,26,8.0,15.0,3.0,6.0,6.0,8.0,12.0,17.0,4.0,7.0,17.0,19.0,0.07900391014418785,0.5890688259109311,0.0973910762472543,0.4724576271186441,2.0,2.0,False,2023
1,29,0,14.0,25.0,4.0,7.0,10.0,13.0,8.0,20.0,5.0,13.0,6.0,6.0,0.10076923988071736,0.5155925155925156,0.15681489660342107,0.5238095238095238,2.0,2.0,True,2023
0,0,29,8.0,20.0,5.0,13.0,6.0,6.0,14.0,25.0,4.0,7.0,10.0,13.0,0.15681489660342107,0.5238095238095238,0.12061539190457389,0.516597510373444,2.0,2.0,False,2023
1,24,16,12.0,23.0,4.0,9.0,14.0,15.0,12.0,22.0,5.0,9.0,6.0,7.0,0.04270221118974386,0.5753846153846154,0.1124587301223365,0.48625792811839325,2.0,2.0,True,2023
0,5,1,7.0,15.0,3.0,9.0,4.0,6.0,11.0,19.0,4.0,8.0,5.0,6.0,0.05847557072666021,0.4582441113490364,0.07693020451650803,0.4777327935222672,1.0,1.0,False,2023
1,13,7,10.0,23.0,6.0,9.0,17.0,19.0,15.0,25.0,4.0,8.0,10.0,11.0,0.09087242151383673,0.4928131416837782,0.14198463118829918,0.5,3.0,2.0,False,2023
0,7,13,15.0,25.0,4.0,8.0,10.0,11.0,10.0,23.0,6.0,9.0,17.0,19.0,0.14198463118829918,0.5,0.07269793721106939,0.4918032786885246,2.0,3.0,True,2023
1,27,22,13.0,23.0,5.0,8.0,11.0,13.0,11.0,17.0,6.0,9.0,7.0,7.0,0.08108055050620555,0.3933333333333333,0.08057664858959172,0.4915254237288136,2.0,3.0,False,2023
0,22,27,11.0,17.0,6.0,9.0,7.0,7.0,13.0,23.0,5.0,8.0,11.0,13.0,0.08057664858959172,0.4915254237288136,0.06486444040496445,0.3924611973392461,3.0,2.0,True,2023
1,6,21,12.0,21.0,4.0,10.0,7.0,8.0,6.0,17.0,3.0,7.0,7.0,8.0,0.06984764546784726,0.5031315240083507,0.09079220399512902,0.4311111111111111,2.0,2.0,True,2023
0,21,6,6.0,17.0,3.0,7.0,7.0,8.0,12.0,21.0,4.0,10.0,7.0,8.0,0.09079220399512902,0.4311111111111111,0.0958781163742778,0.5041666666666667,2.0,2.0,False,2023
1,2,28,12.0,30.0,6.0,17.0,10.0,12.0,15.0,28.0,5.0,13.0,6.0,9.0,0.11586176465994609,0.6065573770491803,0.1828270961124766,0.4052863436123348,2.0,2.0,False,2023
0,28,2,15.0,28.0,5.0,13.0,6.0,9.0,12.0,30.0,6.0,17.0,10.0,12.0,0.1828270961124766,0.4052863436123348,0.09268941172795687,0.6051401869158879,2.0,2.0,True,2023
0,16,24,12.0,22.0,5.0,9.0,6.0,7.0,12.0,23.0,4.0,9.0,14.0,15.0,0.1124587301223365,0.48625792811839325,0.07416176895179509,0.5766871165644172,2.0,2.0,False,2023
1,22,18,12.0,19.0,5.0,10.0,10.0,10.0,11.0,16.0,6.0,9.0,19.0,19.0,0.10446131887167338,0.492600422832981,0.12106776538624335,0.6190476190476191,1.0,2.0,False,2023
0,8,15,9.0,16.0,4.0,9.0,4.0,5.0,9.0,16.0,6.0,10.0,4.0,5.0,0.059832136491539456,0.46284501061571126,0.1328937630925853,0.4304635761589404,3.0,2.0,False,2023
1,15,8,9.0,16.0,6.0,10.0,4.0,5.0,9.0,16.0,4.0,9.0,4.0,5.0,0.1328937630925853,0.4304635761589404,0.04786570919323156,0.461864406779661,2.0,3.0,True,2023
1,12,9,8.0,14.0,4.0,8.0,10.0,12.0,10.0,19.0,3.0,6.0,6.0,8.0,0.0844553406144738,0.5555555555555556,0.09439503768161514,0.42616033755274263,2.0,2.0,True,2023
0,9,12,10.0,19.0,3.0,6.0,6.0,8.0,8.0,14.0,4.0,8.0,10.0,12.0,0.09439503768161514,0.42616033755274263,0.10756427249157903,0.5564356435643565,2.0,2.0,False,2023
0,18,22,11.0,16.0,6.0,9.0,19.0,19.0,12.0,19.0,5.0,10.0,10.0,10.0,0.12106776538624335,0.6190476190476191,0.08356905509733871,0.49156118143459915,2.0,1.0,True,2023
1,3,2,14.0,34.0,4.0,11.0,8.0,8.0,12.0,26.0,4.0,11.0,7.0,10.0,0.11173710043133371,0.4364406779661017,0.09268941172795687,0.6051401869158879,2.0,1.0,True,2023
1,20,25,9.0,14.0,5.0,10.0,6.0,6.0,9.0,18.0,3.0,9.0,8.0,8.0,0.1642715849224268,0.610337972166998,0.13192907877196247,0.6047430830039525,3.0,2.0,True,2023
0,25,20,9.0,18.0,3.0,9.0,8.0,8.0,9.0,14.0,5.0,10.0,6.0,6.0,0.13192907877196247,0.6047430830039525,0.1714172679379414,0.6111111111111112,2.0,3.0,False,2023
0,17,19,10.0,28.0,6.0,14.0,5.0,7.0,7.0,14.0,3.0,8.0,5.0,6.0,0.07973108978553337,0.5092402464065708,0.014682518141303585,0.3495575221238938,1.0,2.0,True,2023
0,2,3,12.0,26.0,4.0,11.0,7.0,10.0,14.0,34.0,4.0,11.0,8.0,8.0,0.09268941172795687,0.6051401869158879,0.12938968034506698,0.4376321353065539,1.0,2.0,False,2023
1,19,17,7.0,14.0,3.0,8.0,5.0,6.0,10.0,28.0,6.0,14.0,5.0,7.0,0.014682518141303585,0.3495575221238938,0.10378487182842669,0.5102459016393442,2.0,1.0,False,2023
0,18,23,13.0,22.0,4.0,7.0,9.0,9.0,12.0,24.0,5.0,10.0,3.0,4.0,0.1368542123089947,0.6198019801980198,0.1284600461075652,0.4531590413943355,1.0,3.0,True,2023
0,21,28,10.0,22.0,3.0,7.0,5.0,5.0,10.0,24.0,3.0,10.0,6.0,8.0,0.07263376319610322,0.43015521064301554,0.1862616768899813,0.4065934065934066,2.0,2.0,True,2023
1,23,18,12.0,24.0,5.0,10.0,3.0,4.0,13.0,22.0,4.0,7.0,9.0,9.0,0.1284600461075652,0.4531590413943355,0.14948336984719574,0.6205533596837944,3.0,1.0,False,2023
1,26,0,14.0,24.0,3.0,6.0,8.0,8.0,14.0,23.0,10.0,16.0,4.0,4.0,0.0973910762472543,0.4724576271186441,0.12545191728273686,0.515625,2.0,2.0,True,2023
1,28,21,10.0,24.0,3.0,10.0,6.0,8.0,10.0,22.0,3.0,7.0,5.0,5.0,0.1862616768899813,0.4065934065934066,0.09810701055688258,0.4314159292035398,2.0,2.0,False,2023
0,0,26,14.0,23.0,10.0,16.0,4.0,4.0,14.0,24.0,3.0,6.0,8.0,8.0,0.12545191728273686,0.515625,0.11791286099780343,0.47357293868921774,2.0,2.0,False,2023
0,16,29,8.0,17.0,3.0,10.0,8.0,11.0,11.0,17.0,3.0,6.0,7.0,9.0,0.0899669840978692,0.48523206751054854,0.12061539190457389,0.516597510373444,2.0,2.0,False,2023
0,4,10,9.0,14.0,4.0,5.0,13.0,14.0,10.0,20.0,2.0,6.0,4.0,8.0,0.16621371052715445,0.6583493282149712,0.0900026719376065,0.36909871244635195,2.0,2.0,True,2023
1,1,6,9.0,21.0,3.0,7.0,6.0,11.0,9.0,20.0,4.0,10.0,8.0,8.0,0.07693020451650803,0.4777327935222672,0.0958781163742778,0.5041666666666667,2.0,2.0,False,2023
1,19,14,10.0,20.0,3.0,9.0,5.0,6.0,14.0,21.0,4.0,8.0,5.0,6.0,0.011746014513042868,0.3487858719646799,0.08184826014805953,0.4344086021505376,1.0,2.0,False,2023
0,14,19,14.0,21.0,4.0,8.0,5.0,6.0,10.0,20.0,3.0,9.0,5.0,6.0,0.08184826014805953,0.4344086021505376,0.009396811610434295,0.34801762114537443,2.0,1.0,True,2023
1,13,11,10.0,23.0,7.0,11.0,10.0,10.0,12.0,20.0,5.0,9.0,6.0,7.0,0.07269793721106939,0.4918032786885246,0.06320312811535028,0.5878787878787879,2.0,2.0,True,2023
0,11,13,12.0,20.0,5.0,9.0,6.0,7.0,10.0,23.0,7.0,11.0,10.0,10.0,0.06320312811535028,0.5878787878787879,0.09815834976885551,0.49284253578732107,2.0,2.0,False,2023
1,29,16,11.0,17.0,3.0,6.0,7.0,9.0,8.0,17.0,3.0,10.0,8.0,11.0,0.12061539190457389,0.516597510373444,0.07197358727829536,0.4842105263157895,2.0,2.0,True,2023
0,6,1,9.0,20.0,4.0,10.0,8.0,8.0,9.0,21.0,3.0,7.0,6.0,11.0,0.0958781163742778,0.5041666666666667,0.06154416361320643,0.4767676767676768,2.0,2.0,True,2023
1,10,4,10.0,20.0,2.0,6.0,4.0,8.0,9.0,14.0,4.0,5.0,13.0,14.0,0.0900026719376065,0.36909871244635195,0.1729709684217236,0.6590038314176245,2.0,2.0,False,2023
1,8,13,12.0,22.0,6.0,8.0,4.0,4.0,10.0,24.0,5.0,12.0,6.0,8.0,0.04786570919323156,0.461864406779661,0.09815834976885551,0.49284253578732107,2.0,1.0,True,2023
1,14,9,17.0,22.0,7.0,10.0,8.0,9.0,11.0,16.0,4.0,7.0,6.0,6.0,0.10547860811844763,0.4356223175965665,0.07551603014529211,0.42526315789473684,1.0,2.0,False,2023
0,9,14,11.0,16.0,4.0,7.0,6.0,6.0,17.0,22.0,7.0,10.0,8.0,9.0,0.07551603014529211,0.42526315789473684,0.0843828864947581,0.4346895074946467,2.0,1.0,True,2023
1,7,26,17.0,23.0,6.0,10.0,4.0,5.0,7.0,14.0,6.0,12.0,4.0,5.0,0.15358770495063934,0.5010183299389002,0.11791286099780343,0.47357293868921774,3.0,1.0,True,2023
0,26,7,7.0,14.0,6.0,12.0,4.0,5.0,17.0,23.0,6.0,10.0,4.0,5.0,0.11791286099780343,0.47357293868921774,0.16287016396051146,0.5020325203252033,1.0,3.0,False,2023
0,13,8,10.0,24.0,5.0,12.0,6.0,8.0,12.0,22.0,6.0,8.0,4.0,4.0,0.09815834976885551,0.49284253578732107,0.07829256735458526,0.4630021141649049,1.0,2.0,False,2023
1,24,25,8.0,19.0,2.0,6.0,7.0,9.0,9.0,21.0,4.0,8.0,6.0,6.0,0.07416176895179509,0.5766871165644172,0.10554326301756997,0.6035502958579881,3.0,2.0,True,2023
1,20,27,7.0,16.0,3.0,9.0,4.0,9.0,12.0,18.0,3.0,6.0,5.0,6.0,0.1714172679379414,0.6111111111111112,0.06486444040496445,0.3924611973392461,2.0,3.0,False,2023
0,25,24,9.0,21.0,4.0,8.0,6.0,6.0,8.0,19.0,2.0,6.0,7.0,9.0,0.10554326301756997,0.6035502958579881,0.09932941516143608,0.5779816513761468,2.0,3.0,False,2023
0,27,20,12.0,18.0,3.0,6.0,5.0,6.0,7.0,16.0,3.0,9.0,4.0,9.0,0.06486444040496445,0.3924611973392461,0.13713381435035313,0.6099009900990099,3.0,2.0,True,2023
1,2,17,11.0,17.0,6.0,10.0,4.0,4.0,7.0,16.0,3.0,8.0,11.0,11.0,0.0741515293823655,0.6037296037296037,0.10378487182842669,0.5102459016393442,2.0,2.0,True,2023
0,17,2,7.0,16.0,3.0,8.0,11.0,11.0,11.0,17.0,6.0,10.0,4.0,4.0,0.10378487182842669,0.5102459016393442,0.09932122350589238,0.6046511627906976,2.0,2.0,False,2023
0,3,12,8.0,18.0,3.0,7.0,6.0,6.0,8.0,15.0,4.0,8.0,12.0,15.0,0.12938968034506698,0.4376321353065539,0.10756427249157903,0.5564356435643565,2.0,2.0,True,2023
1,12,3,8.0,15.0,4.0,8.0,12.0,15.0,8.0,18.0,3.0,7.0,6.0,6.0,0.10756427249157903,0.5564356435643565,0.14351174427605357,0.4388185654008439,2.0,2.0,False,2023
0,0,16,10.0,19.0,4.0,8.0,10.0,10.0,9.0,17.0,3.0,9.0,6.0,7.0,0.10036153382618948,0.5076923076923077,0.07197358727829536,0.4842105263157895,2.0,2.0,False,2023
1,4,6,11.0,20.0,3.0,9.0,6.0,6.0,8.0,16.0,5.0,9.0,4.0,4.0,0.1729709684217236,0.6590038314176245,0.11670249309942224,0.5051975051975052,2.0,2.0,True,2023
1,15,28,9.0,16.0,4.0,7.0,7.0,8.0,9.0,23.0,4.0,12.0,6.0,10.0,0.14631501047406822,0.43171806167400884,0.14900934151198503,0.4057017543859649,3.0,2.0,True,2023
0,11,10,11.0,22.0,4.0,9.0,6.0,6.0,9.0,21.0,4.0,9.0,7.0,11.0,0.050562502492280226,0.5866935483870968,0.0720021375500852,0.3683083511777302,2.0,2.0,True,2023
0,6,4,8.0,16.0,5.0,9.0,4.0,4.0,11.0,20.0,3.0,9.0,6.0,6.0,0.11670249309942224,0.5051975051975052,0.17837677473737887,0.6596558317399618,2.0,2.0,False,2023
1,10,11,9.0,21.0,4.0,9.0,7.0,11.0,11.0,22.0,4.0,9.0,6.0,6.0,0.0720021375500852,0.3683083511777302,0.08045000199382418,0.5875251509054326,2.0,2.0,False,2023
0,28,15,9.0,23.0,4.0,12.0,6.0,10.0,9.0,16.0,4.0,7.0,7.0,8.0,0.14900934151198503,0.4057017543859649,0.1570520083792546,0.432967032967033,2.0,3.0,False,2023
1,22,1,9.0,20.0,5.0,10.0,9.0,10.0,10.0,23.0,3.0,7.0,7.0,9.0,0.08356905509733871,0.49156118143459915,0.06154416361320643,0.4767676767676768,3.0,2.0,True,2023
1,19,21,8.0,17.0,2.0,7.0,4.0,6.0,9.0,22.0,4.0,7.0,7.0,11.0,0.009396811610434295,0.34801762114537443,0.09810701055688258,0.4314159292035398,2.0,2.0,False,2023
0,21,19,9.0,22.0,4.0,7.0,7.0,11.0,8.0,17.0,2.0,7.0,4.0,6.0,0.09810701055688258,0.4314159292035398,0.007517449288347436,0.34725274725274724,2.0,2.0,True,2023
1,16,0,9.0,17.0,3.0,9.0,6.0,7.0,10.0,19.0,4.0,8.0,10.0,10.0,0.07197358727829536,0.4842105263157895,0.08028922706095158,0.5,2.0,2.0,True,2023
0,1,22,10.0,23.0,3.0,7.0,7.0,9.0,9.0,20.0,5.0,10.0,9.0,10.0,0.06154416361320643,0.4767676767676768,0.10685524407787095,0.4926315789473684,2.0,3.0,False,2023
0,9,14,9.0,19.0,6.0,10.0,4.0,4.0,11.0,24.0,3.0,7.0,4.0,5.0,0.10041282411623369,0.4264705882352941,0.0843828864947581,0.4346895074946467,2.0,2.0,True,2023
1,5,20,9.0,17.0,4.0,7.0,4.0,5.0,14.0,24.0,4.0,8.0,5.0,6.0,0.046780456581328164,0.45726495726495725,0.13713381435035313,0.6099009900990099,5.0,2.0,True,2023
0,20,5,14.0,24.0,4.0,8.0,5.0,6.0,9.0,17.0,4.0,7.0,4.0,5.0,0.13713381435035313,0.6099009900990099,0.07742436526506254,0.4584221748400853,2.0,5.0,False,2023
0,6,23,13.0,24.0,4.0,8.0,7.0,9.0,12.0,26.0,3.0,9.0,5.0,7.0,0.09336199447953779,0.504149377593361,0.10276803688605216,0.45217391304347826,1.0,3.0,True,2023
1,14,9,11.0,24.0,3.0,7.0,4.0,5.0,9.0,19.0,6.0,10.0,4.0,4.0,0.0843828864947581,0.4346895074946467,0.12033025929298695,0.4276729559748428,2.0,2.0,False,2023
0,17,18,13.0,22.0,8.0,12.0,8.0,8.0,13.0,20.0,4.0,8.0,13.0,18.0,0.08302789746274135,0.50920245398773,0.14948336984719574,0.6205533596837944,2.0,3.0,False,2023
0,25,29,13.0,19.0,4.0,6.0,5.0,6.0,10.0,17.0,5.0,8.0,6.0,6.0,0.08443461041405598,0.6023622047244095,0.13649231352365912,0.5175983436853002,2.0,3.0,False,2023
1,12,3,12.0,16.0,5.0,7.0,8.0,9.0,15.0,30.0,8.0,15.0,4.0,6.0,0.08605141799326323,0.5553359683794467,0.14351174427605357,0.4388185654008439,2.0,2.0,True,2023
0,3,12,15.0,30.0,8.0,15.0,4.0,6.0,12.0,16.0,5.0,7.0,8.0,9.0,0.14351174427605357,0.4388185654008439,0.10884113439461056,0.5562130177514792,2.0,2.0,False,2023
1,29,25,10.0,17.0,5.0,8.0,6.0,6.0,13.0,19.0,4.0,6.0,5.0,6.0,0.13649231352365912,0.5175983436853002,0.06754768833124478,0.6011787819253438,3.0,2.0,True,2023
1,23,6,12.0,26.0,3.0,9.0,5.0,7.0,13.0,24.0,4.0,8.0,7.0,9.0,0.10276803688605216,0.45217391304347826,0.11468959558363023,0.505175983436853,3.0,1.0,False,2023
1,18,17,13.0,20.0,4.0,8.0,13.0,18.0,13.0,22.0,8.0,12.0,8.0,8.0,0.14948336984719574,0.6205533596837944,0.06642231797019307,0.5081632653061224,3.0,2.0,True,2023
1,16,13,10.0,18.0,4.0,7.0,8.0,9.0,9.0,21.0,4.0,9.0,6.0,6.0,0.09757886982263628,0.4852941176470588,0.0785266798150844,0.49183673469387756,2.0,3.0,True,2023
1,21,11,10.0,23.0,6.0,12.0,4.0,4.0,14.0,24.0,2.0,9.0,7.0,8.0,0.11848560844550607,0.4326710816777042,0.08045000199382418,0.5875251509054326,2.0,2.0,False,2023
1,7,15,11.0,19.0,4.0,10.0,4.0,5.0,8.0,22.0,4.0,6.0,7.0,10.0,0.16287016396051146,0.5020325203252033,0.1570520083792546,0.432967032967033,3.0,2.0,False,2023
0,15,7,8.0,22.0,4.0,6.0,7.0,10.0,11.0,19.0,4.0,10.0,4.0,5.0,0.1570520083792546,0.432967032967033,0.13029613116840916,0.5010141987829615,2.0,3.0,True,2023
1,10,12,12.0,17.0,4.0,10.0,6.0,6.0,14.0,25.0,3.0,8.0,8.0,8.0,0.05760171004006816,0.36752136752136755,0.10884113439461056,0.5562130177514792,2.0,1.0,True,2023
0,27,1,14.0,26.0,4.0,8.0,7.0,10.0,8.0,14.0,4.0,7.0,3.0,4.0,0.09189155232397155,0.3938053097345133,0.04923533089056514,0.47580645161290325,3.0,2.0,True,2023
0,12,10,14.0,25.0,3.0,8.0,8.0,8.0,12.0,17.0,4.0,10.0,6.0,6.0,0.10884113439461056,0.5562130177514792,0.08608136803205453,0.36886993603411516,1.0,2.0,False,2023
1,8,26,8.0,20.0,4.0,7.0,6.0,6.0,11.0,23.0,3.0,7.0,13.0,13.0,0.07829256735458526,0.4630021141649049,0.09433028879824275,0.47257383966244726,3.0,3.0,False,2023
0,26,8,11.0,23.0,3.0,7.0,13.0,13.0,8.0,20.0,4.0,7.0,6.0,6.0,0.09433028879824275,0.47257383966244726,0.0626340538836682,0.4620253164556962,3.0,3.0,True,2023
0,13,16,9.0,21.0,4.0,9.0,6.0,6.0,10.0,18.0,4.0,7.0,8.0,9.0,0.0785266798150844,0.49183673469387756,0.11806309585810904,0.4863731656184486,3.0,2.0,False,2023
0,11,21,14.0,24.0,2.0,9.0,7.0,8.0,10.0,23.0,6.0,12.0,4.0,4.0,0.08045000199382418,0.5875251509054326,0.09478848675640486,0.43171806167400884,2.0,2.0,True,2023
0,4,0,8.0,22.0,5.0,11.0,3.0,4.0,13.0,27.0,6.0,15.0,4.0,4.0,0.17837677473737887,0.6596558317399618,0.08028922706095158,0.5,2.0,2.0,False,2023
1,24,28,14.0,22.0,3.0,8.0,7.0,7.0,8.0,24.0,3.0,10.0,7.0,8.0,0.09932941516143608,0.5779816513761468,0.11920747320958802,0.4048140043763676,3.0,2.0,True,2023
1,1,27,8.0,14.0,4.0,7.0,3.0,4.0,14.0,26.0,4.0,8.0,7.0,10.0,0.04923533089056514,0.47580645161290325,0.11351324185917724,0.39514348785871967,2.0,3.0,False,2023
0,2,9,12.0,25.0,5.0,14.0,5.0,6.0,12.0,27.0,4.0,11.0,7.0,7.0,0.09932122350589238,0.6046511627906976,0.12033025929298695,0.4276729559748428,3.0,1.0,True,2023
0,28,24,8.0,24.0,3.0,10.0,7.0,8.0,14.0,22.0,3.0,8.0,7.0,7.0,0.11920747320958802,0.4048140043763676,0.11946353212914887,0.5792682926829268,2.0,3.0,False,2023
0,22,19,7.0,15.0,3.0,8.0,5.0,7.0,7.0,20.0,3.0,10.0,8.0,10.0,0.10685524407787095,0.4926315789473684,0.007517449288347436,0.34725274725274724,2.0,2.0,True,2023
1,19,22,7.0,20.0,3.0,10.0,8.0,10.0,7.0,15.0,3.0,8.0,5.0,7.0,0.007517449288347436,0.34725274725274724,0.12548419526229676,0.49369747899159666,2.0,2.0,False,2023
1,0,4,13.0,27.0,6.0,15.0,4.0,4.0,8.0,22.0,5.0,11.0,3.0,4.0,0.08028922706095158,0.5,0.14270141978990308,0.6583969465648855,2.0,2.0,True,2023
1,9,2,12.0,27.0,4.0,11.0,7.0,7.0,12.0,25.0,5.0,14.0,5.0,6.0,0.12033025929298695,0.4276729559748428,0.11945697880471391,0.605568445475638,1.0,3.0,False,2023
1,8,17,13.0,20.0,9.0,14.0,6.0,6.0,7.0,15.0,2.0,7.0,3.0,4.0,0.0626340538836682,0.4620253164556962,0.06642231797019307,0.5081632653061224,1.0,2.0,True,2023
0,17,8,7.0,15.0,2.0,7.0,3.0,4.0,13.0,20.0,9.0,14.0,6.0,6.0,0.06642231797019307,0.5081632653061224,0.09010724310693456,0.4631578947368421,2.0,1.0,False,2023
0,26,5,7.0,18.0,2.0,6.0,6.0,7.0,8.0,16.0,4.0,11.0,5.0,6.0,0.1154642310385942,0.47368421052631576,0.07742436526506254,0.4584221748400853,1.0,2.0,True,2023
1,5,26,8.0,16.0,4.0,11.0,5.0,6.0,7.0,18.0,2.0,6.0,6.0,7.0,0.07742436526506254,0.4584221748400853,0.13237138483087535,0.47478991596638653,2.0,1.0,False,2023
1,18,14,12.0,21.0,3.0,7.0,10.0,12.0,9.0,15.0,3.0,7.0,4.0,4.0,0.1595866958777566,0.621301775147929,0.06750630919580648,0.4337606837606838,2.0,2.0,True,2023
0,14,18,9.0,15.0,3.0,7.0,4.0,4.0,12.0,21.0,3.0,7.0,10.0,12.0,0.06750630919580648,0.4337606837606838,0.16766935670220526,0.6220472440944882,2.0,2.0,False,2023
0,6,20,8.0,16.0,5.0,8.0,8.0,9.0,14.0,23.0,5.0,12.0,7.0,10.0,0.11468959558363023,0.505175983436853,0.10970705148028251,0.6086956521739131,2.0,2.0,True,2023
0,3,21,10.0,20.0,2.0,10.0,10.0,13.0,10.0,19.0,4.0,9.0,5.0,6.0,0.11480939542084286,0.4378947368421053,0.09478848675640486,0.43171806167400884,2.0,1.0,True,2023
1,29,28,13.0,19.0,6.0,11.0,4.0,5.0,12.0,27.0,3.0,12.0,8.0,11.0,0.14919385081892728,0.518595041322314,0.09536597856767041,0.4039301310043668,2.0,1.0,False,2023
0,28,29,12.0,27.0,3.0,12.0,8.0,11.0,13.0,19.0,6.0,11.0,4.0,5.0,0.09536597856767041,0.4039301310043668,0.11935508065514182,0.5175257731958763,1.0,2.0,True,2023
1,21,3,10.0,19.0,4.0,9.0,5.0,6.0,10.0,20.0,2.0,10.0,10.0,13.0,0.09478848675640486,0.43171806167400884,0.1318475163366743,0.43907563025210083,1.0,2.0,False,2023
1,20,6,14.0,23.0,5.0,12.0,7.0,10.0,8.0,16.0,5.0,8.0,8.0,9.0,0.10970705148028251,0.6086956521739131,0.13175167646690417,0.506198347107438,2.0,2.0,False,2023
0,2,1,16.0,25.0,4.0,10.0,7.0,8.0,9.0,29.0,5.0,8.0,10.0,11.0,0.11945697880471391,0.605568445475638,0.03938826471245212,0.47484909456740443,2.0,2.0,False,2023
1,19,22,8.0,15.0,5.0,8.0,2.0,4.0,7.0,14.0,3.0,7.0,3.0,5.0,0.006013959430677949,0.34649122807017546,0.12548419526229676,0.49369747899159666,2.0,2.0,True,2023
1,15,4,13.0,23.0,8.0,12.0,4.0,6.0,19.0,28.0,5.0,8.0,8.0,8.0,0.16564160670340367,0.4342105263157895,0.14270141978990308,0.6583969465648855,2.0,2.0,False,2023
1,12,11,6.0,16.0,4.0,10.0,13.0,15.0,14.0,26.0,6.0,12.0,4.0,6.0,0.08707290751568844,0.5551181102362205,0.10436000159505934,0.5883534136546185,2.0,2.0,True,2023
0,11,12,14.0,26.0,6.0,12.0,4.0,6.0,6.0,16.0,4.0,10.0,13.0,15.0,0.10436000159505934,0.5883534136546185,0.10965832601255077,0.555992141453831,2.0,2.0,False,2023
1,1,2,9.0,29.0,5.0,8.0,10.0,11.0,16.0,25.0,4.0,10.0,7.0,8.0,0.03938826471245212,0.47484909456740443,0.09556558304377114,0.6041666666666666,2.0,2.0,True,2023
1,0,7,14.0,23.0,8.0,14.0,5.0,6.0,13.0,20.0,2.0,5.0,8.0,10.0,0.10423138164876126,0.5074626865671642,0.13029613116840916,0.5010141987829615,2.0,2.0,True,2023
1,13,16,10.0,25.0,5.0,15.0,5.0,6.0,8.0,19.0,4.0,11.0,6.0,7.0,0.06282134385206753,0.4908350305498982,0.11806309585810904,0.4863731656184486,2.0,2.0,False,2023
0,22,19,7.0,14.0,3.0,7.0,3.0,5.0,8.0,15.0,5.0,8.0,2.0,4.0,0.12548419526229676,0.49369747899159666,0.04481116754454236,0.3479212253829322,2.0,2.0,False,2023
0,16,13,8.0,19.0,4.0,11.0,6.0,7.0,10.0,25.0,5.0,15.0,5.0,6.0,0.11806309585810904,0.4863731656184486,0.05025707508165402,0.4898373983739837,2.0,2.0,True,2023
1,9,23,15.0,25.0,1.0,5.0,10.0,10.0,12.0,25.0,3.0,10.0,6.0,10.0,0.09626420743438956,0.42677824267782427,0.08221442950884172,0.4511930585683297,2.0,3.0,False,2023
0,23,9,12.0,25.0,3.0,10.0,6.0,10.0,15.0,25.0,1.0,5.0,10.0,10.0,0.08221442950884172,0.4511930585683297,0.07701136594751165,0.42588726513569936,3.0,2.0,True,2023
0,7,0,13.0,20.0,2.0,5.0,8.0,10.0,14.0,23.0,8.0,14.0,5.0,6.0,0.13029613116840916,0.5010141987829615,0.12338510531900901,0.5147058823529411,2.0,2.0,False,2023
0,4,15,19.0,28.0,5.0,8.0,8.0,8.0,13.0,23.0,8.0,12.0,4.0,6.0,0.14270141978990308,0.6583969465648855,0.13251328536272294,0.43326039387308535,2.0,2.0,True,2023
0,20,25,10.0,18.0,5.0,9.0,8.0,8.0,13.0,22.0,8.0,12.0,5.0,5.0,0.087765641184226,0.6074950690335306,0.06754768833124478,0.6011787819253438,2.0,4.0,False,2023
1,25,20,13.0,22.0,8.0,12.0,5.0,5.0,10.0,18.0,5.0,9.0,8.0,8.0,0.06754768833124478,0.6011787819253438,0.0702125129473808,0.6062992125984252,4.0,2.0,True,2023
1,5,10,11.0,19.0,5.0,8.0,6.0,7.0,11.0,21.0,2.0,7.0,5.0,7.0,0.06193949221205003,0.4574468085106383,0.08608136803205453,0.36886993603411516,2.0,3.0,True,2023
0,10,5,11.0,21.0,2.0,7.0,5.0,7.0,11.0,19.0,5.0,8.0,6.0,7.0,0.08608136803205453,0.36886993603411516,0.08955159376964002,0.4585987261146497,3.0,2.0,False,2023
1,17,28,11.0,26.0,8.0,17.0,8.0,9.0,8.0,20.0,4.0,8.0,8.0,10.0,0.05313785437615446,0.5071283095723014,0.11629278285413633,0.40522875816993464,2.0,2.0,False,2023
0,28,17,8.0,20.0,4.0,8.0,8.0,10.0,11.0,26.0,8.0,17.0,8.0,9.0,0.11629278285413633,0.40522875816993464,0.04251028350092357,0.5060975609756098,2.0,2.0,True,2023
1,7,4,13.0,27.0,3.0,5.0,6.0,8.0,11.0,23.0,3.0,7.0,14.0,24.0,0.10423690493472733,0.5,0.15416113583192248,0.659047619047619,1.0,1.0,False,2023
0,6,26,11.0,23.0,3.0,10.0,9.0,11.0,12.0,24.0,6.0,11.0,10.0,12.0,0.13175167646690417,0.506198347107438,0.13237138483087535,0.47478991596638653,2.0,2.0,False,2023
1,26,6,12.0,24.0,6.0,11.0,10.0,12.0,11.0,23.0,3.0,10.0,9.0,11.0,0.13237138483087535,0.47478991596638653,0.10540134117352333,0.5051546391752577,2.0,2.0,True,2023
1,21,3,11.0,20.0,2.0,7.0,5.0,5.0,10.0,15.0,6.0,10.0,6.0,6.0,0.07583078940512389,0.4307692307692308,0.1318475163366743,0.43907563025210083,2.0,2.0,False,2023
0,3,21,10.0,15.0,6.0,10.0,6.0,6.0,11.0,20.0,2.0,7.0,5.0,5.0,0.1318475163366743,0.43907563025210083,0.06066463152409911,0.4298245614035088,2.0,2.0,True,2023
0,19,14,10.0,21.0,4.0,9.0,4.0,4.0,13.0,15.0,4.0,8.0,8.0,8.0,0.04481116754454236,0.3479212253829322,0.054005047356645186,0.43283582089552236,1.0,2.0,False,2023
0,4,7,11.0,23.0,3.0,7.0,14.0,24.0,13.0,27.0,3.0,5.0,6.0,8.0,0.15416113583192248,0.659047619047619,0.08338952394778186,0.498989898989899,1.0,1.0,True,2023
1,14,19,13.0,15.0,4.0,8.0,8.0,8.0,10.0,21.0,4.0,9.0,4.0,4.0,0.054005047356645186,0.43283582089552236,0.03584893403563389,0.3471615720524017,2.0,1.0,True,2023
0,29,8,11.0,18.0,7.0,12.0,12.0,13.0,9.0,17.0,4.0,10.0,4.0,6.0,0.11935508065514182,0.5175257731958763,0.09010724310693456,0.4631578947368421,2.0,2.0,True,2023
1,8,29,9.0,17.0,4.0,10.0,4.0,6.0,11.0,18.0,7.0,12.0,12.0,13.0,0.09010724310693456,0.4631578947368421,0.13548406452411346,0.5185185185185185,2.0,2.0,False,2023
1,12,16,10.0,15.0,3.0,7.0,11.0,12.0,10.0,15.0,4.0,7.0,2.0,3.0,0.10965832601255077,0.555992141453831,0.1344504766864872,0.4874476987447699,2.0,2.0,True,2023
0,2,23,12.0,24.0,5.0,8.0,14.0,16.0,10.0,20.0,5.0,8.0,6.0,7.0,0.09556558304377114,0.6041666666666666,0.10577154360707337,0.4523809523809524,2.0,2.0,True,2023
1,23,2,10.0,20.0,5.0,8.0,6.0,7.0,12.0,24.0,5.0,8.0,14.0,16.0,0.10577154360707337,0.4523809523809524,0.1164524664350169,0.605080831408776,2.0,2.0,False,2023
0,29,1,6.0,17.0,4.0,12.0,11.0,13.0,11.0,17.0,2.0,7.0,4.0,8.0,0.13548406452411346,0.5185185185185185,0.0715106117699617,0.4759036144578313,1.0,2.0,False,2023
1,5,13,11.0,25.0,4.0,8.0,6.0,6.0,9.0,18.0,6.0,10.0,10.0,11.0,0.08955159376964002,0.4585987261146497,0.05025707508165402,0.4898373983739837,1.0,2.0,False,2023
0,18,3,12.0,19.0,5.0,9.0,10.0,12.0,9.0,19.0,5.0,10.0,4.0,7.0,0.16766935670220526,0.6220472440944882,0.14547801306933944,0.44025157232704404,3.0,1.0,True,2023
0,13,5,9.0,18.0,6.0,10.0,10.0,11.0,11.0,25.0,4.0,8.0,6.0,6.0,0.05025707508165402,0.4898373983739837,0.07164127501571202,0.4576271186440678,2.0,1.0,True,2023
1,1,29,11.0,17.0,2.0,7.0,4.0,8.0,6.0,17.0,4.0,12.0,11.0,13.0,0.0715106117699617,0.4759036144578313,0.10838725161929078,0.5174537987679672,2.0,1.0,True,2023
0,0,24,20.0,28.0,8.0,14.0,4.0,5.0,10.0,21.0,4.0,9.0,7.0,8.0,0.12338510531900901,0.5147058823529411,0.11946353212914887,0.5792682926829268,2.0,4.0,False,2023
1,3,18,9.0,19.0,5.0,10.0,4.0,7.0,12.0,19.0,5.0,9.0,10.0,12.0,0.14547801306933944,0.44025157232704404,0.1741354853617642,0.6227897838899804,1.0,3.0,False,2023
1,24,0,10.0,21.0,4.0,9.0,7.0,8.0,20.0,28.0,8.0,14.0,4.0,5.0,0.11946353212914887,0.5792682926829268,0.0987080842552072,0.5072463768115942,4.0,2.0,True,2023
1,27,15,10.0,22.0,4.0,7.0,9.0,11.0,12.0,17.0,5.0,8.0,9.0,10.0,0.11351324185917724,0.39514348785871967,0.13251328536272294,0.43326039387308535,4.0,2.0,False,2023
0,15,27,12.0,17.0,5.0,8.0,9.0,10.0,10.0,22.0,4.0,7.0,9.0,11.0,0.13251328536272294,0.43326039387308535,0.0908105934873418,0.394273127753304,2.0,4.0,True,2023
0,16,12,10.0,15.0,4.0,7.0,2.0,3.0,10.0,15.0,3.0,7.0,11.0,12.0,0.1344504766864872,0.4874476987447699,0.1277266608100406,0.5568627450980392,2.0,2.0,False,2023
0,10,7,11.0,17.0,2.0,7.0,5.0,6.0,7.0,17.0,3.0,10.0,5.0,5.0,0.06886509442564362,0.3680851063829787,0.08338952394778186,0.498989898989899,2.0,2.0,False,2023
1,25,26,9.0,19.0,4.0,8.0,8.0,10.0,12.0,19.0,3.0,6.0,6.0,7.0,0.09403815066499582,0.6019607843137255,0.14589710786470028,0.4758909853249476,2.0,2.0,True,2023
1,19,20,7.0,15.0,6.0,10.0,4.0,8.0,14.0,18.0,4.0,7.0,3.0,6.0,0.03584893403563389,0.3471615720524017,0.0702125129473808,0.6062992125984252,2.0,2.0,False,2023
1,7,10,7.0,17.0,3.0,10.0,5.0,5.0,11.0,17.0,2.0,7.0,5.0,6.0,0.08338952394778186,0.498989898989899,0.055092075540514894,0.3673036093418259,2.0,2.0,True,2023
0,26,25,12.0,19.0,3.0,6.0,6.0,7.0,9.0,19.0,4.0,8.0,8.0,10.0,0.14589710786470028,0.4758909853249476,0.11523052053199667,0.6027397260273972,2.0,2.0,False,2023
1,6,15,7.0,17.0,3.0,7.0,7.0,8.0,8.0,16.0,3.0,8.0,8.0,10.0,0.10540134117352333,0.5051546391752577,0.14601062829017836,0.4344978165938865,2.0,1.0,False,2023
0,20,19,14.0,18.0,4.0,7.0,3.0,6.0,7.0,15.0,6.0,10.0,4.0,8.0,0.0702125129473808,0.6062992125984252,0.02867914722850711,0.3464052287581699,2.0,2.0,True,2023
0,22,4,10.0,21.0,6.0,9.0,5.0,6.0,10.0,17.0,4.0,6.0,5.0,10.0,0.10038735620983741,0.49266247379454925,0.16332890866553798,0.6596958174904943,3.0,2.0,True,2023
0,15,6,8.0,16.0,3.0,8.0,8.0,10.0,7.0,17.0,3.0,7.0,7.0,8.0,0.14601062829017836,0.4344978165938865,0.08432107293881866,0.5041152263374485,1.0,2.0,True,2023
1,4,22,10.0,17.0,4.0,6.0,5.0,10.0,10.0,21.0,6.0,9.0,5.0,6.0,0.16332890866553798,0.6596958174904943,0.12030988496786992,0.49372384937238495,2.0,3.0,False,2023
1,29,13,9.0,17.0,2.0,6.0,8.0,11.0,14.0,23.0,5.0,9.0,5.0,6.0,0.10838725161929078,0.5174537987679672,0.08020566006532322,0.4908722109533469,2.0,2.0,False,2023
1,21,18,6.0,18.0,2.0,11.0,7.0,10.0,16.0,21.0,3.0,7.0,6.0,7.0,0.06066463152409911,0.4298245614035088,0.1741354853617642,0.6227897838899804,3.0,2.0,False,2023
1,27,23,15.0,25.0,4.0,9.0,17.0,18.0,9.0,15.0,8.0,12.0,7.0,9.0,0.0908105934873418,0.394273127753304,0.0846172348856587,0.4514038876889849,2.0,2.0,True,2023
1,5,16,9.0,21.0,5.0,13.0,6.0,6.0,12.0,22.0,4.0,8.0,4.0,7.0,0.07164127501571202,0.4576271186440678,0.10756038134918977,0.48643006263048016,2.0,2.0,False,2023
0,16,5,12.0,22.0,4.0,8.0,4.0,7.0,9.0,21.0,5.0,13.0,6.0,6.0,0.10756038134918977,0.48643006263048016,0.05731302001256962,0.45665961945031713,2.0,2.0,True,2023
0,2,17,12.0,23.0,3.0,11.0,16.0,18.0,12.0,23.0,6.0,15.0,11.0,14.0,0.1164524664350169,0.605080831408776,0.04251028350092357,0.5060975609756098,2.0,3.0,True,2023
0,13,29,14.0,23.0,5.0,9.0,5.0,6.0,9.0,17.0,2.0,6.0,8.0,11.0,0.08020566006532322,0.4908722109533469,0.08670980129543263,0.5163934426229508,2.0,2.0,True,2023
1,17,2,12.0,23.0,6.0,15.0,11.0,14.0,12.0,23.0,3.0,11.0,16.0,18.0,0.04251028350092357,0.5060975609756098,0.13316197314801353,0.6059907834101382,3.0,2.0,False,2023
0,23,27,9.0,15.0,8.0,12.0,7.0,9.0,15.0,25.0,4.0,9.0,17.0,18.0,0.0846172348856587,0.4514038876889849,0.11264847478987343,0.3956043956043956,2.0,2.0,False,2023
0,14,3,8.0,18.0,2.0,5.0,5.0,7.0,11.0,19.0,1.0,6.0,6.0,6.0,0.08320403788531613,0.4340425531914894,0.11638241045547155,0.4393305439330544,3.0,2.0,False,2023
0,18,21,16.0,21.0,3.0,7.0,6.0,7.0,6.0,18.0,2.0,11.0,7.0,10.0,0.1741354853617642,0.6227897838899804,0.048531705219279284,0.4288840262582057,2.0,3.0,True,2023
1,9,0,8.0,18.0,4.0,8.0,6.0,7.0,12.0,27.0,4.0,13.0,3.0,4.0,0.07701136594751165,0.42588726513569936,0.0987080842552072,0.5072463768115942,4.0,2.0,True,2023
0,0,9,12.0,27.0,4.0,13.0,3.0,4.0,8.0,18.0,4.0,8.0,6.0,7.0,0.0987080842552072,0.5072463768115942,0.10160909275800933,0.4270833333333333,2.0,4.0,False,2023
1,3,14,11.0,19.0,1.0,6.0,6.0,6.0,8.0,18.0,2.0,5.0,5.0,7.0,0.11638241045547155,0.4393305439330544,0.06656323030825291,0.43312101910828027,2.0,3.0,True,2023
1,1,8,10.0,20.0,5.0,12.0,5.0,6.0,10.0,20.0,4.0,10.0,10.0,11.0,0.09720848941596935,0.47695390781563124,0.07208579448554765,0.46218487394957986,2.0,3.0,True,2023
0,8,1,10.0,20.0,4.0,10.0,10.0,11.0,10.0,20.0,5.0,12.0,5.0,6.0,0.07208579448554765,0.46218487394957986,0.1177667915327755,0.478,3.0,2.0,False,2023
0,20,28,11.0,18.0,5.0,7.0,5.0,6.0,9.0,20.0,3.0,7.0,7.0,7.0,0.09617001035790465,0.6070726915520629,0.13303422628330908,0.40652173913043477,2.0,4.0,False,2023
0,23,25,8.0,14.0,4.0,6.0,6.0,7.0,11.0,22.0,3.0,7.0,5.0,6.0,0.06769378790852695,0.4504310344827586,0.11523052053199667,0.6027397260273972,1.0,2.0,False,2023
1,14,15,12.0,23.0,4.0,11.0,5.0,6.0,10.0,15.0,5.0,10.0,10.0,12.0,0.06656323030825291,0.43312101910828027,0.1568085026321427,0.4357298474945534,1.0,2.0,False,2023
0,15,14,10.0,15.0,5.0,10.0,10.0,12.0,12.0,23.0,4.0,11.0,5.0,6.0,0.1568085026321427,0.4357298474945534,0.053250584246602325,0.4322033898305085,2.0,1.0,True,2023
1,11,2,10.0,23.0,4.0,12.0,5.0,5.0,9.0,19.0,7.0,12.0,4.0,6.0,0.08348800127604747,0.5871743486973948,0.13316197314801353,0.6059907834101382,5.0,1.0,True,2023
0,2,11,9.0,19.0,7.0,12.0,4.0,6.0,10.0,23.0,4.0,12.0,5.0,5.0,0.13316197314801353,0.6059907834101382,0.10679040102083799,0.588,1.0,5.0,False,2023
1,25,23,11.0,22.0,3.0,7.0,5.0,6.0,8.0,14.0,4.0,6.0,6.0,7.0,0.11523052053199667,0.6027397260273972,0.05415503032682156,0.44946236559139785,2.0,1.0,True,2023
1,28,20,9.0,20.0,3.0,7.0,7.0,7.0,11.0,18.0,5.0,7.0,5.0,6.0,0.13303422628330908,0.40652173913043477,0.07693600828632371,0.6058823529411764,4.0,2.0,True,2023
0,0,16,8.0,17.0,4.0,9.0,9.0,9.0,12.0,22.0,4.0,9.0,4.0,5.0,0.07896646740416577,0.5,0.1260483050793518,0.4875,1.0,1.0,False,2023
1,22,18,9.0,16.0,4.0,9.0,6.0,6.0,12.0,18.0,5.0,9.0,10.0,13.0,0.12030988496786992,0.49372384937238495,0.17930838828941137,0.6235294117647059,2.0,1.0,False,2023
0,18,22,12.0,18.0,5.0,9.0,10.0,13.0,9.0,16.0,4.0,9.0,6.0,6.0,0.17930838828941137,0.6235294117647059,0.09624790797429593,0.49269311064718163,1.0,2.0,True,2023
1,27,12,10.0,15.0,5.0,10.0,2.0,2.0,9.0,17.0,5.0,13.0,8.0,10.0,0.11264847478987343,0.3956043956043956,0.1277266608100406,0.5568627450980392,1.0,3.0,True,2023
0,12,27,9.0,17.0,5.0,13.0,8.0,10.0,10.0,15.0,5.0,10.0,2.0,2.0,0.1277266608100406,0.5568627450980392,0.13011877983189873,0.3969298245614035,3.0,1.0,False,2023
1,16,0,12.0,22.0,4.0,9.0,4.0,5.0,8.0,17.0,4.0,9.0,9.0,9.0,0.1260483050793518,0.4875,0.06317317392333262,0.49295774647887325,1.0,1.0,True,2023
1,24,10,12.0,25.0,2.0,7.0,4.0,7.0,11.0,19.0,4.0,8.0,7.0,9.0,0.13557082570331908,0.5805471124620061,0.055092075540514894,0.3673036093418259,3.0,2.0,False,2023
0,10,24,11.0,19.0,4.0,8.0,7.0,9.0,12.0,25.0,2.0,7.0,4.0,7.0,0.055092075540514894,0.3673036093418259,0.10845666056265527,0.5787878787878787,2.0,3.0,True,2023
1,4,25,9.0,15.0,5.0,9.0,7.0,7.0,10.0,21.0,5.0,10.0,2.0,3.0,0.13066312693243037,0.6584440227703985,0.13218441642559733,0.603515625,3.0,1.0,True,2023
0,10,29,10.0,23.0,3.0,8.0,4.0,4.0,9.0,15.0,4.0,8.0,16.0,18.0,0.0840736604324119,0.3686440677966102,0.08670980129543263,0.5163934426229508,1.0,2.0,False,2023
1,5,9,13.0,21.0,5.0,8.0,3.0,5.0,10.0,25.0,2.0,4.0,5.0,5.0,0.05731302001256962,0.45665961945031713,0.10160909275800933,0.4270833333333333,2.0,2.0,True,2023
0,9,5,10.0,25.0,2.0,4.0,5.0,5.0,13.0,21.0,5.0,8.0,3.0,5.0,0.10160909275800933,0.4270833333333333,0.08585041601005569,0.4578059071729958,2.0,2.0,False,2023
1,17,24,9.0,17.0,2.0,8.0,12.0,13.0,10.0,22.0,4.0,7.0,10.0,12.0,0.03400822680073885,0.5050709939148073,0.10845666056265527,0.5787878787878787,2.0,1.0,False,2023
1,26,7,12.0,24.0,4.0,7.0,16.0,19.0,18.0,28.0,3.0,7.0,7.0,8.0,0.11671768629176023,0.47489539748953974,0.1067116191582255,0.5,3.0,3.0,True,2023
0,25,4,10.0,21.0,5.0,10.0,2.0,3.0,9.0,15.0,5.0,9.0,7.0,7.0,0.13218441642559733,0.603515625,0.14453050154594432,0.6590909090909091,1.0,3.0,False,2023
0,24,17,10.0,22.0,4.0,7.0,10.0,12.0,9.0,17.0,2.0,8.0,12.0,13.0,0.10845666056265527,0.5787878787878787,0.02720658144059108,0.5040485829959515,1.0,2.0,True,2023
1,1,8,11.0,22.0,4.0,9.0,14.0,14.0,12.0,24.0,4.0,10.0,8.0,9.0,0.1177667915327755,0.478,0.05766863558843812,0.4612159329140461,2.0,2.0,False,2023
0,8,1,12.0,24.0,4.0,10.0,8.0,9.0,11.0,22.0,4.0,9.0,14.0,14.0,0.05766863558843812,0.4612159329140461,0.0942134332262204,0.47704590818363274,2.0,2.0,True,2023
1,19,12,10.0,14.0,3.0,8.0,3.0,4.0,8.0,17.0,3.0,9.0,10.0,11.0,0.02867914722850711,0.3464052287581699,0.10218132864803249,0.5557729941291585,3.0,1.0,False,2023
0,12,19,8.0,17.0,3.0,9.0,10.0,11.0,10.0,14.0,3.0,8.0,3.0,4.0,0.10218132864803249,0.5557729941291585,0.02294331778280569,0.3456521739130435,1.0,3.0,True,2023
1,6,20,9.0,18.0,4.0,8.0,4.0,4.0,10.0,19.0,5.0,9.0,4.0,4.0,0.08432107293881866,0.5041152263374485,0.07693600828632371,0.6058823529411764,3.0,1.0,False,2023
0,20,6,10.0,19.0,5.0,9.0,4.0,4.0,9.0,18.0,4.0,8.0,4.0,4.0,0.07693600828632371,0.6058823529411764,0.06745685835105493,0.5030800821355236,1.0,3.0,True,2023
0,7,26,18.0,28.0,3.0,7.0,7.0,8.0,12.0,24.0,4.0,7.0,16.0,19.0,0.1067116191582255,0.5,0.1333741490334082,0.4759916492693111,3.0,3.0,False,2023
1,29,10,9.0,15.0,4.0,8.0,16.0,18.0,10.0,23.0,3.0,8.0,4.0,4.0,0.08670980129543263,0.5163934426229508,0.06725892834592953,0.3678646934460888,2.0,1.0,True,2023
0,0,1,11.0,23.0,5.0,15.0,5.0,6.0,9.0,19.0,3.0,10.0,6.0,6.0,0.06317317392333262,0.49295774647887325,0.0942134332262204,0.47704590818363274,2.0,1.0,True,2023
0,15,11,14.0,21.0,6.0,14.0,4.0,5.0,8.0,14.0,6.0,10.0,5.0,5.0,0.16544680210571414,0.4369565217391304,0.10679040102083799,0.588,2.0,2.0,False,2023
1,18,27,11.0,22.0,5.0,12.0,15.0,17.0,10.0,22.0,2.0,9.0,8.0,10.0,0.1834467106315291,0.62426614481409,0.13011877983189873,0.3969298245614035,2.0,2.0,False,2023
0,27,18,10.0,22.0,2.0,9.0,8.0,10.0,11.0,22.0,5.0,12.0,15.0,17.0,0.13011877983189873,0.3969298245614035,0.14675736850522328,0.623046875,2.0,2.0,True,2023
1,11,15,8.0,14.0,6.0,10.0,5.0,5.0,14.0,21.0,6.0,14.0,4.0,5.0,0.10679040102083799,0.588,0.1323574416845713,0.4360086767895879,2.0,2.0,True,2023
1,28,23,19.0,29.0,8.0,14.0,11.0,13.0,12.0,13.0,8.0,8.0,9.0,9.0,0.14642738102664726,0.4078091106290672,0.05415503032682156,0.44946236559139785,2.0,2.0,False,2023
1,21,22,10.0,19.0,3.0,7.0,7.0,9.0,7.0,18.0,4.0,12.0,10.0,11.0,0.048531705219279284,0.4288840262582057,0.09624790797429593,0.49269311064718163,3.0,2.0,True,2023
0,13,16,10.0,24.0,4.0,9.0,7.0,8.0,10.0,17.0,2.0,7.0,8.0,10.0,0.10416452805225858,0.49190283400809715,0.14083864406348146,0.4885654885654886,3.0,2.0,False,2023
0,22,21,7.0,18.0,4.0,12.0,10.0,11.0,10.0,19.0,3.0,7.0,7.0,9.0,0.09624790797429593,0.49269311064718163,0.07882536417542343,0.43013100436681223,2.0,3.0,False,2023
1,16,13,10.0,17.0,2.0,7.0,8.0,10.0,10.0,24.0,4.0,9.0,7.0,8.0,0.14083864406348146,0.4885654885654886,0.08333162244180686,0.4909090909090909,2.0,3.0,True,2023
1,1,0,9.0,19.0,3.0,10.0,6.0,6.0,11.0,23.0,5.0,15.0,5.0,6.0,0.0942134332262204,0.47704590818363274,0.0905385391386661,0.5,1.0,2.0,False,2023
0,23,28,12.0,13.0,8.0,8.0,9.0,9.0,19.0,29.0,8.0,14.0,11.0,13.0,0.05415503032682156,0.44946236559139785,0.11714190482131781,0.4069264069264069,2.0,2.0,True,2023
1,15,2,7.0,14.0,4.0,10.0,4.0,6.0,14.0,25.0,5.0,10.0,6.0,11.0,0.1323574416845713,0.4360086767895879,0.10652957851841083,0.6045977011494252,1.0,3.0,False,2023
1,9,19,7.0,19.0,4.0,9.0,13.0,15.0,12.0,19.0,4.0,9.0,5.0,5.0,0.08128727420640747,0.4261954261954262,0.02294331778280569,0.3456521739130435,2.0,2.0,True,2023
0,14,10,12.0,22.0,3.0,7.0,8.0,10.0,8.0,16.0,6.0,9.0,6.0,6.0,0.053250584246602325,0.4322033898305085,0.06725892834592953,0.3678646934460888,3.0,2.0,False,2023
1,10,14,8.0,16.0,6.0,9.0,6.0,6.0,12.0,22.0,3.0,7.0,8.0,10.0,0.06725892834592953,0.3678646934460888,0.04260046739728186,0.4312896405919662,2.0,3.0,True,2023
1,8,5,10.0,16.0,3.0,9.0,10.0,10.0,7.0,14.0,3.0,9.0,4.0,7.0,0.08613490847075049,0.46234309623430964,0.08585041601005569,0.4578059071729958,2.0,2.0,True,2023
0,2,15,14.0,25.0,5.0,10.0,6.0,11.0,7.0,14.0,4.0,10.0,4.0,6.0,0.10652957851841083,0.6045977011494252,0.10588595334765705,0.43506493506493504,3.0,1.0,True,2023
0,19,9,12.0,19.0,4.0,9.0,5.0,5.0,7.0,19.0,4.0,9.0,13.0,15.0,0.02294331778280569,0.3456521739130435,0.10502981936512597,0.42738589211618255,2.0,2.0,False,2023
1,6,3,9.0,21.0,2.0,8.0,6.0,8.0,10.0,22.0,5.0,9.0,6.0,8.0,0.06745685835105493,0.5030800821355236,0.13310592836437724,0.4405010438413361,2.0,4.0,False,2023
0,26,24,12.0,25.0,2.0,8.0,6.0,7.0,9.0,17.0,2.0,6.0,5.0,7.0,0.1333741490334082,0.4759916492693111,0.1267653284501242,0.5800604229607251,2.0,2.0,True,2023
0,3,6,10.0,22.0,5.0,9.0,6.0,8.0,9.0,21.0,2.0,8.0,6.0,8.0,0.13310592836437724,0.4405010438413361,0.053965486680843944,0.5020491803278688,4.0,2.0,True,2023
1,24,26,9.0,17.0,2.0,6.0,5.0,7.0,12.0,25.0,2.0,8.0,6.0,7.0,0.1267653284501242,0.5800604229607251,0.14669931922672655,0.47708333333333336,2.0,2.0,False,2023
0,5,8,7.0,14.0,3.0,9.0,4.0,7.0,10.0,16.0,3.0,9.0,10.0,10.0,0.08585041601005569,0.4578059071729958,0.1089079267766004,0.46346555323590816,2.0,2.0,False,2023
0,5,4,6.0,16.0,3.0,9.0,5.0,5.0,14.0,23.0,4.0,6.0,4.0,8.0,0.06868033280804456,0.4568421052631579,0.14453050154594432,0.6590909090909091,1.0,3.0,False,2023
1,14,20,11.0,17.0,1.0,7.0,2.0,2.0,12.0,16.0,6.0,9.0,5.0,5.0,0.04260046739728186,0.4312896405919662,0.10154880662905899,0.6066536203522505,1.0,3.0,False,2023
1,11,17,14.0,23.0,4.0,12.0,8.0,9.0,9.0,19.0,4.0,10.0,12.0,14.0,0.12543232081667038,0.5888223552894212,0.02720658144059108,0.5040485829959515,2.0,3.0,False,2023
0,20,14,12.0,16.0,6.0,9.0,5.0,5.0,11.0,17.0,1.0,7.0,2.0,2.0,0.10154880662905899,0.6066536203522505,0.03408037391782549,0.43037974683544306,3.0,1.0,True,2023
1,25,22,11.0,22.0,3.0,12.0,11.0,12.0,11.0,17.0,3.0,5.0,6.0,6.0,0.10574753314047787,0.6023391812865497,0.07699832637943674,0.49166666666666664,3.0,2.0,False,2023
0,22,25,11.0,17.0,3.0,5.0,6.0,6.0,11.0,22.0,3.0,12.0,11.0,12.0,0.07699832637943674,0.49166666666666664,0.0845980265123823,0.6011673151750972,2.0,3.0,True,2023
1,23,9,11.0,18.0,2.0,5.0,6.0,8.0,7.0,16.0,4.0,7.0,14.0,16.0,0.08332402426145726,0.45064377682403434,0.10502981936512597,0.42738589211618255,2.0,1.0,True,2023
0,9,23,7.0,16.0,4.0,7.0,14.0,16.0,11.0,18.0,2.0,5.0,6.0,8.0,0.10502981936512597,0.42738589211618255,0.10665921940916578,0.4518201284796574,1.0,2.0,False,2023
1,4,5,14.0,23.0,4.0,6.0,4.0,8.0,6.0,16.0,3.0,9.0,5.0,5.0,0.14453050154594432,0.6590909090909091,0.05494426624643565,0.45588235294117646,3.0,1.0,True,2023
0,17,11,9.0,19.0,4.0,10.0,12.0,14.0,14.0,23.0,4.0,12.0,8.0,9.0,0.02720658144059108,0.5040485829959515,0.10034585665333631,0.5876494023904383,3.0,2.0,True,2023
0,18,27,8.0,19.0,4.0,9.0,7.0,8.0,8.0,15.0,3.0,6.0,4.0,5.0,0.14675736850522328,0.623046875,0.144095023865519,0.3982494529540481,2.0,2.0,True,2023
1,16,1,14.0,20.0,3.0,8.0,8.0,11.0,12.0,18.0,4.0,9.0,9.0,9.0,0.15267091525078516,0.4896265560165975,0.07537074658097632,0.4760956175298805,2.0,2.0,True,2023
1,29,7,10.0,18.0,3.0,6.0,12.0,13.0,11.0,17.0,4.0,8.0,10.0,12.0,0.10936784103634609,0.5173824130879345,0.0853692953265804,0.49899396378269617,3.0,3.0,True,2023
0,7,29,11.0,17.0,4.0,8.0,10.0,12.0,10.0,18.0,3.0,6.0,12.0,13.0,0.0853692953265804,0.49899396378269617,0.12749427282907688,0.5183673469387755,3.0,3.0,False,2023
1,13,0,11.0,27.0,6.0,10.0,9.0,11.0,9.0,18.0,4.0,10.0,4.0,6.0,0.08333162244180686,0.4909090909090909,0.0905385391386661,0.5,2.0,2.0,False,2023
0,0,13,9.0,18.0,4.0,10.0,4.0,6.0,11.0,27.0,6.0,10.0,9.0,11.0,0.0905385391386661,0.5,0.06666529795344549,0.4899193548387097,2.0,2.0,True,2023
1,27,18,8.0,15.0,3.0,6.0,4.0,5.0,8.0,19.0,4.0,9.0,7.0,8.0,0.144095023865519,0.3982494529540481,0.1574058948041786,0.6237816764132553,2.0,2.0,False,2023
1,12,28,11.0,19.0,4.0,7.0,11.0,14.0,10.0,16.0,6.0,10.0,7.0,7.0,0.12174506291842599,0.556640625,0.11714190482131781,0.4069264069264069,3.0,2.0,True,2023
0,1,16,12.0,18.0,4.0,9.0,9.0,9.0,14.0,20.0,3.0,8.0,8.0,11.0,0.07537074658097632,0.4760956175298805,0.16213673220062813,0.4906832298136646,2.0,2.0,False,2023
0,28,12,10.0,16.0,6.0,10.0,7.0,7.0,11.0,19.0,4.0,7.0,11.0,14.0,0.11714190482131781,0.4069264069264069,0.1373960503347408,0.557504873294347,2.0,3.0,False,2023
1,10,28,7.0,17.0,4.0,7.0,7.0,8.0,10.0,20.0,5.0,10.0,9.0,10.0,0.09380714267674362,0.3691983122362869,0.09371352385705425,0.4060475161987041,2.0,1.0,True,2023
0,28,10,10.0,20.0,5.0,10.0,9.0,10.0,7.0,17.0,4.0,7.0,7.0,8.0,0.09371352385705425,0.4060475161987041,0.11504571414139489,0.3705263157894737,1.0,2.0,False,2023
1,8,21,10.0,23.0,4.0,8.0,9.0,9.0,7.0,20.0,3.0,10.0,4.0,5.0,0.1089079267766004,0.46346555323590816,0.07882536417542343,0.43013100436681223,2.0,3.0,True,2023
0,21,8,7.0,20.0,3.0,10.0,4.0,5.0,10.0,23.0,4.0,8.0,9.0,9.0,0.07882536417542343,0.43013100436681223,0.12712634142128032,0.46458333333333335,3.0,2.0,False,2023
1,24,26,13.0,15.0,4.0,7.0,6.0,8.0,10.0,15.0,2.0,7.0,9.0,9.0,0.10141226276009936,0.5783132530120482,0.14669931922672655,0.47708333333333336,2.0,2.0,True,2023
0,3,6,11.0,24.0,3.0,9.0,6.0,9.0,11.0,19.0,5.0,8.0,8.0,8.0,0.1464847426915018,0.44166666666666665,0.053965486680843944,0.5020491803278688,2.0,2.0,True,2023
0,26,24,10.0,15.0,2.0,7.0,9.0,9.0,13.0,15.0,4.0,7.0,6.0,8.0,0.14669931922672655,0.47708333333333336,0.12112981020807949,0.5795795795795796,2.0,2.0,False,2023
1,6,3,11.0,19.0,5.0,8.0,8.0,8.0,11.0,24.0,3.0,9.0,6.0,9.0,0.053965486680843944,0.5020491803278688,0.15718779415320144,0.44282744282744285,2.0,2.0,False,2023
0,5,14,11.0,17.0,4.0,8.0,5.0,9.0,9.0,14.0,6.0,9.0,7.0,7.0,0.05494426624643565,0.45588235294117646,0.03408037391782549,0.43037974683544306,2.0,2.0,False,2023
0,7,15,11.0,16.0,6.0,10.0,12.0,14.0,10.0,18.0,6.0,12.0,7.0,9.0,0.06829543626126432,0.4979919678714859,0.10588595334765705,0.43506493506493504,2.0,3.0,False,2023
1,15,7,10.0,18.0,6.0,12.0,7.0,9.0,11.0,16.0,6.0,10.0,12.0,14.0,0.10588595334765705,0.43506493506493504,0.05463634900901145,0.4969939879759519,3.0,2.0,True,2023
0,19,25,7.0,13.0,2.0,6.0,4.0,5.0,12.0,19.0,3.0,10.0,6.0,10.0,0.018354654226244552,0.34490238611713664,0.0845980265123823,0.6011673151750972,3.0,2.0,False,2023
1,25,19,12.0,19.0,3.0,10.0,6.0,10.0,7.0,13.0,2.0,6.0,4.0,5.0,0.0845980265123823,0.6011673151750972,0.014683723380995642,0.34415584415584416,2.0,3.0,True,2023
1,13,21,12.0,23.0,2.0,9.0,8.0,10.0,11.0,22.0,3.0,8.0,6.0,6.0,0.06666529795344549,0.4899193548387097,0.06306029134033875,0.42919389978213507,2.0,1.0,False,2023
1,14,5,9.0,14.0,6.0,9.0,7.0,7.0,11.0,17.0,4.0,8.0,5.0,9.0,0.03408037391782549,0.43037974683544306,0.043955412997148516,0.4549266247379455,2.0,2.0,True,2023
1,11,4,9.0,17.0,4.0,10.0,4.0,7.0,10.0,15.0,6.0,10.0,4.0,6.0,0.10034585665333631,0.5876494023904383,0.15562440123675544,0.6597353497164461,2.0,2.0,False,2023
1,17,27,9.0,20.0,4.0,11.0,5.0,5.0,12.0,20.0,6.0,9.0,3.0,4.0,0.06176526515247287,0.5050505050505051,0.11527601909241521,0.39737991266375544,2.0,2.0,False,2023
0,4,11,10.0,15.0,6.0,10.0,4.0,6.0,9.0,17.0,4.0,10.0,4.0,7.0,0.15562440123675544,0.6597353497164461,0.08027668532266904,0.5864811133200796,2.0,2.0,True,2023
0,26,29,12.0,24.0,5.0,8.0,8.0,9.0,15.0,21.0,4.0,8.0,7.0,11.0,0.11735945538138123,0.4760914760914761,0.12749427282907688,0.5183673469387755,1.0,2.0,False,2023
0,1,16,9.0,16.0,2.0,6.0,5.0,7.0,10.0,13.0,10.0,11.0,8.0,9.0,0.06029659726478106,0.47514910536779326,0.16213673220062813,0.4906832298136646,2.0,2.0,False,2023
1,29,26,15.0,21.0,4.0,8.0,7.0,11.0,12.0,24.0,5.0,8.0,8.0,9.0,0.12749427282907688,0.5183673469387755,0.09388756430510499,0.475103734439834,2.0,1.0,True,2023
1,0,18,10.0,19.0,6.0,13.0,7.0,8.0,13.0,23.0,4.0,8.0,19.0,22.0,0.11243083131093287,0.5068493150684932,0.1574058948041786,0.6237816764132553,2.0,2.0,True,2023
0,18,0,13.0,23.0,4.0,8.0,19.0,22.0,10.0,19.0,6.0,13.0,7.0,8.0,0.1574058948041786,0.6237816764132553,0.1299446650487463,0.5135135135135135,2.0,2.0,False,2023
0,21,13,11.0,22.0,3.0,8.0,6.0,6.0,12.0,23.0,2.0,9.0,8.0,10.0,0.06306029134033875,0.42919389978213507,0.05333223836275639,0.48893360160965793,1.0,2.0,True,2023
1,2,22,13.0,24.0,5.0,9.0,5.0,6.0,9.0,13.0,1.0,5.0,5.0,6.0,0.12522366281472866,0.6055045871559633,0.1015986611035494,0.49272349272349275,3.0,2.0,True,2023
0,22,2,9.0,13.0,1.0,5.0,5.0,6.0,13.0,24.0,5.0,9.0,5.0,6.0,0.1015986611035494,0.49272349272349275,0.1401789302517829,0.6064073226544623,2.0,3.0,False,2023
1,16,1,10.0,13.0,10.0,11.0,8.0,9.0,9.0,16.0,2.0,6.0,5.0,7.0,0.16213673220062813,0.4906832298136646,0.048237277811824845,0.4742063492063492,2.0,2.0,True,2023
0,27,17,12.0,20.0,6.0,9.0,3.0,4.0,9.0,20.0,4.0,11.0,5.0,5.0,0.11527601909241521,0.39737991266375544,0.04941221212197829,0.5040322580645161,2.0,2.0,True,2023
1,24,8,7.0,16.0,4.0,8.0,5.0,6.0,12.0,22.0,10.0,12.0,5.0,5.0,0.12112981020807949,0.5795795795795796,0.12712634142128032,0.46458333333333335,2.0,2.0,False,2023
1,15,11,10.0,21.0,6.0,12.0,5.0,6.0,14.0,16.0,3.0,7.0,3.0,6.0,0.12470876267812563,0.43628509719222464,0.08027668532266904,0.5864811133200796,1.0,1.0,True,2023
0,11,15,14.0,16.0,3.0,7.0,3.0,6.0,10.0,21.0,6.0,12.0,5.0,6.0,0.08027668532266904,0.5864811133200796,0.1397670101425005,0.4375,1.0,1.0,False,2023
1,7,18,9.0,18.0,3.0,8.0,9.0,9.0,14.0,19.0,7.0,11.0,11.0,13.0,0.05463634900901145,0.4969939879759519,0.1259247158433429,0.622568093385214,1.0,1.0,True,2023
0,18,7,14.0,19.0,7.0,11.0,11.0,13.0,9.0,18.0,3.0,8.0,9.0,9.0,0.1259247158433429,0.622568093385214,0.08370907920720917,0.498,1.0,1.0,False,2023
1,12,6,9.0,16.0,5.0,9.0,5.0,7.0,9.0,19.0,5.0,9.0,10.0,11.0,0.1373960503347408,0.557504873294347,0.043172389344675155,0.5010224948875256,3.0,2.0,False,2023
0,6,12,9.0,19.0,5.0,9.0,10.0,11.0,9.0,16.0,5.0,9.0,5.0,7.0,0.043172389344675155,0.5010224948875256,0.10991684026779265,0.556420233463035,2.0,3.0,True,2023
1,9,22,9.0,20.0,4.0,7.0,7.0,8.0,12.0,17.0,4.0,12.0,5.0,5.0,0.08402385549210077,0.42650103519668736,0.08127892888283952,0.491701244813278,3.0,1.0,True,2023
1,20,4,10.0,20.0,5.0,10.0,10.0,11.0,13.0,22.0,3.0,6.0,5.0,7.0,0.12123904530324718,0.607421875,0.16449952098940437,0.660377358490566,3.0,1.0,True,2023
0,4,20,13.0,22.0,3.0,6.0,5.0,7.0,10.0,20.0,5.0,10.0,10.0,11.0,0.16449952098940437,0.660377358490566,0.13699123624259774,0.6081871345029239,1.0,3.0,False,2023
0,22,9,12.0,17.0,4.0,12.0,5.0,5.0,9.0,20.0,4.0,7.0,7.0,8.0,0.08127892888283952,0.491701244813278,0.10721908439368062,0.42768595041322316,1.0,3.0,False,2023
0,8,24,12.0,22.0,10.0,12.0,5.0,5.0,7.0,16.0,4.0,8.0,5.0,6.0,0.12712634142128032,0.46458333333333335,0.0969038481664636,0.5778443113772455,2.0,2.0,True,2023
0,6,10,13.0,22.0,6.0,9.0,12.0,12.0,8.0,13.0,2.0,5.0,7.0,9.0,0.07453791147574013,0.5020408163265306,0.11504571414139489,0.3705263157894737,1.0,3.0,False,2023
0,27,29,13.0,19.0,3.0,8.0,4.0,4.0,7.0,14.0,6.0,14.0,7.0,8.0,0.13222081527393217,0.39869281045751637,0.1419954182632615,0.5193482688391039,2.0,2.0,True,2023
1,25,14,11.0,21.0,5.0,10.0,4.0,4.0,9.0,17.0,5.0,11.0,4.0,6.0,0.10767842120990583,0.6019417475728155,0.0672642991342604,0.43157894736842106,2.0,2.0,True,2023
0,14,25,9.0,17.0,5.0,11.0,4.0,6.0,11.0,21.0,5.0,10.0,4.0,4.0,0.0672642991342604,0.43157894736842106,0.12614273696792466,0.6027131782945736,2.0,2.0,False,2023
1,17,26,11.0,21.0,3.0,6.0,8.0,11.0,9.0,17.0,5.0,10.0,13.0,15.0,0.04941221212197829,0.5040322580645161,0.09388756430510499,0.475103734439834,2.0,2.0,False,2023
0,26,17,9.0,17.0,5.0,10.0,13.0,15.0,11.0,21.0,3.0,6.0,8.0,11.0,0.09388756430510499,0.475103734439834,0.03952976969758264,0.5030181086519114,2.0,2.0,True,2023
1,10,6,8.0,13.0,2.0,5.0,7.0,9.0,13.0,22.0,6.0,9.0,12.0,12.0,0.11504571414139489,0.3705263157894737,0.0596303291805921,0.5010183299389002,3.0,1.0,True,2023
1,29,27,7.0,14.0,6.0,14.0,7.0,8.0,13.0,19.0,3.0,8.0,4.0,4.0,0.1419954182632615,0.5193482688391039,0.14577665221914574,0.4,2.0,2.0,False,2023
1,0,23,8.0,23.0,5.0,13.0,8.0,9.0,10.0,17.0,4.0,9.0,8.0,12.0,0.1299446650487463,0.5135135135135135,0.10665921940916578,0.4518201284796574,2.0,4.0,False,2023
1,3,1,8.0,16.0,4.0,9.0,8.0,8.0,10.0,17.0,5.0,11.0,5.0,6.0,0.15718779415320144,0.44282744282744285,0.048237277811824845,0.4742063492063492,3.0,2.0,True,2023
1,9,16,8.0,20.0,3.0,8.0,11.0,12.0,11.0,18.0,4.0,9.0,9.0,11.0,0.10721908439368062,0.42768595041322316,0.1697093857605025,0.49173553719008267,1.0,2.0,False,2023
0,5,2,8.0,18.0,2.0,7.0,3.0,5.0,18.0,29.0,4.0,10.0,7.0,8.0,0.043955412997148516,0.4549266247379455,0.1401789302517829,0.6064073226544623,2.0,2.0,False,2023
1,2,5,18.0,29.0,4.0,10.0,7.0,8.0,8.0,18.0,2.0,7.0,3.0,5.0,0.1401789302517829,0.6064073226544623,0.03516433039771881,0.45397489539748953,2.0,2.0,True,2023
0,16,9,11.0,18.0,4.0,9.0,9.0,11.0,8.0,20.0,3.0,8.0,11.0,12.0,0.1697093857605025,0.49173553719008267,0.08577526751494449,0.4268041237113402,2.0,1.0,True,2023
0,23,0,10.0,17.0,4.0,9.0,8.0,12.0,8.0,23.0,5.0,13.0,8.0,9.0,0.10665921940916578,0.4518201284796574,0.10395573203899704,0.5066666666666667,4.0,2.0,True,2023
1,21,13,9.0,22.0,3.0,8.0,5.0,7.0,12.0,29.0,7.0,16.0,9.0,10.0,0.090448233072271,0.43043478260869567,0.05333223836275639,0.48893360160965793,2.0,2.0,True,2023
0,1,3,10.0,17.0,5.0,11.0,5.0,6.0,8.0,16.0,4.0,9.0,8.0,8.0,0.048237277811824845,0.4742063492063492,0.16575023532256114,0.44398340248962653,2.0,3.0,False,2023
0,13,21,12.0,29.0,7.0,16.0,9.0,10.0,9.0,22.0,3.0,8.0,5.0,7.0,0.05333223836275639,0.48893360160965793,0.1123585864578168,0.4316702819956616,2.0,2.0,False,2023
1,22,13,9.0,19.0,2.0,8.0,8.0,8.0,8.0,17.0,4.0,10.0,5.0,5.0,0.06502314310627162,0.4906832298136646,0.04266579069020511,0.4879518072289157,2.0,1.0,False,2023
1,28,1,14.0,19.0,5.0,9.0,7.0,9.0,8.0,14.0,3.0,7.0,10.0,12.0,0.0749708190856434,0.4051724137931034,0.03858982224945988,0.47326732673267324,4.0,1.0,True,2023
1,11,7,8.0,22.0,3.0,10.0,11.0,12.0,7.0,19.0,3.0,9.0,8.0,8.0,0.06422134825813523,0.5853174603174603,0.08370907920720917,0.498,2.0,2.0,False,2023
0,7,11,7.0,19.0,3.0,9.0,8.0,8.0,8.0,22.0,3.0,10.0,11.0,12.0,0.08370907920720917,0.498,0.051377078606508184,0.5841584158415841,2.0,2.0,True,2023
1,15,23,11.0,20.0,3.0,6.0,9.0,11.0,8.0,15.0,2.0,5.0,6.0,8.0,0.1397670101425005,0.4375,0.1253273755273326,0.452991452991453,2.0,1.0,False,2023
0,23,15,8.0,15.0,2.0,5.0,6.0,8.0,11.0,20.0,3.0,6.0,9.0,11.0,0.1253273755273326,0.452991452991453,0.1118136081140004,0.43655913978494626,1.0,2.0,True,2023
1,17,8,7.0,15.0,3.0,7.0,4.0,4.0,12.0,19.0,3.0,7.0,5.0,5.0,0.03952976969758264,0.5030181086519114,0.14170107313702424,0.4656964656964657,1.0,2.0,False,2023
0,8,17,12.0,19.0,3.0,7.0,5.0,5.0,7.0,15.0,3.0,7.0,4.0,4.0,0.14170107313702424,0.4656964656964657,0.03162381575806611,0.5020080321285141,2.0,1.0,True,2023
0,27,24,9.0,16.0,3.0,5.0,7.0,9.0,8.0,13.0,8.0,10.0,3.0,5.0,0.14577665221914574,0.4,0.0969038481664636,0.5778443113772455,1.0,2.0,False,2023
0,13,22,8.0,17.0,4.0,10.0,5.0,5.0,9.0,19.0,2.0,8.0,8.0,8.0,0.04266579069020511,0.4879518072289157,0.0520185144850173,0.4896694214876033,1.0,2.0,True,2023
1,19,4,9.0,19.0,3.0,6.0,11.0,12.0,13.0,23.0,6.0,8.0,8.0,10.0,0.014683723380995642,0.34415584415584416,0.1315996167915235,0.6591337099811676,3.0,2.0,False,2023
0,4,19,13.0,23.0,6.0,8.0,8.0,10.0,9.0,19.0,3.0,6.0,11.0,12.0,0.1315996167915235,0.6591337099811676,0.011746978704796514,0.3434125269978402,2.0,3.0,True,2023
1,20,18,8.0,14.0,3.0,7.0,9.0,11.0,12.0,21.0,2.0,6.0,3.0,5.0,0.13699123624259774,0.6081871345029239,0.10073977267467431,0.6213592233009708,2.0,2.0,True,2023
0,18,20,12.0,21.0,2.0,6.0,3.0,5.0,8.0,14.0,3.0,7.0,9.0,11.0,0.10073977267467431,0.6213592233009708,0.1495929889940782,0.6089494163424124,2.0,2.0,False,2023
1,24,27,8.0,13.0,8.0,10.0,3.0,5.0,9.0,16.0,3.0,5.0,7.0,9.0,0.0969038481664636,0.5778443113772455,0.11662132177531659,0.39913232104121477,2.0,1.0,True,2023
0,1,28,8.0,14.0,3.0,7.0,10.0,12.0,14.0,19.0,5.0,9.0,7.0,9.0,0.03858982224945988,0.47326732673267324,0.09997665526851472,0.4064516129032258,1.0,4.0,False,2023
0,21,26,16.0,24.0,5.0,9.0,6.0,7.0,14.0,22.0,6.0,11.0,8.0,9.0,0.1123585864578168,0.4316702819956616,0.115110051444084,0.47619047619047616,2.0,2.0,True,2023
0,10,16,9.0,21.0,5.0,12.0,4.0,6.0,10.0,19.0,4.0,8.0,12.0,14.0,0.1320365713131159,0.37184873949579833,0.175767508608402,0.4927835051546392,2.0,2.0,False,2023
1,25,12,10.0,20.0,4.0,9.0,6.0,6.0,13.0,21.0,6.0,10.0,7.0,8.0,0.12614273696792466,0.6027131782945736,0.10991684026779265,0.556420233463035,2.0,3.0,True,2023
0,12,25,13.0,21.0,6.0,10.0,7.0,8.0,10.0,20.0,4.0,9.0,6.0,6.0,0.10991684026779265,0.556420233463035,0.1409141895743397,0.6034816247582205,3.0,2.0,False,2023
1,14,2,14.0,21.0,3.0,7.0,3.0,5.0,11.0,19.0,4.0,7.0,4.0,5.0,0.05381143930740832,0.43067226890756305,0.15214314420142633,0.6073059360730594,2.0,2.0,True,2023
1,26,21,14.0,22.0,6.0,11.0,8.0,9.0,16.0,24.0,5.0,9.0,6.0,7.0,0.115110051444084,0.47619047619047616,0.12988686916625344,0.4329004329004329,2.0,2.0,False,2023
1,0,8,14.0,25.0,8.0,15.0,4.0,5.0,9.0,22.0,4.0,7.0,7.0,7.0,0.10395573203899704,0.5066666666666667,0.1533608585096194,0.46680497925311204,2.0,1.0,True,2023
1,9,3,11.0,22.0,3.0,7.0,11.0,12.0,15.0,33.0,5.0,12.0,9.0,9.0,0.08577526751494449,0.4268041237113402,0.16575023532256114,0.44398340248962653,2.0,2.0,True,2023
0,3,9,15.0,33.0,5.0,12.0,9.0,9.0,11.0,22.0,3.0,7.0,11.0,12.0,0.16575023532256114,0.44398340248962653,0.10862021401195558,0.4279835390946502,2.0,2.0,False,2023
1,16,10,10.0,19.0,4.0,8.0,12.0,14.0,9.0,21.0,5.0,12.0,4.0,6.0,0.175767508608402,0.4927835051546392,0.10562925705049273,0.3710691823899371,2.0,2.0,True,2023
0,8,0,9.0,22.0,4.0,7.0,7.0,7.0,14.0,25.0,8.0,15.0,4.0,5.0,0.1533608585096194,0.46680497925311204,0.12316458563119763,0.5131578947368421,1.0,2.0,False,2023
0,2,14,11.0,19.0,4.0,7.0,4.0,5.0,14.0,21.0,3.0,7.0,3.0,5.0,0.15214314420142633,0.6073059360730594,0.08304915144592666,0.43186582809224316,2.0,2.0,False,2023
0,19,26,8.0,18.0,5.0,8.0,3.0,4.0,11.0,19.0,3.0,7.0,6.0,7.0,0.011746978704796514,0.3434125269978402,0.0920880411552672,0.47520661157024796,2.0,1.0,False,2023
1,26,19,11.0,19.0,3.0,7.0,6.0,7.0,8.0,18.0,5.0,8.0,3.0,4.0,0.0920880411552672,0.47520661157024796,0.009397582963837211,0.3426724137931034,1.0,2.0,True,2023
0,13,18,9.0,20.0,5.0,10.0,4.0,4.0,8.0,17.0,5.0,9.0,8.0,9.0,0.0741326325521641,0.48897795591182364,0.08059181813973945,0.6201550387596899,2.0,2.0,False,2023
1,18,13,8.0,17.0,5.0,9.0,8.0,9.0,9.0,20.0,5.0,10.0,4.0,4.0,0.08059181813973945,0.6201550387596899,0.059306106041731275,0.488,2.0,2.0,True,2023
1,7,23,8.0,18.0,2.0,5.0,12.0,15.0,13.0,22.0,5.0,10.0,3.0,5.0,0.10696726336576734,0.499001996007984,0.1402619004218661,0.4541577825159915,2.0,2.0,True,2023
0,15,17,7.0,14.0,5.0,9.0,5.0,8.0,10.0,27.0,6.0,13.0,4.0,4.0,0.1118136081140004,0.43655913978494626,0.03162381575806611,0.5020080321285141,2.0,2.0,True,2023
1,17,15,10.0,27.0,6.0,13.0,4.0,4.0,7.0,14.0,5.0,9.0,5.0,8.0,0.03162381575806611,0.5020080321285141,0.12945088649120035,0.43776824034334766,2.0,2.0,False,2023
0,12,28,8.0,16.0,4.0,10.0,2.0,2.0,8.0,14.0,5.0,10.0,6.0,11.0,0.08793347221423412,0.5553398058252427,0.09997665526851472,0.4064516129032258,1.0,2.0,False,2023
1,5,11,8.0,14.0,3.0,7.0,5.0,7.0,15.0,25.0,6.0,11.0,5.0,6.0,0.03516433039771881,0.45397489539748953,0.051377078606508184,0.5841584158415841,3.0,2.0,False,2023
0,11,5,15.0,25.0,6.0,11.0,5.0,6.0,8.0,14.0,3.0,7.0,5.0,7.0,0.051377078606508184,0.5841584158415841,0.028131464318175047,0.453027139874739,2.0,3.0,True,2023
0,29,27,13.0,20.0,2.0,4.0,11.0,14.0,12.0,16.0,3.0,7.0,4.0,6.0,0.11359633461060921,0.5182926829268293,0.11662132177531659,0.39913232104121477,3.0,2.0,True,2023
1,16,24,12.0,28.0,2.0,9.0,12.0,12.0,13.0,18.0,7.0,7.0,6.0,9.0,0.18061400688672158,0.49382716049382713,0.11752307853317087,0.5791044776119403,1.0,2.0,False,2023
0,24,16,13.0,18.0,7.0,7.0,6.0,9.0,12.0,28.0,2.0,9.0,12.0,12.0,0.11752307853317087,0.5791044776119403,0.14449120550937727,0.4928131416837782,2.0,1.0,True,2023
1,22,4,11.0,21.0,5.0,6.0,6.0,9.0,20.0,30.0,3.0,6.0,10.0,14.0,0.0520185144850173,0.4896694214876033,0.1452796934332188,0.6597744360902256,2.0,2.0,False,2023
0,4,22,20.0,30.0,3.0,6.0,10.0,14.0,11.0,21.0,5.0,6.0,6.0,9.0,0.1452796934332188,0.6597744360902256,0.04161481158801384,0.488659793814433,2.0,2.0,True,2023
0,23,7,13.0,22.0,5.0,10.0,3.0,5.0,8.0,18.0,2.0,5.0,12.0,15.0,0.1402619004218661,0.4541577825159915,0.12557381069261386,0.5,2.0,2.0,False,2023
1,27,29,12.0,16.0,3.0,7.0,4.0,6.0,13.0,20.0,2.0,4.0,11.0,14.0,0.11662132177531659,0.39913232104121477,0.13087706768848736,0.5192697768762677,2.0,3.0,False,2023
1,6,1,11.0,18.0,5.0,9.0,7.0,8.0,11.0,22.0,4.0,10.0,5.0,9.0,0.0596303291805921,0.5010183299389002,0.030871857799567904,0.4723320158102767,3.0,2.0,True,2023
0,1,6,11.0,22.0,4.0,10.0,5.0,9.0,11.0,18.0,5.0,9.0,7.0,8.0,0.030871857799567904,0.4723320158102767,0.08770426334447368,0.5020325203252033,2.0,3.0,False,2023
1,28,12,8.0,14.0,5.0,10.0,6.0,11.0,8.0,16.0,4.0,10.0,2.0,2.0,0.09997665526851472,0.4064516129032258,0.07034677777138729,0.5542635658914729,2.0,1.0,True,2023
0,8,20,13.0,22.0,6.0,10.0,5.0,6.0,7.0,15.0,4.0,10.0,5.0,8.0,0.12268868680769551,0.4658385093167702,0.1495929889940782,0.6089494163424124,2.0,3.0,True,2023
1,20,8,7.0,15.0,4.0,10.0,5.0,8.0,13.0,22.0,6.0,10.0,5.0,6.0,0.1495929889940782,0.6089494163424124,0.1381509494461564,0.4669421487603306,3.0,2.0,False,2023
1,4,2,11.0,27.0,3.0,8.0,2.0,4.0,13.0,20.0,8.0,10.0,8.0,8.0,0.15622375474657504,0.6604127579737336,0.12171451536114106,0.6059225512528473,1.0,2.0,False,2023
0,2,4,13.0,20.0,8.0,10.0,8.0,8.0,11.0,27.0,3.0,8.0,2.0,4.0,0.12171451536114106,0.6059225512528473,0.12497900379726004,0.6591760299625468,2.0,1.0,True,2023
1,22,26,10.0,16.0,3.0,8.0,7.0,8.0,11.0,22.0,2.0,8.0,17.0,17.0,0.04161481158801384,0.488659793814433,0.11367043292421375,0.4762886597938144,2.0,2.0,True,2023
0,24,16,6.0,14.0,2.0,7.0,3.0,5.0,9.0,18.0,5.0,10.0,5.0,5.0,0.1340184628265367,0.5803571428571429,0.14449120550937727,0.4928131416837782,2.0,2.0,False,2023
1,17,15,10.0,20.0,4.0,10.0,4.0,7.0,9.0,14.0,4.0,8.0,6.0,6.0,0.025299052606452887,0.501002004008016,0.12945088649120035,0.43776824034334766,2.0,2.0,False,2023
0,15,17,9.0,14.0,4.0,8.0,6.0,6.0,10.0,20.0,4.0,10.0,4.0,7.0,0.12945088649120035,0.43776824034334766,0.02023924208516231,0.5,2.0,2.0,True,2023
1,7,20,11.0,20.0,4.0,9.0,7.0,8.0,10.0,23.0,2.0,9.0,4.0,10.0,0.12557381069261386,0.5,0.11967439119526255,0.6077669902912621,2.0,1.0,True,2023
1,14,10,9.0,15.0,9.0,14.0,3.0,3.0,11.0,17.0,2.0,5.0,13.0,14.0,0.08304915144592666,0.43186582809224316,0.10562925705049273,0.3710691823899371,3.0,3.0,False,2023
1,1,19,12.0,20.0,7.0,13.0,10.0,16.0,8.0,20.0,3.0,9.0,5.0,8.0,0.024697486239654322,0.4714003944773176,0.009397582963837211,0.3426724137931034,2.0,2.0,True,2023
1,18,25,9.0,14.0,3.0,6.0,11.0,12.0,13.0,19.0,3.0,10.0,6.0,7.0,0.10447345451179157,0.620889748549323,0.1409141895743397,0.6034816247582205,2.0,3.0,True,2023
0,25,18,13.0,19.0,3.0,10.0,6.0,7.0,9.0,14.0,3.0,6.0,11.0,12.0,0.1409141895743397,0.6034816247582205,0.12357876360943325,0.6216216216216216,3.0,2.0,False,2023
1,23,29,8.0,18.0,4.0,7.0,7.0,8.0,15.0,26.0,3.0,4.0,8.0,10.0,0.11220952033749287,0.4531914893617021,0.13087706768848736,0.5192697768762677,2.0,2.0,False,2023
0,29,23,15.0,26.0,3.0,4.0,8.0,10.0,8.0,18.0,4.0,7.0,7.0,8.0,0.13087706768848736,0.5192697768762677,0.0897676162699943,0.45222929936305734,2.0,2.0,True,2023
1,16,24,9.0,18.0,5.0,10.0,5.0,5.0,6.0,14.0,2.0,7.0,3.0,5.0,0.14449120550937727,0.4928131416837782,0.10721477026122936,0.5786350148367952,2.0,2.0,True,2023
0,20,7,10.0,23.0,2.0,9.0,4.0,10.0,11.0,20.0,4.0,9.0,7.0,8.0,0.11967439119526255,0.6077669902912621,0.14045904855409108,0.5009940357852882,1.0,2.0,False,2023
0,11,2,10.0,21.0,2.0,8.0,10.0,10.0,12.0,19.0,5.0,13.0,10.0,11.0,0.08110166288520657,0.5849802371541502,0.13737161228891287,0.6068181818181818,2.0,1.0,False,2023
0,19,1,8.0,20.0,3.0,9.0,5.0,8.0,12.0,20.0,7.0,13.0,10.0,16.0,0.009397582963837211,0.3426724137931034,0.05975798899172345,0.47244094488188976,2.0,2.0,False,2023
1,6,9,16.0,24.0,5.0,8.0,5.0,5.0,9.0,15.0,3.0,7.0,6.0,6.0,0.08770426334447368,0.5020325203252033,0.10862021401195558,0.4279835390946502,2.0,3.0,True,2023
0,26,22,11.0,22.0,2.0,8.0,17.0,17.0,10.0,16.0,3.0,8.0,7.0,8.0,0.11367043292421375,0.4762886597938144,0.07329184927041107,0.4897119341563786,2.0,2.0,False,2023
1,0,5,11.0,21.0,7.0,14.0,5.0,6.0,8.0,21.0,4.0,7.0,5.0,7.0,0.12316458563119763,0.5131578947368421,0.028131464318175047,0.453027139874739,3.0,2.0,True,2023
1,2,11,12.0,19.0,5.0,13.0,10.0,11.0,10.0,21.0,2.0,8.0,10.0,10.0,0.13737161228891287,0.6068181818181818,0.06488133030816526,0.5838264299802761,1.0,2.0,True,2023
0,9,6,9.0,15.0,3.0,7.0,6.0,6.0,16.0,24.0,5.0,8.0,5.0,5.0,0.10862021401195558,0.4279835390946502,0.11016341067557893,0.5030425963488844,3.0,2.0,False,2023
0,27,21,9.0,18.0,3.0,6.0,6.0,7.0,8.0,16.0,6.0,11.0,2.0,3.0,0.09329705742025327,0.39826839826839827,0.12988686916625344,0.4329004329004329,2.0,3.0,True,2023
1,21,27,8.0,16.0,6.0,11.0,2.0,3.0,9.0,18.0,3.0,6.0,6.0,7.0,0.12988686916625344,0.4329004329004329,0.11463764593620263,0.39956803455723544,3.0,2.0,False,2023
0,28,3,18.0,32.0,7.0,12.0,5.0,8.0,16.0,23.0,6.0,9.0,4.0,5.0,0.11998132421481178,0.40772532188841204,0.13260018825804892,0.44306418219461696,2.0,3.0,True,2023
1,3,28,16.0,23.0,6.0,9.0,4.0,5.0,18.0,32.0,7.0,12.0,5.0,8.0,0.13260018825804892,0.44306418219461696,0.1359850593718494,0.4089935760171306,3.0,2.0,False,2023
0,5,0,8.0,21.0,4.0,7.0,5.0,7.0,11.0,21.0,7.0,14.0,5.0,6.0,0.028131464318175047,0.453027139874739,0.1385316685049581,0.5194805194805194,2.0,3.0,False,2023
0,10,14,11.0,17.0,2.0,5.0,13.0,14.0,9.0,15.0,9.0,14.0,3.0,3.0,0.10562925705049273,0.3710691823899371,0.06643932115674132,0.4309623430962343,3.0,3.0,True,2023
1,12,13,12.0,16.0,6.0,9.0,10.0,11.0,17.0,25.0,6.0,10.0,6.0,7.0,0.07034677777138729,0.5542635658914729,0.059306106041731275,0.488,3.0,3.0,True,2023
1,8,24,13.0,23.0,2.0,5.0,10.0,11.0,15.0,28.0,4.0,8.0,6.0,6.0,0.1381509494461564,0.4669421487603306,0.10721477026122936,0.5786350148367952,2.0,1.0,True,2023
0,24,8,15.0,28.0,4.0,8.0,6.0,6.0,13.0,23.0,2.0,5.0,10.0,11.0,0.10721477026122936,0.5786350148367952,0.15052075955692512,0.46804123711340206,1.0,2.0,False,2023
0,13,12,17.0,25.0,6.0,10.0,6.0,7.0,12.0,16.0,6.0,9.0,10.0,11.0,0.059306106041731275,0.488,0.09627742221710983,0.5551257253384912,3.0,3.0,False,2023
0,0,20,9.0,28.0,5.0,16.0,4.0,4.0,10.0,21.0,4.0,8.0,5.0,6.0,0.1385316685049581,0.5194805194805194,0.09573951295621004,0.6065891472868217,2.0,2.0,False,2023
0,18,4,11.0,25.0,6.0,7.0,5.0,5.0,13.0,17.0,3.0,8.0,7.0,13.0,0.12357876360943325,0.6216216216216216,0.12497900379726004,0.6591760299625468,2.0,3.0,False,2023
1,4,18,13.0,17.0,3.0,8.0,7.0,13.0,11.0,25.0,6.0,7.0,5.0,5.0,0.12497900379726004,0.6591760299625468,0.09886301088754659,0.6204238921001927,3.0,2.0,True,2023
0,17,23,9.0,19.0,2.0,7.0,7.0,9.0,15.0,30.0,3.0,8.0,5.0,8.0,0.02023924208516231,0.5,0.0897676162699943,0.45222929936305734,2.0,2.0,True,2023
1,28,14,11.0,20.0,6.0,11.0,4.0,5.0,10.0,19.0,4.0,11.0,5.0,5.0,0.1359850593718494,0.4089935760171306,0.06643932115674132,0.4309623430962343,2.0,2.0,True,2023
0,14,28,10.0,19.0,4.0,11.0,5.0,5.0,11.0,20.0,6.0,11.0,4.0,5.0,0.06643932115674132,0.4309623430962343,0.14878804749747954,0.41025641025641024,2.0,2.0,False,2023
1,26,7,11.0,22.0,2.0,7.0,17.0,17.0,13.0,21.0,3.0,7.0,6.0,6.0,0.090936346339371,0.47530864197530864,0.14045904855409108,0.5009940357852882,2.0,2.0,False,2023
0,7,26,13.0,21.0,3.0,7.0,6.0,6.0,11.0,22.0,2.0,7.0,17.0,17.0,0.14045904855409108,0.5009940357852882,0.0727490770714968,0.47433264887063653,2.0,2.0,True,2023
0,19,10,6.0,17.0,3.0,11.0,8.0,8.0,6.0,11.0,4.0,6.0,5.0,11.0,0.007518066371069769,0.3419354838709677,0.1245034056403942,0.3723849372384937,2.0,2.0,False,2023
1,10,19,6.0,11.0,4.0,6.0,5.0,11.0,6.0,17.0,3.0,11.0,8.0,8.0,0.1245034056403942,0.3723849372384937,0.006014453096855815,0.34120171673819744,2.0,2.0,True,2023
0,5,15,9.0,15.0,4.0,8.0,8.0,9.0,10.0,23.0,3.0,12.0,8.0,12.0,0.02250517145454004,0.45208333333333334,0.14356070919296027,0.43897216274089934,2.0,2.0,True,2023
1,15,5,10.0,23.0,3.0,12.0,8.0,12.0,9.0,15.0,4.0,8.0,8.0,9.0,0.14356070919296027,0.43897216274089934,0.05800413716363203,0.45322245322245325,2.0,2.0,False,2023
1,23,17,15.0,30.0,3.0,8.0,5.0,8.0,9.0,19.0,2.0,7.0,7.0,9.0,0.0897676162699943,0.45222929936305734,0.05619139366812985,0.500998003992016,2.0,2.0,False,2023
1,20,0,10.0,21.0,4.0,8.0,5.0,6.0,9.0,28.0,5.0,16.0,4.0,4.0,0.09573951295621004,0.6065891472868217,0.11082533480396647,0.5128205128205128,2.0,2.0,True,2023
0,29,1,15.0,20.0,3.0,11.0,10.0,12.0,9.0,21.0,6.0,10.0,8.0,8.0,0.1447016541507899,0.520242914979757,0.05975798899172345,0.47244094488188976,2.0,2.0,True,2023
1,27,16,13.0,26.0,3.0,8.0,9.0,9.0,11.0,20.0,5.0,11.0,4.0,4.0,0.11463764593620263,0.39956803455723544,0.1555929644075018,0.49385245901639346,2.0,2.0,True,2023
1,3,22,14.0,25.0,3.0,9.0,9.0,12.0,7.0,15.0,3.0,8.0,8.0,8.0,0.10608015060643913,0.44214876033057854,0.07329184927041107,0.4897119341563786,2.0,2.0,True,2023
0,22,3,7.0,15.0,3.0,8.0,8.0,8.0,14.0,25.0,3.0,9.0,9.0,12.0,0.07329184927041107,0.4897119341563786,0.12486412048515132,0.44329896907216493,2.0,2.0,False,2023
1,21,25,10.0,17.0,5.0,9.0,4.0,6.0,16.0,24.0,5.0,8.0,5.0,5.0,0.10390949533300275,0.4319654427645788,0.11273135165947176,0.6023166023166023,2.0,2.0,False,2023
1,1,29,9.0,21.0,6.0,10.0,8.0,8.0,15.0,20.0,3.0,11.0,10.0,12.0,0.05975798899172345,0.47244094488188976,0.15576132332063192,0.5212121212121212,2.0,2.0,False,2023
1,6,11,9.0,25.0,2.0,8.0,11.0,13.0,12.0,25.0,3.0,8.0,6.0,6.0,0.11016341067557893,0.5030425963488844,0.06488133030816526,0.5838264299802761,2.0,2.0,True,2023
0,16,27,11.0,20.0,5.0,11.0,4.0,4.0,13.0,26.0,3.0,8.0,9.0,9.0,0.1555929644075018,0.49385245901639346,0.1317101167489621,0.40086206896551724,2.0,2.0,False,2023
0,11,6,12.0,25.0,3.0,8.0,6.0,6.0,9.0,25.0,2.0,8.0,11.0,13.0,0.06488133030816526,0.5838264299802761,0.12813072854046315,0.5040485829959515,2.0,2.0,False,2023
1,9,13,11.0,24.0,4.0,10.0,8.0,8.0,16.0,27.0,3.0,12.0,8.0,10.0,0.08689617120956447,0.4271047227926078,0.04744488483338502,0.4870259481037924,2.0,1.0,True,2023
0,13,9,16.0,27.0,3.0,12.0,8.0,10.0,11.0,24.0,4.0,10.0,8.0,8.0,0.04744488483338502,0.4870259481037924,0.10951693696765159,0.42827868852459017,1.0,2.0,False,2023
0,25,21,16.0,24.0,5.0,8.0,5.0,5.0,10.0,17.0,5.0,9.0,4.0,6.0,0.11273135165947176,0.6023166023166023,0.0831275962664022,0.43103448275862066,2.0,2.0,True,2023
1,8,15,7.0,19.0,3.0,8.0,7.0,8.0,10.0,23.0,7.0,10.0,5.0,5.0,0.15052075955692512,0.46804123711340206,0.11484856735436821,0.43803418803418803,3.0,2.0,False,2023
1,18,2,20.0,25.0,4.0,9.0,12.0,13.0,9.0,20.0,4.0,10.0,4.0,5.0,0.09886301088754659,0.6204238921001927,0.1498972898311303,0.6077097505668935,2.0,4.0,True,2023
0,4,14,12.0,21.0,5.0,9.0,10.0,17.0,9.0,17.0,5.0,6.0,6.0,6.0,0.13998320303780803,0.6598130841121496,0.05315145692539306,0.430062630480167,2.0,2.0,True,2023
1,10,3,11.0,18.0,4.0,5.0,6.0,6.0,15.0,23.0,5.0,9.0,8.0,9.0,0.13960272451231534,0.3736951983298539,0.12486412048515132,0.44329896907216493,2.0,2.0,False,2023
0,29,11,14.0,27.0,4.0,10.0,8.0,12.0,7.0,21.0,4.0,8.0,9.0,13.0,0.15576132332063192,0.5212121212121212,0.051905064246532205,0.5826771653543307,2.0,2.0,True,2023
0,15,8,10.0,23.0,7.0,10.0,5.0,5.0,7.0,19.0,3.0,8.0,7.0,8.0,0.11484856735436821,0.43803418803418803,0.1204166076455401,0.4670781893004115,2.0,3.0,True,2023
1,14,4,9.0,17.0,5.0,6.0,6.0,6.0,12.0,21.0,5.0,9.0,10.0,17.0,0.05315145692539306,0.430062630480167,0.1519865624302464,0.6604477611940298,2.0,2.0,False,2023
0,2,18,9.0,20.0,4.0,10.0,4.0,5.0,20.0,25.0,4.0,9.0,12.0,13.0,0.1498972898311303,0.6077097505668935,0.11909040871003729,0.6211538461538462,4.0,2.0,False,2023
1,7,5,9.0,21.0,4.0,10.0,7.0,8.0,8.0,17.0,3.0,7.0,4.0,6.0,0.15236723884327286,0.501984126984127,0.05800413716363203,0.45322245322245325,2.0,2.0,True,2023
1,6,23,13.0,24.0,4.0,9.0,5.0,6.0,8.0,18.0,3.0,5.0,7.0,7.0,0.12813072854046315,0.5040485829959515,0.07181409301599544,0.451271186440678,2.0,2.0,False,2023
1,11,29,7.0,21.0,4.0,8.0,9.0,13.0,14.0,27.0,4.0,10.0,8.0,12.0,0.051905064246532205,0.5826771653543307,0.16460905865650552,0.5221774193548387,2.0,2.0,False,2023
1,16,17,12.0,22.0,6.0,12.0,7.0,9.0,9.0,18.0,4.0,8.0,5.0,7.0,0.12447437152600145,0.49284253578732107,0.05619139366812985,0.500998003992016,2.0,2.0,True,2023
0,3,10,15.0,23.0,5.0,9.0,8.0,9.0,11.0,18.0,4.0,5.0,6.0,6.0,0.12486412048515132,0.44329896907216493,0.11168217960985227,0.3729166666666667,2.0,2.0,True,2023
1,1,20,12.0,27.0,5.0,11.0,4.0,5.0,8.0,20.0,6.0,15.0,5.0,6.0,0.04780639119337876,0.4715127701375246,0.11659161036496804,0.6073500967117988,2.0,2.0,True,2023
0,5,7,8.0,17.0,3.0,7.0,4.0,6.0,9.0,21.0,4.0,10.0,7.0,8.0,0.05800413716363203,0.45322245322245325,0.16189379107461827,0.502970297029703,2.0,2.0,False,2023
1,21,25,7.0,14.0,3.0,8.0,4.0,6.0,8.0,16.0,6.0,9.0,6.0,7.0,0.0831275962664022,0.43103448275862066,0.13018508132757742,0.603082851637765,2.0,2.0,False,2023
0,23,6,8.0,18.0,3.0,5.0,7.0,7.0,13.0,24.0,4.0,9.0,5.0,6.0,0.07181409301599544,0.451271186440678,0.10250458283237052,0.503030303030303,2.0,2.0,True,2023
0,25,21,8.0,16.0,6.0,9.0,6.0,7.0,7.0,14.0,3.0,8.0,4.0,6.0,0.13018508132757742,0.603082851637765,0.06650207701312176,0.43010752688172044,2.0,2.0,True,2023
0,9,27,9.0,15.0,5.0,10.0,3.0,4.0,11.0,21.0,3.0,7.0,6.0,6.0,0.10951693696765159,0.42827868852459017,0.1317101167489621,0.40086206896551724,2.0,2.0,True,2023
0,17,16,9.0,18.0,4.0,8.0,5.0,7.0,12.0,22.0,6.0,12.0,7.0,9.0,0.05619139366812985,0.500998003992016,0.13957949722080115,0.49387755102040815,2.0,2.0,False,2023
1,27,9,11.0,21.0,3.0,7.0,6.0,6.0,9.0,15.0,5.0,10.0,3.0,4.0,0.1317101167489621,0.40086206896551724,0.12761354957412127,0.4294478527607362,2.0,2.0,False,2023
1,0,26,11.0,25.0,6.0,13.0,9.0,11.0,11.0,17.0,2.0,6.0,8.0,9.0,0.11082533480396647,0.5128205128205128,0.0727490770714968,0.47433264887063653,2.0,2.0,True,2023
0,20,1,8.0,20.0,6.0,15.0,5.0,6.0,12.0,27.0,5.0,11.0,4.0,5.0,0.11659161036496804,0.6073500967117988,0.07824511295470302,0.4725490196078431,2.0,2.0,False,2023
0,12,19,9.0,16.0,6.0,11.0,9.0,11.0,11.0,15.0,4.0,6.0,6.0,7.0,0.09627742221710983,0.5551257253384912,0.006014453096855815,0.34120171673819744,3.0,2.0,True,2023
1,19,12,11.0,15.0,4.0,6.0,6.0,7.0,9.0,16.0,6.0,11.0,9.0,11.0,0.006014453096855815,0.34120171673819744,0.11702193777368788,0.555984555984556,2.0,3.0,False,2023
0,26,0,11.0,17.0,2.0,6.0,8.0,9.0,11.0,25.0,6.0,13.0,9.0,11.0,0.0727490770714968,0.47433264887063653,0.1286602678431732,0.5189873417721519,2.0,2.0,False,2023
1,24,29,9.0,17.0,4.0,7.0,10.0,10.0,13.0,20.0,4.0,6.0,5.0,5.0,0.08577181620898348,0.5769230769230769,0.16460905865650552,0.5221774193548387,4.0,1.0,True,2023
0,15,13,10.0,26.0,2.0,7.0,7.0,7.0,12.0,23.0,6.0,11.0,8.0,10.0,0.13187885388349457,0.43923240938166314,0.037955907866708015,0.4860557768924303,1.0,3.0,False,2023
1,22,28,8.0,17.0,3.0,6.0,6.0,6.0,14.0,26.0,7.0,13.0,5.0,7.0,0.05863347941632886,0.4887063655030801,0.14878804749747954,0.41025641025641024,3.0,3.0,False,2023
1,8,16,11.0,21.0,7.0,13.0,9.0,12.0,13.0,28.0,5.0,9.0,11.0,12.0,0.1204166076455401,0.4670781893004115,0.13957949722080115,0.49387755102040815,1.0,1.0,True,2023
0,16,8,13.0,28.0,5.0,9.0,11.0,12.0,11.0,21.0,7.0,13.0,9.0,12.0,0.13957949722080115,0.49387755102040815,0.13633328611643208,0.4681724845995893,1.0,1.0,False,2023
1,4,27,10.0,19.0,6.0,9.0,6.0,8.0,9.0,21.0,2.0,8.0,2.0,3.0,0.1519865624302464,0.6604477611940298,0.10536809339916968,0.4,1.0,1.0,True,2023
0,27,4,9.0,21.0,2.0,8.0,2.0,3.0,10.0,19.0,6.0,9.0,6.0,8.0,0.10536809339916968,0.4,0.16158924994419716,0.6610800744878957,1.0,1.0,False,2023
0,29,24,13.0,20.0,4.0,6.0,5.0,5.0,9.0,17.0,4.0,7.0,10.0,10.0,0.16460905865650552,0.5221774193548387,0.10861745296718679,0.5781710914454278,1.0,4.0,False,2023
0,25,2,10.0,17.0,2.0,12.0,8.0,8.0,12.0,29.0,4.0,9.0,5.0,6.0,0.14414806506206196,0.6038461538461538,0.11991783186490423,0.6063348416289592,1.0,1.0,False,2023
1,9,14,8.0,13.0,4.0,6.0,16.0,18.0,8.0,18.0,2.0,8.0,9.0,9.0,0.12761354957412127,0.4294478527607362,0.042521165540314446,0.42916666666666664,1.0,1.0,True,2023
0,6,19,10.0,26.0,6.0,11.0,4.0,6.0,9.0,22.0,5.0,8.0,6.0,7.0,0.10250458283237052,0.503030303030303,0.004811562477484653,0.3404710920770878,1.0,1.0,True,2023
1,2,25,12.0,29.0,4.0,9.0,5.0,6.0,10.0,17.0,2.0,12.0,8.0,8.0,0.11991783186490423,0.6063348416289592,0.11531845204964956,0.6026871401151631,1.0,1.0,True,2023
0,14,9,8.0,18.0,2.0,8.0,9.0,9.0,8.0,13.0,4.0,6.0,16.0,18.0,0.042521165540314446,0.42916666666666664,0.14209083965929703,0.4306122448979592,1.0,1.0,False,2023
1,19,6,9.0,22.0,5.0,8.0,6.0,7.0,10.0,26.0,6.0,11.0,4.0,6.0,0.004811562477484653,0.3404710920770878,0.1220036662658964,0.5040322580645161,1.0,1.0,False,2023
1,13,15,12.0,23.0,6.0,11.0,8.0,10.0,10.0,26.0,2.0,7.0,7.0,7.0,0.037955907866708015,0.4860557768924303,0.10550308310679565,0.43829787234042555,3.0,1.0,True,2023
0,28,22,14.0,26.0,7.0,13.0,5.0,7.0,8.0,17.0,3.0,6.0,6.0,6.0,0.14878804749747954,0.41025641025641024,0.04690678353306309,0.48770491803278687,3.0,3.0,True,2023
0,26,11,7.0,19.0,3.0,9.0,7.0,10.0,9.0,18.0,2.0,8.0,4.0,6.0,0.058199261657197444,0.4733606557377049,0.041524051397225765,0.581532416502947,2.0,2.0,True,2023
0,17,5,9.0,15.0,3.0,6.0,4.0,5.0,10.0,24.0,5.0,9.0,9.0,10.0,0.04495311493450388,0.5,0.046403309730905624,0.45228215767634855,2.0,2.0,False,2023
1,11,26,9.0,18.0,2.0,8.0,4.0,6.0,7.0,19.0,3.0,9.0,7.0,10.0,0.041524051397225765,0.581532416502947,0.08655940932575795,0.47443762781186094,2.0,2.0,False,2023
1,5,17,10.0,24.0,5.0,9.0,9.0,10.0,9.0,15.0,3.0,6.0,4.0,5.0,0.046403309730905624,0.45228215767634855,0.035962491947603106,0.4990059642147117,2.0,2.0,True,2023
0,3,10,8.0,14.0,5.0,9.0,2.0,2.0,7.0,15.0,5.0,9.0,5.0,5.0,0.13989129638812106,0.4444444444444444,0.11168217960985227,0.3729166666666667,2.0,2.0,True,2023
1,10,3,7.0,15.0,5.0,9.0,5.0,5.0,8.0,14.0,5.0,9.0,2.0,2.0,0.11168217960985227,0.3729166666666667,0.15191303711049683,0.4455852156057495,2.0,2.0,False,2023
1,18,12,9.0,13.0,2.0,6.0,4.0,4.0,9.0,17.0,5.0,8.0,5.0,6.0,0.11909040871003729,0.6211538461538462,0.11702193777368788,0.555984555984556,2.0,2.0,False,2023
0,20,7,11.0,18.0,3.0,6.0,9.0,9.0,9.0,18.0,7.0,12.0,8.0,8.0,0.09327328829197443,0.6061776061776062,0.16189379107461827,0.502970297029703,2.0,2.0,False,2023
0,12,18,9.0,17.0,5.0,8.0,5.0,6.0,9.0,13.0,2.0,6.0,4.0,4.0,0.11702193777368788,0.555984555984556,0.09527232696802983,0.6199616122840691,2.0,2.0,True,2023
1,7,20,9.0,18.0,7.0,12.0,8.0,8.0,11.0,18.0,3.0,6.0,9.0,9.0,0.16189379107461827,0.502970297029703,0.07461863063357954,0.605009633911368,2.0,2.0,True,2023
1,29,7,9.0,19.0,6.0,10.0,6.0,7.0,8.0,13.0,2.0,7.0,8.0,8.0,0.13168724692520442,0.5211267605633803,0.16951503285969463,0.5039525691699605,2.0,1.0,True,2023
0,16,4,12.0,18.0,5.0,9.0,7.0,8.0,10.0,20.0,4.0,10.0,4.0,4.0,0.11166359777664092,0.49287169042769857,0.16158924994419716,0.6610800744878957,2.0,2.0,True,2023
0,7,29,8.0,13.0,2.0,7.0,8.0,8.0,9.0,19.0,6.0,10.0,6.0,7.0,0.16951503285969463,0.5039525691699605,0.14534979754016353,0.5220883534136547,1.0,2.0,False,2023
1,4,16,10.0,20.0,4.0,10.0,4.0,4.0,12.0,18.0,5.0,9.0,7.0,8.0,0.16158924994419716,0.6610800744878957,0.12933087822131273,0.49390243902439024,2.0,2.0,False,2023
1,13,27,6.0,14.0,3.0,8.0,5.0,7.0,10.0,18.0,3.0,6.0,5.0,5.0,0.0703647262933664,0.4870775347912525,0.08429447471933574,0.39914163090128757,2.0,2.0,False,2023
0,0,15,11.0,19.0,5.0,8.0,8.0,9.0,6.0,16.0,3.0,10.0,5.0,9.0,0.1286602678431732,0.5189873417721519,0.10550308310679565,0.43829787234042555,3.0,2.0,True,2023
1,15,0,6.0,16.0,3.0,10.0,5.0,9.0,11.0,19.0,5.0,8.0,8.0,9.0,0.10550308310679565,0.43829787234042555,0.14292821427453856,0.525,2.0,3.0,False,2023
1,14,12,9.0,20.0,3.0,9.0,6.0,10.0,11.0,24.0,7.0,16.0,3.0,4.0,0.034016932432251554,0.4282744282744283,0.1336175502189503,0.5568400770712909,2.0,1.0,True,2023
0,12,14,11.0,24.0,7.0,16.0,3.0,4.0,9.0,20.0,3.0,9.0,6.0,10.0,0.1336175502189503,0.5568400770712909,0.06721354594580124,0.42946058091286304,1.0,2.0,False,2023
0,28,8,11.0,25.0,6.0,10.0,6.0,9.0,10.0,21.0,4.0,10.0,8.0,8.0,0.1590304379979836,0.4115138592750533,0.13633328611643208,0.4681724845995893,2.0,2.0,False,2023
1,8,28,10.0,21.0,4.0,10.0,8.0,8.0,11.0,25.0,6.0,10.0,6.0,9.0,0.13633328611643208,0.4681724845995893,0.1272243503983869,0.4106382978723404,2.0,2.0,True,2023
0,27,13,10.0,18.0,3.0,6.0,5.0,5.0,6.0,14.0,3.0,8.0,5.0,7.0,0.08429447471933574,0.39914163090128757,0.05629178103469312,0.4861111111111111,2.0,2.0,True,2023
1,21,1,8.0,21.0,5.0,14.0,4.0,6.0,9.0,22.0,3.0,8.0,10.0,12.0,0.06650207701312176,0.43010752688172044,0.07824511295470302,0.4725490196078431,3.0,3.0,False,2023
0,1,21,9.0,22.0,3.0,8.0,10.0,12.0,8.0,21.0,5.0,14.0,4.0,6.0,0.07824511295470302,0.4725490196078431,0.05320166161049741,0.4291845493562232,3.0,3.0,True,2023
1,6,10,7.0,24.0,3.0,12.0,7.0,9.0,6.0,16.0,2.0,8.0,4.0,4.0,0.1220036662658964,0.5040322580645161,0.08934574368788181,0.37214137214137216,2.0,1.0,True,2023
0,18,9,9.0,22.0,5.0,7.0,9.0,10.0,9.0,16.0,3.0,7.0,12.0,14.0,0.09527232696802983,0.6199616122840691,0.14209083965929703,0.4306122448979592,1.0,2.0,True,2023
0,10,6,6.0,16.0,2.0,8.0,4.0,4.0,7.0,24.0,3.0,12.0,7.0,9.0,0.08934574368788181,0.37214137214137216,0.13760293301271714,0.5050301810865191,1.0,2.0,False,2023
1,2,25,10.0,16.0,6.0,12.0,7.0,9.0,8.0,15.0,2.0,6.0,4.0,4.0,0.1359342654919234,0.6072234762979684,0.11531845204964956,0.6026871401151631,2.0,2.0,True,2023
0,25,2,8.0,15.0,2.0,6.0,4.0,4.0,10.0,16.0,6.0,12.0,7.0,9.0,0.11531845204964956,0.6026871401151631,0.1487474123935387,0.6081081081081081,2.0,2.0,False,2023
1,9,18,9.0,16.0,3.0,7.0,12.0,14.0,9.0,22.0,5.0,7.0,9.0,10.0,0.14209083965929703,0.4306122448979592,0.11621786157442386,0.6206896551724138,2.0,1.0,False,2023
0,19,22,9.0,20.0,4.0,9.0,8.0,10.0,7.0,14.0,5.0,11.0,8.0,10.0,0.003849249981987722,0.33974358974358976,0.04690678353306309,0.48770491803278687,2.0,2.0,True,2023
1,22,19,7.0,14.0,5.0,11.0,8.0,10.0,9.0,20.0,4.0,9.0,8.0,10.0,0.04690678353306309,0.48770491803278687,0.043079399985590176,0.3411513859275053,2.0,2.0,False,2023
0,23,5,13.0,25.0,5.0,9.0,4.0,5.0,9.0,16.0,5.0,9.0,5.0,5.0,0.09745127441279636,0.452431289640592,0.07712264778472451,0.453416149068323,4.0,2.0,True,2023
0,17,24,10.0,20.0,5.0,9.0,5.0,6.0,9.0,17.0,3.0,8.0,10.0,11.0,0.035962491947603106,0.4990059642147117,0.10861745296718679,0.5781710914454278,2.0,3.0,False,2023
1,24,17,9.0,17.0,3.0,8.0,10.0,11.0,10.0,20.0,5.0,9.0,5.0,6.0,0.10861745296718679,0.5781710914454278,0.028769993558082484,0.498015873015873,3.0,2.0,True,2023
0,20,11,7.0,14.0,6.0,10.0,4.0,7.0,10.0,25.0,3.0,11.0,7.0,8.0,0.07461863063357954,0.605009633911368,0.033219241117780615,0.5803921568627451,2.0,2.0,False,2023
1,11,20,10.0,25.0,3.0,11.0,7.0,8.0,7.0,14.0,6.0,10.0,4.0,7.0,0.033219241117780615,0.5803921568627451,0.059694904506863634,0.6038461538461538,2.0,2.0,True,2023
1,5,23,9.0,16.0,5.0,9.0,5.0,5.0,13.0,25.0,5.0,9.0,4.0,5.0,0.07712264778472451,0.453416149068323,0.11796101953023708,0.45358649789029537,2.0,4.0,False,2023
1,28,22,13.0,23.0,5.0,11.0,9.0,9.0,7.0,15.0,5.0,6.0,12.0,13.0,0.1272243503983869,0.4106382978723404,0.03752542682645047,0.4867075664621677,2.0,2.0,False,2023
0,16,26,17.0,25.0,3.0,14.0,8.0,12.0,10.0,21.0,5.0,9.0,5.0,5.0,0.12933087822131273,0.49390243902439024,0.08655940932575795,0.47443762781186094,2.0,3.0,False,2023
0,24,7,12.0,22.0,2.0,7.0,7.0,10.0,8.0,21.0,3.0,8.0,6.0,8.0,0.12689396237374945,0.5794117647058824,0.1356120262877557,0.5029585798816568,1.0,2.0,True,2023
0,22,28,7.0,15.0,5.0,6.0,12.0,13.0,13.0,23.0,5.0,11.0,9.0,9.0,0.03752542682645047,0.4867075664621677,0.10177948031870951,0.40976645435244163,2.0,2.0,True,2023
0,5,13,8.0,17.0,4.0,10.0,5.0,7.0,11.0,23.0,5.0,11.0,2.0,5.0,0.06169811822777961,0.4524793388429752,0.05629178103469312,0.4861111111111111,1.0,2.0,True,2023
1,7,24,8.0,21.0,3.0,8.0,6.0,8.0,12.0,22.0,2.0,7.0,7.0,10.0,0.1356120262877557,0.5029585798816568,0.14151516989899954,0.5806451612903226,2.0,1.0,False,2023
1,25,4,7.0,14.0,4.0,7.0,5.0,5.0,7.0,14.0,3.0,6.0,6.0,8.0,0.09225476163971966,0.6015325670498084,0.12927139995535772,0.6598513011152416,2.0,2.0,True,2023
0,1,14,6.0,12.0,2.0,3.0,7.0,8.0,9.0,20.0,5.0,15.0,3.0,4.0,0.10259609036376241,0.4735812133072407,0.06721354594580124,0.42946058091286304,2.0,2.0,True,2023
1,14,1,9.0,20.0,5.0,15.0,3.0,4.0,6.0,12.0,2.0,3.0,7.0,8.0,0.06721354594580124,0.42946058091286304,0.12207687229100991,0.474609375,2.0,2.0,False,2023
1,23,8,10.0,21.0,5.0,9.0,7.0,13.0,16.0,28.0,1.0,5.0,9.0,9.0,0.11796101953023708,0.45358649789029537,0.14906662889314565,0.4692622950819672,1.0,2.0,True,2023
1,17,0,7.0,18.0,2.0,9.0,5.0,5.0,10.0,15.0,6.0,11.0,3.0,4.0,0.028769993558082484,0.498015873015873,0.14292821427453856,0.525,1.0,2.0,False,2023
0,0,17,10.0,15.0,6.0,11.0,3.0,4.0,7.0,18.0,2.0,9.0,5.0,5.0,0.14292821427453856,0.525,0.023015994846465986,0.497029702970297,2.0,1.0,True,2023
0,21,3,9.0,18.0,2.0,10.0,9.0,10.0,6.0,12.0,3.0,10.0,5.0,5.0,0.05320166161049741,0.4291845493562232,0.15191303711049683,0.4455852156057495,2.0,3.0,True,2023
0,4,25,7.0,14.0,3.0,6.0,6.0,8.0,7.0,14.0,4.0,7.0,5.0,5.0,0.12927139995535772,0.6598513011152416,0.11380380931177574,0.6022944550669216,2.0,2.0,False,2023
0,8,23,16.0,28.0,1.0,5.0,9.0,9.0,10.0,21.0,5.0,9.0,7.0,13.0,0.14906662889314565,0.4692622950819672,0.13436881562418965,0.45473684210526316,2.0,1.0,False,2023
0,18,6,8.0,17.0,4.0,9.0,5.0,7.0,16.0,29.0,6.0,9.0,8.0,8.0,0.11621786157442386,0.6206896551724138,0.13760293301271714,0.5050301810865191,2.0,2.0,True,2023
0,10,12,7.0,15.0,5.0,11.0,6.0,7.0,9.0,17.0,5.0,11.0,5.0,6.0,0.07147659495030545,0.37136929460580914,0.10689404017516024,0.5557692307692308,2.0,2.0,False,2023
1,2,9,10.0,21.0,9.0,16.0,5.0,7.0,8.0,13.0,4.0,11.0,5.0,5.0,0.1487474123935387,0.6081081081081081,0.11367267172743763,0.42973523421588594,2.0,2.0,True,2023
1,6,18,16.0,29.0,6.0,9.0,8.0,8.0,8.0,17.0,4.0,9.0,5.0,7.0,0.13760293301271714,0.5050301810865191,0.13297428925953908,0.621414913957935,2.0,2.0,False,2023
0,19,27,8.0,20.0,3.0,8.0,7.0,8.0,7.0,15.0,1.0,5.0,4.0,4.0,0.043079399985590176,0.3411513859275053,0.10743557977546861,0.4004282655246253,2.0,2.0,False,2023
1,26,16,10.0,21.0,5.0,9.0,5.0,5.0,17.0,25.0,3.0,14.0,8.0,12.0,0.08655940932575795,0.47443762781186094,0.10346470257705018,0.49290060851926976,3.0,2.0,True,2023
0,9,2,8.0,13.0,4.0,11.0,5.0,5.0,10.0,21.0,9.0,16.0,5.0,7.0,0.11367267172743763,0.42973523421588594,0.15899792991483097,0.6089887640449438,2.0,2.0,False,2023
1,20,15,9.0,17.0,2.0,9.0,6.0,7.0,6.0,12.0,5.0,8.0,5.0,6.0,0.059694904506863634,0.6038461538461538,0.08440246648543652,0.43736730360934184,1.0,2.0,True,2023
1,27,19,7.0,15.0,1.0,5.0,4.0,4.0,8.0,20.0,3.0,8.0,7.0,8.0,0.10743557977546861,0.4004282655246253,0.03446351998847214,0.3404255319148936,2.0,2.0,True,2023
0,15,20,6.0,12.0,5.0,8.0,5.0,6.0,9.0,17.0,2.0,9.0,6.0,7.0,0.08440246648543652,0.43736730360934184,0.08775592360549091,0.6046065259117083,2.0,1.0,False,2023
0,11,29,11.0,18.0,4.0,11.0,2.0,2.0,13.0,25.0,8.0,14.0,3.0,4.0,0.06657539289422448,0.5812133072407045,0.14534979754016353,0.5220883534136547,1.0,2.0,False,2023
1,29,11,13.0,25.0,8.0,14.0,3.0,4.0,11.0,18.0,4.0,11.0,2.0,2.0,0.14534979754016353,0.5220883534136547,0.05326031431537959,0.580078125,2.0,1.0,True,2023
1,12,10,9.0,17.0,5.0,11.0,5.0,6.0,7.0,15.0,5.0,11.0,6.0,7.0,0.10689404017516024,0.5557692307692308,0.05718127596024436,0.37060041407867494,2.0,2.0,True,2023
1,3,21,6.0,12.0,3.0,10.0,5.0,5.0,9.0,18.0,2.0,10.0,9.0,10.0,0.15191303711049683,0.4455852156057495,0.08256132928839793,0.430406852248394,3.0,2.0,False,2023
1,13,5,11.0,23.0,5.0,11.0,2.0,5.0,8.0,17.0,4.0,10.0,5.0,7.0,0.05629178103469312,0.4861111111111111,0.08935849458222368,0.4536082474226804,2.0,1.0,False,2023
0,9,12,8.0,18.0,3.0,9.0,8.0,9.0,12.0,23.0,6.0,9.0,9.0,11.0,0.0909381373819501,0.42886178861788615,0.1255152321401282,0.5566218809980806,2.0,2.0,True,2023
1,12,9,12.0,23.0,6.0,9.0,9.0,11.0,8.0,18.0,3.0,9.0,8.0,9.0,0.1255152321401282,0.5566218809980806,0.11275050990556008,0.4300202839756592,2.0,2.0,False,2023
0,23,29,8.0,17.0,6.0,9.0,6.0,6.0,12.0,21.0,3.0,6.0,8.0,8.0,0.13436881562418965,0.45473684210526316,0.1562798380321308,0.5230460921843687,2.0,2.0,False,2023
1,29,23,12.0,21.0,3.0,6.0,8.0,8.0,8.0,17.0,6.0,9.0,6.0,6.0,0.1562798380321308,0.5230460921843687,0.10749505249935172,0.453781512605042,2.0,2.0,True,2023
0,27,25,12.0,22.0,2.0,7.0,13.0,15.0,13.0,22.0,7.0,13.0,5.0,11.0,0.1259484638203749,0.4017094017094017,0.11380380931177574,0.6022944550669216,3.0,3.0,True,2023
0,26,8,11.0,22.0,4.0,8.0,8.0,8.0,10.0,19.0,4.0,10.0,9.0,11.0,0.10924752746060637,0.47551020408163264,0.11925330311451651,0.46830265848670755,3.0,3.0,True,2023
1,8,26,10.0,19.0,4.0,10.0,9.0,11.0,11.0,22.0,4.0,8.0,8.0,8.0,0.11925330311451651,0.46830265848670755,0.1273980219684851,0.47657841140529533,3.0,3.0,False,2023
1,25,27,13.0,22.0,7.0,13.0,5.0,11.0,12.0,22.0,2.0,7.0,13.0,15.0,0.11380380931177574,0.6022944550669216,0.14075877105629991,0.40298507462686567,3.0,3.0,False,2023
1,23,26,11.0,19.0,3.0,8.0,9.0,14.0,6.0,19.0,4.0,8.0,12.0,12.0,0.10749505249935172,0.453781512605042,0.1273980219684851,0.47657841140529533,3.0,2.0,True,2023
0,27,12,9.0,21.0,4.0,8.0,8.0,9.0,11.0,24.0,7.0,12.0,9.0,10.0,0.14075877105629991,0.40298507462686567,0.10041218571210256,0.5555555555555556,2.0,3.0,False,2023
1,12,27,11.0,24.0,7.0,12.0,9.0,10.0,9.0,21.0,4.0,8.0,8.0,9.0,0.10041218571210256,0.5555555555555556,0.11260701684503993,0.4021276595744681,3.0,2.0,True,2023
0,26,23,6.0,19.0,4.0,8.0,12.0,12.0,11.0,19.0,3.0,8.0,9.0,14.0,0.1273980219684851,0.47657841140529533,0.1259960419994814,0.4549266247379455,2.0,3.0,False,2023
0,9,2,10.0,25.0,2.0,7.0,5.0,7.0,12.0,23.0,4.0,7.0,6.0,7.0,0.11275050990556008,0.4300202839756592,0.15899792991483097,0.6089887640449438,4.0,6.0,False,2023
1,2,9,12.0,23.0,4.0,7.0,6.0,7.0,10.0,25.0,2.0,7.0,5.0,7.0,0.15899792991483097,0.6089887640449438,0.09020040792444807,0.4291497975708502,6.0,4.0,True,2023
0,28,3,11.0,24.0,3.0,10.0,4.0,4.0,14.0,30.0,6.0,16.0,4.0,6.0,0.10177948031870951,0.40976645435244163,0.12153042968839747,0.444672131147541,6.0,6.0,True,2023
1,3,28,14.0,30.0,6.0,16.0,4.0,6.0,11.0,24.0,3.0,10.0,4.0,4.0,0.12153042968839747,0.444672131147541,0.12142358425496762,0.4110169491525424,6.0,6.0,False,2023
0,6,18,12.0,18.0,4.0,6.0,4.0,5.0,9.0,21.0,7.0,13.0,11.0,11.0,0.11008234641017371,0.5040160642570282,0.13297428925953908,0.621414913957935,6.0,6.0,False,2023
1,15,0,13.0,27.0,4.0,8.0,14.0,14.0,11.0,20.0,6.0,14.0,7.0,8.0,0.06752197318834921,0.4364406779661017,0.15434257141963084,0.5308641975308642,6.0,6.0,True,2023
1,18,6,9.0,21.0,7.0,13.0,11.0,11.0,12.0,18.0,4.0,6.0,4.0,5.0,0.13297428925953908,0.621414913957935,0.08806587712813897,0.503006012024048,6.0,6.0,True,2023
0,0,15,11.0,20.0,6.0,14.0,7.0,8.0,13.0,27.0,4.0,8.0,14.0,14.0,0.15434257141963084,0.5308641975308642,0.09401757855067938,0.4376321353065539,6.0,6.0,False,2023
1,7,24,10.0,19.0,3.0,7.0,10.0,10.0,13.0,24.0,3.0,7.0,9.0,10.0,0.10848962103020457,0.5019685039370079,0.14151516989899954,0.5806451612903226,7.0,7.0,False,2023
0,29,16,11.0,17.0,5.0,9.0,4.0,4.0,13.0,21.0,3.0,10.0,7.0,7.0,0.16502387042570466,0.524,0.10346470257705018,0.49290060851926976,5.0,7.0,True,2023
0,24,7,13.0,24.0,3.0,7.0,9.0,10.0,10.0,19.0,3.0,7.0,10.0,10.0,0.14151516989899954,0.5806451612903226,0.08679169682416366,0.5009823182711198,7.0,7.0,True,2023
0,12,4,15.0,27.0,4.0,7.0,5.0,8.0,12.0,20.0,3.0,9.0,7.0,10.0,0.12032974856968204,0.5564053537284895,0.10341711996428618,0.6586270871985158,2.0,7.0,True,2023
1,16,29,13.0,21.0,3.0,10.0,7.0,7.0,11.0,17.0,5.0,9.0,4.0,4.0,0.10346470257705018,0.49290060851926976,0.17201909634056373,0.5249500998003992,7.0,5.0,False,2023
0,23,20,6.0,15.0,3.0,7.0,5.0,6.0,9.0,22.0,4.0,10.0,5.0,6.0,0.1259960419994814,0.4549266247379455,0.08775592360549091,0.6046065259117083,2.0,7.0,False,2023
1,20,23,9.0,22.0,4.0,10.0,5.0,6.0,6.0,15.0,3.0,7.0,5.0,6.0,0.08775592360549091,0.6046065259117083,0.1007968335995851,0.45397489539748953,7.0,2.0,True,2023
1,4,12,12.0,20.0,3.0,9.0,7.0,10.0,15.0,27.0,4.0,7.0,5.0,8.0,0.10341711996428618,0.6586270871985158,0.13626379885574563,0.5572519083969466,7.0,2.0,False,2023
0,6,18,11.0,19.0,5.0,11.0,7.0,9.0,13.0,23.0,6.0,13.0,8.0,8.0,0.08806587712813897,0.503006012024048,0.14637943140763127,0.6221374045801527,2.0,2.0,False,2023
1,18,6,13.0,23.0,6.0,13.0,8.0,8.0,11.0,19.0,5.0,11.0,7.0,9.0,0.14637943140763127,0.6221374045801527,0.07045270170251118,0.502,2.0,2.0,True,2023
0,0,15,9.0,21.0,5.0,13.0,7.0,8.0,10.0,23.0,3.0,10.0,8.0,12.0,0.12347405713570467,0.524390243902439,0.09401757855067938,0.4376321353065539,2.0,2.0,False,2023
1,15,0,10.0,23.0,3.0,10.0,8.0,12.0,9.0,21.0,5.0,13.0,7.0,8.0,0.09401757855067938,0.4376321353065539,0.09877924570856374,0.5180722891566265,2.0,2.0,True,2023
0,9,2,11.0,24.0,7.0,13.0,4.0,6.0,12.0,22.0,5.0,9.0,4.0,4.0,0.09020040792444807,0.4291497975708502,0.16719834393186478,0.6098654708520179,3.0,3.0,False,2023
0,28,3,8.0,20.0,3.0,8.0,9.0,10.0,9.0,17.0,6.0,10.0,10.0,11.0,0.12142358425496762,0.4110169491525424,0.09722434375071798,0.4437627811860941,3.0,3.0,False,2023
1,2,9,12.0,22.0,5.0,9.0,4.0,4.0,11.0,24.0,7.0,13.0,4.0,6.0,0.16719834393186478,0.6098654708520179,0.07216032633955846,0.42828282828282827,3.0,3.0,True,2023
1,7,24,14.0,22.0,5.0,8.0,6.0,6.0,11.0,20.0,4.0,9.0,8.0,8.0,0.08679169682416366,0.5009823182711198,0.15321213591919963,0.5818713450292398,2.0,2.0,True,2023
1,3,28,9.0,17.0,6.0,10.0,10.0,11.0,8.0,20.0,3.0,8.0,9.0,10.0,0.09722434375071798,0.4437627811860941,0.0971388674039741,0.41014799154334036,3.0,3.0,True,2023
0,24,7,11.0,20.0,4.0,9.0,8.0,8.0,14.0,22.0,5.0,8.0,6.0,6.0,0.15321213591919963,0.5818713450292398,0.10943335745933092,0.5019607843137255,2.0,2.0,False,2023
0,23,20,14.0,23.0,6.0,10.0,7.0,8.0,13.0,22.0,6.0,10.0,8.0,9.0,0.1007968335995851,0.45397489539748953,0.11020473888439272,0.6053639846743295,3.0,3.0,False,2023
1,16,29,10.0,18.0,3.0,7.0,7.0,10.0,12.0,23.0,2.0,8.0,4.0,6.0,0.08277176206164014,0.49190283400809715,0.17201909634056373,0.5249500998003992,3.0,3.0,True,2023
1,20,23,13.0,22.0,6.0,10.0,8.0,9.0,14.0,23.0,6.0,10.0,7.0,8.0,0.11020473888439272,0.6053639846743295,0.08063746687966808,0.453027139874739,3.0,3.0,True,2023
0,12,4,9.0,16.0,4.0,9.0,7.0,10.0,12.0,19.0,6.0,10.0,2.0,3.0,0.13626379885574563,0.5572519083969466,0.08273369597142895,0.6574074074074074,3.0,3.0,False,2023
1,4,12,12.0,19.0,6.0,10.0,2.0,3.0,9.0,16.0,4.0,9.0,7.0,10.0,0.08273369597142895,0.6574074074074074,0.1090110390845965,0.5561904761904762,3.0,3.0,True,2023
0,29,16,12.0,23.0,2.0,8.0,4.0,6.0,10.0,18.0,3.0,7.0,7.0,10.0,0.17201909634056373,0.5249500998003992,0.10621740964931212,0.49292929292929294,3.0,3.0,False,2023
1,6,18,9.0,26.0,4.0,7.0,8.0,10.0,10.0,17.0,5.0,8.0,4.0,5.0,0.07045270170251118,0.502,0.15710354512610503,0.6228571428571429,3.0,3.0,False,2023
0,15,0,9.0,22.0,3.0,9.0,5.0,8.0,12.0,25.0,6.0,12.0,7.0,8.0,0.1152140628405435,0.4388185654008439,0.09877924570856374,0.5180722891566265,3.0,3.0,False,2023
1,0,15,12.0,25.0,6.0,12.0,7.0,8.0,9.0,22.0,3.0,9.0,5.0,8.0,0.09877924570856374,0.5180722891566265,0.09217125027243481,0.4378947368421053,3.0,3.0,True,2023
0,7,24,18.0,29.0,3.0,8.0,11.0,11.0,15.0,23.0,7.0,12.0,6.0,8.0,0.10943335745933092,0.5019607843137255,0.1225697087353597,0.5801749271137027,2.0,2.0,True,2023
1,24,7,15.0,23.0,7.0,12.0,6.0,8.0,18.0,29.0,3.0,8.0,11.0,11.0,0.1225697087353597,0.5801749271137027,0.1275466859674647,0.50293542074364,2.0,2.0,False,2023
0,18,6,10.0,17.0,5.0,8.0,4.0,5.0,9.0,26.0,4.0,7.0,8.0,10.0,0.15710354512610503,0.6228571428571429,0.056362161362008945,0.500998003992016,3.0,3.0,True,2023
0,2,9,9.0,22.0,5.0,12.0,7.0,9.0,12.0,22.0,3.0,6.0,6.0,6.0,0.17375867514549181,0.610738255033557,0.07216032633955846,0.42828282828282827,3.0,3.0,False,2023
0,3,28,9.0,21.0,3.0,11.0,2.0,3.0,10.0,18.0,3.0,10.0,3.0,4.0,0.11777947500057437,0.4448979591836735,0.0971388674039741,0.41014799154334036,3.0,3.0,False,2023
0,20,23,10.0,17.0,4.0,8.0,5.0,5.0,10.0,22.0,3.0,11.0,13.0,15.0,0.1281637911075142,0.6061185468451242,0.08063746687966808,0.453027139874739,2.0,2.0,True,2023
1,23,20,10.0,22.0,3.0,11.0,13.0,15.0,10.0,17.0,4.0,8.0,5.0,5.0,0.08063746687966808,0.453027139874739,0.14253103288601135,0.6068702290076335,2.0,2.0,False,2023
1,28,3,10.0,18.0,3.0,10.0,3.0,4.0,9.0,21.0,3.0,11.0,2.0,3.0,0.0971388674039741,0.41014799154334036,0.0942235800004595,0.4439918533604888,3.0,3.0,True,2023
1,9,2,12.0,22.0,3.0,6.0,6.0,6.0,9.0,22.0,5.0,12.0,7.0,9.0,0.07216032633955846,0.42828282828282827,0.13900694011639345,0.609375,3.0,3.0,True,2023
1,29,16,11.0,24.0,2.0,7.0,8.0,10.0,13.0,26.0,6.0,10.0,13.0,14.0,0.13761527707245097,0.5239043824701195,0.10621740964931212,0.49292929292929294,3.0,3.0,True,2023
0,4,12,8.0,18.0,4.0,7.0,4.0,5.0,12.0,19.0,5.0,6.0,4.0,4.0,0.10618695677714315,0.6580406654343808,0.1090110390845965,0.5561904761904762,3.0,3.0,False,2023
0,16,29,13.0,26.0,6.0,10.0,13.0,14.0,11.0,24.0,2.0,7.0,8.0,10.0,0.10621740964931212,0.49292929292929294,0.1500922216579608,0.5248508946322068,3.0,3.0,False,2023
0,7,24,10.0,21.0,3.0,6.0,10.0,11.0,17.0,29.0,3.0,8.0,4.0,6.0,0.1275466859674647,0.50293542074364,0.09805576698828776,0.5784883720930233,2.0,2.0,True,2023
1,6,18,8.0,18.0,3.0,6.0,3.0,6.0,11.0,20.0,3.0,7.0,7.0,8.0,0.056362161362008945,0.500998003992016,0.16568283610088402,0.623574144486692,2.0,2.0,False,2023
0,18,6,11.0,20.0,3.0,7.0,7.0,8.0,8.0,18.0,3.0,6.0,3.0,6.0,0.16568283610088402,0.623574144486692,0.04508972908960716,0.5,2.0,2.0,True,2023
1,24,7,17.0,29.0,3.0,8.0,4.0,6.0,10.0,21.0,3.0,6.0,10.0,11.0,0.09805576698828776,0.5784883720930233,0.14203734877397178,0.50390625,2.0,2.0,False,2023
1,12,4,12.0,19.0,5.0,6.0,4.0,4.0,8.0,18.0,4.0,7.0,4.0,5.0,0.1090110390845965,0.5561904761904762,0.08494956542171453,0.6568265682656826,3.0,3.0,True,2023
0,3,28,9.0,18.0,2.0,6.0,5.0,7.0,11.0,22.0,5.0,9.0,8.0,13.0,0.0942235800004595,0.4439918533604888,0.11771109392317929,0.41139240506329117,2.0,2.0,False,2023
1,28,3,11.0,22.0,5.0,9.0,8.0,13.0,9.0,18.0,2.0,6.0,5.0,7.0,0.11771109392317929,0.41139240506329117,0.0753788640003676,0.44308943089430897,2.0,2.0,True,2023
1,23,20,12.0,27.0,5.0,12.0,7.0,10.0,15.0,26.0,5.0,8.0,8.0,12.0,0.06450997350373447,0.45208333333333334,0.14253103288601135,0.6068702290076335,2.0,2.0,True,2023
0,2,9,12.0,22.0,4.0,13.0,11.0,12.0,11.0,26.0,4.0,10.0,9.0,11.0,0.13900694011639345,0.609375,0.09772826107164675,0.42943548387096775,2.0,2.0,True,2023
0,15,0,14.0,31.0,5.0,11.0,6.0,8.0,11.0,22.0,5.0,11.0,6.0,6.0,0.09217125027243481,0.4378947368421053,0.11902339656685099,0.5238095238095238,3.0,3.0,False,2023
1,9,2,11.0,26.0,4.0,10.0,9.0,11.0,12.0,22.0,4.0,13.0,11.0,12.0,0.09772826107164675,0.42943548387096775,0.15120555209311476,0.6102449888641426,2.0,2.0,False,2023
0,20,23,15.0,26.0,5.0,8.0,8.0,12.0,12.0,27.0,5.0,12.0,7.0,10.0,0.14253103288601135,0.6068702290076335,0.09160797880298757,0.45322245322245325,2.0,2.0,False,2023
1,0,15,11.0,22.0,5.0,11.0,6.0,6.0,14.0,31.0,5.0,11.0,6.0,8.0,0.11902339656685099,0.5238095238095238,0.07373700021794785,0.4369747899159664,3.0,3.0,True,2023
0,4,12,13.0,23.0,4.0,11.0,6.0,6.0,19.0,28.0,3.0,8.0,15.0,18.0,0.08494956542171453,0.6568265682656826,0.1272088312676772,0.5570342205323194,2.0,2.0,False,2023
1,12,4,19.0,28.0,3.0,8.0,15.0,18.0,13.0,23.0,4.0,11.0,6.0,6.0,0.1272088312676772,0.5570342205323194,0.06795965233737163,0.6556169429097606,2.0,2.0,True,2023
1,29,16,8.0,18.0,3.0,8.0,7.0,8.0,13.0,29.0,3.0,12.0,7.0,7.0,0.1500922216579608,0.5248508946322068,0.0849739277194497,0.49193548387096775,2.0,2.0,True,2023
0,16,29,13.0,29.0,3.0,12.0,7.0,7.0,8.0,18.0,3.0,8.0,7.0,8.0,0.0849739277194497,0.49193548387096775,0.1600737773263686,0.5257936507936508,2.0,2.0,False,2023
0,9,2,14.0,33.0,5.0,13.0,5.0,5.0,15.0,23.0,4.0,10.0,2.0,5.0,0.0781826088573174,0.42857142857142855,0.15120555209311476,0.6102449888641426,2.0,2.0,True,2023
0,23,20,13.0,27.0,3.0,9.0,7.0,9.0,12.0,29.0,5.0,9.0,9.0,10.0,0.09160797880298757,0.45322245322245325,0.11402482630880909,0.6057142857142858,2.0,2.0,False,2023
1,2,9,15.0,23.0,4.0,10.0,2.0,5.0,14.0,33.0,5.0,13.0,5.0,5.0,0.15120555209311476,0.6102449888641426,0.10254608708585393,0.42971887550200805,2.0,2.0,False,2023
1,7,24,19.0,27.0,4.0,7.0,7.0,7.0,8.0,18.0,5.0,8.0,8.0,10.0,0.14203734877397178,0.50390625,0.07844461359063021,0.5768115942028985,3.0,3.0,True,2023
0,24,7,8.0,18.0,5.0,8.0,8.0,10.0,19.0,27.0,4.0,7.0,7.0,7.0,0.07844461359063021,0.5768115942028985,0.1536298790191774,0.5048732943469786,3.0,3.0,False,2023
1,20,23,12.0,29.0,5.0,9.0,9.0,10.0,13.0,27.0,3.0,9.0,7.0,9.0,0.11402482630880909,0.6057142857142858,0.07328638304239006,0.45228215767634855,2.0,2.0,True,2023
0,29,16,14.0,23.0,3.0,9.0,6.0,6.0,13.0,26.0,4.0,10.0,6.0,6.0,0.1600737773263686,0.5257936507936508,0.06797914217555975,0.4909456740442656,2.0,2.0,False,2023
1,15,0,9.0,25.0,3.0,10.0,8.0,10.0,12.0,25.0,5.0,11.0,5.0,8.0,0.07373700021794785,0.4369747899159664,0.1352187172534808,0.5294117647058824,3.0,3.0,False,2023
1,3,28,11.0,26.0,4.0,12.0,6.0,6.0,8.0,22.0,3.0,10.0,6.0,6.0,0.0753788640003676,0.44308943089430897,0.13416887513854342,0.4126315789473684,3.0,3.0,False,2023
0,0,15,12.0,25.0,5.0,11.0,5.0,8.0,9.0,25.0,3.0,10.0,8.0,10.0,0.1352187172534808,0.5294117647058824,0.05898960017435828,0.4360587002096436,3.0,3.0,True,2023
1,16,29,13.0,26.0,4.0,10.0,6.0,6.0,14.0,23.0,3.0,9.0,6.0,6.0,0.06797914217555975,0.4909456740442656,0.12805902186109488,0.5247524752475248,2.0,2.0,True,2023
0,12,4,17.0,33.0,5.0,12.0,5.0,9.0,14.0,27.0,4.0,10.0,10.0,23.0,0.14176706501414177,0.5578747628083491,0.06795965233737163,0.6556169429097606,2.0,2.0,True,2023
0,28,3,8.0,22.0,3.0,10.0,6.0,6.0,11.0,26.0,4.0,12.0,6.0,6.0,0.13416887513854342,0.4126315789473684,0.060303091200294076,0.4421906693711968,3.0,3.0,True,2023
1,4,12,14.0,27.0,4.0,10.0,10.0,23.0,17.0,33.0,5.0,12.0,5.0,9.0,0.06795965233737163,0.6556169429097606,0.15341365201131343,0.5587121212121212,2.0,2.0,False,2023
0,2,9,13.0,25.0,6.0,10.0,8.0,9.0,9.0,28.0,4.0,12.0,8.0,8.0,0.1209644416744918,0.6088888888888889,0.10254608708585393,0.42971887550200805,2.0,2.0,True,2023
1,9,2,9.0,28.0,4.0,12.0,8.0,8.0,13.0,25.0,6.0,10.0,8.0,9.0,0.10254608708585393,0.42971887550200805,0.13677155333959345,0.6097560975609756,2.0,2.0,False,2023
0,16,29,6.0,16.0,2.0,7.0,7.0,8.0,12.0,17.0,5.0,9.0,4.0,4.0,0.09438331374044781,0.4919678714859438,0.12805902186109488,0.5247524752475248,2.0,2.0,False,2023
1,29,16,12.0,17.0,5.0,9.0,4.0,4.0,6.0,16.0,2.0,7.0,7.0,8.0,0.12805902186109488,0.5247524752475248,0.07550665099235825,0.4909819639278557,2.0,2.0,True,2023
1,0,15,9.0,21.0,5.0,12.0,6.0,9.0,10.0,18.0,4.0,13.0,9.0,10.0,0.14817497380278463,0.5348837209302325,0.05898960017435828,0.4360587002096436,2.0,2.0,False,2023
0,15,0,10.0,18.0,4.0,13.0,9.0,10.0,9.0,21.0,5.0,12.0,6.0,9.0,0.05898960017435828,0.4360587002096436,0.11853997904222771,0.5287356321839081,2.0,2.0,True,2023
0,7,20,12.0,19.0,1.0,5.0,7.0,8.0,13.0,24.0,6.0,10.0,5.0,5.0,0.1536298790191774,0.5048732943469786,0.13121986104704725,0.6064638783269962,4.0,4.0,False,2023
1,20,7,13.0,24.0,6.0,10.0,5.0,5.0,12.0,19.0,1.0,5.0,7.0,8.0,0.13121986104704725,0.6064638783269962,0.12290390321534192,0.5038910505836576,4.0,4.0,True,2023
0,0,15,20.0,38.0,7.0,18.0,6.0,10.0,10.0,19.0,4.0,10.0,4.0,6.0,0.11853997904222771,0.5287356321839081,0.08719168013948662,0.4372384937238494,2.0,2.0,True,2023
1,15,0,10.0,19.0,4.0,10.0,4.0,6.0,20.0,38.0,7.0,18.0,6.0,10.0,0.08719168013948662,0.4372384937238494,0.13483198323378215,0.5340909090909091,2.0,2.0,False,2023
0,12,28,8.0,16.0,5.0,12.0,9.0,11.0,11.0,23.0,4.0,11.0,5.0,8.0,0.15341365201131343,0.5587121212121212,0.14733510011083475,0.41386554621848737,4.0,4.0,True,2023
1,28,12,11.0,23.0,4.0,11.0,5.0,8.0,8.0,16.0,5.0,12.0,9.0,11.0,0.14733510011083475,0.41386554621848737,0.16273092160905073,0.5595463137996219,4.0,4.0,False,2023
1,20,7,17.0,30.0,4.0,9.0,5.0,6.0,14.0,29.0,4.0,12.0,3.0,3.0,0.14497588883763782,0.6072106261859582,0.12290390321534192,0.5038910505836576,2.0,2.0,True,2023
0,7,20,14.0,29.0,4.0,12.0,3.0,3.0,17.0,30.0,4.0,9.0,5.0,6.0,0.12290390321534192,0.5038910505836576,0.15598071107011025,0.6079545454545454,2.0,2.0,False,2023
1,2,18,14.0,25.0,4.0,6.0,7.0,8.0,17.0,30.0,7.0,14.0,4.0,4.0,0.13677155333959345,0.6097560975609756,0.1725462688807072,0.6242884250474383,4.0,9.0,False,2023
0,18,2,17.0,30.0,7.0,14.0,4.0,4.0,14.0,25.0,4.0,6.0,7.0,8.0,0.1725462688807072,0.6242884250474383,0.10941724267167477,0.6084070796460177,9.0,4.0,True,2023
1,28,12,10.0,19.0,6.0,10.0,6.0,7.0,8.0,17.0,4.0,12.0,5.0,7.0,0.11786808008866781,0.4129979035639413,0.16273092160905073,0.5595463137996219,2.0,2.0,True,2023
0,12,28,8.0,17.0,4.0,12.0,5.0,7.0,10.0,19.0,6.0,10.0,6.0,7.0,0.16273092160905073,0.5595463137996219,0.13429446407093423,0.41422594142259417,2.0,2.0,False,2023
0,29,0,11.0,24.0,2.0,8.0,9.0,10.0,10.0,25.0,6.0,16.0,2.0,2.0,0.1424472174888759,0.525691699604743,0.13483198323378215,0.5340909090909091,4.0,2.0,True,2023
1,0,29,10.0,25.0,6.0,16.0,2.0,2.0,11.0,24.0,2.0,8.0,9.0,10.0,0.13483198323378215,0.5340909090909091,0.15395777399110072,0.5266272189349113,2.0,4.0,False,2023
0,18,2,7.0,14.0,2.0,6.0,8.0,10.0,9.0,17.0,6.0,10.0,5.0,5.0,0.17803701510456577,0.625,0.10941724267167477,0.6084070796460177,2.0,2.0,False,2023
1,2,18,9.0,17.0,6.0,10.0,5.0,5.0,7.0,14.0,2.0,6.0,8.0,10.0,0.10941724267167477,0.6084070796460177,0.14242961208365262,0.6238185255198487,2.0,2.0,True,2023
1,0,29,11.0,18.0,8.0,11.0,3.0,4.0,10.0,18.0,4.0,8.0,4.0,4.0,0.10786558658702572,0.5280898876404494,0.15395777399110072,0.5266272189349113,2.0,2.0,True,2023
0,29,0,10.0,18.0,4.0,8.0,4.0,4.0,11.0,18.0,8.0,11.0,3.0,4.0,0.15395777399110072,0.5266272189349113,0.12629246926962057,0.5333333333333333,2.0,2.0,False,2023
0,20,7,13.0,29.0,6.0,10.0,7.0,8.0,20.0,31.0,5.0,8.0,14.0,16.0,0.15598071107011025,0.6079545454545454,0.09832312257227353,0.5029126213592233,4.0,4.0,False,2023
1,7,20,20.0,31.0,5.0,8.0,14.0,16.0,13.0,29.0,6.0,10.0,7.0,8.0,0.09832312257227353,0.5029126213592233,0.1247845688560882,0.6068052930056711,4.0,4.0,True,2023
0,2,18,10.0,20.0,5.0,11.0,7.0,7.0,9.0,19.0,4.0,9.0,11.0,12.0,0.1275337941373398,0.609271523178808,0.14242961208365262,0.6238185255198487,2.0,2.0,True,2023
1,18,2,9.0,19.0,4.0,9.0,11.0,12.0,10.0,20.0,5.0,11.0,7.0,7.0,0.14242961208365262,0.6238185255198487,0.14202703530987185,0.6101321585903083,2.0,2.0,False,2023
1,12,28,9.0,21.0,3.0,10.0,10.0,11.0,7.0,20.0,2.0,8.0,6.0,6.0,0.1301847372872406,0.5584905660377358,0.13429446407093423,0.41422594142259417,4.0,4.0,True,2023
0,28,12,7.0,20.0,2.0,8.0,6.0,6.0,9.0,21.0,3.0,10.0,10.0,11.0,0.13429446407093423,0.41422594142259417,0.14414778982979246,0.559322033898305,4.0,4.0,False,2023
0,0,29,9.0,21.0,4.0,10.0,3.0,4.0,8.0,13.0,5.0,8.0,11.0,12.0,0.12629246926962057,0.5333333333333333,0.12316621919288058,0.5255905511811023,2.0,2.0,False,2023
1,29,0,8.0,13.0,5.0,8.0,11.0,12.0,9.0,21.0,4.0,10.0,3.0,4.0,0.12316621919288058,0.5255905511811023,0.10103397541569645,0.5274725274725275,2.0,2.0,True,2023
0,2,18,10.0,20.0,5.0,10.0,5.0,7.0,16.0,26.0,6.0,9.0,12.0,15.0,0.14202703530987185,0.6101321585903083,0.1139436896669221,0.6226415094339622,2.0,2.0,False,2023
1,18,2,16.0,26.0,6.0,9.0,12.0,15.0,10.0,20.0,5.0,10.0,5.0,7.0,0.1139436896669221,0.6226415094339622,0.11362162824789748,0.6087912087912087,2.0,2.0,True,2023
1,7,20,14.0,19.0,5.0,8.0,12.0,13.0,20.0,30.0,2.0,9.0,11.0,13.0,0.11865849805781883,0.5038759689922481,0.1247845688560882,0.6068052930056711,2.0,2.0,True,2023
0,20,7,20.0,30.0,2.0,9.0,11.0,13.0,14.0,19.0,5.0,8.0,12.0,13.0,0.1247845688560882,0.6068052930056711,0.13492679844625505,0.504835589941973,2.0,2.0,False,2023
0,28,12,10.0,21.0,3.0,7.0,10.0,11.0,10.0,17.0,4.0,10.0,8.0,9.0,0.10743557125674738,0.4133611691022965,0.14414778982979246,0.559322033898305,2.0,2.0,False,2023
1,12,28,10.0,17.0,4.0,10.0,8.0,9.0,10.0,21.0,3.0,7.0,10.0,11.0,0.14414778982979246,0.559322033898305,0.08594845700539791,0.4125,2.0,2.0,True,2023
0,0,29,12.0,30.0,3.0,14.0,4.0,4.0,10.0,25.0,3.0,9.0,5.0,5.0,0.10103397541569645,0.5274725274725275,0.13853297535430448,0.5265225933202358,2.0,2.0,False,2023
1,29,0,10.0,25.0,3.0,9.0,5.0,5.0,12.0,30.0,3.0,14.0,4.0,4.0,0.13853297535430448,0.5265225933202358,0.08082718033255716,0.5217391304347826,2.0,2.0,True,2023
1,20,7,12.0,20.0,5.0,8.0,9.0,10.0,10.0,24.0,4.0,7.0,8.0,9.0,0.09982765508487056,0.6056603773584905,0.13492679844625505,0.504835589941973,2.0,2.0,True,2023
1,2,18,11.0,27.0,3.0,11.0,11.0,13.0,10.0,23.0,6.0,12.0,10.0,11.0,0.11362162824789748,0.6087912087912087,0.1311549517335377,0.623352165725047,2.0,2.0,False,2023
0,18,2,10.0,23.0,6.0,12.0,10.0,11.0,11.0,27.0,3.0,11.0,11.0,13.0,0.1311549517335377,0.623352165725047,0.09089730259831799,0.6074561403508771,2.0,2.0,True,2023
0,7,20,10.0,24.0,4.0,7.0,8.0,9.0,12.0,20.0,5.0,8.0,9.0,10.0,0.13492679844625505,0.504835589941973,0.11986212406789645,0.6064030131826742,2.0,2.0,False,2023
1,0,29,12.0,24.0,3.0,11.0,5.0,5.0,10.0,18.0,3.0,7.0,4.0,5.0,0.08082718033255716,0.5217391304347826,0.15082638028344358,0.5274509803921569,2.0,2.0,True,2023
1,28,12,12.0,22.0,4.0,10.0,10.0,12.0,7.0,13.0,5.0,10.0,9.0,11.0,0.08594845700539791,0.4125,0.15531823186383398,0.5601503759398496,2.0,2.0,True,2023
0,12,28,7.0,13.0,5.0,10.0,9.0,11.0,12.0,22.0,4.0,10.0,10.0,12.0,0.15531823186383398,0.5601503759398496,0.10875876560431832,0.41372141372141374,2.0,2.0,False,2023
0,29,0,10.0,18.0,3.0,7.0,4.0,5.0,12.0,24.0,3.0,11.0,5.0,5.0,0.15082638028344358,0.5274509803921569,0.10466174426604573,0.5268817204301075,2.0,2.0,False,2023
1,7,20,12.0,19.0,7.0,9.0,7.0,7.0,13.0,18.0,4.0,7.0,8.0,8.0,0.10794143875700404,0.5038610038610039,0.11986212406789645,0.6064030131826742,2.0,2.0,False,2023
0,20,7,13.0,18.0,4.0,7.0,8.0,8.0,12.0,19.0,7.0,9.0,7.0,7.0,0.11986212406789645,0.6064030131826742,0.08635315100560323,0.5028901734104047,2.0,2.0,True,2023
0,2,18,8.0,21.0,4.0,11.0,5.0,5.0,9.0,20.0,3.0,9.0,8.0,8.0,0.09089730259831799,0.6074561403508771,0.14492396138683014,0.6240601503759399,2.0,2.0,True,2023
1,18,2,9.0,20.0,3.0,9.0,8.0,8.0,8.0,21.0,4.0,11.0,5.0,5.0,0.14492396138683014,0.6240601503759399,0.11271784207865439,0.6083150984682714,2.0,2.0,False,2023
1,12,28,9.0,22.0,2.0,7.0,10.0,11.0,14.0,22.0,5.0,10.0,9.0,10.0,0.12425458549106719,0.5590994371482176,0.10875876560431832,0.41372141372141374,2.0,2.0,True,2023
0,28,12,14.0,22.0,5.0,10.0,9.0,10.0,9.0,22.0,2.0,7.0,10.0,11.0,0.10875876560431832,0.41372141372141374,0.13940366839285373,0.5599250936329588,2.0,2.0,False,2023
1,29,0,10.0,15.0,4.0,7.0,8.0,11.0,11.0,28.0,4.0,14.0,6.0,6.0,0.12066110422675487,0.5264187866927593,0.10466174426604573,0.5268817204301075,2.0,2.0,True,2023
0,0,29,11.0,28.0,4.0,14.0,6.0,6.0,10.0,15.0,4.0,7.0,8.0,11.0,0.10466174426604573,0.5268817204301075,0.1365288833814039,0.52734375,2.0,2.0,False,2023
0,18,2,7.0,18.0,3.0,7.0,5.0,6.0,17.0,28.0,6.0,10.0,11.0,14.0,0.11593916910946411,0.6228893058161351,0.11271784207865439,0.6083150984682714,3.0,3.0,False,2023
1,2,18,17.0,28.0,6.0,10.0,11.0,14.0,7.0,18.0,3.0,7.0,5.0,6.0,0.11271784207865439,0.6083150984682714,0.09275133528757129,0.6217228464419475,3.0,3.0,True,2023
1,20,29,12.0,20.0,4.0,8.0,7.0,8.0,14.0,23.0,5.0,9.0,11.0,11.0,0.13588969925431715,0.6071428571428571,0.1365288833814039,0.52734375,5.0,4.0,True,2023
0,29,20,14.0,23.0,5.0,9.0,11.0,11.0,12.0,20.0,4.0,8.0,7.0,8.0,0.1365288833814039,0.52734375,0.1487117594034537,0.6078799249530957,4.0,5.0,False,2023
0,12,2,12.0,25.0,3.0,7.0,9.0,10.0,10.0,21.0,3.0,6.0,11.0,11.0,0.13940366839285373,0.5599250936329588,0.1301742736629235,0.6091703056768559,5.0,3.0,True,2023
1,2,12,10.0,21.0,3.0,6.0,11.0,11.0,12.0,25.0,3.0,7.0,9.0,10.0,0.1301742736629235,0.6091703056768559,0.151522934714283,0.5607476635514018,3.0,5.0,False,2023
1,20,29,11.0,24.0,6.0,14.0,9.0,10.0,9.0,19.0,5.0,9.0,9.0,11.0,0.1487117594034537,0.6078799249530957,0.10922310670512311,0.5263157894736842,2.0,2.0,True,2023
0,29,20,9.0,19.0,5.0,9.0,9.0,11.0,11.0,24.0,6.0,14.0,9.0,10.0,0.10922310670512311,0.5263157894736842,0.15896940752276295,0.6086142322097379,2.0,2.0,False,2023
0,12,2,12.0,25.0,3.0,7.0,8.0,8.0,10.0,23.0,3.0,10.0,11.0,12.0,0.151522934714283,0.5607476635514018,0.1041394189303388,0.6078431372549019,2.0,2.0,True,2023
1,2,12,10.0,23.0,3.0,10.0,11.0,12.0,12.0,25.0,3.0,7.0,8.0,8.0,0.1041394189303388,0.6078431372549019,0.16121834777142638,0.5615671641791045,2.0,2.0,False,2023
0,20,29,15.0,29.0,5.0,11.0,4.0,7.0,11.0,19.0,3.0,9.0,6.0,8.0,0.15896940752276295,0.6086142322097379,0.0873784853640985,0.5252918287937743,2.0,2.0,True,2023
1,29,20,11.0,19.0,3.0,9.0,6.0,8.0,15.0,29.0,5.0,11.0,4.0,7.0,0.0873784853640985,0.5252918287937743,0.16717552601821037,0.6093457943925233,2.0,2.0,False,2023
0,2,12,6.0,18.0,3.0,7.0,4.0,5.0,11.0,14.0,6.0,9.0,6.0,7.0,0.08331153514427105,0.6065217391304348,0.16121834777142638,0.5615671641791045,2.0,2.0,False,2023
1,12,2,11.0,14.0,6.0,9.0,6.0,7.0,6.0,18.0,3.0,7.0,4.0,5.0,0.16121834777142638,0.5615671641791045,0.06664922811541683,0.6052060737527115,2.0,2.0,True,2023
1,29,20,15.0,25.0,4.0,7.0,9.0,10.0,11.0,24.0,3.0,10.0,5.0,6.0,0.0699027882912788,0.5242718446601942,0.16717552601821037,0.6093457943925233,2.0,2.0,False,2023
0,20,29,11.0,24.0,3.0,10.0,5.0,6.0,15.0,25.0,4.0,7.0,9.0,10.0,0.16717552601821037,0.6093457943925233,0.05592223063302304,0.5232558139534884,2.0,2.0,True,2023
1,12,2,9.0,21.0,2.0,5.0,10.0,12.0,14.0,22.0,4.0,9.0,3.0,5.0,0.1689746782171411,0.5623836126629422,0.06664922811541683,0.6052060737527115,2.0,2.0,False,2023
0,2,12,14.0,22.0,4.0,9.0,3.0,5.0,9.0,21.0,2.0,5.0,10.0,12.0,0.06664922811541683,0.6052060737527115,0.13517974257371287,0.5613382899628253,2.0,2.0,True,2023
1,2,12,9.0,18.0,6.0,8.0,5.0,6.0,8.0,15.0,3.0,5.0,4.0,6.0,0.09331938249233346,0.6060606060606061,0.13517974257371287,0.5613382899628253,2.0,2.0,True,2023
0,12,2,8.0,15.0,3.0,5.0,4.0,6.0,9.0,18.0,6.0,8.0,5.0,6.0,0.13517974257371287,0.5613382899628253,0.11465550599386679,0.6069114470842333,2.0,2.0,False,2023
0,2,12,9.0,22.0,4.0,11.0,15.0,15.0,7.0,21.0,4.0,8.0,12.0,14.0,0.11465550599386679,0.6069114470842333,0.1081437940589703,0.5602968460111317,2.0,2.0,True,2023
1,12,2,7.0,21.0,4.0,8.0,12.0,14.0,9.0,22.0,4.0,11.0,15.0,15.0,0.1081437940589703,0.5602968460111317,0.13172440479509342,0.6077586206896551,2.0,2.0,False,2023
0,12,2,12.0,28.0,4.0,7.0,4.0,4.0,8.0,23.0,2.0,9.0,6.0,7.0,0.08651503524717624,0.5592592592592592,0.13172440479509342,0.6077586206896551,2.0,2.0,True,2023
1,2,12,8.0,23.0,2.0,9.0,6.0,7.0,12.0,28.0,4.0,7.0,4.0,4.0,0.13172440479509342,0.6077586206896551,0.10921202819774098,0.5600739371534196,2.0,2.0,False,2023
0,12,20,13.0,25.0,5.0,10.0,2.0,2.0,11.0,22.0,2.0,11.0,10.0,12.0,0.10921202819774098,0.5600739371534196,0.17374042081456828,0.6100746268656716,3.0,10.0,False,2023
1,20,12,11.0,22.0,2.0,11.0,10.0,12.0,13.0,25.0,5.0,10.0,2.0,2.0,0.17374042081456828,0.6100746268656716,0.08736962255819278,0.559040590405904,10.0,3.0,True,2023
1,20,12,16.0,28.0,3.0,8.0,7.0,8.0,8.0,19.0,4.0,10.0,5.0,5.0,0.17899233665165462,0.6108007448789572,0.08736962255819278,0.559040590405904,3.0,3.0,False,2023
0,12,20,8.0,19.0,4.0,10.0,5.0,5.0,16.0,28.0,3.0,8.0,7.0,8.0,0.08736962255819278,0.559040590405904,0.1431938693213237,0.6096654275092936,3.0,3.0,True,2023
0,20,12,12.0,22.0,3.0,6.0,7.0,8.0,11.0,24.0,3.0,6.0,8.0,10.0,0.1431938693213237,0.6096654275092936,0.10989569804655423,0.5598526703499079,3.0,3.0,True,2023
1,12,20,11.0,24.0,3.0,6.0,8.0,10.0,12.0,22.0,3.0,6.0,7.0,8.0,0.10989569804655423,0.5598526703499079,0.15455509545705898,0.6103896103896104,3.0,3.0,False,2023
0,20,12,11.0,19.0,3.0,7.0,4.0,4.0,9.0,19.0,3.0,5.0,6.0,9.0,0.15455509545705898,0.6103896103896104,0.08791655843724339,0.5588235294117647,2.0,2.0,True,2023
1,12,20,9.0,19.0,3.0,5.0,6.0,9.0,11.0,19.0,3.0,7.0,4.0,4.0,0.08791655843724339,0.5588235294117647,0.16364407636564718,0.6111111111111112,2.0,2.0,False,2023
0,12,20,9.0,20.0,4.0,9.0,9.0,11.0,12.0,17.0,2.0,7.0,3.0,6.0,0.07033324674979471,0.5577981651376147,0.16364407636564718,0.6111111111111112,3.0,3.0,False,2023
1,20,12,12.0,17.0,2.0,7.0,3.0,6.0,9.0,20.0,4.0,9.0,9.0,11.0,0.16364407636564718,0.6111111111111112,0.05626659739983577,0.5567765567765568,3.0,3.0,True,2023
0,7,0,13.0,22.0,3.0,9.0,3.0,5.0,8.0,20.0,4.0,14.0,7.0,7.0,0.08635315100560323,0.5028901734104047,0.08372939541283658,0.5212765957446809,166.0,165.0,True,2024
1,0,7,8.0,20.0,4.0,14.0,7.0,7.0,13.0,22.0,3.0,9.0,3.0,5.0,0.08372939541283658,0.5212765957446809,0.5,0.5,165.0,166.0,False,2024
0,29,20,10.0,17.0,4.0,6.0,5.0,7.0,12.0,22.0,3.0,9.0,2.0,4.0,0.05592223063302304,0.5232558139534884,0.17091526109251773,0.6118299445471349,155.0,134.0,False,2024
1,20,29,12.0,22.0,3.0,9.0,2.0,4.0,10.0,17.0,4.0,6.0,5.0,7.0,0.17091526109251773,0.6118299445471349,0.04473778450641843,0.5222437137330754,134.0,155.0,True,2024
0,23,25,8.0,27.0,4.0,10.0,6.0,6.0,8.0,17.0,4.0,9.0,4.0,6.0,0.07328638304239006,0.45228215767634855,0.09104304744942059,0.601145038167939,183.0,196.0,False,2024
1,12,19,7.0,24.0,3.0,7.0,8.0,10.0,13.0,27.0,4.0,9.0,2.0,3.0,0.05626659739983577,0.5567765567765568,0.03446351998847214,0.3404255319148936,135.0,199.0,True,2024
1,25,23,8.0,17.0,4.0,9.0,4.0,6.0,8.0,27.0,4.0,10.0,6.0,6.0,0.09104304744942059,0.601145038167939,0.058629106433912045,0.45134575569358176,196.0,183.0,True,2024
1,5,13,9.0,17.0,3.0,6.0,4.0,6.0,13.0,25.0,4.0,11.0,4.0,7.0,0.08935849458222368,0.4536082474226804,0.0450334248277545,0.48514851485148514,199.0,199.0,False,2024
0,13,5,13.0,25.0,4.0,11.0,4.0,7.0,9.0,17.0,3.0,6.0,4.0,6.0,0.0450334248277545,0.48514851485148514,0.07148679566577895,0.45267489711934156,199.0,199.0,True,2024
0,1,10,6.0,13.0,4.0,7.0,6.0,7.0,8.0,12.0,3.0,7.0,6.0,7.0,0.12207687229100991,0.474609375,0.05718127596024436,0.37060041407867494,199.0,199.0,False,2024
1,28,2,8.0,22.0,5.0,8.0,6.0,7.0,13.0,22.0,5.0,9.0,9.0,10.0,0.08700701248345466,0.41286307053941906,0.10537952383607474,0.6064516129032258,166.0,149.0,False,2024
0,2,28,13.0,22.0,5.0,9.0,9.0,10.0,8.0,22.0,5.0,8.0,6.0,7.0,0.10537952383607474,0.6064516129032258,0.06960560998676373,0.41200828157349895,149.0,166.0,True,2024
1,22,14,9.0,16.0,6.0,8.0,4.0,4.0,9.0,18.0,2.0,6.0,6.0,6.0,0.07002034146116037,0.48775510204081635,0.053770836756640995,0.42857142857142855,199.0,199.0,True,2024
0,15,11,11.0,18.0,5.0,9.0,6.0,7.0,8.0,16.0,2.0,6.0,6.0,8.0,0.0697533441115893,0.4363256784968685,0.05326031431537959,0.580078125,178.0,199.0,True,2024
0,19,12,13.0,27.0,4.0,9.0,2.0,3.0,7.0,24.0,3.0,7.0,8.0,10.0,0.03446351998847214,0.3404255319148936,0.08501327791986861,0.5575868372943327,199.0,135.0,False,2024
1,10,1,8.0,12.0,3.0,7.0,6.0,7.0,6.0,13.0,4.0,7.0,6.0,7.0,0.05718127596024436,0.37060041407867494,0.09766149783280793,0.47368421052631576,199.0,199.0,True,2024
0,8,16,9.0,18.0,6.0,11.0,5.0,7.0,11.0,22.0,5.0,10.0,4.0,6.0,0.0954026424916132,0.4673469387755102,0.07550665099235825,0.4909819639278557,196.0,180.0,True,2024
1,24,17,11.0,17.0,5.0,8.0,4.0,5.0,8.0,16.0,3.0,6.0,4.0,4.0,0.06275569087250417,0.5751445086705202,0.023015994846465986,0.497029702970297,183.0,199.0,True,2024
0,17,24,8.0,16.0,3.0,6.0,4.0,4.0,11.0,17.0,5.0,8.0,4.0,5.0,0.023015994846465986,0.497029702970297,0.09020455269800334,0.5763688760806917,199.0,183.0,False,2024
1,11,15,8.0,16.0,2.0,6.0,6.0,8.0,11.0,18.0,5.0,9.0,6.0,7.0,0.05326031431537959,0.580078125,0.09580267528927144,0.4375,199.0,178.0,False,2024
0,14,22,9.0,18.0,2.0,6.0,6.0,6.0,9.0,16.0,6.0,8.0,4.0,4.0,0.053770836756640995,0.42857142857142855,0.09601627316892831,0.48879837067209775,199.0,199.0,False,2024
0,9,21,9.0,19.0,1.0,9.0,14.0,15.0,12.0,18.0,4.0,11.0,8.0,12.0,0.08203686966868315,0.4288577154308617,0.08256132928839793,0.430406852248394,181.0,199.0,False,2024
1,27,26,9.0,20.0,3.0,9.0,6.0,6.0,12.0,18.0,3.0,6.0,5.0,5.0,0.11260701684503993,0.4021276595744681,0.10191841757478808,0.47560975609756095,194.0,194.0,False,2024
1,21,9,12.0,18.0,4.0,11.0,8.0,12.0,9.0,19.0,1.0,9.0,14.0,15.0,0.08256132928839793,0.430406852248394,0.06562949573494652,0.428,199.0,181.0,True,2024
0,26,27,12.0,18.0,3.0,6.0,5.0,5.0,9.0,20.0,3.0,9.0,6.0,6.0,0.10191841757478808,0.47560975609756095,0.09008561347603194,0.4012738853503185,194.0,194.0,True,2024
1,6,3,13.0,21.0,2.0,6.0,8.0,11.0,11.0,21.0,7.0,13.0,4.0,5.0,0.04508972908960716,0.5,0.060303091200294076,0.4421906693711968,186.0,182.0,False,2024
0,3,6,11.0,21.0,7.0,13.0,4.0,5.0,13.0,21.0,2.0,6.0,8.0,11.0,0.060303091200294076,0.4421906693711968,0.036071783271685726,0.4990059642147117,182.0,186.0,True,2024
1,16,8,11.0,22.0,5.0,10.0,4.0,6.0,9.0,18.0,6.0,11.0,5.0,7.0,0.07550665099235825,0.4909819639278557,0.11632211399329058,0.4684317718940937,180.0,196.0,False,2024
0,18,4,10.0,22.0,5.0,8.0,8.0,10.0,10.0,21.0,4.0,12.0,17.0,17.0,0.09275133528757129,0.6217228464419475,0.0543677218698973,0.6544117647058824,165.0,183.0,False,2024
1,4,18,10.0,21.0,4.0,12.0,17.0,17.0,10.0,22.0,5.0,8.0,8.0,10.0,0.0543677218698973,0.6544117647058824,0.07420106823005704,0.6205607476635514,183.0,165.0,True,2024
1,29,7,10.0,17.0,1.0,7.0,9.0,10.0,14.0,28.0,2.0,8.0,10.0,13.0,0.04473778450641843,0.5222437137330754,0.5,0.5,2.0,2.0,True,2024
0,7,29,14.0,28.0,2.0,8.0,10.0,13.0,10.0,17.0,1.0,7.0,9.0,10.0,0.5,0.5,0.07579022760513474,0.5231660231660231,2.0,2.0,False,2024
0,20,16,8.0,17.0,4.0,9.0,5.0,6.0,9.0,17.0,3.0,10.0,6.0,6.0,0.1767322088740142,0.6125461254612546,0.060405320793886594,0.49,3.0,2.0,True,2024
1,16,20,9.0,17.0,3.0,10.0,6.0,6.0,8.0,17.0,4.0,9.0,5.0,6.0,0.060405320793886594,0.49,0.18138576709921134,0.6132596685082873,2.0,3.0,False,2024
0,10,17,8.0,16.0,3.0,9.0,8.0,9.0,9.0,23.0,4.0,11.0,6.0,7.0,0.08574502076819548,0.371900826446281,0.01841279587717279,0.49604743083003955,2.0,2.0,True,2024
1,17,10,9.0,23.0,4.0,11.0,6.0,7.0,8.0,16.0,3.0,9.0,8.0,9.0,0.01841279587717279,0.49604743083003955,0.10859601661455638,0.3731958762886598,2.0,2.0,False,2024
1,15,0,14.0,28.0,5.0,11.0,6.0,7.0,14.0,19.0,7.0,10.0,6.0,6.0,0.09580267528927144,0.4375,0.06698351633026926,0.5157894736842106,2.0,3.0,False,2024
1,11,24,12.0,23.0,5.0,13.0,6.0,6.0,10.0,22.0,4.0,10.0,15.0,15.0,0.042608251452303667,0.5789473684210527,0.09020455269800334,0.5763688760806917,2.0,2.0,True,2024
1,5,1,8.0,19.0,4.0,7.0,8.0,11.0,11.0,20.0,2.0,10.0,2.0,6.0,0.07148679566577895,0.45267489711934156,0.09766149783280793,0.47368421052631576,2.0,2.0,True,2024
0,24,11,10.0,22.0,4.0,10.0,15.0,15.0,12.0,23.0,5.0,13.0,6.0,6.0,0.09020455269800334,0.5763688760806917,0.07408660116184293,0.5797665369649806,2.0,2.0,False,2024
0,0,15,14.0,19.0,7.0,10.0,6.0,6.0,14.0,28.0,5.0,11.0,6.0,7.0,0.06698351633026926,0.5157894736842106,0.07664214023141716,0.4365904365904366,3.0,2.0,True,2024
1,13,6,16.0,25.0,9.0,14.0,8.0,10.0,12.0,19.0,6.0,12.0,5.0,5.0,0.0760267398622036,0.48616600790513836,0.036071783271685726,0.4990059642147117,2.0,2.0,True,2024
0,1,5,11.0,20.0,2.0,10.0,2.0,6.0,8.0,19.0,4.0,7.0,8.0,11.0,0.09766149783280793,0.47368421052631576,0.09718943653262316,0.4537987679671458,2.0,2.0,False,2024
1,3,26,15.0,27.0,4.0,11.0,9.0,11.0,15.0,26.0,3.0,7.0,4.0,6.0,0.08824247296023525,0.4433198380566802,0.12153473405983047,0.4766734279918864,2.0,2.0,False,2024
0,6,13,12.0,19.0,6.0,12.0,5.0,5.0,16.0,25.0,9.0,14.0,8.0,10.0,0.036071783271685726,0.4990059642147117,0.10082139188976288,0.48717948717948717,2.0,2.0,False,2024
0,28,9,11.0,21.0,8.0,12.0,6.0,8.0,8.0,17.0,4.0,9.0,8.0,10.0,0.06960560998676373,0.41200828157349895,0.06562949573494652,0.428,2.0,2.0,True,2024
1,21,19,8.0,20.0,2.0,7.0,10.0,12.0,8.0,14.0,3.0,7.0,11.0,12.0,0.10604906343071836,0.43162393162393164,0.027570815990777715,0.33970276008492567,2.0,2.0,False,2024
0,19,21,8.0,14.0,3.0,7.0,11.0,12.0,8.0,20.0,2.0,7.0,10.0,12.0,0.027570815990777715,0.33970276008492567,0.08483925074457468,0.43070362473347545,2.0,2.0,True,2024
0,26,3,15.0,26.0,3.0,7.0,4.0,6.0,15.0,27.0,4.0,11.0,9.0,11.0,0.12153473405983047,0.4766734279918864,0.0705939783681882,0.44242424242424244,2.0,2.0,True,2024
0,25,27,9.0,15.0,3.0,10.0,4.0,5.0,11.0,22.0,2.0,9.0,10.0,14.0,0.11283443795953647,0.6019047619047619,0.09008561347603194,0.4012738853503185,2.0,2.0,False,2024
1,2,12,11.0,22.0,5.0,10.0,5.0,6.0,10.0,23.0,5.0,12.0,8.0,9.0,0.12430361906885978,0.6072961373390557,0.08501327791986861,0.5575868372943327,2.0,2.0,True,2024
1,27,25,11.0,22.0,2.0,9.0,10.0,14.0,9.0,15.0,3.0,10.0,4.0,5.0,0.09008561347603194,0.4012738853503185,0.09026755036762918,0.6007604562737643,2.0,2.0,True,2024
1,9,28,8.0,17.0,4.0,9.0,8.0,10.0,11.0,21.0,8.0,12.0,6.0,8.0,0.06562949573494652,0.428,0.09568448798941098,0.4132231404958678,2.0,2.0,False,2024
0,12,2,10.0,23.0,5.0,12.0,8.0,9.0,11.0,22.0,5.0,10.0,5.0,6.0,0.08501327791986861,0.5575868372943327,0.13944289525508782,0.6081370449678801,2.0,2.0,False,2024
0,11,7,7.0,13.0,5.0,8.0,6.0,6.0,9.0,14.0,3.0,7.0,9.0,9.0,0.07408660116184293,0.5797665369649806,0.5,0.0,1.0,2.0,False,2024
0,16,14,10.0,20.0,4.0,12.0,6.0,6.0,9.0,23.0,5.0,12.0,7.0,9.0,0.048324256635109274,0.48902195608782434,0.0430166694053128,0.42768595041322316,1.0,3.0,False,2024
1,25,18,11.0,16.0,4.0,6.0,3.0,4.0,14.0,21.0,7.0,9.0,6.0,7.0,0.09026755036762918,0.6007604562737643,0.07420106823005704,0.6205607476635514,1.0,2.0,False,2024
0,18,25,14.0,21.0,7.0,9.0,6.0,7.0,11.0,16.0,4.0,6.0,3.0,4.0,0.07420106823005704,0.6205607476635514,0.07221404029410335,0.5996204933586338,2.0,1.0,True,2024
1,7,11,9.0,14.0,3.0,7.0,9.0,9.0,7.0,13.0,5.0,8.0,6.0,6.0,0.5,0.0,0.059269280929474345,0.5786407766990291,2.0,1.0,True,2024
0,28,8,7.0,16.0,1.0,6.0,5.0,6.0,12.0,17.0,3.0,8.0,3.0,4.0,0.09568448798941098,0.4132231404958678,0.11632211399329058,0.4684317718940937,1.0,3.0,False,2024
1,8,28,12.0,17.0,3.0,8.0,3.0,4.0,7.0,16.0,1.0,6.0,5.0,6.0,0.11632211399329058,0.4684317718940937,0.07654759039152878,0.41237113402061853,3.0,1.0,True,2024
0,12,23,8.0,23.0,4.0,10.0,5.0,10.0,10.0,15.0,4.0,7.0,2.0,2.0,0.06801062233589489,0.5565693430656934,0.058629106433912045,0.45134575569358176,1.0,3.0,False,2024
0,27,19,19.0,33.0,7.0,13.0,6.0,8.0,9.0,19.0,6.0,10.0,6.0,7.0,0.11206849078082555,0.4025423728813559,0.062056652792622166,0.3411016949152542,1.0,1.0,False,2024
1,3,22,12.0,28.0,4.0,10.0,8.0,10.0,10.0,16.0,5.0,9.0,5.0,5.0,0.0705939783681882,0.44242424242424244,0.09601627316892831,0.48879837067209775,1.0,3.0,False,2024
0,22,3,10.0,16.0,5.0,9.0,5.0,5.0,12.0,28.0,4.0,10.0,8.0,10.0,0.09601627316892831,0.48879837067209775,0.05647518269455056,0.4415322580645161,3.0,1.0,True,2024
1,14,16,9.0,23.0,5.0,12.0,7.0,9.0,10.0,20.0,4.0,12.0,6.0,6.0,0.0430166694053128,0.42768595041322316,0.03865940530808742,0.48804780876494025,3.0,1.0,True,2024
1,19,27,9.0,19.0,6.0,10.0,6.0,7.0,19.0,33.0,7.0,13.0,6.0,8.0,0.062056652792622166,0.3411016949152542,0.08965479262466045,0.40169133192389006,1.0,1.0,True,2024
1,23,12,10.0,15.0,4.0,7.0,2.0,2.0,8.0,23.0,4.0,10.0,5.0,10.0,0.058629106433912045,0.45134575569358176,0.05440849786871591,0.5555555555555556,3.0,1.0,True,2024
1,4,9,9.0,14.0,4.0,10.0,8.0,10.0,7.0,14.0,4.0,8.0,7.0,9.0,0.08349417749591784,0.655045871559633,0.05250359658795721,0.42714570858283435,3.0,2.0,False,2024
0,17,18,7.0,16.0,2.0,6.0,6.0,7.0,12.0,22.0,4.0,8.0,10.0,12.0,0.01473023670173823,0.49506903353057197,0.09936085458404562,0.621268656716418,2.0,1.0,False,2024
1,18,17,12.0,22.0,4.0,8.0,10.0,12.0,7.0,16.0,2.0,6.0,6.0,7.0,0.09936085458404562,0.621268656716418,0.011784189361390585,0.4940944881889764,1.0,2.0,True,2024
1,26,20,7.0,16.0,1.0,5.0,4.0,4.0,12.0,16.0,4.0,7.0,5.0,5.0,0.13722778724786439,0.4777327935222672,0.18138576709921134,0.6132596685082873,2.0,2.0,False,2024
0,29,15,11.0,22.0,5.0,13.0,7.0,8.0,14.0,24.0,4.0,9.0,6.0,8.0,0.07579022760513474,0.5231660231660231,0.07664214023141716,0.4365904365904366,3.0,2.0,False,2024
1,15,29,14.0,24.0,4.0,9.0,6.0,8.0,11.0,22.0,5.0,13.0,7.0,8.0,0.07664214023141716,0.4365904365904366,0.06063218208410779,0.5221579961464354,2.0,3.0,True,2024
0,9,4,7.0,14.0,4.0,8.0,7.0,9.0,9.0,14.0,4.0,10.0,8.0,10.0,0.05250359658795721,0.42714570858283435,0.06679534199673427,0.6538461538461539,2.0,3.0,True,2024
1,24,5,8.0,17.0,4.0,8.0,6.0,7.0,6.0,12.0,2.0,5.0,3.0,6.0,0.07216364215840268,0.5747126436781609,0.09718943653262316,0.4537987679671458,2.0,2.0,True,2024
0,5,24,6.0,12.0,2.0,5.0,3.0,6.0,8.0,17.0,4.0,8.0,6.0,7.0,0.09718943653262316,0.4537987679671458,0.09773091372672213,0.5759312320916905,2.0,2.0,False,2024
1,1,0,8.0,20.0,2.0,7.0,4.0,5.0,7.0,16.0,6.0,14.0,6.0,6.0,0.07812919826624634,0.4727626459143969,0.09358681306421542,0.5208333333333334,2.0,2.0,False,2024
0,0,1,7.0,16.0,6.0,14.0,6.0,6.0,8.0,20.0,2.0,7.0,4.0,5.0,0.09358681306421542,0.5208333333333334,0.06250335861299708,0.47184466019417476,2.0,2.0,True,2024
0,20,26,12.0,16.0,4.0,7.0,5.0,5.0,7.0,16.0,1.0,5.0,4.0,4.0,0.18138576709921134,0.6132596685082873,0.10978222979829151,0.4767676767676768,2.0,2.0,True,2024
1,26,19,11.0,23.0,4.0,5.0,9.0,9.0,7.0,15.0,4.0,7.0,7.0,8.0,0.10978222979829151,0.4767676767676768,0.08964532223409773,0.34249471458773784,1.0,2.0,True,2024
1,14,2,9.0,15.0,3.0,6.0,7.0,8.0,14.0,24.0,8.0,13.0,2.0,4.0,0.07441333552425024,0.4288659793814433,0.13944289525508782,0.6081370449678801,2.0,3.0,False,2024
1,4,12,12.0,21.0,3.0,7.0,9.0,11.0,12.0,21.0,3.0,7.0,9.0,10.0,0.06679534199673427,0.6538461538461539,0.05440849786871591,0.5555555555555556,1.0,2.0,True,2024
0,0,8,15.0,22.0,7.0,13.0,5.0,7.0,7.0,21.0,3.0,8.0,5.0,9.0,0.11486945045137234,0.5257731958762887,0.13305769119463245,0.4695121951219512,1.0,2.0,True,2024
0,17,25,9.0,21.0,3.0,8.0,4.0,4.0,9.0,21.0,2.0,9.0,3.0,3.0,0.011784189361390585,0.4940944881889764,0.07221404029410335,0.5996204933586338,1.0,2.0,True,2024
0,19,26,7.0,15.0,4.0,7.0,7.0,8.0,11.0,23.0,4.0,5.0,9.0,9.0,0.08964532223409773,0.34249471458773784,0.12782578383863322,0.4778225806451613,2.0,1.0,False,2024
1,25,17,9.0,21.0,2.0,9.0,3.0,3.0,9.0,21.0,3.0,8.0,4.0,4.0,0.07221404029410335,0.5996204933586338,0.04942735148911247,0.4950884086444008,2.0,1.0,False,2024
0,2,14,14.0,24.0,8.0,13.0,2.0,4.0,9.0,15.0,3.0,6.0,7.0,8.0,0.13944289525508782,0.6081370449678801,0.05953066841940019,0.4279835390946502,3.0,2.0,True,2024
1,16,13,12.0,20.0,5.0,10.0,7.0,9.0,11.0,22.0,6.0,12.0,7.0,10.0,0.03865940530808742,0.48804780876494025,0.10082139188976288,0.48717948717948717,2.0,3.0,False,2024
1,8,0,7.0,21.0,3.0,8.0,5.0,9.0,15.0,22.0,7.0,13.0,5.0,7.0,0.13305769119463245,0.4695121951219512,0.13189556036109787,0.5306122448979592,2.0,1.0,False,2024
0,12,4,12.0,21.0,3.0,7.0,9.0,10.0,12.0,21.0,3.0,7.0,9.0,11.0,0.05440849786871591,0.5555555555555556,0.09343627359738742,0.6544789762340036,2.0,1.0,False,2024
0,13,16,11.0,22.0,6.0,12.0,7.0,10.0,12.0,20.0,5.0,10.0,7.0,9.0,0.10082139188976288,0.48717948717948717,0.030927524246469933,0.4870775347912525,3.0,2.0,True,2024
1,21,6,10.0,19.0,2.0,6.0,6.0,6.0,10.0,17.0,4.0,9.0,12.0,14.0,0.08483925074457468,0.43070362473347545,0.02885742661734858,0.498015873015873,3.0,3.0,False,2024
0,10,29,7.0,17.0,5.0,7.0,4.0,4.0,12.0,18.0,3.0,6.0,5.0,5.0,0.10859601661455638,0.3731958762886598,0.06063218208410779,0.5221579961464354,3.0,1.0,False,2024
0,23,9,13.0,21.0,5.0,8.0,8.0,11.0,17.0,24.0,3.0,7.0,5.0,5.0,0.08690328514712962,0.4524793388429752,0.08200287727036579,0.42828685258964144,2.0,1.0,False,2024
0,6,21,10.0,17.0,4.0,9.0,12.0,14.0,10.0,19.0,2.0,6.0,6.0,6.0,0.02885742661734858,0.498015873015873,0.06787140059565974,0.4297872340425532,3.0,3.0,True,2024
1,9,23,17.0,24.0,3.0,7.0,5.0,5.0,13.0,21.0,5.0,8.0,8.0,11.0,0.08200287727036579,0.42828685258964144,0.0695226281177037,0.4515463917525773,1.0,2.0,True,2024
0,11,20,10.0,24.0,5.0,13.0,3.0,4.0,12.0,19.0,3.0,7.0,2.0,5.0,0.059269280929474345,0.5786407766990291,0.1851086136793691,0.6139705882352942,2.0,1.0,False,2024
1,20,11,12.0,19.0,3.0,7.0,2.0,5.0,10.0,24.0,5.0,13.0,3.0,4.0,0.1851086136793691,0.6139705882352942,0.04741542474357947,0.5775193798449613,1.0,2.0,True,2024
0,27,22,10.0,19.0,1.0,6.0,10.0,11.0,6.0,16.0,3.0,8.0,6.0,8.0,0.08965479262466045,0.40169133192389006,0.11681301853514266,0.4898373983739837,2.0,2.0,True,2024
1,22,27,6.0,16.0,3.0,8.0,6.0,8.0,10.0,19.0,1.0,6.0,10.0,11.0,0.11681301853514266,0.4898373983739837,0.11172383409972834,0.4029535864978903,2.0,2.0,False,2024
1,29,10,12.0,18.0,3.0,6.0,5.0,5.0,7.0,17.0,5.0,7.0,4.0,4.0,0.06063218208410779,0.5221579961464354,0.08687681329164511,0.3724279835390947,1.0,3.0,True,2024
1,24,10,8.0,17.0,6.0,9.0,5.0,7.0,6.0,13.0,2.0,7.0,5.0,8.0,0.09773091372672213,0.5759312320916905,0.08687681329164511,0.3724279835390947,2.0,1.0,True,2024
0,5,7,10.0,20.0,4.0,9.0,4.0,5.0,12.0,19.0,5.0,9.0,4.0,5.0,0.07775154922609853,0.45286885245901637,0.5,0.5,2.0,3.0,True,2024
1,7,5,12.0,19.0,5.0,9.0,4.0,5.0,10.0,20.0,4.0,9.0,4.0,5.0,0.5,0.5,0.10220123938087881,0.4539877300613497,3.0,2.0,False,2024
1,3,28,11.0,20.0,3.0,9.0,4.0,4.0,7.0,16.0,3.0,6.0,7.0,10.0,0.05647518269455056,0.4415322580645161,0.07654759039152878,0.41237113402061853,3.0,3.0,False,2024
0,10,24,6.0,13.0,2.0,7.0,5.0,8.0,8.0,17.0,6.0,9.0,5.0,7.0,0.08687681329164511,0.3724279835390947,0.11818473098137772,0.5771428571428572,1.0,2.0,False,2024
0,28,3,7.0,16.0,3.0,6.0,7.0,10.0,11.0,20.0,3.0,9.0,4.0,4.0,0.07654759039152878,0.41237113402061853,0.04518014615564045,0.44064386317907445,3.0,3.0,True,2024
1,12,6,12.0,23.0,6.0,10.0,6.0,8.0,7.0,19.0,5.0,7.0,8.0,11.0,0.04352679829497273,0.5545454545454546,0.06308594129387887,0.499009900990099,2.0,2.0,False,2024
1,29,24,13.0,19.0,4.0,8.0,7.0,10.0,15.0,28.0,6.0,11.0,7.0,8.0,0.08850574566728622,0.5230769230769231,0.11818473098137772,0.5771428571428572,2.0,1.0,True,2024
0,6,12,7.0,19.0,5.0,7.0,8.0,11.0,12.0,23.0,6.0,10.0,6.0,8.0,0.06308594129387887,0.499009900990099,0.03482143863597818,0.5535390199637024,2.0,2.0,True,2024
1,11,16,8.0,13.0,4.0,6.0,4.0,6.0,7.0,19.0,4.0,12.0,8.0,9.0,0.04741542474357947,0.5775193798449613,0.030927524246469933,0.4870775347912525,2.0,2.0,True,2024
0,16,11,7.0,19.0,4.0,12.0,8.0,9.0,8.0,13.0,4.0,6.0,4.0,6.0,0.030927524246469933,0.4870775347912525,0.07793233979486358,0.5783365570599613,2.0,2.0,False,2024
1,25,4,9.0,16.0,5.0,8.0,4.0,4.0,7.0,11.0,6.0,9.0,6.0,9.0,0.057771232235282674,0.5984848484848485,0.09343627359738742,0.6544789762340036,2.0,2.0,True,2024
0,4,25,7.0,11.0,6.0,9.0,6.0,9.0,9.0,16.0,5.0,8.0,4.0,4.0,0.09343627359738742,0.6544789762340036,0.08621698578822613,0.5992438563327032,2.0,2.0,False,2024
1,26,8,8.0,20.0,3.0,7.0,8.0,9.0,10.0,20.0,5.0,13.0,6.0,9.0,0.12782578383863322,0.4778225806451613,0.10644615295570596,0.4685598377281947,2.0,2.0,False,2024
1,28,3,8.0,23.0,3.0,7.0,8.0,9.0,9.0,22.0,6.0,15.0,6.0,6.0,0.10123807231322304,0.41358024691358025,0.04518014615564045,0.44064386317907445,1.0,1.0,False,2024
0,3,28,9.0,22.0,6.0,15.0,6.0,6.0,8.0,23.0,3.0,7.0,8.0,9.0,0.04518014615564045,0.44064386317907445,0.08099045785057843,0.4127310061601643,1.0,1.0,True,2024
1,23,20,8.0,19.0,3.0,4.0,7.0,8.0,11.0,23.0,1.0,6.0,3.0,5.0,0.0695226281177037,0.4515463917525773,0.18808689094349523,0.6146788990825688,2.0,2.0,True,2024
0,20,23,11.0,23.0,1.0,6.0,3.0,5.0,8.0,19.0,3.0,4.0,7.0,8.0,0.18808689094349523,0.6146788990825688,0.09561810249416297,0.45267489711934156,2.0,2.0,False,2024
0,8,26,10.0,20.0,5.0,13.0,6.0,9.0,8.0,20.0,3.0,7.0,8.0,9.0,0.10644615295570596,0.4685598377281947,0.10226062707090658,0.4768611670020121,2.0,2.0,True,2024
0,21,1,10.0,21.0,5.0,6.0,5.0,7.0,9.0,17.0,5.0,10.0,7.0,7.0,0.06787140059565974,0.4297872340425532,0.06250335861299708,0.47184466019417476,2.0,3.0,False,2024
0,24,29,15.0,28.0,6.0,11.0,7.0,8.0,13.0,19.0,4.0,8.0,7.0,10.0,0.11818473098137772,0.5771428571428572,0.11080459653382899,0.5239923224568138,1.0,2.0,False,2024
1,0,15,7.0,15.0,4.0,10.0,3.0,4.0,8.0,16.0,4.0,7.0,7.0,12.0,0.13189556036109787,0.5306122448979592,0.10131371218513371,0.43775933609958506,2.0,3.0,True,2024
0,15,0,8.0,16.0,4.0,7.0,7.0,12.0,7.0,15.0,4.0,10.0,3.0,4.0,0.10131371218513371,0.43775933609958506,0.14551644828887828,0.5353535353535354,3.0,2.0,False,2024
1,19,17,11.0,27.0,5.0,9.0,4.0,5.0,9.0,16.0,3.0,6.0,8.0,10.0,0.07171625778727818,0.34177215189873417,0.04942735148911247,0.4950884086444008,2.0,2.0,False,2024
0,17,19,9.0,16.0,3.0,6.0,8.0,10.0,11.0,27.0,5.0,9.0,4.0,5.0,0.04942735148911247,0.4950884086444008,0.05737300622982254,0.3410526315789474,2.0,2.0,True,2024
1,13,27,8.0,16.0,7.0,13.0,7.0,9.0,10.0,17.0,5.0,9.0,6.0,6.0,0.12065711351181033,0.4881889763779528,0.11172383409972834,0.4029535864978903,2.0,2.0,True,2024
0,27,13,10.0,17.0,5.0,9.0,6.0,6.0,8.0,16.0,7.0,13.0,7.0,9.0,0.11172383409972834,0.4029535864978903,0.13652569080944826,0.48919449901768175,2.0,2.0,False,2024
0,22,2,8.0,17.0,2.0,7.0,2.0,2.0,9.0,15.0,5.0,7.0,9.0,10.0,0.09345041482811413,0.48884381338742394,0.15155431620407026,0.6089743589743589,2.0,2.0,False,2024
1,9,14,10.0,18.0,3.0,7.0,8.0,9.0,11.0,21.0,2.0,6.0,2.0,3.0,0.10560230181629263,0.4294234592445328,0.05953066841940019,0.4279835390946502,2.0,2.0,True,2024
0,14,9,11.0,21.0,2.0,6.0,2.0,3.0,10.0,18.0,3.0,7.0,8.0,9.0,0.05953066841940019,0.4279835390946502,0.12448184145303409,0.4305555555555556,2.0,2.0,False,2024
1,1,21,9.0,17.0,5.0,10.0,7.0,7.0,10.0,21.0,5.0,6.0,5.0,7.0,0.06250335861299708,0.47184466019417476,0.054297120476527794,0.4288747346072187,3.0,2.0,True,2024
1,2,22,9.0,15.0,5.0,7.0,9.0,10.0,8.0,17.0,2.0,7.0,2.0,2.0,0.15155431620407026,0.6089743589743589,0.0747603318624913,0.48785425101214575,2.0,2.0,True,2024
0,5,7,15.0,26.0,3.0,6.0,5.0,6.0,10.0,19.0,5.0,7.0,6.0,9.0,0.10220123938087881,0.4539877300613497,0.5,0.3333333333333333,2.0,2.0,True,2024
0,10,11,9.0,21.0,3.0,6.0,11.0,15.0,9.0,20.0,4.0,10.0,9.0,9.0,0.06950145063331609,0.37166324435318276,0.07793233979486358,0.5783365570599613,2.0,1.0,True,2024
1,7,5,10.0,19.0,5.0,7.0,6.0,9.0,15.0,26.0,3.0,6.0,5.0,6.0,0.5,0.3333333333333333,0.12176099150470306,0.45510204081632655,2.0,2.0,False,2024
1,11,10,9.0,20.0,4.0,10.0,9.0,9.0,9.0,21.0,3.0,6.0,11.0,15.0,0.07793233979486358,0.5783365570599613,0.09560116050665286,0.3729508196721312,1.0,2.0,False,2024
0,25,18,9.0,16.0,2.0,7.0,4.0,6.0,10.0,22.0,5.0,6.0,12.0,13.0,0.08621698578822613,0.5992438563327032,0.1194886836672365,0.6219739292364991,1.0,4.0,False,2024
1,8,19,10.0,23.0,6.0,10.0,10.0,11.0,8.0,22.0,5.0,8.0,6.0,7.0,0.12515692236456477,0.46963562753036436,0.05737300622982254,0.3410526315789474,1.0,1.0,True,2024
1,18,25,10.0,22.0,5.0,6.0,12.0,13.0,9.0,16.0,2.0,7.0,4.0,6.0,0.1194886836672365,0.6219739292364991,0.06897358863058091,0.5981132075471698,4.0,1.0,True,2024
0,19,8,8.0,22.0,5.0,8.0,6.0,7.0,10.0,23.0,6.0,10.0,10.0,11.0,0.05737300622982254,0.3410526315789474,0.1401255378916518,0.4707070707070707,1.0,1.0,False,2024
0,0,26,9.0,15.0,5.0,10.0,7.0,8.0,9.0,15.0,6.0,6.0,8.0,8.0,0.14551644828887828,0.5353535353535354,0.10226062707090658,0.4768611670020121,2.0,2.0,True,2024
1,26,0,9.0,15.0,6.0,6.0,8.0,8.0,9.0,15.0,5.0,10.0,7.0,8.0,0.10226062707090658,0.4768611670020121,0.15641315863110264,0.54,2.0,2.0,False,2024
1,4,28,7.0,15.0,4.0,10.0,12.0,13.0,17.0,30.0,5.0,10.0,9.0,11.0,0.07474901887790994,0.6532846715328468,0.08099045785057843,0.4127310061601643,2.0,2.0,True,2024
0,28,4,17.0,30.0,5.0,10.0,9.0,11.0,7.0,15.0,4.0,10.0,12.0,13.0,0.08099045785057843,0.4127310061601643,0.09979921510232795,0.6539162112932605,2.0,2.0,False,2024
0,16,17,13.0,26.0,5.0,9.0,4.0,6.0,9.0,23.0,3.0,9.0,10.0,12.0,0.024742019397175945,0.4861111111111111,0.07954188119128998,0.49607843137254903,2.0,2.0,False,2024
1,12,14,9.0,17.0,4.0,8.0,5.0,6.0,8.0,19.0,4.0,9.0,2.0,3.0,0.03482143863597818,0.5535390199637024,0.047624534735520155,0.4271047227926078,2.0,2.0,True,2024
1,17,16,9.0,23.0,3.0,9.0,10.0,12.0,13.0,26.0,5.0,9.0,4.0,6.0,0.07954188119128998,0.49607843137254903,0.019793615517740757,0.48514851485148514,2.0,2.0,True,2024
1,22,3,9.0,15.0,4.0,7.0,8.0,9.0,13.0,21.0,4.0,7.0,8.0,10.0,0.0747603318624913,0.48785425101214575,0.07614411692451237,0.44176706827309237,2.0,2.0,True,2024
0,3,22,13.0,21.0,4.0,7.0,8.0,10.0,9.0,15.0,4.0,7.0,8.0,9.0,0.07614411692451237,0.44176706827309237,0.09980826548999303,0.4888888888888889,2.0,2.0,False,2024
0,13,20,11.0,24.0,6.0,11.0,6.0,7.0,14.0,18.0,4.0,8.0,6.0,6.0,0.13652569080944826,0.48919449901768175,0.1504695127547962,0.6135531135531136,2.0,2.0,False,2024
1,27,6,10.0,21.0,2.0,8.0,4.0,4.0,8.0,18.0,5.0,9.0,2.0,2.0,0.08937906727978268,0.40210526315789474,0.09046875303510309,0.5,2.0,2.0,False,2024
0,6,27,8.0,18.0,5.0,9.0,2.0,2.0,10.0,21.0,2.0,8.0,4.0,4.0,0.09046875303510309,0.5,0.07150325382382614,0.4012605042016807,2.0,2.0,True,2024
0,14,12,8.0,19.0,4.0,9.0,2.0,3.0,9.0,17.0,4.0,8.0,5.0,6.0,0.047624534735520155,0.4271047227926078,0.06785715090878255,0.5543478260869565,2.0,2.0,False,2024
1,20,13,14.0,18.0,4.0,8.0,6.0,6.0,11.0,24.0,6.0,11.0,6.0,7.0,0.1504695127547962,0.6135531135531136,0.10922055264755862,0.48823529411764705,2.0,2.0,True,2024
0,7,18,9.0,20.0,2.0,6.0,12.0,14.0,10.0,18.0,3.0,7.0,5.0,5.0,0.5,0.25,0.1355909469337892,0.6226765799256505,2.0,2.0,False,2024
0,29,10,10.0,17.0,3.0,10.0,8.0,8.0,12.0,28.0,3.0,5.0,5.0,7.0,0.11080459653382899,0.5239923224568138,0.09560116050665286,0.3729508196721312,3.0,2.0,False,2024
1,8,9,9.0,16.0,4.0,8.0,7.0,10.0,8.0,20.0,3.0,10.0,7.0,8.0,0.1401255378916518,0.4707070707070707,0.12448184145303409,0.4305555555555556,2.0,3.0,False,2024
0,9,8,8.0,20.0,3.0,10.0,7.0,8.0,9.0,16.0,4.0,8.0,7.0,10.0,0.12448184145303409,0.4305555555555556,0.11210043031332144,0.46975806451612906,3.0,2.0,True,2024
1,23,11,13.0,19.0,3.0,6.0,9.0,10.0,7.0,20.0,4.0,11.0,4.0,5.0,0.09561810249416297,0.45267489711934156,0.06234587183589087,0.5772200772200772,3.0,2.0,True,2024
0,11,23,7.0,20.0,4.0,11.0,4.0,5.0,13.0,19.0,3.0,6.0,9.0,10.0,0.06234587183589087,0.5772200772200772,0.11649448199533037,0.4537987679671458,2.0,3.0,False,2024
1,10,29,12.0,28.0,3.0,5.0,5.0,7.0,10.0,17.0,3.0,10.0,8.0,8.0,0.09560116050665286,0.3729508196721312,0.08864367722706319,0.5229885057471264,2.0,3.0,True,2024
1,18,7,10.0,18.0,3.0,7.0,5.0,5.0,9.0,20.0,2.0,6.0,12.0,14.0,0.1355909469337892,0.6226765799256505,0.0,0.2,2.0,2.0,True,2024
0,15,1,6.0,13.0,3.0,8.0,4.0,5.0,9.0,22.0,4.0,14.0,6.0,7.0,0.08105096974810697,0.43685300207039335,0.09000268689039766,0.4728682170542636,3.0,3.0,False,2024
1,20,27,9.0,16.0,5.0,10.0,9.0,9.0,8.0,17.0,4.0,5.0,3.0,4.0,0.16037561020383695,0.6142595978062158,0.07150325382382614,0.4012605042016807,1.0,1.0,True,2024
0,27,20,8.0,17.0,4.0,5.0,3.0,4.0,9.0,16.0,5.0,10.0,9.0,9.0,0.07150325382382614,0.4012605042016807,0.16830048816306956,0.614963503649635,1.0,1.0,False,2024
1,6,2,11.0,24.0,4.0,13.0,5.0,8.0,10.0,22.0,6.0,11.0,7.0,8.0,0.11237500242808247,0.5009861932938856,0.1612434529632562,0.6098081023454158,1.0,3.0,False,2024
1,22,21,14.0,21.0,8.0,13.0,7.0,7.0,10.0,17.0,3.0,7.0,9.0,9.0,0.09980826548999303,0.4888888888888889,0.054297120476527794,0.4288747346072187,1.0,3.0,False,2024
0,2,6,10.0,22.0,6.0,11.0,7.0,8.0,11.0,24.0,4.0,13.0,5.0,8.0,0.1612434529632562,0.6098081023454158,0.08990000194246597,0.5,3.0,1.0,True,2024
1,1,15,9.0,22.0,4.0,14.0,6.0,7.0,6.0,13.0,3.0,8.0,4.0,5.0,0.09000268689039766,0.4728682170542636,0.06484077579848557,0.4359504132231405,3.0,3.0,True,2024
0,21,22,10.0,17.0,3.0,7.0,9.0,9.0,14.0,21.0,8.0,13.0,7.0,7.0,0.054297120476527794,0.4288747346072187,0.07984661239199442,0.4879032258064516,3.0,1.0,True,2024
0,16,17,13.0,27.0,4.0,9.0,4.0,6.0,10.0,22.0,4.0,13.0,4.0,4.0,0.019793615517740757,0.48514851485148514,0.10363350495303199,0.49706457925636005,2.0,2.0,True,2024
1,5,25,11.0,18.0,4.0,8.0,4.0,6.0,10.0,20.0,7.0,13.0,7.0,11.0,0.12176099150470306,0.45510204081632655,0.06897358863058091,0.5981132075471698,3.0,3.0,False,2024
0,25,5,10.0,20.0,7.0,13.0,7.0,11.0,11.0,18.0,4.0,8.0,4.0,6.0,0.06897358863058091,0.5981132075471698,0.09740879320376244,0.45417515274949083,3.0,3.0,True,2024
1,19,7,12.0,24.0,4.0,6.0,5.0,5.0,14.0,27.0,3.0,5.0,12.0,12.0,0.045898404983858034,0.3403361344537815,0.0,0.2,3.0,1.0,False,2024
1,17,16,10.0,22.0,4.0,13.0,4.0,4.0,13.0,27.0,4.0,9.0,4.0,6.0,0.10363350495303199,0.49706457925636005,0.05583489241419261,0.48616600790513836,2.0,2.0,False,2024
0,21,13,11.0,23.0,5.0,10.0,3.0,6.0,8.0,19.0,4.0,12.0,7.0,8.0,0.08343769638122224,0.4300847457627119,0.10922055264755862,0.48823529411764705,1.0,2.0,False,2024
1,3,0,11.0,19.0,5.0,11.0,12.0,13.0,8.0,16.0,7.0,11.0,6.0,6.0,0.060915293539609894,0.4408817635270541,0.15641315863110264,0.54,2.0,2.0,True,2024
0,0,3,8.0,16.0,7.0,11.0,6.0,6.0,11.0,19.0,5.0,11.0,12.0,13.0,0.15641315863110264,0.54,0.08873223483168792,0.442,2.0,2.0,False,2024
0,7,19,14.0,27.0,3.0,5.0,12.0,12.0,12.0,24.0,4.0,6.0,5.0,5.0,0.0,0.2,0.03671872398708643,0.33962264150943394,1.0,3.0,True,2024
1,13,21,8.0,19.0,4.0,12.0,7.0,8.0,11.0,23.0,5.0,10.0,3.0,6.0,0.10922055264755862,0.48823529411764705,0.0667501571049778,0.42917547568710357,2.0,1.0,True,2024
1,12,29,9.0,20.0,3.0,10.0,7.0,7.0,13.0,23.0,3.0,8.0,4.0,4.0,0.06785715090878255,0.5543478260869565,0.08864367722706319,0.5229885057471264,3.0,2.0,True,2024
0,2,23,12.0,22.0,3.0,8.0,8.0,10.0,15.0,25.0,4.0,9.0,6.0,11.0,0.16899476237060498,0.6106382978723405,0.11649448199533037,0.4537987679671458,2.0,2.0,False,2024
0,24,28,8.0,16.0,4.0,6.0,5.0,5.0,9.0,21.0,3.0,8.0,6.0,6.0,0.09454778478510217,0.5754985754985755,0.06479236628046274,0.41188524590163933,5.0,3.0,False,2024
1,28,24,9.0,21.0,3.0,8.0,6.0,6.0,8.0,16.0,4.0,6.0,5.0,5.0,0.06479236628046274,0.41188524590163933,0.07563822782808174,0.5738636363636364,3.0,5.0,True,2024
1,23,2,15.0,25.0,4.0,9.0,6.0,11.0,12.0,22.0,3.0,8.0,8.0,10.0,0.11649448199533037,0.4537987679671458,0.135195809896484,0.6093418259023354,2.0,2.0,True,2024
1,10,13,8.0,18.0,2.0,6.0,6.0,6.0,9.0,20.0,5.0,11.0,6.0,6.0,0.11648092840532229,0.37423312883435583,0.12737644211804688,0.4892367906066536,2.0,1.0,False,2024
0,14,18,12.0,20.0,4.0,9.0,4.0,4.0,17.0,25.0,4.0,9.0,14.0,14.0,0.03809962778841612,0.4262295081967213,0.14847275754703138,0.6233766233766234,3.0,2.0,False,2024
1,26,9,11.0,20.0,4.0,8.0,7.0,7.0,7.0,18.0,6.0,9.0,11.0,11.0,0.08180850165672526,0.4759036144578313,0.13958547316242725,0.4316831683168317,3.0,2.0,True,2024
1,18,14,17.0,25.0,4.0,9.0,14.0,14.0,12.0,20.0,4.0,9.0,4.0,4.0,0.14847275754703138,0.6233766233766234,0.030479702230732895,0.42535787321063395,2.0,3.0,True,2024
0,29,12,13.0,23.0,3.0,8.0,4.0,4.0,9.0,20.0,3.0,10.0,7.0,7.0,0.08864367722706319,0.5229885057471264,0.09428572072702604,0.5551537070524413,2.0,3.0,False,2024
0,13,10,9.0,20.0,5.0,11.0,6.0,6.0,8.0,18.0,2.0,6.0,6.0,6.0,0.12737644211804688,0.4892367906066536,0.09318474272425784,0.373469387755102,1.0,2.0,True,2024
0,9,26,7.0,18.0,6.0,9.0,11.0,11.0,11.0,20.0,4.0,8.0,7.0,7.0,0.13958547316242725,0.4316831683168317,0.1054468013253802,0.47695390781563124,2.0,3.0,False,2024
0,4,6,15.0,27.0,4.0,9.0,9.0,10.0,17.0,33.0,6.0,16.0,6.0,7.0,0.09979921510232795,0.6539162112932605,0.08990000194246597,0.5,3.0,2.0,True,2024
0,5,22,6.0,12.0,4.0,6.0,5.0,6.0,9.0,19.0,5.0,7.0,6.0,6.0,0.09740879320376244,0.45417515274949083,0.07984661239199442,0.4879032258064516,1.0,2.0,False,2024
1,1,15,7.0,13.0,3.0,5.0,10.0,12.0,5.0,11.0,4.0,8.0,2.0,4.0,0.11200214951231813,0.4738878143133462,0.06484077579848557,0.4359504132231405,2.0,2.0,True,2024
0,15,1,5.0,11.0,4.0,8.0,2.0,4.0,7.0,13.0,3.0,5.0,10.0,12.0,0.06484077579848557,0.4359504132231405,0.1296017196098545,0.4749034749034749,2.0,2.0,False,2024
1,19,0,8.0,18.0,4.0,6.0,6.0,7.0,12.0,26.0,7.0,17.0,6.0,8.0,0.03671872398708643,0.33962264150943394,0.1251305269048821,0.5346534653465347,1.0,1.0,False,2024
1,20,8,15.0,24.0,5.0,9.0,4.0,6.0,10.0,22.0,7.0,14.0,4.0,5.0,0.16830048816306956,0.614963503649635,0.11210043031332144,0.46975806451612906,2.0,2.0,True,2024
0,8,20,10.0,22.0,7.0,14.0,4.0,5.0,15.0,24.0,5.0,9.0,4.0,6.0,0.11210043031332144,0.46975806451612906,0.17464039053045563,0.6156648451730419,2.0,2.0,False,2024
1,27,11,8.0,17.0,4.0,8.0,6.0,7.0,8.0,15.0,5.0,12.0,8.0,8.0,0.05720260305906091,0.40041928721174,0.04987669746871269,0.5761078998073218,2.0,2.0,True,2024
0,11,27,8.0,15.0,5.0,12.0,8.0,8.0,8.0,17.0,4.0,8.0,6.0,7.0,0.04987669746871269,0.5761078998073218,0.08576208244724873,0.401673640167364,2.0,2.0,False,2024
1,6,4,17.0,33.0,6.0,16.0,6.0,7.0,15.0,27.0,4.0,9.0,9.0,10.0,0.08990000194246597,0.5,0.11983937208186238,0.6545454545454545,2.0,3.0,False,2024
1,22,5,9.0,19.0,5.0,7.0,6.0,6.0,6.0,12.0,4.0,6.0,5.0,6.0,0.07984661239199442,0.4879032258064516,0.07792703456300995,0.4532520325203252,2.0,1.0,True,2024
0,0,19,12.0,26.0,7.0,17.0,6.0,8.0,8.0,18.0,4.0,6.0,6.0,7.0,0.1251305269048821,0.5346534653465347,0.029374979189669144,0.3389121338912134,1.0,1.0,True,2024
0,19,4,11.0,27.0,3.0,8.0,9.0,10.0,10.0,25.0,4.0,12.0,12.0,13.0,0.029374979189669144,0.3389121338912134,0.11983937208186238,0.6545454545454545,2.0,2.0,False,2024
1,4,19,10.0,25.0,4.0,12.0,12.0,13.0,11.0,27.0,3.0,8.0,9.0,10.0,0.11983937208186238,0.6545454545454545,0.023499983351735317,0.33820459290187893,2.0,2.0,True,2024
1,23,8,10.0,22.0,4.0,8.0,9.0,12.0,11.0,25.0,2.0,6.0,6.0,6.0,0.1331955855962643,0.45491803278688525,0.08968034425065716,0.4688128772635815,2.0,2.0,True,2024
0,5,28,7.0,14.0,3.0,8.0,6.0,6.0,8.0,19.0,5.0,9.0,5.0,8.0,0.07792703456300995,0.4532520325203252,0.0918338930243702,0.4130879345603272,2.0,2.0,False,2024
1,18,2,11.0,27.0,3.0,11.0,6.0,6.0,10.0,19.0,3.0,11.0,7.0,8.0,0.1587782060376251,0.6240740740740741,0.135195809896484,0.6093418259023354,2.0,2.0,True,2024
0,12,16,8.0,15.0,4.0,7.0,14.0,16.0,9.0,18.0,3.0,8.0,8.0,10.0,0.09428572072702604,0.5551537070524413,0.05583489241419261,0.48616600790513836,2.0,3.0,True,2024
1,26,3,15.0,22.0,3.0,6.0,12.0,13.0,9.0,23.0,4.0,9.0,13.0,16.0,0.1054468013253802,0.47695390781563124,0.08873223483168792,0.442,2.0,3.0,True,2024
0,2,18,10.0,19.0,3.0,11.0,7.0,8.0,11.0,27.0,3.0,11.0,6.0,6.0,0.135195809896484,0.6093418259023354,0.16702256483010008,0.6247689463955638,2.0,2.0,False,2024
1,16,12,9.0,18.0,3.0,8.0,8.0,10.0,8.0,15.0,4.0,7.0,14.0,16.0,0.05583489241419261,0.48616600790513836,0.11542857658162083,0.555956678700361,3.0,2.0,False,2024
0,17,15,12.0,25.0,5.0,8.0,9.0,12.0,11.0,17.0,4.0,9.0,15.0,19.0,0.08290680396242558,0.49609375,0.05187262063878846,0.4350515463917526,3.0,2.0,False,2024
1,15,17,11.0,17.0,4.0,9.0,15.0,19.0,12.0,25.0,5.0,8.0,9.0,12.0,0.05187262063878846,0.4350515463917526,0.06632544316994046,0.4951267056530214,2.0,3.0,True,2024
0,8,23,11.0,25.0,2.0,6.0,6.0,6.0,10.0,22.0,4.0,8.0,9.0,12.0,0.08968034425065716,0.4688128772635815,0.14655646847701145,0.4560327198364008,2.0,2.0,False,2024
1,28,5,8.0,19.0,5.0,9.0,5.0,8.0,7.0,14.0,3.0,8.0,6.0,6.0,0.0918338930243702,0.4130879345603272,0.06234162765040796,0.45233265720081134,2.0,2.0,True,2024
0,3,26,9.0,23.0,4.0,9.0,13.0,16.0,15.0,22.0,3.0,6.0,12.0,13.0,0.08873223483168792,0.442,0.12435744106030415,0.478,3.0,2.0,False,2024
1,21,14,13.0,22.0,3.0,9.0,6.0,7.0,13.0,24.0,4.0,11.0,8.0,8.0,0.0667501571049778,0.42917547568710357,0.030479702230732895,0.42535787321063395,3.0,2.0,False,2024
1,20,0,14.0,25.0,3.0,8.0,6.0,10.0,6.0,17.0,6.0,13.0,5.0,6.0,0.17464039053045563,0.6156648451730419,0.1401044215239057,0.5392156862745098,2.0,2.0,True,2024
0,11,22,12.0,26.0,3.0,5.0,8.0,8.0,9.0,18.0,4.0,12.0,6.0,8.0,0.03990135797497015,0.575,0.10387728991359553,0.48893360160965793,2.0,2.0,False,2024
1,1,29,11.0,15.0,5.0,6.0,4.0,4.0,10.0,18.0,4.0,7.0,4.0,5.0,0.1296017196098545,0.4749034749034749,0.07091494178165056,0.5219885277246654,2.0,2.0,True,2024
0,29,1,10.0,18.0,4.0,7.0,4.0,5.0,11.0,15.0,5.0,6.0,4.0,4.0,0.07091494178165056,0.5219885277246654,0.14368137568788358,0.47591522157996147,2.0,2.0,False,2024
0,0,20,6.0,17.0,6.0,13.0,5.0,6.0,14.0,25.0,3.0,8.0,6.0,10.0,0.1401044215239057,0.5392156862745098,0.17971231242436453,0.6163636363636363,2.0,2.0,False,2024
0,25,13,15.0,25.0,4.0,8.0,6.0,8.0,11.0,26.0,5.0,10.0,7.0,10.0,0.09517887090446472,0.5988700564971752,0.1419011536944375,0.490234375,3.0,2.0,True,2024
1,13,25,11.0,26.0,5.0,10.0,7.0,10.0,15.0,25.0,4.0,8.0,6.0,8.0,0.1419011536944375,0.490234375,0.11614309672357177,0.599624060150376,2.0,3.0,False,2024
0,14,21,13.0,24.0,4.0,11.0,8.0,8.0,13.0,22.0,3.0,9.0,6.0,7.0,0.030479702230732895,0.42535787321063395,0.05340012568398224,0.4282700421940928,2.0,3.0,True,2024
1,27,7,11.0,20.0,4.0,6.0,9.0,11.0,9.0,16.0,8.0,13.0,9.0,9.0,0.08576208244724873,0.401673640167364,0.04,0.3333333333333333,2.0,3.0,False,2024
0,7,27,9.0,16.0,8.0,13.0,9.0,9.0,11.0,20.0,4.0,6.0,9.0,11.0,0.04,0.3333333333333333,0.06860966595779898,0.40083507306889354,3.0,2.0,True,2024
1,6,24,8.0,16.0,4.0,8.0,3.0,3.0,7.0,20.0,2.0,10.0,8.0,8.0,0.07192000155397278,0.49901768172888017,0.07563822782808174,0.5738636363636364,2.0,2.0,True,2024
1,22,11,9.0,18.0,4.0,12.0,6.0,8.0,12.0,26.0,3.0,5.0,8.0,8.0,0.10387728991359553,0.48893360160965793,0.03192108637997612,0.5738963531669866,2.0,2.0,True,2024
0,24,6,7.0,20.0,2.0,10.0,8.0,8.0,8.0,16.0,4.0,8.0,3.0,3.0,0.07563822782808174,0.5738636363636364,0.09753600124317822,0.5,2.0,2.0,False,2024
0,4,22,19.0,25.0,3.0,6.0,16.0,18.0,10.0,18.0,5.0,11.0,5.0,6.0,0.1358714976654899,0.6551724137931034,0.12310183193087643,0.4899598393574297,1.0,1.0,False,2024
1,22,4,10.0,18.0,5.0,11.0,5.0,6.0,19.0,25.0,3.0,6.0,16.0,18.0,0.12310183193087643,0.4899598393574297,0.10869719813239191,0.6539855072463768,1.0,1.0,True,2024
1,10,9,7.0,14.0,4.0,5.0,5.0,7.0,12.0,27.0,5.0,15.0,12.0,13.0,0.09318474272425784,0.373469387755102,0.1116683785299418,0.4308300395256917,3.0,3.0,False,2024
0,9,10,12.0,27.0,5.0,15.0,12.0,13.0,7.0,14.0,4.0,5.0,5.0,7.0,0.1116683785299418,0.4308300395256917,0.07454779417940627,0.3727087576374745,3.0,3.0,True,2024
1,16,11,14.0,28.0,7.0,13.0,5.0,6.0,9.0,16.0,4.0,9.0,6.0,7.0,0.04466791393135409,0.48520710059171596,0.03192108637997612,0.5738963531669866,2.0,2.0,False,2024
0,23,5,11.0,21.0,3.0,8.0,8.0,11.0,12.0,21.0,6.0,11.0,7.0,9.0,0.14655646847701145,0.4560327198364008,0.06234162765040796,0.45233265720081134,2.0,2.0,True,2024
1,14,21,7.0,17.0,3.0,7.0,4.0,4.0,10.0,21.0,4.0,8.0,6.0,8.0,0.06438376178458631,0.42653061224489797,0.05340012568398224,0.4282700421940928,2.0,2.0,False,2024
0,21,14,10.0,21.0,4.0,8.0,6.0,8.0,7.0,17.0,3.0,7.0,4.0,4.0,0.05340012568398224,0.4282700421940928,0.051507009427669045,0.4256619144602851,2.0,2.0,True,2024
1,15,26,11.0,19.0,4.0,10.0,5.0,6.0,14.0,25.0,3.0,8.0,5.0,6.0,0.08149809651103077,0.43621399176954734,0.12435744106030415,0.478,2.0,2.0,True,2024
0,26,15,14.0,25.0,3.0,8.0,5.0,6.0,11.0,19.0,4.0,10.0,5.0,6.0,0.12435744106030415,0.478,0.10519847720882462,0.43737166324435317,2.0,2.0,False,2024
1,7,29,13.0,27.0,4.0,6.0,8.0,10.0,11.0,17.0,5.0,8.0,8.0,11.0,0.072,0.42857142857142855,0.05673195342532045,0.5209923664122137,2.0,2.0,False,2024
0,29,7,11.0,17.0,5.0,8.0,8.0,11.0,13.0,27.0,4.0,6.0,8.0,10.0,0.05673195342532045,0.5209923664122137,0.0576,0.375,2.0,2.0,True,2024
1,5,23,12.0,21.0,6.0,11.0,7.0,9.0,11.0,21.0,3.0,8.0,8.0,11.0,0.06234162765040796,0.45233265720081134,0.15724517478160915,0.45714285714285713,2.0,2.0,False,2024
1,1,8,11.0,18.0,4.0,9.0,9.0,10.0,11.0,24.0,3.0,11.0,8.0,11.0,0.14368137568788358,0.47591522157996147,0.07174427540052572,0.4678714859437751,2.0,2.0,True,2024
0,6,2,8.0,13.0,3.0,6.0,4.0,4.0,10.0,19.0,5.0,11.0,7.0,9.0,0.09753600124317822,0.5,0.1081566479171872,0.6080508474576272,2.0,2.0,False,2024
0,8,1,11.0,24.0,3.0,11.0,8.0,11.0,11.0,18.0,4.0,9.0,9.0,10.0,0.07174427540052572,0.4678714859437751,0.15494510055030689,0.47692307692307695,2.0,2.0,False,2024
1,2,6,10.0,19.0,5.0,11.0,7.0,9.0,8.0,13.0,3.0,6.0,4.0,4.0,0.1081566479171872,0.6080508474576272,0.07802880099454258,0.49902152641878667,2.0,2.0,True,2024
0,24,13,8.0,15.0,2.0,7.0,8.0,8.0,17.0,21.0,6.0,9.0,6.0,6.0,0.0605105822624654,0.5722379603399433,0.11352092295555001,0.48927875243664715,2.0,2.0,False,2024
0,11,16,9.0,16.0,4.0,9.0,6.0,7.0,14.0,28.0,7.0,13.0,5.0,6.0,0.03192108637997612,0.5738963531669866,0.03573433114508327,0.484251968503937,2.0,2.0,True,2024
0,18,19,9.0,21.0,2.0,7.0,16.0,19.0,8.0,18.0,2.0,7.0,7.0,8.0,0.16702256483010008,0.6247689463955638,0.023499983351735317,0.33820459290187893,2.0,2.0,True,2024
1,19,18,8.0,18.0,2.0,7.0,7.0,8.0,9.0,21.0,2.0,7.0,16.0,19.0,0.023499983351735317,0.33820459290187893,0.17361805186408005,0.6254612546125461,2.0,2.0,False,2024
1,13,24,17.0,21.0,6.0,9.0,6.0,6.0,8.0,15.0,2.0,7.0,8.0,8.0,0.11352092295555001,0.48927875243664715,0.048408465809972316,0.5706214689265536,2.0,2.0,True,2024
0,3,0,8.0,22.0,3.0,7.0,8.0,9.0,9.0,24.0,4.0,14.0,8.0,11.0,0.07098578786535034,0.4411177644710579,0.11208353721912456,0.5339805825242718,3.0,3.0,True,2024
1,10,4,10.0,22.0,2.0,6.0,8.0,10.0,15.0,22.0,2.0,5.0,5.0,12.0,0.07454779417940627,0.3727087576374745,0.10869719813239191,0.6539855072463768,2.0,2.0,True,2024
0,4,10,15.0,22.0,2.0,5.0,5.0,12.0,10.0,22.0,2.0,6.0,8.0,10.0,0.10869719813239191,0.6539855072463768,0.09963823534352502,0.37398373983739835,2.0,2.0,False,2024
1,0,3,9.0,24.0,4.0,14.0,8.0,11.0,8.0,22.0,3.0,7.0,8.0,9.0,0.11208353721912456,0.5339805825242718,0.09678863029228027,0.44223107569721115,3.0,3.0,False,2024
0,12,9,9.0,17.0,4.0,10.0,8.0,8.0,9.0,19.0,5.0,12.0,10.0,11.0,0.11542857658162083,0.555956678700361,0.12933470282395346,0.4319526627218935,3.0,2.0,True,2024
1,2,25,12.0,20.0,4.0,9.0,4.0,6.0,6.0,17.0,2.0,9.0,7.0,7.0,0.12652531833374975,0.6088794926004228,0.11614309672357177,0.599624060150376,1.0,3.0,True,2024
0,25,2,6.0,17.0,2.0,9.0,7.0,7.0,12.0,20.0,4.0,9.0,4.0,6.0,0.11614309672357177,0.599624060150376,0.1412202546669998,0.609704641350211,3.0,1.0,False,2024
1,9,12,9.0,19.0,5.0,12.0,10.0,11.0,9.0,17.0,4.0,10.0,8.0,8.0,0.12933470282395346,0.4319526627218935,0.13234286126529665,0.5567567567567567,2.0,3.0,False,2024
0,13,8,13.0,20.0,7.0,10.0,4.0,5.0,9.0,17.0,4.0,9.0,4.0,8.0,0.13081673836444002,0.490272373540856,0.057395420320420575,0.46693386773547096,2.0,2.0,True,2024
1,29,17,10.0,20.0,2.0,4.0,10.0,12.0,8.0,17.0,4.0,8.0,4.0,5.0,0.08538556274025635,0.5219047619047619,0.06632544316994046,0.4951267056530214,2.0,4.0,True,2024
0,21,28,13.0,20.0,4.0,8.0,2.0,2.0,9.0,16.0,4.0,6.0,6.0,8.0,0.08272010054718579,0.42947368421052634,0.11346711441949615,0.4142857142857143,2.0,4.0,False,2024
0,22,18,9.0,17.0,4.0,9.0,4.0,4.0,20.0,32.0,7.0,11.0,12.0,14.0,0.13848146554470114,0.4909819639278557,0.17361805186408005,0.6254612546125461,3.0,2.0,False,2024
1,18,22,20.0,32.0,7.0,11.0,12.0,14.0,9.0,17.0,4.0,9.0,4.0,4.0,0.17361805186408005,0.6254612546125461,0.11078517243576091,0.49,2.0,3.0,True,2024
1,7,26,7.0,18.0,3.0,7.0,11.0,11.0,13.0,22.0,3.0,6.0,7.0,8.0,0.0576,0.375,0.09948595284824333,0.47704590818363274,2.0,2.0,False,2024
1,8,13,9.0,17.0,4.0,9.0,4.0,8.0,13.0,20.0,7.0,10.0,4.0,5.0,0.057395420320420575,0.46693386773547096,0.144653390691552,0.4912621359223301,2.0,2.0,False,2024
0,12,5,10.0,20.0,4.0,7.0,8.0,9.0,8.0,22.0,4.0,10.0,5.0,6.0,0.13234286126529665,0.5567567567567567,0.04987330212032637,0.451417004048583,1.0,2.0,True,2024
1,5,12,8.0,22.0,4.0,10.0,5.0,6.0,10.0,20.0,4.0,7.0,8.0,9.0,0.04987330212032637,0.451417004048583,0.14587428901223734,0.5575539568345323,2.0,1.0,False,2024
0,26,7,13.0,22.0,3.0,6.0,7.0,8.0,7.0,18.0,3.0,7.0,11.0,11.0,0.09948595284824333,0.47704590818363274,0.046079999999999996,0.3333333333333333,2.0,2.0,True,2024
1,28,21,9.0,16.0,4.0,6.0,6.0,8.0,13.0,20.0,4.0,8.0,2.0,2.0,0.11346711441949615,0.4142857142857143,0.06617608043774863,0.42857142857142855,4.0,2.0,True,2024
1,0,23,11.0,25.0,5.0,13.0,11.0,12.0,11.0,27.0,2.0,9.0,10.0,10.0,0.08966682977529965,0.5288461538461539,0.15724517478160915,0.45714285714285713,1.0,2.0,False,2024
1,24,16,8.0,16.0,4.0,7.0,7.0,9.0,10.0,24.0,4.0,11.0,6.0,7.0,0.048408465809972316,0.5706214689265536,0.03573433114508327,0.484251968503937,2.0,2.0,False,2024
0,16,24,10.0,24.0,4.0,11.0,6.0,7.0,8.0,16.0,4.0,7.0,7.0,9.0,0.03573433114508327,0.484251968503937,0.03872677264797785,0.5690140845070423,2.0,2.0,True,2024
1,1,20,9.0,21.0,3.0,9.0,6.0,7.0,13.0,26.0,3.0,10.0,8.0,8.0,0.15494510055030689,0.47692307692307695,0.17971231242436453,0.6163636363636363,2.0,4.0,True,2024
0,23,0,11.0,27.0,2.0,9.0,10.0,10.0,11.0,25.0,5.0,13.0,11.0,12.0,0.15724517478160915,0.45714285714285713,0.07173346382023972,0.5238095238095238,2.0,1.0,True,2024
1,27,19,11.0,19.0,3.0,7.0,6.0,6.0,7.0,15.0,4.0,6.0,8.0,9.0,0.06860966595779898,0.40083507306889354,0.018799986681388253,0.3375,4.0,2.0,True,2024
0,20,1,13.0,26.0,3.0,10.0,8.0,8.0,9.0,21.0,3.0,9.0,6.0,7.0,0.17971231242436453,0.6163636363636363,0.16395608044024548,0.4779270633397313,4.0,2.0,False,2024
1,6,14,11.0,29.0,3.0,14.0,6.0,7.0,8.0,18.0,4.0,8.0,7.0,10.0,0.07802880099454258,0.49902152641878667,0.051507009427669045,0.4256619144602851,2.0,2.0,True,2024
0,14,6,8.0,18.0,4.0,8.0,7.0,10.0,11.0,29.0,3.0,14.0,6.0,7.0,0.051507009427669045,0.4256619144602851,0.10242304079563407,0.5,2.0,2.0,False,2024
0,17,29,8.0,17.0,4.0,8.0,4.0,5.0,10.0,20.0,2.0,4.0,10.0,12.0,0.06632544316994046,0.4951267056530214,0.10830845019220507,0.5228136882129277,4.0,2.0,False,2024
0,19,27,7.0,15.0,4.0,6.0,8.0,9.0,11.0,19.0,3.0,7.0,6.0,6.0,0.018799986681388253,0.3375,0.09488773276623919,0.40208333333333335,2.0,4.0,False,2024
0,3,15,8.0,21.0,5.0,9.0,5.0,6.0,11.0,20.0,6.0,9.0,6.0,11.0,0.09678863029228027,0.44223107569721115,0.10519847720882462,0.43737166324435317,2.0,3.0,False,2024
0,14,25,14.0,25.0,4.0,7.0,2.0,3.0,15.0,23.0,2.0,4.0,9.0,14.0,0.04120560754213524,0.4247967479674797,0.09291447737885741,0.5984990619136961,1.0,2.0,False,2024
1,15,3,11.0,20.0,6.0,9.0,6.0,11.0,8.0,21.0,5.0,9.0,5.0,6.0,0.10519847720882462,0.43737166324435317,0.07743090423382422,0.441351888667992,3.0,2.0,True,2024
1,25,14,15.0,23.0,2.0,4.0,9.0,14.0,14.0,25.0,4.0,7.0,2.0,3.0,0.09291447737885741,0.5984990619136961,0.03296448603370819,0.4239350912778905,2.0,1.0,True,2024
1,2,28,13.0,23.0,5.0,12.0,6.0,6.0,10.0,21.0,4.0,8.0,9.0,11.0,0.1412202546669998,0.609704641350211,0.13077369153559693,0.4154786150712831,2.0,1.0,True,2024
0,28,2,10.0,21.0,4.0,8.0,9.0,11.0,13.0,23.0,5.0,12.0,6.0,6.0,0.13077369153559693,0.4154786150712831,0.15297620373359985,0.6105263157894737,1.0,2.0,False,2024
0,27,4,11.0,24.0,3.0,10.0,8.0,8.0,13.0,22.0,3.0,9.0,8.0,14.0,0.09488773276623919,0.40208333333333335,0.08695775850591353,0.6528028933092225,1.0,2.0,False,2024
1,4,27,13.0,22.0,3.0,9.0,8.0,14.0,11.0,24.0,3.0,10.0,8.0,8.0,0.08695775850591353,0.6528028933092225,0.07591018621299135,0.40124740124740127,2.0,1.0,True,2024
0,17,11,10.0,17.0,3.0,10.0,7.0,10.0,13.0,19.0,4.0,9.0,5.0,5.0,0.05306035453595237,0.49416342412451364,0.0655368691039809,0.5747126436781609,2.0,4.0,False,2024
1,29,16,8.0,12.0,6.0,8.0,5.0,6.0,9.0,17.0,3.0,8.0,3.0,5.0,0.10830845019220507,0.5228136882129277,0.06858746491606661,0.48526522593320237,2.0,2.0,True,2024
0,13,8,6.0,16.0,3.0,9.0,4.0,5.0,11.0,20.0,5.0,12.0,5.0,7.0,0.144653390691552,0.4912621359223301,0.04591633625633646,0.466,2.0,2.0,False,2024
1,8,13,11.0,20.0,5.0,12.0,5.0,7.0,6.0,16.0,3.0,9.0,4.0,5.0,0.04591633625633646,0.466,0.1157227125532416,0.4903100775193798,2.0,2.0,True,2024
0,23,0,12.0,26.0,5.0,12.0,5.0,6.0,9.0,18.0,3.0,11.0,6.0,6.0,0.16579613982528735,0.45824847250509165,0.07173346382023972,0.5238095238095238,2.0,2.0,True,2024
1,26,5,10.0,16.0,2.0,5.0,7.0,7.0,6.0,15.0,3.0,7.0,2.0,3.0,0.11958876227859468,0.47808764940239046,0.039898641696261096,0.4505050505050505,2.0,2.0,True,2024
0,22,18,12.0,18.0,7.0,12.0,6.0,8.0,11.0,23.0,4.0,6.0,17.0,17.0,0.11078517243576091,0.49,0.17889444149126404,0.6261510128913443,2.0,2.0,True,2024
1,18,22,11.0,23.0,4.0,6.0,17.0,17.0,12.0,18.0,7.0,12.0,6.0,8.0,0.17889444149126404,0.6261510128913443,0.12862813794860872,0.49101796407185627,2.0,2.0,False,2024
0,5,26,6.0,15.0,3.0,7.0,2.0,3.0,10.0,16.0,2.0,5.0,7.0,7.0,0.039898641696261096,0.4505050505050505,0.13567100982287575,0.47912524850894633,2.0,2.0,False,2024
1,11,17,13.0,19.0,4.0,9.0,5.0,5.0,10.0,17.0,3.0,10.0,7.0,10.0,0.0655368691039809,0.5747126436781609,0.04244828362876189,0.49320388349514566,4.0,2.0,True,2024
1,6,10,10.0,18.0,5.0,10.0,4.0,6.0,8.0,16.0,4.0,8.0,5.0,6.0,0.10242304079563407,0.5,0.09963823534352502,0.37398373983739835,2.0,3.0,True,2024
1,19,9,9.0,14.0,4.0,9.0,4.0,6.0,11.0,21.0,3.0,11.0,9.0,9.0,0.015039989345110602,0.3367983367983368,0.10346776225916277,0.4311023622047244,2.0,3.0,False,2024
1,21,12,12.0,26.0,6.0,11.0,6.0,6.0,10.0,16.0,4.0,10.0,11.0,14.0,0.06617608043774863,0.42857142857142855,0.14587428901223734,0.5575539568345323,2.0,2.0,False,2024
0,24,20,13.0,26.0,4.0,11.0,5.0,6.0,8.0,23.0,2.0,8.0,14.0,14.0,0.03872677264797785,0.5690140845070423,0.14376984993949163,0.6152450090744102,2.0,2.0,False,2024
0,12,21,10.0,16.0,4.0,10.0,11.0,14.0,12.0,26.0,6.0,11.0,6.0,6.0,0.14587428901223734,0.5575539568345323,0.0529408643501989,0.4276729559748428,2.0,2.0,True,2024
1,20,24,8.0,23.0,2.0,8.0,14.0,14.0,13.0,26.0,4.0,11.0,5.0,6.0,0.14376984993949163,0.6152450090744102,0.03098141811838228,0.5674157303370787,2.0,2.0,True,2024
1,0,23,9.0,18.0,3.0,11.0,6.0,6.0,12.0,26.0,5.0,12.0,5.0,6.0,0.07173346382023972,0.5238095238095238,0.1726369118602299,0.45934959349593496,2.0,2.0,False,2024
0,10,6,8.0,16.0,4.0,8.0,5.0,6.0,10.0,18.0,5.0,10.0,4.0,6.0,0.09963823534352502,0.37398373983739835,0.12193843263650725,0.5009746588693957,3.0,2.0,False,2024
0,9,19,11.0,21.0,3.0,11.0,9.0,9.0,9.0,14.0,4.0,9.0,4.0,6.0,0.10346776225916277,0.4311023622047244,0.012031991476088482,0.3360995850622407,3.0,2.0,True,2024
0,16,29,9.0,17.0,3.0,8.0,3.0,5.0,8.0,12.0,6.0,8.0,5.0,6.0,0.06858746491606661,0.48526522593320237,0.12664676015376405,0.523719165085389,2.0,2.0,False,2024
1,25,4,11.0,19.0,3.0,8.0,6.0,6.0,11.0,18.0,8.0,11.0,15.0,16.0,0.11433158190308593,0.599250936329588,0.10956620680473084,0.6534296028880866,2.0,2.0,False,2024
0,3,17,13.0,20.0,5.0,8.0,5.0,8.0,7.0,17.0,3.0,6.0,6.0,7.0,0.07743090423382422,0.441351888667992,0.04244828362876189,0.49320388349514566,2.0,1.0,True,2024
1,17,3,7.0,17.0,3.0,6.0,6.0,7.0,13.0,20.0,5.0,8.0,5.0,8.0,0.04244828362876189,0.49320388349514566,0.10194472338705937,0.44246031746031744,1.0,2.0,False,2024
0,4,25,11.0,18.0,8.0,11.0,15.0,16.0,11.0,19.0,3.0,8.0,6.0,6.0,0.10956620680473084,0.6534296028880866,0.09146526552246874,0.5981308411214953,2.0,2.0,True,2024
1,14,13,6.0,18.0,3.0,7.0,8.0,10.0,11.0,20.0,7.0,11.0,8.0,12.0,0.03296448603370819,0.4239350912778905,0.1157227125532416,0.4903100775193798,2.0,1.0,False,2024
1,7,23,12.0,22.0,3.0,7.0,7.0,7.0,10.0,17.0,2.0,5.0,5.0,5.0,0.046079999999999996,0.3333333333333333,0.1726369118602299,0.45934959349593496,3.0,1.0,True,2024
0,23,7,10.0,17.0,2.0,5.0,5.0,5.0,12.0,22.0,3.0,7.0,7.0,7.0,0.1726369118602299,0.45934959349593496,0.076864,0.4,1.0,3.0,False,2024
0,13,14,11.0,20.0,7.0,11.0,8.0,12.0,6.0,18.0,3.0,7.0,8.0,10.0,0.1157227125532416,0.4903100775193798,0.026371588826966552,0.4230769230769231,1.0,2.0,True,2024
0,2,18,10.0,23.0,4.0,10.0,9.0,10.0,8.0,16.0,5.0,7.0,5.0,5.0,0.15297620373359985,0.6105263157894737,0.14311555319301122,0.625,2.0,1.0,True,2024
1,29,15,12.0,20.0,4.0,7.0,7.0,8.0,13.0,22.0,6.0,11.0,5.0,7.0,0.12664676015376405,0.523719165085389,0.1241587817670597,0.4385245901639344,1.0,2.0,False,2024
0,15,29,13.0,22.0,6.0,11.0,5.0,7.0,12.0,20.0,4.0,7.0,7.0,8.0,0.1241587817670597,0.4385245901639344,0.10131740812301124,0.5227272727272727,2.0,1.0,True,2024
1,27,10,8.0,18.0,4.0,7.0,5.0,6.0,6.0,16.0,2.0,7.0,7.0,10.0,0.07591018621299135,0.40124740124740127,0.07971058827482001,0.37322515212981744,2.0,1.0,False,2024
0,10,27,6.0,16.0,2.0,7.0,7.0,10.0,8.0,18.0,4.0,7.0,5.0,6.0,0.07971058827482001,0.37322515212981744,0.06072814897039308,0.4004149377593361,1.0,2.0,True,2024
0,28,9,12.0,24.0,6.0,10.0,5.0,6.0,8.0,15.0,4.0,11.0,8.0,9.0,0.10461895322847754,0.4146341463414634,0.1227742098073302,0.43222003929273084,2.0,1.0,True,2024
1,9,28,8.0,15.0,4.0,11.0,8.0,9.0,12.0,24.0,6.0,10.0,5.0,6.0,0.1227742098073302,0.43222003929273084,0.12369516258278204,0.4158215010141988,1.0,2.0,False,2024
1,18,2,8.0,16.0,5.0,7.0,5.0,5.0,10.0,23.0,4.0,10.0,9.0,10.0,0.14311555319301122,0.625,0.1623809629868799,0.6113445378151261,1.0,2.0,False,2024
1,0,26,8.0,13.0,4.0,6.0,4.0,5.0,8.0,21.0,7.0,7.0,9.0,9.0,0.05738677105619178,0.5188679245283019,0.13567100982287575,0.47912524850894633,2.0,2.0,False,2024
0,26,0,8.0,21.0,7.0,7.0,9.0,9.0,8.0,13.0,4.0,6.0,4.0,5.0,0.13567100982287575,0.47912524850894633,0.04590941684495342,0.514018691588785,2.0,2.0,True,2024
0,6,12,9.0,18.0,3.0,7.0,9.0,10.0,12.0,19.0,6.0,10.0,10.0,11.0,0.12193843263650725,0.5009746588693957,0.15669943120978985,0.5583482944344704,2.0,2.0,False,2024
1,12,6,12.0,19.0,6.0,10.0,10.0,11.0,9.0,18.0,3.0,7.0,9.0,10.0,0.15669943120978985,0.5583482944344704,0.0975507461092058,0.5,2.0,2.0,True,2024
1,14,28,8.0,21.0,3.0,8.0,4.0,4.0,10.0,23.0,6.0,10.0,6.0,6.0,0.026371588826966552,0.4230769230769231,0.12369516258278204,0.4158215010141988,2.0,2.0,False,2024
1,11,7,14.0,26.0,5.0,10.0,10.0,12.0,15.0,22.0,6.0,8.0,8.0,10.0,0.09242949528318473,0.5755258126195029,0.076864,0.4,3.0,2.0,False,2024
0,7,11,15.0,22.0,6.0,8.0,8.0,10.0,14.0,26.0,5.0,10.0,10.0,12.0,0.076864,0.4,0.07394359622654778,0.5744274809160306,2.0,3.0,True,2024
1,24,1,8.0,22.0,4.0,10.0,7.0,8.0,8.0,18.0,5.0,9.0,9.0,10.0,0.03098141811838228,0.5674157303370787,0.16395608044024548,0.4779270633397313,3.0,5.0,True,2024
0,2,25,9.0,22.0,3.0,11.0,2.0,3.0,11.0,19.0,5.0,11.0,3.0,4.0,0.1623809629868799,0.6113445378151261,0.09146526552246874,0.5981308411214953,2.0,2.0,True,2024
1,5,15,12.0,26.0,5.0,9.0,5.0,6.0,14.0,24.0,6.0,11.0,10.0,13.0,0.031918913357008874,0.4495967741935484,0.13932702541364778,0.4396728016359918,3.0,2.0,False,2024
0,15,5,14.0,24.0,6.0,11.0,10.0,13.0,12.0,26.0,5.0,9.0,5.0,6.0,0.13932702541364778,0.4396728016359918,0.0255351306856071,0.448692152917505,2.0,3.0,True,2024
0,29,17,13.0,22.0,5.0,9.0,5.0,6.0,8.0,20.0,4.0,9.0,4.0,5.0,0.10131740812301124,0.5227272727272727,0.03395862690300951,0.49224806201550386,2.0,2.0,True,2024
1,8,20,10.0,19.0,4.0,5.0,5.0,11.0,11.0,20.0,3.0,8.0,5.0,5.0,0.07673306900506918,0.46706586826347307,0.1550158799515933,0.6159420289855072,3.0,3.0,True,2024
1,25,2,11.0,19.0,5.0,11.0,3.0,4.0,9.0,22.0,3.0,11.0,2.0,3.0,0.09146526552246874,0.5981308411214953,0.1699047703895039,0.6121593291404612,2.0,2.0,False,2024
0,28,14,10.0,23.0,6.0,10.0,6.0,6.0,8.0,21.0,3.0,8.0,4.0,4.0,0.12369516258278204,0.4158215010141988,0.02109727106157324,0.4222222222222222,2.0,2.0,True,2024
0,10,27,9.0,18.0,3.0,8.0,4.0,4.0,12.0,20.0,4.0,11.0,6.0,7.0,0.10376847061985602,0.37449392712550605,0.06072814897039308,0.4004149377593361,2.0,2.0,True,2024
0,1,24,8.0,18.0,5.0,9.0,9.0,10.0,8.0,22.0,4.0,10.0,7.0,8.0,0.16395608044024548,0.4779270633397313,0.06478513449470583,0.5686274509803921,5.0,3.0,False,2024
0,4,21,9.0,18.0,6.0,10.0,4.0,7.0,12.0,28.0,2.0,9.0,11.0,12.0,0.12765296544378466,0.654054054054054,0.0529408643501989,0.4276729559748428,2.0,3.0,True,2024
1,21,4,12.0,28.0,2.0,9.0,11.0,12.0,9.0,18.0,6.0,10.0,4.0,7.0,0.0529408643501989,0.4276729559748428,0.14212237235502773,0.6546762589928058,3.0,2.0,False,2024
1,27,10,12.0,20.0,4.0,11.0,6.0,7.0,9.0,18.0,3.0,8.0,4.0,4.0,0.06072814897039308,0.4004149377593361,0.12301477649588481,0.37575757575757573,2.0,2.0,False,2024
0,19,3,9.0,21.0,2.0,9.0,4.0,4.0,10.0,19.0,4.0,8.0,6.0,8.0,0.012031991476088482,0.3360995850622407,0.10194472338705937,0.44246031746031744,3.0,2.0,False,2024
1,9,18,7.0,16.0,3.0,8.0,10.0,10.0,12.0,20.0,3.0,7.0,11.0,11.0,0.09821936784586416,0.43137254901960786,0.11449244255440898,0.6238532110091743,2.0,2.0,False,2024
0,18,9,12.0,20.0,3.0,7.0,11.0,11.0,7.0,16.0,3.0,8.0,10.0,10.0,0.11449244255440898,0.6238532110091743,0.07857549427669133,0.43052837573385516,2.0,2.0,True,2024
0,20,8,11.0,20.0,3.0,8.0,5.0,5.0,10.0,19.0,4.0,5.0,5.0,11.0,0.1550158799515933,0.6159420289855072,0.10138645520405534,0.4681274900398406,3.0,3.0,False,2024
1,3,19,10.0,19.0,4.0,8.0,6.0,8.0,9.0,21.0,2.0,9.0,4.0,4.0,0.10194472338705937,0.44246031746031744,0.009625593180870785,0.33540372670807456,2.0,3.0,True,2024
1,17,29,8.0,20.0,4.0,9.0,4.0,5.0,13.0,22.0,5.0,9.0,5.0,6.0,0.03395862690300951,0.49224806201550386,0.121053926498409,0.5236294896030246,2.0,2.0,False,2024
1,4,13,18.0,26.0,4.0,11.0,9.0,10.0,16.0,29.0,4.0,10.0,4.0,4.0,0.14212237235502773,0.6546762589928058,0.13257817004259329,0.4912959381044487,1.0,3.0,True,2024
0,16,5,8.0,20.0,3.0,8.0,11.0,12.0,8.0,17.0,4.0,7.0,7.0,8.0,0.05486997193285329,0.4843137254901961,0.0255351306856071,0.448692152917505,4.0,1.0,True,2024
1,5,16,8.0,17.0,4.0,7.0,7.0,8.0,8.0,20.0,3.0,8.0,11.0,12.0,0.0255351306856071,0.448692152917505,0.08389597754628261,0.48532289628180036,1.0,4.0,False,2024
1,8,23,11.0,24.0,3.0,8.0,7.0,9.0,10.0,19.0,5.0,10.0,7.0,10.0,0.10138645520405534,0.4681274900398406,0.13810952948818392,0.45841784989858014,1.0,3.0,False,2024
0,23,8,10.0,19.0,5.0,10.0,7.0,10.0,11.0,24.0,3.0,8.0,7.0,9.0,0.13810952948818392,0.45841784989858014,0.08110916416324428,0.4671968190854871,3.0,1.0,True,2024
0,13,4,16.0,29.0,4.0,10.0,4.0,4.0,18.0,26.0,4.0,11.0,9.0,10.0,0.13257817004259329,0.4912959381044487,0.1536978978840222,0.6552962298025135,3.0,1.0,False,2024
1,21,28,12.0,22.0,8.0,13.0,4.0,4.0,12.0,21.0,7.0,10.0,4.0,7.0,0.04235269148015912,0.42677824267782427,0.13895613006622562,0.41700404858299595,1.0,1.0,False,2024
0,28,21,12.0,21.0,7.0,10.0,4.0,7.0,12.0,22.0,8.0,13.0,4.0,4.0,0.13895613006622562,0.41700404858299595,0.033882153184127295,0.42588726513569936,1.0,1.0,True,2024
1,27,12,7.0,14.0,4.0,10.0,9.0,13.0,8.0,16.0,4.0,7.0,8.0,8.0,0.04858251917631447,0.3995859213250518,0.16535954496783192,0.5591397849462365,1.0,2.0,True,2024
0,12,27,8.0,16.0,4.0,7.0,8.0,8.0,7.0,14.0,4.0,10.0,9.0,13.0,0.16535954496783192,0.5591397849462365,0.07886601534105157,0.40082644628099173,2.0,1.0,False,2024
1,0,26,12.0,21.0,5.0,11.0,4.0,4.0,18.0,29.0,2.0,5.0,6.0,7.0,0.04590941684495342,0.514018691588785,0.1485368078583006,0.4801587301587302,2.0,2.0,False,2024
0,26,0,18.0,29.0,2.0,5.0,6.0,7.0,12.0,21.0,5.0,11.0,4.0,4.0,0.1485368078583006,0.4801587301587302,0.036727533475962734,0.5092592592592593,2.0,2.0,True,2024
1,16,2,11.0,27.0,7.0,15.0,6.0,7.0,9.0,16.0,5.0,7.0,8.0,9.0,0.08389597754628261,0.48532289628180036,0.1699047703895039,0.6121593291404612,1.0,2.0,False,2024
1,11,7,15.0,27.0,4.0,10.0,6.0,9.0,14.0,27.0,5.0,12.0,8.0,8.0,0.07394359622654778,0.5744274809160306,0.1014912,0.45454545454545453,2.0,2.0,False,2024
0,7,11,14.0,27.0,5.0,12.0,8.0,8.0,15.0,27.0,4.0,10.0,6.0,9.0,0.1014912,0.45454545454545453,0.059154876981238225,0.5733333333333334,2.0,2.0,True,2024
1,25,19,10.0,18.0,3.0,7.0,4.0,6.0,7.0,17.0,3.0,5.0,7.0,8.0,0.07317221241797499,0.5970149253731343,0.009625593180870785,0.33540372670807456,2.0,2.0,True,2024
0,19,25,7.0,17.0,3.0,5.0,7.0,8.0,10.0,18.0,3.0,7.0,4.0,6.0,0.009625593180870785,0.33540372670807456,0.09853776993438,0.5977653631284916,2.0,2.0,False,2024
1,17,26,6.0,15.0,2.0,6.0,5.0,6.0,10.0,13.0,5.0,7.0,7.0,7.0,0.02716690152240761,0.4912959381044487,0.15882944628664047,0.48118811881188117,2.0,1.0,False,2024
0,26,17,10.0,13.0,5.0,7.0,7.0,7.0,6.0,15.0,2.0,6.0,5.0,6.0,0.15882944628664047,0.48118811881188117,0.02173352121792609,0.49034749034749037,1.0,2.0,True,2024
0,2,16,9.0,16.0,5.0,7.0,8.0,9.0,11.0,27.0,7.0,15.0,6.0,7.0,0.1699047703895039,0.6121593291404612,0.06711678203702609,0.484375,2.0,1.0,True,2024
1,29,1,14.0,19.0,2.0,5.0,7.0,9.0,11.0,21.0,6.0,11.0,3.0,3.0,0.121053926498409,0.5236294896030246,0.13116486435219638,0.47701149425287354,2.0,2.0,True,2024
1,22,10,8.0,14.0,2.0,5.0,5.0,6.0,9.0,14.0,3.0,3.0,7.0,7.0,0.12862813794860872,0.49101796407185627,0.12301477649588481,0.37575757575757573,5.0,2.0,False,2024
1,13,15,8.0,19.0,3.0,7.0,8.0,10.0,13.0,20.0,6.0,10.0,6.0,10.0,0.10606253603407463,0.49034749034749037,0.1514616203309182,0.44081632653061226,1.0,2.0,False,2024
0,15,13,13.0,20.0,6.0,10.0,6.0,10.0,8.0,19.0,3.0,7.0,8.0,10.0,0.1514616203309182,0.44081632653061226,0.0848500288272597,0.48940269749518306,2.0,1.0,True,2024
0,1,29,11.0,21.0,6.0,11.0,3.0,3.0,14.0,19.0,2.0,5.0,7.0,9.0,0.13116486435219638,0.47701149425287354,0.1368431411987272,0.5245283018867924,2.0,2.0,False,2024
0,20,3,8.0,15.0,5.0,9.0,4.0,6.0,10.0,16.0,3.0,9.0,7.0,7.0,0.12401270396127465,0.6148282097649186,0.12155577870964751,0.44356435643564357,2.0,2.0,False,2024
1,6,18,9.0,17.0,6.0,11.0,5.0,6.0,11.0,24.0,6.0,11.0,9.0,10.0,0.0975507461092058,0.5,0.1315939540435272,0.6245421245421245,3.0,2.0,False,2024
0,18,6,11.0,24.0,6.0,11.0,9.0,10.0,9.0,17.0,6.0,11.0,5.0,6.0,0.1315939540435272,0.6245421245421245,0.07804059688736464,0.49902912621359224,2.0,3.0,True,2024
0,10,22,9.0,14.0,3.0,3.0,7.0,7.0,8.0,14.0,2.0,5.0,5.0,6.0,0.12301477649588481,0.37575757575757573,0.10290251035888698,0.4900398406374502,2.0,5.0,True,2024
1,3,20,10.0,16.0,3.0,9.0,7.0,7.0,8.0,15.0,5.0,9.0,4.0,6.0,0.12155577870964751,0.44356435643564357,0.09921016316901972,0.6137184115523465,2.0,2.0,True,2024
1,8,15,12.0,18.0,5.0,5.0,4.0,4.0,5.0,18.0,3.0,12.0,5.0,6.0,0.08110916416324428,0.4671968190854871,0.16116929626473459,0.4419551934826884,2.0,1.0,True,2024
0,15,8,5.0,18.0,3.0,12.0,5.0,6.0,12.0,18.0,5.0,5.0,4.0,4.0,0.16116929626473459,0.4419551934826884,0.10488733133059543,0.46825396825396826,1.0,2.0,False,2024
0,24,5,11.0,17.0,4.0,8.0,7.0,7.0,9.0,16.0,2.0,8.0,3.0,4.0,0.06478513449470583,0.5686274509803921,0.02042810454848568,0.44779116465863456,3.0,2.0,True,2024
1,23,28,9.0,21.0,3.0,8.0,6.0,7.0,7.0,16.0,3.0,7.0,8.0,12.0,0.15048762359054713,0.45951417004048584,0.1511649040529805,0.41818181818181815,2.0,2.0,True,2024
0,4,14,20.0,23.0,3.0,6.0,9.0,11.0,11.0,26.0,3.0,9.0,5.0,5.0,0.1536978978840222,0.6552962298025135,0.02109727106157324,0.4222222222222222,2.0,3.0,True,2024
1,14,4,11.0,26.0,3.0,9.0,5.0,5.0,20.0,23.0,3.0,6.0,9.0,11.0,0.02109727106157324,0.4222222222222222,0.16295831830721774,0.6559139784946236,3.0,2.0,False,2024
1,5,24,9.0,16.0,2.0,8.0,3.0,4.0,11.0,17.0,4.0,8.0,7.0,7.0,0.02042810454848568,0.44779116465863456,0.09182810759576465,0.5698324022346368,2.0,3.0,False,2024
0,28,23,7.0,16.0,3.0,7.0,8.0,12.0,9.0,21.0,3.0,8.0,6.0,7.0,0.1511649040529805,0.41818181818181815,0.16039009887243771,0.46060606060606063,2.0,2.0,False,2024
1,21,2,15.0,27.0,5.0,11.0,7.0,8.0,15.0,28.0,7.0,15.0,8.0,10.0,0.033882153184127295,0.42588726513569936,0.17592381631160314,0.6129707112970711,2.0,1.0,True,2024
0,1,0,13.0,23.0,3.0,9.0,3.0,5.0,8.0,16.0,5.0,11.0,11.0,12.0,0.1049318914817571,0.47609942638623326,0.036727533475962734,0.5092592592592593,1.0,2.0,False,2024
1,27,12,7.0,16.0,4.0,8.0,4.0,4.0,8.0,14.0,6.0,9.0,8.0,9.0,0.07886601534105157,0.40082644628099173,0.13228763597426554,0.5581395348837209,2.0,2.0,False,2024
0,2,21,15.0,28.0,7.0,15.0,8.0,10.0,15.0,27.0,5.0,11.0,7.0,8.0,0.17592381631160314,0.6129707112970711,0.06710572254730184,0.4270833333333333,1.0,2.0,False,2024
0,12,27,8.0,14.0,6.0,9.0,8.0,9.0,7.0,16.0,4.0,8.0,4.0,4.0,0.13228763597426554,0.5581395348837209,0.06309281227284126,0.4,2.0,2.0,True,2024
0,20,19,9.0,17.0,4.0,9.0,3.0,4.0,7.0,17.0,3.0,5.0,11.0,11.0,0.09921016316901972,0.6137184115523465,0.007700474544696629,0.3347107438016529,1.0,1.0,True,2024
1,19,20,7.0,17.0,3.0,5.0,11.0,11.0,9.0,17.0,4.0,9.0,3.0,4.0,0.007700474544696629,0.3347107438016529,0.11936813053521578,0.6144144144144145,1.0,1.0,False,2024
1,0,1,8.0,16.0,5.0,11.0,11.0,12.0,13.0,23.0,3.0,9.0,3.0,5.0,0.036727533475962734,0.5092592592592593,0.08394551318540569,0.4751908396946565,2.0,1.0,True,2024
0,3,18,12.0,25.0,5.0,10.0,10.0,11.0,11.0,28.0,3.0,12.0,13.0,16.0,0.137244622967718,0.44466403162055335,0.14527516323482176,0.6252285191956124,2.0,2.0,True,2024
1,7,17,13.0,21.0,2.0,4.0,10.0,10.0,9.0,19.0,5.0,8.0,5.0,6.0,0.12119295999999999,0.5,0.02173352121792609,0.49034749034749037,2.0,2.0,True,2024
1,18,3,11.0,28.0,3.0,12.0,13.0,16.0,12.0,25.0,5.0,10.0,10.0,11.0,0.14527516323482176,0.6252285191956124,0.1497956983741744,0.4457593688362919,2.0,2.0,False,2024
1,10,25,10.0,20.0,2.0,5.0,4.0,4.0,8.0,13.0,4.0,5.0,6.0,8.0,0.13841182119670786,0.37701612903225806,0.09853776993438,0.5977653631284916,2.0,2.0,True,2024
0,17,7,9.0,19.0,5.0,8.0,5.0,6.0,13.0,21.0,2.0,4.0,10.0,10.0,0.02173352121792609,0.49034749034749037,0.136954368,0.5384615384615384,2.0,2.0,False,2024
0,11,29,8.0,12.0,3.0,7.0,4.0,4.0,11.0,14.0,3.0,5.0,4.0,5.0,0.059154876981238225,0.5733333333333334,0.1368431411987272,0.5245283018867924,2.0,2.0,False,2024
1,9,22,13.0,19.0,5.0,8.0,7.0,8.0,11.0,18.0,9.0,15.0,6.0,7.0,0.07857549427669133,0.43052837573385516,0.10290251035888698,0.4900398406374502,4.0,2.0,False,2024
0,22,9,11.0,18.0,9.0,15.0,6.0,7.0,13.0,19.0,5.0,8.0,7.0,8.0,0.10290251035888698,0.4900398406374502,0.06286039542135306,0.4296875,2.0,4.0,True,2024
0,25,10,8.0,13.0,4.0,5.0,6.0,8.0,10.0,20.0,2.0,5.0,4.0,4.0,0.09853776993438,0.5977653631284916,0.15072945695736628,0.3782696177062374,2.0,2.0,False,2024
1,29,11,11.0,14.0,3.0,5.0,4.0,5.0,8.0,12.0,3.0,7.0,4.0,4.0,0.1368431411987272,0.5245283018867924,0.04732390158499058,0.5722433460076045,2.0,2.0,True,2024
0,15,8,9.0,17.0,4.0,9.0,7.0,10.0,10.0,18.0,2.0,8.0,5.0,7.0,0.12893543701178767,0.4410569105691057,0.10488733133059543,0.46825396825396826,2.0,2.0,False,2024
0,27,26,8.0,17.0,7.0,12.0,13.0,13.0,11.0,19.0,5.0,7.0,17.0,18.0,0.06309281227284126,0.4,0.16706355702931236,0.48221343873517786,2.0,3.0,False,2024
0,20,10,12.0,18.0,5.0,9.0,5.0,5.0,11.0,18.0,4.0,6.0,7.0,8.0,0.11936813053521578,0.6144144144144145,0.15072945695736628,0.3782696177062374,2.0,1.0,False,2024
0,24,5,10.0,23.0,4.0,12.0,8.0,12.0,7.0,15.0,2.0,8.0,7.0,7.0,0.09182810759576465,0.5698324022346368,0.016342483638788544,0.4468937875751503,2.0,2.0,True,2024
0,0,7,8.0,17.0,6.0,10.0,4.0,5.0,7.0,15.0,3.0,9.0,15.0,15.0,0.06938202678077018,0.5137614678899083,0.136954368,0.5384615384615384,2.0,1.0,False,2024
1,7,0,7.0,15.0,3.0,9.0,15.0,15.0,8.0,17.0,6.0,10.0,4.0,5.0,0.136954368,0.5384615384615384,0.055505621424616146,0.509090909090909,1.0,2.0,True,2024
0,11,17,9.0,18.0,3.0,6.0,7.0,7.0,10.0,16.0,5.0,6.0,5.0,6.0,0.04732390158499058,0.5722433460076045,0.01738681697434087,0.48940269749518306,1.0,1.0,False,2024
1,17,11,10.0,16.0,5.0,6.0,5.0,6.0,9.0,18.0,3.0,6.0,7.0,7.0,0.01738681697434087,0.48940269749518306,0.037859121267992464,0.571157495256167,1.0,1.0,True,2024
1,23,18,11.0,22.0,5.0,9.0,5.0,6.0,7.0,19.0,3.0,5.0,9.0,9.0,0.16039009887243771,0.46060606060606063,0.1162201305878574,0.6240875912408759,2.0,1.0,True,2024
1,10,20,11.0,18.0,4.0,6.0,7.0,8.0,12.0,18.0,5.0,9.0,5.0,5.0,0.15072945695736628,0.3782696177062374,0.09549450442817262,0.6133093525179856,1.0,2.0,True,2024
1,5,24,7.0,15.0,2.0,8.0,7.0,7.0,10.0,23.0,4.0,12.0,8.0,12.0,0.016342483638788544,0.4468937875751503,0.11346248607661172,0.5710306406685237,2.0,2.0,False,2024
1,26,27,11.0,19.0,5.0,7.0,17.0,18.0,8.0,17.0,7.0,12.0,13.0,13.0,0.16706355702931236,0.48221343873517786,0.05047424981827301,0.3991769547325103,3.0,2.0,True,2024
1,8,15,10.0,18.0,2.0,8.0,5.0,7.0,9.0,17.0,4.0,9.0,7.0,10.0,0.10488733133059543,0.46825396825396826,0.10314834960943013,0.44016227180527384,2.0,2.0,True,2024
0,18,23,7.0,19.0,3.0,5.0,9.0,9.0,11.0,22.0,5.0,9.0,5.0,6.0,0.1162201305878574,0.6240875912408759,0.16831207909795018,0.46169354838709675,1.0,2.0,False,2024
1,1,16,13.0,26.0,4.0,13.0,5.0,5.0,7.0,21.0,2.0,6.0,9.0,12.0,0.08394551318540569,0.4751908396946565,0.06711678203702609,0.484375,2.0,3.0,True,2024
0,13,29,11.0,26.0,4.0,12.0,7.0,8.0,9.0,19.0,4.0,9.0,4.0,7.0,0.0848500288272597,0.48940269749518306,0.14947451295898176,0.5254237288135594,3.0,1.0,True,2024
1,29,13,9.0,19.0,4.0,9.0,4.0,7.0,11.0,26.0,4.0,12.0,7.0,8.0,0.14947451295898176,0.5254237288135594,0.10788002306180774,0.49038461538461536,1.0,3.0,False,2024
1,9,6,12.0,31.0,8.0,16.0,11.0,13.0,16.0,31.0,5.0,8.0,11.0,12.0,0.06286039542135306,0.4296875,0.07804059688736464,0.49902912621359224,1.0,3.0,True,2024
0,14,21,12.0,22.0,4.0,11.0,4.0,4.0,13.0,31.0,6.0,16.0,8.0,10.0,0.01687781684925859,0.4213709677419355,0.06710572254730184,0.4270833333333333,2.0,2.0,False,2024
1,21,14,13.0,31.0,6.0,16.0,8.0,10.0,12.0,22.0,4.0,11.0,4.0,4.0,0.06710572254730184,0.4270833333333333,0.013502253479406872,0.42052313883299797,2.0,2.0,True,2024
1,3,12,6.0,12.0,3.0,5.0,3.0,3.0,9.0,15.0,7.0,10.0,4.0,5.0,0.1497956983741744,0.4457593688362919,0.14583010877941244,0.5589285714285714,1.0,2.0,False,2024
0,4,2,12.0,24.0,3.0,10.0,7.0,10.0,10.0,17.0,3.0,9.0,7.0,9.0,0.16295831830721774,0.6559139784946236,0.14073905304928253,0.6116910229645094,2.0,2.0,False,2024
0,25,22,13.0,24.0,2.0,6.0,9.0,11.0,12.0,22.0,7.0,12.0,4.0,5.0,0.078830215947504,0.5966542750929368,0.12232200828710957,0.49105367793240556,1.0,1.0,True,2024
1,22,25,12.0,22.0,7.0,12.0,4.0,5.0,13.0,24.0,2.0,6.0,9.0,11.0,0.12232200828710957,0.49105367793240556,0.10306417275800321,0.5974025974025974,1.0,1.0,False,2024
0,12,3,9.0,15.0,7.0,10.0,4.0,5.0,6.0,12.0,3.0,5.0,3.0,3.0,0.14583010877941244,0.5589285714285714,0.11983655869933951,0.4448818897637795,2.0,1.0,True,2024
0,6,9,16.0,31.0,5.0,8.0,11.0,12.0,12.0,31.0,8.0,16.0,11.0,13.0,0.07804059688736464,0.49902912621359224,0.09028831633708245,0.43079922027290446,3.0,1.0,False,2024
0,16,1,7.0,21.0,2.0,6.0,9.0,12.0,13.0,26.0,4.0,13.0,5.0,5.0,0.06711678203702609,0.484375,0.10715641054832455,0.47619047619047616,3.0,2.0,False,2024
1,2,4,10.0,17.0,3.0,9.0,7.0,9.0,12.0,24.0,3.0,10.0,7.0,10.0,0.14073905304928253,0.6116910229645094,0.13036665464577418,0.6547406082289803,2.0,2.0,True,2024
0,14,4,9.0,22.0,6.0,10.0,7.0,9.0,14.0,19.0,4.0,7.0,9.0,12.0,0.013502253479406872,0.42052313883299797,0.13036665464577418,0.6547406082289803,2.0,2.0,False,2024
1,4,14,14.0,19.0,4.0,7.0,9.0,12.0,9.0,22.0,6.0,10.0,7.0,9.0,0.13036665464577418,0.6547406082289803,0.010801802783525497,0.41967871485943775,2.0,2.0,True,2024
1,25,27,10.0,16.0,5.0,9.0,5.0,6.0,16.0,23.0,4.0,8.0,5.0,9.0,0.10306417275800321,0.5974025974025974,0.05047424981827301,0.3991769547325103,2.0,2.0,True,2024
0,27,25,16.0,23.0,4.0,8.0,5.0,9.0,10.0,16.0,5.0,9.0,5.0,6.0,0.05047424981827301,0.3991769547325103,0.12245133820640257,0.5981481481481481,2.0,2.0,False,2024
1,10,2,10.0,17.0,3.0,6.0,8.0,9.0,7.0,22.0,2.0,8.0,12.0,13.0,0.160583565565893,0.3795180722891566,0.152591242439426,0.6125,2.0,2.0,True,2024
0,2,10,7.0,22.0,2.0,8.0,12.0,13.0,10.0,17.0,3.0,6.0,8.0,9.0,0.152591242439426,0.6125,0.16846685245271442,0.3807615230460922,2.0,2.0,False,2024
0,12,28,8.0,17.0,3.0,6.0,6.0,6.0,10.0,17.0,4.0,8.0,3.0,5.0,0.15666408702352994,0.5597147950089126,0.1209319232423844,0.4173387096774194,2.0,4.0,False,2024
1,23,15,9.0,21.0,4.0,9.0,17.0,18.0,14.0,32.0,3.0,7.0,5.0,6.0,0.16831207909795018,0.46169354838709675,0.10314834960943013,0.44016227180527384,2.0,2.0,False,2024
1,28,12,10.0,17.0,4.0,8.0,3.0,5.0,8.0,17.0,3.0,6.0,6.0,6.0,0.1209319232423844,0.4173387096774194,0.12533126961882396,0.5587188612099644,4.0,2.0,True,2024
0,15,23,14.0,32.0,3.0,7.0,5.0,6.0,9.0,21.0,4.0,9.0,17.0,18.0,0.10314834960943013,0.44016227180527384,0.13464966327836014,0.4607645875251509,2.0,2.0,True,2024
0,8,24,13.0,25.0,3.0,5.0,6.0,9.0,14.0,30.0,4.0,12.0,3.0,6.0,0.12390986506447635,0.4693069306930693,0.11346248607661172,0.5710306406685237,2.0,2.0,True,2024
1,22,19,9.0,23.0,5.0,13.0,6.0,6.0,10.0,26.0,2.0,6.0,9.0,9.0,0.09785760662968765,0.49007936507936506,0.006160379635757303,0.334020618556701,2.0,4.0,True,2024
0,19,22,10.0,26.0,2.0,6.0,9.0,9.0,9.0,23.0,5.0,13.0,6.0,6.0,0.006160379635757303,0.334020618556701,0.11828608530375014,0.4910891089108911,4.0,2.0,False,2024
1,1,20,10.0,19.0,3.0,8.0,5.0,6.0,14.0,31.0,3.0,8.0,7.0,11.0,0.10715641054832455,0.47619047619047616,0.09549450442817262,0.6133093525179856,2.0,2.0,True,2024
0,20,1,14.0,31.0,3.0,8.0,7.0,11.0,10.0,19.0,3.0,8.0,5.0,6.0,0.09549450442817262,0.6133093525179856,0.12572512843865963,0.47718631178707227,2.0,2.0,False,2024
1,0,5,11.0,20.0,7.0,14.0,6.0,7.0,10.0,19.0,4.0,10.0,5.0,5.0,0.055505621424616146,0.509090909090909,0.013073986911030835,0.446,2.0,2.0,True,2024
0,5,0,10.0,19.0,4.0,10.0,5.0,5.0,11.0,20.0,7.0,14.0,6.0,7.0,0.013073986911030835,0.446,0.08440449713969292,0.5135135135135135,2.0,2.0,False,2024
1,16,7,9.0,20.0,3.0,10.0,2.0,4.0,15.0,21.0,4.0,11.0,7.0,9.0,0.05369342562962087,0.4834307992202729,0.1495634944,0.5714285714285714,2.0,2.0,False,2024
1,24,8,14.0,30.0,4.0,12.0,3.0,6.0,13.0,25.0,3.0,5.0,6.0,9.0,0.11346248607661172,0.5710306406685237,0.13912789205158108,0.47035573122529645,2.0,2.0,False,2024
0,7,16,15.0,21.0,4.0,11.0,7.0,9.0,9.0,20.0,3.0,10.0,2.0,4.0,0.1495634944,0.5714285714285714,0.0429547405036967,0.48249027237354086,2.0,2.0,True,2024
1,14,9,6.0,14.0,2.0,10.0,3.0,3.0,9.0,17.0,5.0,8.0,3.0,4.0,0.010801802783525497,0.41967871485943775,0.09028831633708245,0.43079922027290446,1.0,3.0,False,2024
1,11,8,5.0,13.0,4.0,9.0,3.0,5.0,10.0,22.0,5.0,12.0,5.0,8.0,0.037859121267992464,0.571157495256167,0.13912789205158108,0.47035573122529645,3.0,1.0,True,2024
0,8,11,10.0,22.0,5.0,12.0,5.0,8.0,5.0,13.0,4.0,9.0,3.0,5.0,0.13912789205158108,0.47035573122529645,0.07028729701439398,0.571969696969697,1.0,3.0,False,2024
1,26,18,13.0,21.0,5.0,12.0,10.0,10.0,8.0,18.0,3.0,9.0,19.0,21.0,0.1736508456234499,0.4832347140039448,0.09297610447028593,0.6229508196721312,3.0,3.0,False,2024
0,18,26,8.0,18.0,3.0,9.0,19.0,21.0,13.0,21.0,5.0,12.0,10.0,10.0,0.09297610447028593,0.6229508196721312,0.13892067649875992,0.4822834645669291,3.0,3.0,True,2024
0,9,14,9.0,17.0,5.0,8.0,3.0,4.0,6.0,14.0,2.0,10.0,3.0,3.0,0.09028831633708245,0.43079922027290446,0.008641442226820398,0.4188376753507014,3.0,1.0,True,2024
0,29,3,13.0,23.0,2.0,9.0,6.0,7.0,9.0,18.0,3.0,9.0,12.0,13.0,0.11957961036718541,0.5244360902255639,0.11983655869933951,0.4448818897637795,3.0,3.0,True,2024
1,6,12,8.0,19.0,3.0,7.0,5.0,5.0,9.0,18.0,3.0,7.0,3.0,3.0,0.06243247750989171,0.49806201550387597,0.12533126961882396,0.5587188612099644,3.0,1.0,True,2024
0,12,6,9.0,18.0,3.0,7.0,3.0,3.0,8.0,19.0,3.0,7.0,5.0,5.0,0.12533126961882396,0.5587188612099644,0.08994598200791337,0.4990328820116054,1.0,3.0,False,2024
1,24,13,9.0,19.0,3.0,6.0,5.0,5.0,12.0,27.0,3.0,9.0,5.0,5.0,0.09076998886128937,0.5694444444444444,0.10788002306180774,0.49038461538461536,1.0,3.0,True,2024
1,3,29,9.0,18.0,3.0,9.0,12.0,13.0,13.0,23.0,2.0,9.0,6.0,7.0,0.11983655869933951,0.4448818897637795,0.13566368829374834,0.525328330206379,3.0,3.0,False,2024
0,13,24,12.0,27.0,3.0,9.0,5.0,5.0,9.0,19.0,3.0,6.0,5.0,5.0,0.10788002306180774,0.49038461538461536,0.1126159910890315,0.5706371191135734,3.0,1.0,False,2024
0,23,16,8.0,14.0,6.0,9.0,7.0,7.0,6.0,16.0,3.0,9.0,8.0,10.0,0.13464966327836014,0.4607645875251509,0.0429547405036967,0.48249027237354086,2.0,2.0,True,2024
1,16,23,6.0,16.0,3.0,9.0,8.0,10.0,8.0,14.0,6.0,9.0,7.0,7.0,0.0429547405036967,0.48249027237354086,0.14771973062268812,0.46184738955823296,2.0,2.0,False,2024
1,10,21,11.0,18.0,2.0,5.0,11.0,12.0,9.0,17.0,3.0,9.0,4.0,6.0,0.16846685245271442,0.3807615230460922,0.09368457803784146,0.4282744282744283,2.0,4.0,True,2024
0,21,10,9.0,17.0,3.0,9.0,4.0,6.0,11.0,18.0,2.0,5.0,11.0,12.0,0.09368457803784146,0.4282744282744283,0.17477348196217152,0.382,4.0,2.0,False,2024
1,28,7,15.0,25.0,5.0,10.0,7.0,8.0,10.0,25.0,6.0,9.0,7.0,8.0,0.13674553859390753,0.41851106639839036,0.15965079552,0.6,2.0,2.0,False,2024
0,7,28,10.0,25.0,6.0,9.0,7.0,8.0,15.0,25.0,5.0,10.0,7.0,8.0,0.15965079552,0.6,0.10939643087512603,0.41767068273092367,2.0,2.0,True,2024
1,4,17,11.0,21.0,4.0,12.0,13.0,18.0,7.0,23.0,3.0,6.0,5.0,6.0,0.14429332371661935,0.6553571428571429,0.0539094535794727,0.49038461538461536,2.0,4.0,True,2024
0,17,4,7.0,23.0,3.0,6.0,5.0,6.0,11.0,21.0,4.0,12.0,13.0,18.0,0.0539094535794727,0.49038461538461536,0.1554346589732955,0.6559714795008913,4.0,2.0,False,2024
1,6,27,7.0,17.0,6.0,10.0,7.0,8.0,11.0,22.0,5.0,12.0,4.0,5.0,0.08994598200791337,0.4990328820116054,0.04037939985461841,0.39835728952772076,1.0,2.0,True,2024
0,5,20,7.0,17.0,4.0,7.0,6.0,7.0,17.0,29.0,4.0,9.0,5.0,6.0,0.010459189528824669,0.44510978043912175,0.07639560354253809,0.6122082585278277,2.0,2.0,False,2024
1,3,25,10.0,17.0,4.0,9.0,2.0,3.0,8.0,17.0,2.0,7.0,4.0,6.0,0.0958692469594716,0.444007858546169,0.12245133820640257,0.5981481481481481,1.0,2.0,True,2024
0,25,3,8.0,17.0,2.0,7.0,4.0,6.0,10.0,17.0,4.0,9.0,2.0,3.0,0.12245133820640257,0.5981481481481481,0.1166953975675773,0.44509803921568625,2.0,1.0,False,2024
1,20,5,17.0,29.0,4.0,9.0,5.0,6.0,7.0,17.0,4.0,7.0,6.0,7.0,0.07639560354253809,0.6122082585278277,0.008367351623059734,0.4442231075697211,2.0,2.0,True,2024
1,2,9,11.0,25.0,5.0,13.0,7.0,10.0,12.0,27.0,7.0,16.0,5.0,6.0,0.12207299395154081,0.6112266112266113,0.11223065306966595,0.43190661478599224,2.0,1.0,True,2024
0,9,2,12.0,27.0,7.0,16.0,5.0,6.0,11.0,25.0,5.0,13.0,7.0,10.0,0.11223065306966595,0.43190661478599224,0.13765839516123263,0.6120331950207469,1.0,2.0,False,2024
0,27,6,11.0,22.0,5.0,12.0,4.0,5.0,7.0,17.0,6.0,10.0,7.0,8.0,0.04037939985461841,0.39835728952772076,0.11195678560633068,0.5,2.0,1.0,False,2024
0,29,18,8.0,14.0,3.0,6.0,3.0,5.0,9.0,20.0,5.0,12.0,10.0,12.0,0.13566368829374834,0.525328330206379,0.11438088357622873,0.6236363636363637,2.0,2.0,False,2024
1,11,8,7.0,16.0,3.0,9.0,6.0,6.0,11.0,22.0,3.0,6.0,7.0,9.0,0.07028729701439398,0.571969696969697,0.11130231364126486,0.46942800788954636,2.0,2.0,True,2024
0,8,11,11.0,22.0,3.0,6.0,7.0,9.0,7.0,16.0,3.0,9.0,6.0,6.0,0.11130231364126486,0.46942800788954636,0.09622983761151518,0.5727788279773157,2.0,2.0,False,2024
1,24,20,10.0,26.0,3.0,5.0,9.0,9.0,15.0,19.0,3.0,7.0,6.0,11.0,0.1126159910890315,0.5706371191135734,0.10111648283403048,0.6129032258064516,2.0,1.0,False,2024
1,18,29,9.0,20.0,5.0,12.0,10.0,12.0,8.0,14.0,3.0,6.0,3.0,5.0,0.11438088357622873,0.6236363636363637,0.10853095063499867,0.5243445692883895,2.0,2.0,True,2024
0,17,22,12.0,20.0,3.0,3.0,7.0,7.0,11.0,17.0,3.0,6.0,8.0,9.0,0.04312756286357816,0.4894433781190019,0.11828608530375014,0.4910891089108911,1.0,3.0,True,2024
1,19,14,10.0,22.0,2.0,8.0,4.0,5.0,10.0,23.0,3.0,7.0,10.0,11.0,0.004928303708605843,0.3333333333333333,0.008641442226820398,0.4188376753507014,3.0,2.0,False,2024
0,14,19,10.0,23.0,3.0,7.0,10.0,11.0,10.0,22.0,2.0,8.0,4.0,5.0,0.008641442226820398,0.4188376753507014,0.003942642966884674,0.3326488706365503,2.0,3.0,True,2024
0,20,24,15.0,19.0,3.0,7.0,6.0,11.0,10.0,26.0,3.0,5.0,9.0,9.0,0.10111648283403048,0.6129032258064516,0.09009279287122521,0.569060773480663,1.0,2.0,True,2024
1,22,17,11.0,17.0,3.0,6.0,8.0,9.0,12.0,20.0,3.0,3.0,7.0,7.0,0.11828608530375014,0.4910891089108911,0.07450205029086253,0.4904214559386973,3.0,1.0,False,2024
0,4,12,11.0,18.0,4.0,9.0,10.0,13.0,13.0,27.0,3.0,7.0,5.0,7.0,0.1554346589732955,0.6559714795008913,0.10026501569505916,0.5577264653641207,2.0,3.0,True,2024
1,12,4,13.0,27.0,3.0,7.0,5.0,7.0,11.0,18.0,4.0,9.0,10.0,13.0,0.10026501569505916,0.5577264653641207,0.16434772717863638,0.6565836298932385,3.0,2.0,False,2024
1,15,0,9.0,20.0,4.0,8.0,9.0,17.0,11.0,20.0,4.0,12.0,9.0,9.0,0.12251867968754411,0.44129554655870445,0.08440449713969292,0.5135135135135135,4.0,4.0,True,2024
0,0,15,11.0,20.0,4.0,12.0,9.0,9.0,9.0,20.0,4.0,8.0,9.0,17.0,0.08440449713969292,0.5135135135135135,0.13801494375003528,0.44242424242424244,4.0,4.0,False,2024
1,28,21,9.0,20.0,4.0,10.0,9.0,9.0,7.0,18.0,4.0,8.0,2.0,2.0,0.10939643087512603,0.41767068273092367,0.07494766243027316,0.42738589211618255,2.0,2.0,True,2024
0,21,28,7.0,18.0,4.0,8.0,2.0,2.0,9.0,20.0,4.0,10.0,9.0,9.0,0.07494766243027316,0.42738589211618255,0.12751714470010084,0.4188376753507014,2.0,2.0,False,2024
1,23,26,7.0,16.0,3.0,10.0,8.0,8.0,13.0,22.0,3.0,8.0,6.0,7.0,0.14771973062268812,0.46184738955823296,0.13892067649875992,0.4822834645669291,2.0,3.0,True,2024
0,26,23,13.0,22.0,3.0,8.0,6.0,7.0,7.0,16.0,3.0,10.0,8.0,8.0,0.13892067649875992,0.4822834645669291,0.15817578449815048,0.46292585170340683,3.0,2.0,False,2024
0,25,6,7.0,19.0,3.0,7.0,5.0,7.0,9.0,17.0,6.0,12.0,10.0,10.0,0.09796107056512206,0.5970425138632163,0.11195678560633068,0.5,2.0,2.0,False,2024
1,3,9,14.0,25.0,3.0,11.0,9.0,9.0,6.0,16.0,4.0,10.0,7.0,7.0,0.1166953975675773,0.44509803921568625,0.08978452245573276,0.43106796116504853,2.0,2.0,True,2024
1,13,1,15.0,29.0,3.0,10.0,9.0,9.0,10.0,19.0,2.0,7.0,11.0,14.0,0.0863040184494462,0.4894433781190019,0.12572512843865963,0.47718631178707227,3.0,4.0,True,2024
1,6,25,9.0,17.0,6.0,12.0,10.0,10.0,7.0,19.0,3.0,7.0,5.0,7.0,0.11195678560633068,0.5,0.07836885645209765,0.5959409594095941,2.0,2.0,True,2024
1,2,27,12.0,23.0,4.0,10.0,3.0,5.0,7.0,14.0,3.0,6.0,4.0,6.0,0.13765839516123263,0.6120331950207469,0.032303519883694724,0.3975409836065574,2.0,2.0,True,2024
0,27,2,7.0,14.0,3.0,6.0,4.0,6.0,12.0,23.0,4.0,10.0,3.0,5.0,0.032303519883694724,0.3975409836065574,0.15012671612898612,0.6128364389233955,2.0,2.0,False,2024
0,1,13,10.0,19.0,2.0,7.0,11.0,14.0,15.0,29.0,3.0,10.0,9.0,9.0,0.12572512843865963,0.47718631178707227,0.10904321475955696,0.4904214559386973,4.0,3.0,False,2024
0,9,3,6.0,16.0,4.0,10.0,7.0,7.0,14.0,25.0,3.0,11.0,9.0,9.0,0.08978452245573276,0.43106796116504853,0.13335631805406184,0.4461839530332681,2.0,2.0,False,2024
0,24,15,14.0,18.0,5.0,9.0,5.0,6.0,14.0,23.0,3.0,8.0,9.0,10.0,0.09009279287122521,0.569060773480663,0.13801494375003528,0.44242424242424244,2.0,1.0,True,2024
1,8,18,11.0,16.0,3.0,8.0,11.0,12.0,13.0,25.0,4.0,10.0,4.0,4.0,0.0890418509130119,0.468503937007874,0.13150470686098298,0.6243194192377496,2.0,2.0,True,2024
0,14,10,9.0,20.0,4.0,7.0,5.0,6.0,11.0,16.0,4.0,6.0,5.0,6.0,0.046913153781456315,0.42,0.17477348196217152,0.382,2.0,3.0,False,2024
0,7,25,11.0,30.0,2.0,8.0,6.0,6.0,9.0,21.0,3.0,7.0,8.0,8.0,0.167720636416,0.625,0.07836885645209765,0.5959409594095941,3.0,1.0,False,2024
1,15,24,14.0,23.0,3.0,8.0,9.0,10.0,14.0,18.0,5.0,9.0,5.0,6.0,0.13801494375003528,0.44242424242424244,0.11207423429698016,0.5702479338842975,1.0,2.0,False,2024
1,25,7,9.0,21.0,3.0,7.0,8.0,8.0,11.0,30.0,2.0,8.0,6.0,6.0,0.07836885645209765,0.5959409594095941,0.1341765091328,0.5882352941176471,1.0,3.0,True,2024
1,10,14,11.0,16.0,4.0,6.0,5.0,6.0,9.0,20.0,4.0,7.0,5.0,6.0,0.17477348196217152,0.382,0.037530523025165054,0.41916167664670656,3.0,2.0,True,2024
0,18,8,13.0,25.0,4.0,10.0,4.0,4.0,11.0,16.0,3.0,8.0,11.0,12.0,0.13150470686098298,0.6243194192377496,0.1112334807304095,0.46954813359528486,2.0,2.0,False,2024
1,16,11,8.0,19.0,5.0,11.0,4.0,4.0,7.0,14.0,4.0,8.0,2.0,3.0,0.03436379240295736,0.4815533980582524,0.09622983761151518,0.5727788279773157,3.0,2.0,True,2024
0,11,16,7.0,14.0,4.0,8.0,2.0,3.0,8.0,19.0,5.0,11.0,4.0,4.0,0.09622983761151518,0.5727788279773157,0.06749103392236588,0.48255813953488375,2.0,3.0,False,2024
1,19,29,6.0,15.0,4.0,7.0,4.0,4.0,13.0,19.0,5.0,7.0,10.0,13.0,0.003942642966884674,0.3326488706365503,0.10853095063499867,0.5243445692883895,2.0,2.0,False,2024
1,20,1,12.0,19.0,7.0,12.0,7.0,8.0,10.0,18.0,5.0,8.0,5.0,6.0,0.12089318626722438,0.6135957066189625,0.1005801027509277,0.476280834914611,2.0,1.0,True,2024
0,1,20,10.0,18.0,5.0,8.0,5.0,6.0,12.0,19.0,7.0,12.0,7.0,8.0,0.1005801027509277,0.476280834914611,0.1367145490137795,0.6142857142857143,1.0,2.0,False,2024
0,29,19,13.0,19.0,5.0,7.0,10.0,13.0,6.0,15.0,4.0,7.0,4.0,4.0,0.10853095063499867,0.5243445692883895,0.0031541143735077395,0.3319672131147541,2.0,2.0,True,2024
0,11,23,6.0,19.0,3.0,7.0,5.0,5.0,12.0,22.0,4.0,8.0,4.0,5.0,0.07698387008921215,0.5716981132075472,0.15817578449815048,0.46292585170340683,1.0,2.0,False,2024
1,12,22,9.0,19.0,4.0,6.0,18.0,20.0,15.0,28.0,6.0,16.0,8.0,12.0,0.08021201255604733,0.5567375886524822,0.09462886824300011,0.4901185770750988,2.0,3.0,True,2024
0,9,5,15.0,29.0,3.0,9.0,13.0,16.0,12.0,16.0,5.0,10.0,6.0,6.0,0.07182761796458621,0.43023255813953487,0.008367351623059734,0.4442231075697211,2.0,4.0,True,2024
1,26,29,11.0,18.0,2.0,6.0,10.0,10.0,11.0,18.0,4.0,8.0,9.0,10.0,0.11113654119900793,0.481335952848723,0.12682476050799893,0.525233644859813,2.0,1.0,True,2024
0,29,26,11.0,18.0,4.0,8.0,9.0,10.0,11.0,18.0,2.0,6.0,10.0,10.0,0.12682476050799893,0.525233644859813,0.12890923295920637,0.4823529411764706,1.0,2.0,False,2024
1,28,19,13.0,24.0,7.0,12.0,9.0,10.0,12.0,20.0,5.0,9.0,3.0,4.0,0.12751714470010084,0.4188376753507014,0.0031541143735077395,0.3319672131147541,2.0,1.0,True,2024
0,19,28,12.0,20.0,5.0,9.0,3.0,4.0,13.0,24.0,7.0,12.0,9.0,10.0,0.0031541143735077395,0.3319672131147541,0.14201371576008065,0.42,1.0,2.0,False,2024
1,23,11,12.0,22.0,4.0,8.0,4.0,5.0,6.0,19.0,3.0,7.0,5.0,5.0,0.15817578449815048,0.46292585170340683,0.06158709607136972,0.5706214689265536,2.0,1.0,True,2024
1,5,9,12.0,16.0,5.0,10.0,6.0,6.0,15.0,29.0,3.0,9.0,13.0,16.0,0.008367351623059734,0.4442231075697211,0.09746209437166897,0.43133462282398455,4.0,2.0,False,2024
1,6,21,11.0,22.0,4.0,9.0,2.0,3.0,13.0,25.0,7.0,9.0,4.0,4.0,0.12956542848506455,0.5009633911368016,0.05995812994421853,0.42650103519668736,2.0,2.0,False,2024
1,3,17,9.0,20.0,2.0,9.0,8.0,8.0,11.0,15.0,4.0,7.0,4.0,4.0,0.13335631805406184,0.4461839530332681,0.07450205029086253,0.4904214559386973,2.0,3.0,False,2024
0,17,3,11.0,15.0,4.0,7.0,4.0,4.0,9.0,20.0,2.0,9.0,8.0,8.0,0.07450205029086253,0.4904214559386973,0.10668505444324947,0.4453125,3.0,2.0,True,2024
1,27,4,11.0,21.0,4.0,11.0,6.0,8.0,11.0,19.0,6.0,15.0,4.0,5.0,0.02584281590695578,0.3967280163599182,0.16434772717863638,0.6565836298932385,2.0,2.0,True,2024
0,4,27,11.0,19.0,6.0,15.0,4.0,5.0,11.0,21.0,4.0,11.0,6.0,8.0,0.16434772717863638,0.6565836298932385,0.06067425272556463,0.3979591836734694,2.0,2.0,False,2024
0,21,6,13.0,25.0,7.0,9.0,4.0,4.0,11.0,22.0,4.0,9.0,2.0,3.0,0.05995812994421853,0.42650103519668736,0.10365234278805165,0.5,2.0,2.0,True,2024
1,0,24,8.0,18.0,3.0,9.0,7.0,9.0,9.0,18.0,5.0,10.0,4.0,6.0,0.06752359771175434,0.5089285714285714,0.11207423429698016,0.5702479338842975,2.0,1.0,True,2024
0,24,0,9.0,18.0,5.0,10.0,4.0,6.0,8.0,18.0,3.0,9.0,7.0,9.0,0.11207423429698016,0.5702479338842975,0.09401887816940346,0.5132743362831859,1.0,2.0,False,2024
0,22,12,15.0,28.0,6.0,16.0,8.0,12.0,9.0,19.0,4.0,6.0,18.0,20.0,0.09462886824300011,0.4901185770750988,0.10416961004483787,0.5575221238938053,3.0,2.0,False,2024
0,14,10,10.0,18.0,4.0,6.0,8.0,9.0,11.0,20.0,3.0,7.0,12.0,14.0,0.037530523025165054,0.41916167664670656,0.17981878556973724,0.38323353293413176,2.0,2.0,False,2024
1,10,14,11.0,20.0,3.0,7.0,12.0,14.0,10.0,18.0,4.0,6.0,8.0,9.0,0.17981878556973724,0.38323353293413176,0.030024418420132044,0.41832669322709165,2.0,2.0,True,2024
1,25,28,13.0,19.0,3.0,7.0,7.0,8.0,9.0,21.0,7.0,9.0,3.0,4.0,0.1026950851616781,0.5966850828729282,0.14201371576008065,0.42,2.0,1.0,False,2024
0,28,25,9.0,21.0,7.0,9.0,3.0,4.0,13.0,19.0,3.0,7.0,7.0,8.0,0.14201371576008065,0.42,0.08215606812934248,0.5955882352941176,1.0,2.0,True,2024
1,7,20,13.0,25.0,4.0,7.0,13.0,13.0,9.0,18.0,3.0,8.0,3.0,6.0,0.1341765091328,0.5882352941176471,0.1367145490137795,0.6142857142857143,2.0,2.0,False,2024
0,20,7,9.0,18.0,3.0,8.0,3.0,6.0,13.0,25.0,4.0,7.0,13.0,13.0,0.1367145490137795,0.6142857142857143,0.10734120730624,0.5555555555555556,2.0,2.0,True,2024
0,16,13,11.0,20.0,4.0,6.0,4.0,6.0,6.0,15.0,4.0,9.0,5.0,6.0,0.06749103392236588,0.48255813953488375,0.10904321475955696,0.4904214559386973,2.0,3.0,True,2024
1,8,5,9.0,18.0,4.0,10.0,8.0,8.0,5.0,13.0,3.0,7.0,5.0,6.0,0.1112334807304095,0.46954813359528486,0.006693881298447788,0.4433399602385686,2.0,1.0,True,2024
1,2,18,8.0,20.0,3.0,6.0,8.0,9.0,10.0,19.0,4.0,12.0,7.0,7.0,0.15012671612898612,0.6128364389233955,0.10520376548878638,0.6231884057971014,3.0,2.0,True,2024
0,18,2,10.0,19.0,4.0,12.0,7.0,7.0,8.0,20.0,3.0,6.0,8.0,9.0,0.10520376548878638,0.6231884057971014,0.16010137290318888,0.6136363636363636,2.0,3.0,False,2024
0,5,8,5.0,13.0,3.0,7.0,5.0,6.0,9.0,18.0,4.0,10.0,8.0,8.0,0.006693881298447788,0.4433399602385686,0.1289867845843276,0.47058823529411764,1.0,2.0,False,2024
1,13,16,6.0,15.0,4.0,9.0,5.0,6.0,11.0,20.0,4.0,6.0,4.0,6.0,0.10904321475955696,0.4904214559386973,0.09399282713789271,0.4835589941972921,3.0,2.0,False,2024
1,11,17,9.0,17.0,3.0,8.0,7.0,10.0,9.0,20.0,5.0,9.0,7.0,7.0,0.06158709607136972,0.5706214689265536,0.09960164023269001,0.491395793499044,2.0,2.0,True,2024
0,17,11,9.0,20.0,5.0,9.0,7.0,7.0,9.0,17.0,3.0,8.0,7.0,10.0,0.09960164023269001,0.491395793499044,0.08926967685709578,0.5714285714285714,2.0,2.0,False,2024
1,15,20,10.0,22.0,4.0,7.0,4.0,4.0,13.0,23.0,2.0,6.0,9.0,12.0,0.11041195500002823,0.4415322580645161,0.14937163921102362,0.6149732620320856,3.0,1.0,True,2024
1,7,16,10.0,21.0,3.0,8.0,13.0,13.0,13.0,21.0,3.0,6.0,9.0,10.0,0.10734120730624,0.5555555555555556,0.09399282713789271,0.4835589941972921,1.0,1.0,True,2024
0,20,15,13.0,23.0,2.0,6.0,9.0,12.0,10.0,22.0,4.0,7.0,4.0,4.0,0.14937163921102362,0.6149732620320856,0.12832956400002257,0.4426559356136821,1.0,3.0,False,2024
0,16,7,13.0,21.0,3.0,6.0,9.0,10.0,10.0,21.0,3.0,8.0,13.0,13.0,0.09399282713789271,0.4835589941972921,0.125872965844992,0.5789473684210527,1.0,1.0,False,2024
0,9,4,13.0,28.0,5.0,13.0,6.0,6.0,14.0,20.0,4.0,7.0,4.0,6.0,0.09746209437166897,0.43133462282398455,0.1314781817429091,0.655417406749556,2.0,2.0,False,2024
1,12,22,12.0,23.0,3.0,5.0,9.0,9.0,11.0,16.0,4.0,6.0,4.0,6.0,0.10416961004483787,0.5575221238938053,0.07570309459440008,0.4891518737672584,2.0,2.0,False,2024
0,22,12,11.0,16.0,4.0,6.0,4.0,6.0,12.0,23.0,3.0,5.0,9.0,9.0,0.07570309459440008,0.4891518737672584,0.0833356880358703,0.5565371024734982,2.0,2.0,True,2024
1,29,1,10.0,22.0,3.0,5.0,7.0,9.0,8.0,25.0,4.0,8.0,4.0,6.0,0.10145980840639915,0.5242537313432836,0.08046408220074217,0.4753787878787879,2.0,3.0,True,2024
1,4,9,14.0,20.0,4.0,7.0,4.0,6.0,13.0,28.0,5.0,13.0,6.0,6.0,0.1314781817429091,0.655417406749556,0.07796967549733518,0.4305019305019305,2.0,2.0,True,2024
0,1,29,8.0,25.0,4.0,8.0,4.0,6.0,10.0,22.0,3.0,5.0,7.0,9.0,0.08046408220074217,0.4753787878787879,0.12116784672511931,0.5251396648044693,3.0,2.0,False,2024
0,3,19,9.0,23.0,4.0,10.0,4.0,5.0,8.0,20.0,3.0,10.0,5.0,6.0,0.10668505444324947,0.4453125,0.0025232914988061917,0.3312883435582822,2.0,2.0,True,2024
0,0,24,8.0,18.0,4.0,11.0,9.0,10.0,9.0,17.0,4.0,8.0,5.0,5.0,0.09401887816940346,0.5132743362831859,0.08965938743758413,0.5686813186813187,2.0,2.0,False,2024
0,10,6,8.0,17.0,2.0,6.0,7.0,9.0,12.0,23.0,4.0,9.0,15.0,18.0,0.18385502845578977,0.3844621513944223,0.10365234278805165,0.5,1.0,2.0,False,2024
1,6,10,12.0,23.0,4.0,9.0,15.0,18.0,8.0,17.0,2.0,6.0,7.0,9.0,0.10365234278805165,0.5,0.1470840227646318,0.3836978131212724,2.0,1.0,True,2024
1,24,0,9.0,17.0,4.0,8.0,5.0,5.0,8.0,18.0,4.0,11.0,9.0,10.0,0.08965938743758413,0.5686813186813187,0.07521510253552277,0.5087719298245614,2.0,2.0,True,2024
0,23,21,12.0,23.0,4.0,8.0,7.0,9.0,8.0,20.0,4.0,7.0,4.0,5.0,0.1665406275985204,0.464,0.08796650395537484,0.42768595041322316,2.0,2.0,True,2024
1,27,8,10.0,18.0,8.0,13.0,3.0,4.0,10.0,15.0,2.0,5.0,9.0,10.0,0.06067425272556463,0.3979591836734694,0.1289867845843276,0.47058823529411764,2.0,1.0,True,2024
0,26,13,9.0,19.0,4.0,7.0,6.0,6.0,11.0,22.0,6.0,13.0,9.0,14.0,0.12890923295920637,0.4823529411764706,0.08723457180764557,0.4894837476099426,2.0,1.0,True,2024
1,13,26,11.0,22.0,6.0,13.0,9.0,14.0,9.0,19.0,4.0,7.0,6.0,6.0,0.08723457180764557,0.4894837476099426,0.14312738636736508,0.48336594911937375,1.0,2.0,False,2024
1,19,3,8.0,20.0,3.0,10.0,5.0,6.0,9.0,23.0,4.0,10.0,4.0,5.0,0.0025232914988061917,0.3312883435582822,0.12534804355459958,0.44639376218323584,2.0,2.0,False,2024
1,21,23,8.0,20.0,4.0,7.0,4.0,5.0,12.0,23.0,4.0,8.0,7.0,9.0,0.08796650395537484,0.42768595041322316,0.1732325020788163,0.46506986027944114,2.0,2.0,False,2024
0,8,27,10.0,15.0,2.0,5.0,9.0,10.0,10.0,18.0,8.0,13.0,3.0,4.0,0.1289867845843276,0.47058823529411764,0.08853940218045171,0.39918533604887985,1.0,2.0,False,2024
1,22,2,10.0,18.0,5.0,11.0,6.0,7.0,14.0,26.0,5.0,9.0,4.0,7.0,0.10056247567552005,0.49015748031496065,0.16010137290318888,0.6136363636363636,2.0,3.0,True,2024
0,8,15,10.0,20.0,3.0,8.0,7.0,9.0,10.0,25.0,5.0,9.0,10.0,13.0,0.10318942766746209,0.46966731898238745,0.12832956400002257,0.4426559356136821,2.0,2.0,True,2024
1,15,8,10.0,25.0,5.0,9.0,10.0,13.0,10.0,20.0,3.0,8.0,7.0,9.0,0.12832956400002257,0.4426559356136821,0.12255154213396965,0.470703125,2.0,2.0,False,2024
0,2,22,14.0,26.0,5.0,9.0,4.0,7.0,10.0,18.0,5.0,11.0,6.0,7.0,0.16010137290318888,0.6136363636363636,0.12044998054041604,0.4911591355599214,3.0,2.0,False,2024
1,29,7,12.0,26.0,3.0,8.0,7.0,8.0,12.0,17.0,4.0,8.0,8.0,8.0,0.12116784672511931,0.5251396648044693,0.125872965844992,0.5789473684210527,3.0,3.0,True,2024
1,4,28,15.0,22.0,6.0,10.0,7.0,9.0,14.0,22.0,2.0,5.0,11.0,12.0,0.1451825453943273,0.6560283687943262,0.15361097260806453,0.42115768463073855,3.0,4.0,True,2024
0,28,4,14.0,22.0,2.0,5.0,11.0,12.0,15.0,22.0,6.0,10.0,7.0,9.0,0.15361097260806453,0.42115768463073855,0.1561460363154618,0.6566371681415929,4.0,3.0,False,2024
0,7,29,12.0,17.0,4.0,8.0,8.0,8.0,12.0,26.0,3.0,8.0,7.0,8.0,0.125872965844992,0.5789473684210527,0.13693427738009545,0.5260223048327137,3.0,3.0,False,2024
1,1,26,9.0,17.0,6.0,7.0,5.0,11.0,13.0,18.0,2.0,5.0,7.0,9.0,0.06437126576059374,0.47448015122873344,0.14312738636736508,0.48336594911937375,4.0,4.0,True,2024
0,20,24,10.0,32.0,4.0,7.0,3.0,4.0,8.0,20.0,5.0,9.0,6.0,7.0,0.11949731136881889,0.6138790035587188,0.1117275099500673,0.5698630136986301,4.0,4.0,False,2024
1,24,20,8.0,20.0,5.0,9.0,6.0,7.0,10.0,32.0,4.0,7.0,3.0,4.0,0.1117275099500673,0.5698630136986301,0.09559784909505512,0.6127886323268206,4.0,4.0,True,2024
1,0,17,8.0,18.0,5.0,13.0,10.0,11.0,10.0,27.0,6.0,13.0,5.0,6.0,0.07521510253552277,0.5087719298245614,0.07968131218615201,0.4904580152671756,4.0,4.0,True,2024
0,26,1,13.0,18.0,2.0,5.0,7.0,9.0,9.0,17.0,6.0,7.0,5.0,11.0,0.14312738636736508,0.48336594911937375,0.09149701260847498,0.47547169811320755,4.0,4.0,False,2024
0,12,25,9.0,19.0,4.0,10.0,4.0,5.0,9.0,18.0,5.0,10.0,11.0,11.0,0.0833356880358703,0.5565371024734982,0.08215606812934248,0.5955882352941176,4.0,5.0,True,2024
1,25,12,9.0,18.0,5.0,10.0,11.0,11.0,9.0,19.0,4.0,10.0,4.0,5.0,0.08215606812934248,0.5955882352941176,0.10666855042869625,0.5573192239858906,5.0,4.0,False,2024
0,18,14,19.0,29.0,2.0,6.0,11.0,13.0,10.0,16.0,4.0,5.0,2.0,2.0,0.08416301239102911,0.6220614828209765,0.030024418420132044,0.41832669322709165,5.0,5.0,True,2024
1,14,18,10.0,16.0,4.0,5.0,2.0,2.0,19.0,29.0,2.0,6.0,11.0,13.0,0.030024418420132044,0.41832669322709165,0.10733040991282328,0.6227436823104693,5.0,5.0,False,2024
1,23,5,7.0,18.0,4.0,10.0,7.0,8.0,9.0,20.0,4.0,8.0,4.0,6.0,0.1732325020788163,0.46506986027944114,0.00535510503875823,0.44246031746031744,4.0,5.0,True,2024
0,5,23,9.0,20.0,4.0,8.0,4.0,6.0,7.0,18.0,4.0,10.0,7.0,8.0,0.00535510503875823,0.44246031746031744,0.17858600166305305,0.46613545816733065,5.0,4.0,False,2024
0,10,3,16.0,26.0,1.0,5.0,9.0,12.0,12.0,24.0,5.0,10.0,6.0,9.0,0.1470840227646318,0.3836978131212724,0.12534804355459958,0.44639376218323584,4.0,4.0,False,2024
0,17,0,10.0,27.0,6.0,13.0,5.0,6.0,8.0,18.0,5.0,13.0,10.0,11.0,0.07968131218615201,0.4904580152671756,0.10017208202841821,0.5130434782608696,4.0,4.0,False,2024
0,6,9,12.0,19.0,3.0,6.0,5.0,5.0,11.0,24.0,4.0,9.0,5.0,5.0,0.12292187423044132,0.5009596928982726,0.07796967549733518,0.4305019305019305,4.0,4.0,True,2024
1,9,6,11.0,24.0,4.0,9.0,5.0,5.0,12.0,19.0,3.0,6.0,5.0,5.0,0.07796967549733518,0.4305019305019305,0.13833749938435305,0.5019157088122606,4.0,4.0,False,2024
1,27,21,8.0,20.0,3.0,7.0,12.0,14.0,10.0,24.0,3.0,11.0,5.0,5.0,0.08853940218045171,0.39918533604887985,0.07037320316429987,0.4268041237113402,4.0,4.0,True,2024
1,19,16,8.0,15.0,4.0,8.0,3.0,3.0,19.0,31.0,4.0,8.0,7.0,7.0,0.0020186331990449534,0.3306122448979592,0.07519426171031417,0.4826254826254826,4.0,4.0,False,2024
1,3,10,12.0,24.0,5.0,10.0,6.0,9.0,16.0,26.0,1.0,5.0,9.0,12.0,0.12534804355459958,0.44639376218323584,0.11766721821170545,0.38293650793650796,4.0,4.0,True,2024
0,16,19,19.0,31.0,4.0,8.0,7.0,7.0,8.0,15.0,4.0,8.0,3.0,3.0,0.07519426171031417,0.4826254826254826,0.0016149065592359628,0.329938900203666,4.0,4.0,True,2024
0,11,13,7.0,14.0,5.0,10.0,7.0,8.0,14.0,25.0,6.0,12.0,6.0,8.0,0.08926967685709578,0.5714285714285714,0.06978765744611645,0.48854961832061067,4.0,4.0,False,2024
1,13,11,14.0,25.0,6.0,12.0,6.0,8.0,7.0,14.0,5.0,10.0,7.0,8.0,0.06978765744611645,0.48854961832061067,0.07141574148567661,0.5703564727954972,4.0,4.0,True,2024
0,21,27,10.0,24.0,3.0,11.0,5.0,5.0,8.0,20.0,3.0,7.0,12.0,14.0,0.07037320316429987,0.4268041237113402,0.11083152174436137,0.40040650406504064,4.0,4.0,False,2024
1,29,8,9.0,12.0,5.0,8.0,8.0,8.0,6.0,14.0,2.0,7.0,2.0,6.0,0.13693427738009545,0.5260223048327137,0.12255154213396965,0.470703125,2.0,3.0,True,2024
0,8,29,6.0,14.0,2.0,7.0,2.0,6.0,9.0,12.0,5.0,8.0,8.0,8.0,0.12255154213396965,0.470703125,0.14954742190407636,0.5269016697588126,3.0,2.0,False,2024
1,4,22,13.0,20.0,4.0,10.0,11.0,13.0,11.0,19.0,3.0,9.0,6.0,8.0,0.1561460363154618,0.6566371681415929,0.12044998054041604,0.4911591355599214,2.0,3.0,False,2024
0,22,4,11.0,19.0,3.0,9.0,6.0,8.0,13.0,20.0,4.0,10.0,11.0,13.0,0.12044998054041604,0.4911591355599214,0.12491682905236945,0.6554770318021201,3.0,2.0,True,2024
0,19,10,8.0,15.0,2.0,6.0,4.0,4.0,12.0,20.0,2.0,6.0,6.0,7.0,0.0016149065592359628,0.329938900203666,0.11766721821170545,0.38293650793650796,2.0,2.0,False,2024
1,18,9,12.0,24.0,4.0,8.0,13.0,15.0,9.0,20.0,4.0,11.0,4.0,4.0,0.10733040991282328,0.6227436823104693,0.06237574039786814,0.4296724470134875,2.0,2.0,True,2024
0,15,7,11.0,24.0,4.0,7.0,8.0,10.0,10.0,14.0,3.0,8.0,6.0,9.0,0.10266365120001805,0.44176706827309237,0.1006983726759936,0.55,4.0,3.0,True,2024
1,10,19,12.0,20.0,2.0,6.0,6.0,7.0,8.0,15.0,2.0,6.0,4.0,4.0,0.11766721821170545,0.38293650793650796,0.0012919252473887703,0.32926829268292684,2.0,2.0,True,2024
1,7,15,10.0,14.0,3.0,8.0,6.0,9.0,11.0,24.0,4.0,7.0,8.0,10.0,0.1006983726759936,0.55,0.12213092096001446,0.44288577154308617,3.0,4.0,False,2024
1,12,3,7.0,15.0,5.0,9.0,6.0,7.0,9.0,17.0,3.0,11.0,6.0,8.0,0.10666855042869625,0.5573192239858906,0.1402784348436797,0.4474708171206226,2.0,2.0,False,2024
1,17,13,10.0,21.0,5.0,10.0,6.0,6.0,11.0,28.0,4.0,14.0,7.0,8.0,0.06374504974892162,0.4895238095238095,0.09583012595689316,0.4895238095238095,2.0,2.0,False,2024
0,27,5,9.0,24.0,5.0,7.0,6.0,10.0,8.0,20.0,6.0,11.0,5.0,6.0,0.11083152174436137,0.40040650406504064,0.004284084031006584,0.4415841584158416,2.0,2.0,True,2024
1,5,27,8.0,20.0,6.0,11.0,5.0,6.0,9.0,24.0,5.0,7.0,6.0,10.0,0.004284084031006584,0.4415841584158416,0.1286652173954891,0.40162271805273836,2.0,2.0,False,2024
0,24,11,14.0,23.0,6.0,8.0,7.0,7.0,7.0,12.0,2.0,5.0,5.0,5.0,0.12938200796005384,0.5710382513661202,0.07141574148567661,0.5703564727954972,2.0,2.0,True,2024
1,11,24,7.0,12.0,2.0,5.0,5.0,5.0,14.0,23.0,6.0,8.0,7.0,7.0,0.07141574148567661,0.5703564727954972,0.14350560636804305,0.5722070844686649,2.0,2.0,False,2024
0,9,18,9.0,20.0,4.0,11.0,4.0,4.0,12.0,24.0,4.0,8.0,13.0,15.0,0.06237574039786814,0.4296724470134875,0.12586432793025862,0.6234234234234234,2.0,2.0,False,2024
0,13,17,11.0,28.0,4.0,14.0,7.0,8.0,10.0,21.0,5.0,10.0,6.0,6.0,0.09583012595689316,0.4895238095238095,0.05099603979913729,0.48859315589353614,2.0,2.0,True,2024
0,0,26,10.0,21.0,6.0,12.0,8.0,8.0,15.0,30.0,1.0,6.0,8.0,11.0,0.10017208202841821,0.5130434782608696,0.11450190909389206,0.482421875,2.0,2.0,False,2024
1,26,0,15.0,30.0,1.0,6.0,8.0,11.0,10.0,21.0,6.0,12.0,8.0,8.0,0.11450190909389206,0.482421875,0.08013766562273457,0.5086206896551724,2.0,2.0,True,2024
0,23,16,8.0,14.0,4.0,8.0,8.0,9.0,7.0,14.0,4.0,6.0,4.0,6.0,0.17858600166305305,0.46613545816733065,0.10015540936825133,0.4836223506743738,2.0,2.0,True,2024
1,20,1,9.0,26.0,4.0,8.0,5.0,7.0,8.0,17.0,4.0,10.0,10.0,13.0,0.09559784909505512,0.6127886323268206,0.09149701260847498,0.47547169811320755,2.0,2.0,False,2024
0,1,20,8.0,17.0,4.0,10.0,10.0,13.0,9.0,26.0,4.0,8.0,5.0,7.0,0.09149701260847498,0.47547169811320755,0.07647827927604409,0.6117021276595744,2.0,2.0,True,2024
1,21,25,10.0,15.0,4.0,7.0,5.0,6.0,12.0,18.0,3.0,6.0,5.0,8.0,0.0562985625314399,0.42592592592592593,0.06572485450347398,0.5944954128440367,2.0,2.0,True,2024
0,25,21,12.0,18.0,3.0,6.0,5.0,8.0,10.0,15.0,4.0,7.0,5.0,6.0,0.06572485450347398,0.5944954128440367,0.08503885002515192,0.4271047227926078,2.0,2.0,False,2024
1,6,14,9.0,19.0,3.0,9.0,4.0,4.0,8.0,17.0,2.0,7.0,3.0,4.0,0.13833749938435305,0.5019157088122606,0.024019534736105637,0.41749502982107356,2.0,2.0,True,2024
0,14,6,8.0,17.0,2.0,7.0,3.0,4.0,9.0,19.0,3.0,9.0,4.0,4.0,0.024019534736105637,0.41749502982107356,0.15066999950748244,0.502868068833652,2.0,2.0,False,2024
1,2,28,10.0,18.0,6.0,10.0,6.0,8.0,9.0,17.0,3.0,8.0,7.0,9.0,0.1280810983225511,0.6123711340206186,0.12288877808645163,0.4203187250996016,4.0,3.0,True,2024
0,28,2,9.0,17.0,3.0,8.0,7.0,9.0,10.0,18.0,6.0,10.0,6.0,8.0,0.12288877808645163,0.4203187250996016,0.14246487865804086,0.6131687242798354,3.0,4.0,False,2024
0,3,12,9.0,17.0,3.0,11.0,6.0,8.0,7.0,15.0,5.0,9.0,6.0,7.0,0.1402784348436797,0.4474708171206226,0.08533484034295699,0.5563380281690141,2.0,2.0,True,2024
1,16,23,7.0,14.0,4.0,6.0,4.0,6.0,8.0,14.0,4.0,8.0,8.0,9.0,0.10015540936825133,0.4836223506743738,0.18286880133044242,0.4671968190854871,2.0,2.0,False,2024
1,29,22,16.0,24.0,1.0,3.0,10.0,13.0,8.0,14.0,3.0,9.0,9.0,9.0,0.14954742190407636,0.5269016697588126,0.13635998443233283,0.492156862745098,2.0,2.0,True,2024
0,22,29,8.0,14.0,3.0,9.0,9.0,9.0,16.0,24.0,1.0,3.0,10.0,13.0,0.13635998443233283,0.492156862745098,0.15963793752326108,0.5277777777777778,2.0,2.0,False,2024
0,11,26,10.0,17.0,5.0,9.0,5.0,6.0,12.0,17.0,3.0,7.0,6.0,6.0,0.05713259318854129,0.5692883895131086,0.13160152727511365,0.4834307992202729,3.0,3.0,False,2024
0,23,8,7.0,15.0,4.0,7.0,6.0,7.0,13.0,17.0,4.0,7.0,10.0,12.0,0.18286880133044242,0.4671968190854871,0.09804123370717573,0.4697855750487329,3.0,4.0,False,2024
1,8,23,13.0,17.0,4.0,7.0,10.0,12.0,7.0,15.0,4.0,7.0,6.0,7.0,0.09804123370717573,0.4697855750487329,0.14629504106435393,0.4662698412698413,4.0,3.0,True,2024
1,28,25,14.0,21.0,5.0,8.0,5.0,7.0,11.0,20.0,5.0,11.0,6.0,8.0,0.0983110224691613,0.4194831013916501,0.05257988360277919,0.5934065934065934,3.0,3.0,True,2024
1,10,3,9.0,21.0,2.0,5.0,6.0,7.0,11.0,23.0,3.0,10.0,11.0,12.0,0.13413377456936434,0.38415841584158417,0.15222274787494375,0.44854368932038835,3.0,3.0,True,2024
1,26,11,12.0,17.0,3.0,7.0,6.0,6.0,10.0,17.0,5.0,9.0,5.0,6.0,0.13160152727511365,0.4834307992202729,0.04570607455083303,0.5682242990654206,3.0,3.0,True,2024
1,15,6,10.0,22.0,5.0,10.0,4.0,6.0,8.0,21.0,3.0,8.0,7.0,7.0,0.12213092096001446,0.44288577154308617,0.15066999950748244,0.502868068833652,3.0,3.0,True,2024
0,3,10,11.0,23.0,3.0,10.0,11.0,12.0,9.0,21.0,2.0,5.0,6.0,7.0,0.15222274787494375,0.44854368932038835,0.14730701965549148,0.38537549407114624,3.0,3.0,False,2024
0,14,18,9.0,17.0,2.0,7.0,4.0,6.0,14.0,20.0,5.0,9.0,5.0,6.0,0.01921562778888451,0.4166666666666667,0.12586432793025862,0.6234234234234234,3.0,3.0,False,2024
0,6,15,8.0,21.0,3.0,8.0,7.0,7.0,10.0,22.0,5.0,10.0,4.0,6.0,0.15066999950748244,0.502868068833652,0.13770473676801157,0.444,3.0,3.0,False,2024
1,4,27,9.0,17.0,5.0,9.0,14.0,18.0,14.0,30.0,6.0,10.0,10.0,12.0,0.12491682905236945,0.6554770318021201,0.1286652173954891,0.40162271805273836,4.0,3.0,True,2024
1,18,14,14.0,20.0,5.0,9.0,5.0,6.0,9.0,17.0,2.0,7.0,4.0,6.0,0.12586432793025862,0.6234234234234234,0.015372502231107607,0.4158415841584158,3.0,3.0,True,2024
0,25,28,11.0,20.0,5.0,11.0,6.0,8.0,14.0,21.0,5.0,8.0,5.0,7.0,0.05257988360277919,0.5934065934065934,0.11864881797532904,0.42063492063492064,3.0,3.0,False,2024
0,5,1,7.0,16.0,2.0,9.0,6.0,6.0,8.0,17.0,4.0,11.0,7.0,7.0,0.003427267224805267,0.4407114624505929,0.11319761008677998,0.4764595103578154,3.0,3.0,False,2024
0,20,9,12.0,16.0,6.0,11.0,6.0,8.0,14.0,24.0,10.0,17.0,7.0,7.0,0.07647827927604409,0.6117021276595744,0.04990059231829451,0.4288461538461538,3.0,3.0,True,2024
1,9,20,14.0,24.0,10.0,17.0,7.0,7.0,12.0,16.0,6.0,11.0,6.0,8.0,0.04990059231829451,0.4288461538461538,0.10118262342083528,0.6123893805309735,3.0,3.0,False,2024
0,12,21,8.0,14.0,5.0,9.0,8.0,9.0,10.0,17.0,8.0,13.0,6.0,7.0,0.08533484034295699,0.5563380281690141,0.08503885002515192,0.4271047227926078,3.0,3.0,True,2024
1,16,13,15.0,29.0,6.0,10.0,5.0,5.0,9.0,21.0,5.0,10.0,12.0,13.0,0.08012432749460106,0.4826923076923077,0.11666410076551455,0.49049429657794674,3.0,3.0,False,2024
1,21,12,10.0,17.0,8.0,13.0,6.0,7.0,8.0,14.0,5.0,9.0,8.0,9.0,0.08503885002515192,0.4271047227926078,0.1082678722743656,0.5571177504393673,3.0,3.0,False,2024
0,22,19,10.0,17.0,4.0,7.0,7.0,8.0,11.0,21.0,3.0,9.0,4.0,7.0,0.10908798754586627,0.4911937377690802,0.0012919252473887703,0.32926829268292684,2.0,3.0,True,2024
1,1,5,8.0,17.0,4.0,11.0,7.0,7.0,7.0,16.0,2.0,9.0,6.0,6.0,0.11319761008677998,0.4764595103578154,0.0027418137798442136,0.43984220907297833,3.0,3.0,True,2024
0,17,24,10.0,23.0,5.0,11.0,13.0,13.0,11.0,19.0,3.0,8.0,9.0,9.0,0.05099603979913729,0.48859315589353614,0.14350560636804305,0.5722070844686649,3.0,3.0,False,2024
1,24,17,11.0,19.0,3.0,8.0,9.0,9.0,10.0,23.0,5.0,11.0,13.0,13.0,0.14350560636804305,0.5722070844686649,0.040796831839309836,0.4876660341555977,3.0,3.0,True,2024
0,13,16,9.0,21.0,5.0,10.0,12.0,13.0,15.0,29.0,6.0,10.0,5.0,5.0,0.11666410076551455,0.49049429657794674,0.06409946199568085,0.4817658349328215,3.0,3.0,True,2024
1,19,22,11.0,21.0,3.0,9.0,4.0,7.0,10.0,17.0,4.0,7.0,7.0,8.0,0.0012919252473887703,0.32926829268292684,0.127270390036693,0.4921875,3.0,2.0,False,2024
0,27,4,14.0,30.0,6.0,10.0,10.0,12.0,9.0,17.0,5.0,9.0,14.0,18.0,0.1286652173954891,0.40162271805273836,0.13993346324189554,0.656084656084656,3.0,4.0,False,2024
0,0,7,9.0,24.0,4.0,15.0,4.0,7.0,12.0,23.0,3.0,6.0,10.0,11.0,0.08013766562273457,0.5086206896551724,0.08055869814079489,0.5238095238095238,4.0,4.0,False,2024
1,24,15,11.0,14.0,2.0,5.0,7.0,7.0,6.0,16.0,3.0,7.0,5.0,8.0,0.15480448509443445,0.5733695652173914,0.13770473676801157,0.444,1.0,1.0,True,2024
0,15,24,6.0,16.0,3.0,7.0,5.0,8.0,11.0,14.0,2.0,5.0,7.0,7.0,0.13770473676801157,0.444,0.16384358807554755,0.5745257452574526,1.0,1.0,False,2024
1,7,0,12.0,23.0,3.0,6.0,10.0,11.0,9.0,24.0,4.0,15.0,4.0,7.0,0.08055869814079489,0.5238095238095238,0.06411013249818766,0.5042735042735043,4.0,4.0,True,2024
1,13,29,12.0,28.0,7.0,10.0,7.0,8.0,15.0,27.0,5.0,8.0,6.0,10.0,0.13333128061241165,0.49146110056925996,0.15963793752326108,0.5277777777777778,1.0,3.0,True,2024
1,2,3,10.0,19.0,5.0,9.0,9.0,9.0,11.0,23.0,5.0,13.0,2.0,5.0,0.14246487865804086,0.6131687242798354,0.121778198299955,0.4476744186046512,4.0,1.0,True,2024
0,20,27,9.0,16.0,5.0,8.0,6.0,10.0,12.0,21.0,5.0,10.0,7.0,7.0,0.10118262342083528,0.6123893805309735,0.10293217391639128,0.4008097165991903,1.0,1.0,True,2024
0,3,2,11.0,23.0,5.0,13.0,2.0,5.0,10.0,19.0,5.0,9.0,9.0,9.0,0.121778198299955,0.4476744186046512,0.1539719029264327,0.6139630390143738,1.0,4.0,False,2024
0,29,13,15.0,27.0,5.0,8.0,6.0,10.0,12.0,28.0,7.0,10.0,7.0,8.0,0.15963793752326108,0.5277777777777778,0.1466650244899293,0.49242424242424243,3.0,1.0,False,2024
1,27,20,12.0,21.0,5.0,10.0,7.0,7.0,9.0,16.0,5.0,8.0,6.0,10.0,0.10293217391639128,0.4008097165991903,0.12094609873666821,0.6130742049469965,1.0,1.0,False,2024
1,7,6,9.0,18.0,2.0,6.0,14.0,15.0,7.0,19.0,4.0,9.0,8.0,8.0,0.1044469585126359,0.5454545454545454,0.12053599960598596,0.5019083969465649,1.0,2.0,False,2024
0,8,14,14.0,23.0,6.0,7.0,11.0,12.0,10.0,19.0,4.0,8.0,4.0,4.0,0.11843298696574059,0.4708171206225681,0.015372502231107607,0.4158415841584158,2.0,2.0,True,2024
1,11,28,10.0,18.0,4.0,10.0,5.0,7.0,14.0,23.0,4.0,9.0,11.0,16.0,0.04570607455083303,0.5682242990654206,0.11864881797532904,0.42063492063492064,2.0,2.0,True,2024
0,28,11,14.0,23.0,4.0,9.0,11.0,16.0,10.0,18.0,4.0,10.0,5.0,7.0,0.11864881797532904,0.42063492063492064,0.07656485964066642,0.5690298507462687,2.0,2.0,False,2024
1,25,9,12.0,19.0,5.0,8.0,5.0,8.0,13.0,27.0,4.0,9.0,5.0,6.0,0.04206390688222335,0.5923217550274223,0.03992047385463561,0.42802303262955854,2.0,2.0,True,2024
0,22,4,8.0,16.0,2.0,7.0,10.0,10.0,20.0,28.0,3.0,8.0,24.0,32.0,0.127270390036693,0.4921875,0.13993346324189554,0.656084656084656,2.0,2.0,False,2024
1,5,29,11.0,21.0,4.0,7.0,4.0,7.0,13.0,23.0,4.0,10.0,9.0,12.0,0.0027418137798442136,0.43984220907297833,0.12771035001860886,0.5268022181146026,2.0,1.0,False,2024
0,29,5,13.0,23.0,4.0,10.0,9.0,12.0,11.0,21.0,4.0,7.0,4.0,7.0,0.12771035001860886,0.5268022181146026,0.0021934510238753708,0.4389763779527559,1.0,2.0,True,2024
0,9,25,13.0,27.0,4.0,9.0,5.0,6.0,12.0,19.0,5.0,8.0,5.0,8.0,0.03992047385463561,0.42802303262955854,0.07365112550577868,0.593065693430657,2.0,2.0,False,2024
1,12,21,7.0,16.0,6.0,9.0,7.0,7.0,10.0,19.0,5.0,10.0,5.0,5.0,0.1082678722743656,0.5571177504393673,0.06803108002012154,0.4262295081967213,2.0,2.0,True,2024
0,21,12,10.0,19.0,5.0,10.0,5.0,5.0,7.0,16.0,6.0,9.0,7.0,7.0,0.06803108002012154,0.4262295081967213,0.1266142978194925,0.5578947368421052,2.0,2.0,False,2024
1,1,16,10.0,16.0,3.0,5.0,7.0,9.0,15.0,24.0,3.0,8.0,11.0,13.0,0.13055808806942398,0.4774436090225564,0.06409946199568085,0.4817658349328215,2.0,2.0,True,2024
0,16,1,15.0,24.0,3.0,8.0,11.0,13.0,10.0,16.0,3.0,5.0,7.0,9.0,0.06409946199568085,0.4817658349328215,0.14444647045553918,0.47842401500938087,2.0,2.0,False,2024
1,19,18,11.0,19.0,5.0,9.0,10.0,12.0,14.0,24.0,3.0,6.0,12.0,12.0,0.0010335401979110162,0.3286004056795132,0.14069146234420687,0.6241007194244604,2.0,2.0,False,2024
0,18,19,14.0,24.0,3.0,6.0,12.0,12.0,11.0,19.0,5.0,9.0,10.0,12.0,0.14069146234420687,0.6241007194244604,0.000826832158328813,0.32793522267206476,2.0,2.0,True,2024
0,6,7,7.0,19.0,4.0,9.0,8.0,8.0,9.0,18.0,2.0,6.0,14.0,15.0,0.12053599960598596,0.5019083969465649,0.08355756681010872,0.5217391304347826,2.0,1.0,True,2024
1,14,8,10.0,19.0,4.0,8.0,4.0,4.0,14.0,23.0,6.0,7.0,11.0,12.0,0.015372502231107607,0.4158415841584158,0.13474638957259247,0.47184466019417476,2.0,2.0,False,2024
1,4,22,20.0,28.0,3.0,8.0,24.0,32.0,8.0,16.0,2.0,7.0,10.0,10.0,0.13993346324189554,0.656084656084656,0.1018163120293544,0.49122807017543857,2.0,2.0,True,2024
1,24,0,9.0,16.0,5.0,11.0,11.0,12.0,9.0,17.0,8.0,13.0,4.0,4.0,0.16384358807554755,0.5745257452574526,0.06411013249818766,0.5042735042735043,2.0,2.0,True,2024
1,12,27,7.0,15.0,4.0,9.0,9.0,10.0,10.0,21.0,4.0,11.0,10.0,11.0,0.1266142978194925,0.5578947368421052,0.08234573913311302,0.4,1.0,2.0,False,2024
1,15,26,14.0,25.0,5.0,11.0,8.0,11.0,13.0,27.0,3.0,5.0,16.0,18.0,0.11016378941440925,0.4431137724550898,0.1452812218200909,0.48443579766536965,2.0,3.0,True,2024
0,26,15,13.0,27.0,3.0,5.0,16.0,18.0,14.0,25.0,5.0,11.0,8.0,11.0,0.1452812218200909,0.48443579766536965,0.1281310315315274,0.4442231075697211,3.0,2.0,False,2024
0,27,12,10.0,21.0,4.0,11.0,10.0,11.0,7.0,15.0,4.0,9.0,9.0,10.0,0.08234573913311302,0.4,0.10129143825559399,0.5569176882661997,2.0,1.0,True,2024
1,17,11,9.0,21.0,3.0,7.0,3.0,5.0,11.0,19.0,5.0,6.0,5.0,6.0,0.040796831839309836,0.4876660341555977,0.07656485964066642,0.5690298507462687,3.0,1.0,False,2024
0,11,17,11.0,19.0,5.0,6.0,5.0,6.0,9.0,21.0,3.0,7.0,3.0,5.0,0.07656485964066642,0.5690298507462687,0.03263746547144787,0.48674242424242425,1.0,3.0,True,2024
0,0,24,9.0,17.0,8.0,13.0,4.0,4.0,9.0,16.0,5.0,11.0,11.0,12.0,0.06411013249818766,0.5042735042735043,0.17107487046043804,0.5756756756756757,2.0,2.0,False,2024
0,6,20,5.0,13.0,2.0,7.0,6.0,7.0,8.0,15.0,2.0,6.0,10.0,12.0,0.13642879968478877,0.5028571428571429,0.12094609873666821,0.6130742049469965,1.0,2.0,False,2024
0,3,2,12.0,24.0,3.0,8.0,5.0,6.0,10.0,22.0,3.0,10.0,7.0,8.0,0.09742255863996399,0.44680851063829785,0.1539719029264327,0.6139630390143738,2.0,2.0,False,2024
1,2,3,10.0,22.0,3.0,10.0,7.0,8.0,12.0,24.0,3.0,8.0,5.0,6.0,0.1539719029264327,0.6139630390143738,0.07793804691197119,0.44594594594594594,2.0,2.0,True,2024
1,20,6,8.0,15.0,2.0,6.0,10.0,12.0,5.0,13.0,2.0,7.0,6.0,7.0,0.12094609873666821,0.6130742049469965,0.10914303974783102,0.5019011406844106,2.0,1.0,True,2024
1,13,23,15.0,27.0,2.0,7.0,7.0,7.0,8.0,19.0,7.0,11.0,4.0,6.0,0.1466650244899293,0.49242424242424243,0.14629504106435393,0.4662698412698413,2.0,3.0,False,2024
0,23,13,8.0,19.0,7.0,11.0,4.0,6.0,15.0,27.0,2.0,7.0,7.0,7.0,0.14629504106435393,0.4662698412698413,0.11733201959194343,0.4914933837429111,3.0,2.0,True,2024
0,28,7,17.0,23.0,9.0,9.0,8.0,9.0,11.0,26.0,4.0,9.0,5.0,7.0,0.09491905438026324,0.4198019801980198,0.08355756681010872,0.5217391304347826,2.0,2.0,True,2024
1,14,22,12.0,23.0,4.0,9.0,5.0,8.0,10.0,17.0,3.0,11.0,4.0,4.0,0.012298001784886086,0.4150197628458498,0.1018163120293544,0.49122807017543857,2.0,2.0,True,2024
1,25,9,9.0,15.0,2.0,5.0,4.0,8.0,15.0,29.0,7.0,15.0,3.0,3.0,0.07365112550577868,0.593065693430657,0.031936379083708485,0.4272030651340996,2.0,2.0,False,2024
0,9,25,15.0,29.0,7.0,15.0,3.0,3.0,9.0,15.0,2.0,5.0,4.0,8.0,0.031936379083708485,0.4272030651340996,0.058920900404622945,0.5919854280510018,2.0,2.0,True,2024
0,29,5,8.0,18.0,4.0,10.0,7.0,10.0,12.0,19.0,5.0,10.0,7.0,7.0,0.14216828001488707,0.5276752767527675,0.0021934510238753708,0.4389763779527559,2.0,2.0,False,2024
0,22,14,10.0,17.0,3.0,11.0,4.0,4.0,12.0,23.0,4.0,9.0,5.0,8.0,0.1018163120293544,0.49122807017543857,0.049838401427908866,0.4161735700197239,2.0,2.0,False,2024
0,19,18,9.0,12.0,2.0,5.0,5.0,5.0,9.0,19.0,5.0,6.0,15.0,16.0,0.000826832158328813,0.32793522267206476,0.15255316987536552,0.6247755834829444,2.0,2.0,False,2024
1,5,29,12.0,19.0,5.0,10.0,7.0,7.0,8.0,18.0,4.0,10.0,7.0,10.0,0.0021934510238753708,0.4389763779527559,0.11373462401190966,0.5267034990791897,2.0,2.0,True,2024
0,1,16,10.0,20.0,3.0,9.0,7.0,7.0,11.0,25.0,4.0,12.0,6.0,7.0,0.14444647045553918,0.47842401500938087,0.051279569596544686,0.48084291187739464,2.0,2.0,True,2024
1,16,1,11.0,25.0,4.0,12.0,6.0,7.0,10.0,20.0,3.0,9.0,7.0,7.0,0.051279569596544686,0.48084291187739464,0.15555717636443134,0.4794007490636704,2.0,2.0,False,2024
1,18,19,9.0,19.0,5.0,6.0,15.0,16.0,9.0,12.0,2.0,5.0,5.0,5.0,0.15255316987536552,0.6247755834829444,0.0006614657266630503,0.32727272727272727,2.0,2.0,True,2024
0,10,2,7.0,17.0,5.0,9.0,5.0,6.0,11.0,22.0,6.0,9.0,6.0,9.0,0.14730701965549148,0.38537549407114624,0.16317752234114616,0.6147540983606558,4.0,1.0,False,2024
1,7,28,11.0,26.0,4.0,9.0,5.0,7.0,17.0,23.0,9.0,9.0,8.0,9.0,0.08355756681010872,0.5217391304347826,0.11593524350421061,0.4209486166007905,2.0,2.0,False,2024
0,8,21,11.0,18.0,3.0,9.0,6.0,6.0,11.0,25.0,4.0,11.0,5.0,6.0,0.13474638957259247,0.47184466019417476,0.05442486401609723,0.42535787321063395,2.0,2.0,True,2024
1,21,8,11.0,25.0,4.0,11.0,5.0,6.0,11.0,18.0,3.0,9.0,6.0,6.0,0.05442486401609723,0.42535787321063395,0.14779711165807397,0.4728682170542636,2.0,2.0,False,2024
1,2,10,11.0,22.0,6.0,9.0,6.0,9.0,7.0,17.0,5.0,9.0,5.0,6.0,0.16317752234114616,0.6147540983606558,0.11784561572439319,0.38461538461538464,1.0,4.0,True,2024
1,23,22,15.0,25.0,7.0,10.0,8.0,8.0,8.0,14.0,2.0,4.0,7.0,8.0,0.15703603285148315,0.46732673267326735,0.08145304962348351,0.490272373540856,2.0,1.0,True,2024
1,12,27,9.0,18.0,6.0,10.0,10.0,11.0,9.0,15.0,4.0,10.0,8.0,9.0,0.10129143825559399,0.5569176882661997,0.10587659130649044,0.4012096774193548,2.0,2.0,True,2024
1,4,19,11.0,22.0,6.0,14.0,8.0,13.0,10.0,17.0,2.0,6.0,6.0,6.0,0.15194677059351644,0.6566901408450704,0.0006614657266630503,0.32727272727272727,3.0,1.0,True,2024
0,22,23,8.0,14.0,2.0,4.0,7.0,8.0,15.0,25.0,7.0,10.0,8.0,8.0,0.08145304962348351,0.490272373540856,0.16562882628118653,0.4683794466403162,1.0,2.0,False,2024
1,15,11,16.0,23.0,12.0,15.0,3.0,4.0,10.0,18.0,2.0,6.0,6.0,7.0,0.1281310315315274,0.4442231075697211,0.10125188771253313,0.5698324022346368,2.0,2.0,True,2024
1,17,13,13.0,22.0,2.0,8.0,5.0,5.0,15.0,28.0,5.0,15.0,6.0,6.0,0.03263746547144787,0.48674242424242425,0.11733201959194343,0.4914933837429111,2.0,2.0,False,2024
0,11,15,10.0,18.0,2.0,6.0,6.0,7.0,16.0,23.0,12.0,15.0,3.0,4.0,0.10125188771253313,0.5698324022346368,0.14250482522522193,0.44532803180914515,2.0,2.0,False,2024
0,13,17,15.0,28.0,5.0,15.0,6.0,6.0,13.0,22.0,2.0,8.0,5.0,5.0,0.11733201959194343,0.4914933837429111,0.026109972377158296,0.48582230623818523,2.0,2.0,True,2024
0,27,12,9.0,15.0,4.0,10.0,8.0,9.0,9.0,18.0,6.0,10.0,10.0,11.0,0.10587659130649044,0.4012096774193548,0.1210331506044752,0.5576923076923077,2.0,2.0,False,2024
0,19,4,10.0,17.0,2.0,6.0,6.0,6.0,11.0,22.0,6.0,14.0,8.0,13.0,0.0006614657266630503,0.32727272727272727,0.16155741647481314,0.6572934973637962,1.0,3.0,False,2024
0,28,24,8.0,17.0,5.0,8.0,6.0,6.0,12.0,18.0,5.0,6.0,7.0,7.0,0.11593524350421061,0.4209486166007905,0.17107487046043804,0.5756756756756757,1.0,2.0,False,2024
1,0,6,14.0,22.0,6.0,9.0,6.0,6.0,15.0,24.0,5.0,13.0,6.0,6.0,0.051288105998550125,0.5,0.10914303974783102,0.5019011406844106,2.0,2.0,True,2024
0,18,21,18.0,23.0,5.0,8.0,6.0,6.0,5.0,16.0,3.0,7.0,4.0,4.0,0.16204253590029238,0.6254480286738351,0.04353989121287778,0.42448979591836733,1.0,1.0,True,2024
0,9,3,11.0,21.0,7.0,12.0,6.0,6.0,12.0,21.0,4.0,9.0,4.0,4.0,0.0655491032669668,0.42829827915869984,0.07793804691197119,0.44594594594594594,1.0,2.0,False,2024
1,21,18,5.0,16.0,3.0,7.0,4.0,4.0,18.0,23.0,5.0,8.0,6.0,6.0,0.04353989121287778,0.42448979591836733,0.1696340287202339,0.6261180679785331,1.0,1.0,False,2024
1,24,28,12.0,18.0,5.0,6.0,7.0,7.0,8.0,17.0,5.0,8.0,6.0,6.0,0.17107487046043804,0.5756756756756757,0.09274819480336849,0.42011834319526625,2.0,1.0,True,2024
0,26,20,11.0,20.0,3.0,4.0,7.0,8.0,8.0,18.0,4.0,8.0,7.0,8.0,0.11622497745607271,0.48349514563106794,0.13675687898933458,0.6137566137566137,2.0,2.0,True,2024
1,20,26,8.0,18.0,4.0,8.0,7.0,8.0,11.0,20.0,3.0,4.0,7.0,8.0,0.13675687898933458,0.6137566137566137,0.1329799819648582,0.4844961240310077,2.0,2.0,False,2024
0,6,0,15.0,24.0,5.0,13.0,6.0,6.0,14.0,22.0,6.0,9.0,6.0,6.0,0.10914303974783102,0.5019011406844106,0.08103048479884009,0.5042016806722689,2.0,2.0,False,2024
1,3,9,12.0,21.0,4.0,9.0,4.0,4.0,11.0,21.0,7.0,12.0,6.0,6.0,0.07793804691197119,0.44594594594594594,0.05243928261357343,0.42748091603053434,2.0,1.0,True,2024
1,7,14,11.0,24.0,3.0,11.0,6.0,9.0,10.0,22.0,4.0,13.0,6.0,7.0,0.06684605344808697,0.5,0.049838401427908866,0.4161735700197239,2.0,2.0,True,2024
1,5,8,6.0,18.0,5.0,7.0,3.0,4.0,10.0,17.0,6.0,7.0,3.0,4.0,0.041754760819100296,0.4400785854616896,0.14779711165807397,0.4728682170542636,2.0,2.0,False,2024
0,8,5,10.0,17.0,6.0,7.0,3.0,4.0,6.0,18.0,5.0,7.0,3.0,4.0,0.14779711165807397,0.4728682170542636,0.03340380865528024,0.4392156862745098,2.0,2.0,True,2024
1,17,0,11.0,20.0,3.0,9.0,6.0,6.0,11.0,16.0,5.0,10.0,3.0,4.0,0.026109972377158296,0.48582230623818523,0.08103048479884009,0.5042016806722689,1.0,1.0,False,2024
0,0,17,11.0,16.0,5.0,10.0,3.0,4.0,11.0,20.0,3.0,9.0,6.0,6.0,0.08103048479884009,0.5042016806722689,0.020887977901726636,0.4849056603773585,1.0,1.0,True,2024
0,1,4,8.0,16.0,4.0,8.0,7.0,8.0,11.0,22.0,5.0,8.0,12.0,13.0,0.15555717636443134,0.4794007490636704,0.16155741647481314,0.6572934973637962,2.0,1.0,False,2024
1,2,10,12.0,21.0,5.0,8.0,3.0,4.0,14.0,30.0,4.0,10.0,4.0,6.0,0.17054201787291692,0.6155419222903885,0.11784561572439319,0.38461538461538464,2.0,2.0,True,2024
0,10,2,14.0,30.0,4.0,10.0,4.0,6.0,12.0,21.0,5.0,8.0,3.0,4.0,0.11784561572439319,0.38461538461538464,0.17643361429833354,0.6163265306122448,2.0,2.0,False,2024
0,14,7,10.0,22.0,4.0,13.0,6.0,7.0,11.0,24.0,3.0,11.0,6.0,9.0,0.049838401427908866,0.4161735700197239,0.0934768427584696,0.52,2.0,2.0,False,2024
1,4,1,11.0,22.0,5.0,8.0,12.0,13.0,8.0,16.0,4.0,8.0,7.0,8.0,0.16155741647481314,0.6572934973637962,0.12444574109154508,0.4785046728971963,1.0,2.0,True,2024
0,27,18,10.0,18.0,4.0,8.0,5.0,6.0,15.0,28.0,5.0,11.0,8.0,9.0,0.08470127304519234,0.40040241448692154,0.1696340287202339,0.6261180679785331,2.0,2.0,True,2024
0,6,11,12.0,23.0,5.0,8.0,3.0,5.0,11.0,19.0,5.0,7.0,12.0,13.0,0.08731443179826481,0.5009487666034156,0.0810015101700265,0.5687732342007435,2.0,2.0,False,2024
1,25,21,11.0,17.0,4.0,10.0,7.0,7.0,9.0,20.0,3.0,9.0,4.0,4.0,0.058920900404622945,0.5919854280510018,0.03483191297030223,0.42362525458248473,3.0,2.0,True,2024
1,11,6,11.0,19.0,5.0,7.0,12.0,13.0,12.0,23.0,5.0,8.0,3.0,5.0,0.0810015101700265,0.5687732342007435,0.06985154543861186,0.5,2.0,2.0,True,2024
0,21,25,9.0,20.0,3.0,9.0,4.0,4.0,11.0,17.0,4.0,10.0,7.0,7.0,0.03483191297030223,0.42362525458248473,0.08713672032369836,0.5927272727272728,2.0,3.0,False,2024
0,16,26,6.0,14.0,4.0,9.0,5.0,5.0,8.0,18.0,3.0,6.0,13.0,14.0,0.041023655677235746,0.47992351816443596,0.1329799819648582,0.4844961240310077,3.0,2.0,False,2024
1,15,14,11.0,19.0,4.0,7.0,8.0,12.0,10.0,18.0,8.0,13.0,8.0,8.0,0.14250482522522193,0.44532803180914515,0.03987072114232709,0.4153543307086614,2.0,1.0,True,2024
0,14,15,10.0,18.0,8.0,13.0,8.0,8.0,11.0,19.0,4.0,7.0,8.0,12.0,0.03987072114232709,0.4153543307086614,0.15400386018017753,0.44642857142857145,1.0,2.0,False,2024
1,12,23,10.0,22.0,4.0,8.0,4.0,6.0,13.0,25.0,4.0,9.0,4.0,4.0,0.1210331506044752,0.5576923076923077,0.16562882628118653,0.4683794466403162,2.0,2.0,False,2024
1,18,27,15.0,28.0,5.0,11.0,8.0,9.0,10.0,18.0,4.0,8.0,5.0,6.0,0.1696340287202339,0.6261180679785331,0.10776101843615389,0.40160642570281124,2.0,2.0,False,2024
1,26,16,8.0,18.0,3.0,6.0,13.0,14.0,6.0,14.0,4.0,9.0,5.0,5.0,0.1329799819648582,0.4844961240310077,0.0328189245417886,0.47900763358778625,2.0,3.0,True,2024
1,3,1,14.0,27.0,5.0,11.0,5.0,8.0,11.0,20.0,4.0,8.0,7.0,7.0,0.10235043752957695,0.44701348747591524,0.12444574109154508,0.4785046728971963,2.0,1.0,True,2024
0,1,3,11.0,20.0,4.0,8.0,7.0,7.0,14.0,27.0,5.0,11.0,5.0,8.0,0.12444574109154508,0.4785046728971963,0.12188035002366156,0.4480769230769231,1.0,2.0,False,2024
0,28,29,12.0,22.0,3.0,7.0,6.0,6.0,14.0,23.0,3.0,13.0,5.0,5.0,0.09274819480336849,0.42011834319526625,0.11373462401190966,0.5267034990791897,2.0,3.0,True,2024
0,24,22,12.0,21.0,8.0,11.0,4.0,5.0,12.0,20.0,3.0,7.0,7.0,7.0,0.17685989636835042,0.5768194070080862,0.06516243969878681,0.4893203883495146,2.0,2.0,True,2024
1,20,13,9.0,14.0,4.0,4.0,5.0,6.0,13.0,24.0,6.0,12.0,6.0,10.0,0.10940550319146766,0.6126760563380281,0.13386561567355476,0.49245283018867925,2.0,2.0,True,2024
0,13,20,13.0,24.0,6.0,12.0,6.0,10.0,9.0,14.0,4.0,4.0,5.0,6.0,0.13386561567355476,0.49245283018867925,0.12752440255317415,0.6133567662565905,2.0,2.0,False,2024
1,9,19,8.0,17.0,5.0,11.0,11.0,12.0,16.0,24.0,5.0,9.0,8.0,9.0,0.05243928261357343,0.42748091603053434,0.0005291725813304402,0.32661290322580644,2.0,2.0,True,2024
0,19,9,16.0,24.0,5.0,9.0,8.0,9.0,8.0,17.0,5.0,11.0,11.0,12.0,0.0005291725813304402,0.32661290322580644,0.08195142609085873,0.42857142857142855,2.0,2.0,False,2024
0,23,12,13.0,25.0,4.0,9.0,4.0,4.0,10.0,22.0,4.0,8.0,4.0,6.0,0.16562882628118653,0.4683794466403162,0.09682652048358016,0.5567190226876091,2.0,2.0,True,2024
1,29,28,14.0,23.0,3.0,13.0,5.0,5.0,12.0,22.0,3.0,7.0,6.0,6.0,0.11373462401190966,0.5267034990791897,0.11419855584269478,0.421259842519685,3.0,2.0,False,2024
1,22,24,12.0,20.0,3.0,7.0,7.0,7.0,12.0,21.0,8.0,11.0,4.0,5.0,0.06516243969878681,0.4893203883495146,0.18148791709468035,0.5779569892473119,2.0,2.0,False,2024
0,7,17,16.0,28.0,1.0,5.0,7.0,8.0,9.0,23.0,4.0,9.0,4.0,5.0,0.0934768427584696,0.52,0.020887977901726636,0.4849056603773585,2.0,2.0,False,2024
1,17,7,9.0,23.0,4.0,9.0,4.0,5.0,16.0,28.0,1.0,5.0,7.0,8.0,0.020887977901726636,0.4849056603773585,0.07478147420677568,0.5,2.0,2.0,True,2024
0,16,8,12.0,24.0,3.0,9.0,11.0,15.0,11.0,18.0,6.0,9.0,11.0,12.0,0.0328189245417886,0.47900763358778625,0.15823768932645915,0.4738878143133462,1.0,2.0,True,2024
1,8,16,11.0,18.0,6.0,9.0,11.0,12.0,12.0,24.0,3.0,9.0,11.0,15.0,0.15823768932645915,0.4738878143133462,0.06625513963343088,0.48,2.0,1.0,False,2024
0,5,4,9.0,18.0,4.0,7.0,10.0,12.0,14.0,22.0,7.0,12.0,5.0,6.0,0.03340380865528024,0.4392156862745098,0.1692459331798505,0.6578947368421053,2.0,2.0,False,2024
1,4,5,14.0,22.0,7.0,12.0,5.0,6.0,9.0,18.0,4.0,7.0,10.0,12.0,0.1692459331798505,0.6578947368421053,0.02672304692422419,0.4383561643835616,2.0,2.0,True,2024
1,0,2,11.0,21.0,6.0,15.0,5.0,5.0,11.0,24.0,7.0,18.0,7.0,8.0,0.10482438783907208,0.5083333333333333,0.17643361429833354,0.6163265306122448,2.0,2.0,True,2024
0,2,0,11.0,24.0,7.0,18.0,7.0,8.0,11.0,21.0,6.0,15.0,5.0,5.0,0.17643361429833354,0.6163265306122448,0.12385951027125768,0.512396694214876,2.0,2.0,False,2024
1,22,21,8.0,14.0,4.0,9.0,7.0,7.0,10.0,26.0,2.0,10.0,4.0,6.0,0.052129951759029444,0.4883720930232558,0.02786553037624178,0.42276422764227645,2.0,2.0,True,2024
0,12,10,10.0,17.0,4.0,9.0,4.0,6.0,8.0,14.0,3.0,10.0,6.0,8.0,0.09682652048358016,0.5567190226876091,0.09427649257951455,0.3838582677165354,2.0,3.0,True,2024
1,10,12,8.0,14.0,3.0,10.0,6.0,8.0,10.0,17.0,4.0,9.0,4.0,6.0,0.09427649257951455,0.3838582677165354,0.11746121638686413,0.5574912891986062,3.0,2.0,False,2024
1,25,20,13.0,22.0,2.0,5.0,3.0,5.0,13.0,23.0,3.0,7.0,2.0,3.0,0.08713672032369836,0.5927272727272728,0.12752440255317415,0.6133567662565905,2.0,2.0,False,2024
1,18,23,17.0,25.0,5.0,12.0,17.0,18.0,9.0,20.0,2.0,6.0,7.0,8.0,0.13570722297618712,0.625,0.17250306102494922,0.46942800788954636,2.0,2.0,True,2024
0,2,15,11.0,21.0,6.0,11.0,7.0,8.0,9.0,16.0,6.0,8.0,5.0,6.0,0.14114689143866682,0.615071283095723,0.15400386018017753,0.44642857142857145,1.0,2.0,True,2024
1,15,2,9.0,16.0,6.0,8.0,5.0,6.0,11.0,21.0,6.0,11.0,7.0,8.0,0.15400386018017753,0.44642857142857145,0.15291751315093347,0.6158536585365854,2.0,1.0,False,2024
0,20,25,13.0,23.0,3.0,7.0,2.0,3.0,13.0,22.0,2.0,5.0,3.0,5.0,0.12752440255317415,0.6133567662565905,0.06970937625895869,0.5916515426497277,2.0,2.0,True,2024
0,23,18,9.0,20.0,2.0,6.0,7.0,8.0,17.0,25.0,5.0,12.0,17.0,18.0,0.17250306102494922,0.46942800788954636,0.1485657783809497,0.6256684491978609,2.0,2.0,False,2024
0,21,22,10.0,26.0,2.0,10.0,4.0,6.0,8.0,14.0,4.0,9.0,7.0,7.0,0.02786553037624178,0.42276422764227645,0.08170396140722357,0.48936170212765956,2.0,2.0,False,2024
1,13,24,9.0,25.0,5.0,11.0,8.0,14.0,12.0,22.0,3.0,8.0,7.0,8.0,0.10709249253884381,0.4915254237288136,0.18148791709468035,0.5779569892473119,2.0,2.0,False,2024
0,9,1,10.0,18.0,5.0,8.0,7.0,7.0,10.0,20.0,5.0,7.0,14.0,14.0,0.08195142609085873,0.42857142857142855,0.09955659287323607,0.47761194029850745,2.0,2.0,True,2024
0,28,6,9.0,20.0,5.0,10.0,8.0,9.0,8.0,21.0,4.0,10.0,6.0,6.0,0.11419855584269478,0.421259842519685,0.06985154543861186,0.5,2.0,2.0,True,2024
1,6,28,8.0,21.0,4.0,10.0,6.0,6.0,9.0,20.0,5.0,10.0,8.0,9.0,0.06985154543861186,0.5,0.13135884467415582,0.4223968565815324,2.0,2.0,False,2024
0,29,27,10.0,18.0,4.0,8.0,5.0,8.0,12.0,18.0,4.0,7.0,3.0,4.0,0.09098769920952773,0.5257352941176471,0.10776101843615389,0.40160642570281124,2.0,2.0,False,2024
1,1,9,10.0,20.0,5.0,7.0,14.0,14.0,10.0,18.0,5.0,8.0,7.0,7.0,0.09955659287323607,0.47761194029850745,0.105561140872687,0.4296577946768061,2.0,2.0,False,2024
0,11,3,8.0,18.0,3.0,9.0,7.0,8.0,9.0,16.0,8.0,14.0,7.0,8.0,0.1048012081360212,0.5695732838589982,0.12188035002366156,0.4480769230769231,2.0,2.0,False,2024
1,3,11,9.0,16.0,8.0,14.0,7.0,8.0,8.0,18.0,3.0,9.0,7.0,8.0,0.12188035002366156,0.4480769230769231,0.08384096650881696,0.5685185185185185,2.0,2.0,True,2024
0,24,13,12.0,22.0,3.0,8.0,7.0,8.0,9.0,25.0,5.0,11.0,8.0,14.0,0.18148791709468035,0.5779569892473119,0.08567399403107505,0.4906015037593985,2.0,2.0,True,2024
1,27,29,12.0,18.0,4.0,7.0,3.0,4.0,10.0,18.0,4.0,8.0,5.0,8.0,0.10776101843615389,0.40160642570281124,0.07279015936762219,0.5247706422018349,2.0,2.0,True,2024
0,24,26,7.0,18.0,5.0,9.0,5.0,6.0,11.0,25.0,3.0,7.0,8.0,9.0,0.18519033367574428,0.579088471849866,0.14638398557188653,0.48549323017408125,1.0,3.0,False,2024
1,23,29,9.0,19.0,4.0,6.0,7.0,8.0,11.0,20.0,4.0,6.0,8.0,9.0,0.13800244881995938,0.468503937007874,0.07279015936762219,0.5247706422018349,1.0,1.0,True,2024
1,17,14,15.0,28.0,7.0,14.0,4.0,7.0,11.0,22.0,5.0,7.0,7.0,10.0,0.056710382321381314,0.4858757062146893,0.03189657691386168,0.41453831041257366,2.0,3.0,False,2024
1,26,24,11.0,25.0,3.0,7.0,8.0,9.0,7.0,18.0,5.0,9.0,5.0,6.0,0.14638398557188653,0.48549323017408125,0.1481522669405954,0.5775401069518716,3.0,1.0,True,2024
0,14,17,11.0,22.0,5.0,7.0,7.0,10.0,15.0,28.0,7.0,14.0,4.0,7.0,0.03189657691386168,0.41453831041257366,0.04536830585710505,0.4849624060150376,3.0,2.0,True,2024
1,4,10,11.0,25.0,4.0,8.0,15.0,19.0,13.0,23.0,3.0,6.0,8.0,10.0,0.1753967465438804,0.658493870402802,0.07542119406361164,0.3831041257367387,2.0,1.0,True,2024
0,10,4,13.0,23.0,3.0,6.0,8.0,10.0,11.0,25.0,4.0,8.0,15.0,19.0,0.07542119406361164,0.3831041257367387,0.18031739723510434,0.6590909090909091,1.0,2.0,False,2024
0,29,23,11.0,20.0,4.0,6.0,8.0,9.0,9.0,19.0,4.0,6.0,7.0,8.0,0.07279015936762219,0.5247706422018349,0.15040195905596748,0.46954813359528486,1.0,1.0,False,2024
0,11,19,10.0,18.0,4.0,7.0,6.0,6.0,10.0,22.0,2.0,7.0,6.0,7.0,0.08384096650881696,0.5685185185185185,0.00042333806506435217,0.32595573440643866,1.0,3.0,True,2024
0,22,16,8.0,19.0,5.0,13.0,5.0,5.0,11.0,26.0,5.0,12.0,5.0,6.0,0.08170396140722357,0.48936170212765956,0.06625513963343088,0.48,1.0,2.0,False,2024
1,3,8,7.0,16.0,6.0,12.0,3.0,5.0,10.0,16.0,6.0,10.0,5.0,7.0,0.13750428001892925,0.4491362763915547,0.1265901514611673,0.47297297297297297,1.0,2.0,False,2024
0,8,3,10.0,16.0,6.0,10.0,5.0,7.0,7.0,16.0,6.0,12.0,3.0,5.0,0.1265901514611673,0.47297297297297297,0.1100034240151434,0.4482758620689655,2.0,1.0,True,2024
1,27,5,10.0,19.0,2.0,7.0,2.0,3.0,7.0,15.0,3.0,8.0,4.0,4.0,0.12620881474892312,0.4028056112224449,0.02672304692422419,0.4383561643835616,1.0,2.0,True,2024
0,5,27,7.0,15.0,3.0,8.0,4.0,4.0,10.0,19.0,2.0,7.0,2.0,3.0,0.02672304692422419,0.4383561643835616,0.1409670517991385,0.404,2.0,1.0,False,2024
1,16,22,11.0,26.0,5.0,12.0,5.0,6.0,8.0,19.0,5.0,13.0,5.0,5.0,0.06625513963343088,0.48,0.06536316912577886,0.48841698841698844,2.0,1.0,True,2024
1,19,11,10.0,22.0,2.0,7.0,6.0,7.0,10.0,18.0,4.0,7.0,6.0,6.0,0.00042333806506435217,0.32595573440643866,0.10707277320705358,0.5693160813308688,3.0,1.0,False,2024
1,18,25,13.0,23.0,5.0,10.0,7.0,8.0,10.0,16.0,5.0,8.0,11.0,12.0,0.1485657783809497,0.6256684491978609,0.06970937625895869,0.5916515426497277,2.0,2.0,True,2024
0,9,12,10.0,24.0,7.0,18.0,3.0,3.0,11.0,21.0,7.0,13.0,8.0,10.0,0.105561140872687,0.4296577946768061,0.11746121638686413,0.5574912891986062,2.0,2.0,False,2024
1,12,9,11.0,21.0,7.0,13.0,8.0,10.0,10.0,24.0,7.0,18.0,3.0,3.0,0.11746121638686413,0.5574912891986062,0.08444891269814961,0.428842504743833,2.0,2.0,True,2024
1,15,7,12.0,17.0,4.0,8.0,5.0,6.0,9.0,20.0,3.0,6.0,8.0,9.0,0.12320308814414202,0.44554455445544555,0.07478147420677568,0.5,2.0,3.0,True,2024
0,25,18,10.0,16.0,5.0,8.0,11.0,12.0,13.0,23.0,5.0,10.0,7.0,8.0,0.06970937625895869,0.5916515426497277,0.15885262270475975,0.6263345195729537,2.0,2.0,False,2024
0,7,15,9.0,20.0,3.0,6.0,8.0,9.0,12.0,17.0,4.0,8.0,5.0,6.0,0.07478147420677568,0.5,0.13856247051531362,0.44664031620553357,3.0,2.0,False,2024
0,20,6,12.0,19.0,4.0,6.0,8.0,9.0,8.0,21.0,4.0,6.0,6.0,6.0,0.14201952204253931,0.6140350877192983,0.055881236350889485,0.499054820415879,2.0,2.0,True,2024
0,13,1,8.0,20.0,2.0,12.0,7.0,9.0,8.0,14.0,3.0,7.0,5.0,5.0,0.08567399403107505,0.4906015037593985,0.07964527429858885,0.4767225325884544,2.0,2.0,False,2024
1,6,20,8.0,21.0,4.0,6.0,6.0,6.0,12.0,19.0,4.0,6.0,8.0,9.0,0.055881236350889485,0.499054820415879,0.15361561763403145,0.6147110332749562,2.0,2.0,False,2024
1,1,13,8.0,14.0,3.0,7.0,5.0,5.0,8.0,20.0,2.0,12.0,7.0,9.0,0.07964527429858885,0.4767225325884544,0.06853919522486004,0.4896810506566604,2.0,2.0,True,2024
1,0,14,9.0,18.0,8.0,13.0,4.0,5.0,7.0,21.0,3.0,12.0,8.0,9.0,0.12385951027125768,0.512396694214876,0.06551726153108935,0.41568627450980394,3.0,1.0,True,2024
0,14,0,7.0,21.0,3.0,12.0,8.0,9.0,9.0,18.0,8.0,13.0,4.0,5.0,0.06551726153108935,0.41568627450980394,0.13908760821700614,0.5163934426229508,1.0,3.0,False,2024
0,11,25,12.0,22.0,4.0,10.0,5.0,6.0,12.0,23.0,4.0,9.0,5.0,6.0,0.10707277320705358,0.5693160813308688,0.05576750100716695,0.5905797101449275,2.0,1.0,True,2024
1,15,23,10.0,23.0,3.0,11.0,6.0,6.0,13.0,27.0,3.0,12.0,5.0,5.0,0.13856247051531362,0.44664031620553357,0.15040195905596748,0.46954813359528486,1.0,2.0,False,2024
0,23,15,13.0,27.0,3.0,12.0,5.0,5.0,10.0,23.0,3.0,11.0,6.0,6.0,0.15040195905596748,0.46954813359528486,0.11084997641225089,0.4457593688362919,2.0,1.0,True,2024
1,22,10,12.0,22.0,5.0,11.0,4.0,4.0,11.0,20.0,2.0,6.0,12.0,16.0,0.06536316912577886,0.48841698841698844,0.060336955250889314,0.38235294117647056,2.0,2.0,False,2024
1,26,29,12.0,21.0,3.0,6.0,9.0,10.0,13.0,21.0,5.0,6.0,9.0,9.0,0.15710718845750923,0.4864864864864865,0.05823212749409775,0.5238095238095238,2.0,2.0,False,2024
1,8,1,11.0,16.0,3.0,7.0,7.0,10.0,11.0,21.0,4.0,7.0,14.0,17.0,0.14127212116893387,0.47398843930635837,0.10371621943887108,0.47769516728624534,2.0,1.0,False,2024
0,4,28,11.0,17.0,5.0,9.0,6.0,8.0,15.0,26.0,3.0,6.0,10.0,10.0,0.18031739723510434,0.6590909090909091,0.13135884467415582,0.4223968565815324,2.0,3.0,True,2024
1,25,11,12.0,23.0,4.0,9.0,5.0,6.0,12.0,22.0,4.0,10.0,5.0,6.0,0.05576750100716695,0.5905797101449275,0.12565821856564285,0.5701107011070111,1.0,2.0,False,2024
0,1,8,11.0,21.0,4.0,7.0,14.0,17.0,11.0,16.0,3.0,7.0,7.0,10.0,0.10371621943887108,0.47769516728624534,0.1130176969351471,0.47307692307692306,1.0,2.0,True,2024
1,24,2,9.0,17.0,3.0,7.0,6.0,6.0,9.0,17.0,5.0,10.0,7.0,9.0,0.1481522669405954,0.5775401069518716,0.15291751315093347,0.6158536585365854,2.0,3.0,False,2024
0,29,26,13.0,21.0,5.0,6.0,9.0,9.0,12.0,21.0,3.0,6.0,9.0,10.0,0.05823212749409775,0.5238095238095238,0.12568575076600738,0.48554913294797686,2.0,2.0,True,2024
1,28,4,15.0,26.0,3.0,6.0,10.0,10.0,11.0,17.0,5.0,9.0,6.0,8.0,0.13135884467415582,0.4223968565815324,0.18425391778808348,0.6596858638743456,3.0,2.0,False,2024
0,2,24,9.0,17.0,5.0,10.0,7.0,9.0,9.0,17.0,3.0,7.0,6.0,6.0,0.15291751315093347,0.6158536585365854,0.11852181355247633,0.576,3.0,2.0,True,2024
0,3,27,9.0,22.0,5.0,17.0,7.0,10.0,8.0,19.0,2.0,8.0,8.0,9.0,0.1100034240151434,0.4482758620689655,0.1409670517991385,0.404,2.0,2.0,True,2024
0,10,22,11.0,20.0,2.0,6.0,12.0,16.0,12.0,22.0,5.0,11.0,4.0,4.0,0.060336955250889314,0.38235294117647056,0.05229053530062309,0.48747591522157996,2.0,2.0,True,2024
1,13,5,13.0,27.0,5.0,11.0,8.0,11.0,9.0,16.0,4.0,8.0,5.0,6.0,0.06853919522486004,0.4896810506566604,0.021378437539379354,0.4375,1.0,2.0,True,2024
0,5,13,9.0,16.0,4.0,8.0,5.0,6.0,13.0,27.0,5.0,11.0,8.0,11.0,0.021378437539379354,0.4375,0.09483135617988804,0.49063670411985016,2.0,1.0,False,2024
1,21,20,8.0,23.0,5.0,12.0,7.0,9.0,8.0,19.0,5.0,8.0,4.0,5.0,0.022292424300993423,0.42190669371196754,0.15361561763403145,0.6147110332749562,3.0,1.0,False,2024
1,27,3,8.0,19.0,2.0,8.0,8.0,9.0,9.0,22.0,5.0,17.0,7.0,10.0,0.1409670517991385,0.404,0.12800273921211472,0.44933078393881454,2.0,2.0,False,2024
0,19,6,9.0,20.0,4.0,7.0,8.0,10.0,9.0,17.0,2.0,5.0,10.0,10.0,0.00033867045205148176,0.3253012048192771,0.04470498908071159,0.4981132075471698,2.0,1.0,False,2024
0,20,21,8.0,19.0,5.0,8.0,4.0,5.0,8.0,23.0,5.0,12.0,7.0,9.0,0.15361561763403145,0.6147110332749562,0.017833939440794738,0.42105263157894735,1.0,3.0,True,2024
1,9,16,11.0,24.0,4.0,10.0,5.0,7.0,14.0,25.0,5.0,14.0,6.0,6.0,0.08444891269814961,0.428842504743833,0.0930041117067447,0.48098859315589354,1.0,2.0,False,2024
0,16,9,14.0,25.0,5.0,14.0,6.0,6.0,11.0,24.0,4.0,10.0,5.0,7.0,0.0930041117067447,0.48098859315589354,0.06755913015851969,0.42803030303030304,2.0,1.0,True,2024
0,17,0,8.0,17.0,7.0,13.0,6.0,8.0,11.0,18.0,6.0,10.0,5.0,5.0,0.04536830585710505,0.4849624060150376,0.13908760821700614,0.5163934426229508,2.0,1.0,False,2024
1,0,17,11.0,18.0,6.0,10.0,5.0,5.0,8.0,17.0,7.0,13.0,6.0,8.0,0.13908760821700614,0.5163934426229508,0.03629464468568404,0.48405253283302063,1.0,2.0,True,2024
1,6,19,9.0,17.0,2.0,5.0,10.0,10.0,9.0,20.0,4.0,7.0,8.0,10.0,0.04470498908071159,0.4981132075471698,0.0002709363616411854,0.3246492985971944,1.0,2.0,True,2024
0,13,7,15.0,25.0,8.0,16.0,12.0,12.0,12.0,22.0,8.0,17.0,7.0,10.0,0.09483135617988804,0.49063670411985016,0.05982517936542055,0.48148148148148145,2.0,3.0,True,2024
0,4,28,13.0,24.0,4.0,13.0,8.0,9.0,15.0,28.0,2.0,5.0,7.0,9.0,0.18425391778808348,0.6596858638743456,0.10508707573932466,0.4215686274509804,2.0,2.0,False,2024
1,28,4,15.0,28.0,2.0,5.0,7.0,9.0,13.0,24.0,4.0,13.0,8.0,9.0,0.10508707573932466,0.4215686274509804,0.14740313423046678,0.6585365853658537,2.0,2.0,True,2024
1,7,13,12.0,22.0,8.0,17.0,7.0,10.0,15.0,25.0,8.0,16.0,12.0,12.0,0.05982517936542055,0.48148148148148145,0.11586508494391043,0.491588785046729,3.0,2.0,False,2024
1,12,18,11.0,25.0,5.0,11.0,8.0,12.0,10.0,20.0,6.0,9.0,4.0,6.0,0.1339689731094913,0.5582608695652174,0.15885262270475975,0.6263345195729537,3.0,3.0,True,2024
1,20,0,10.0,18.0,4.0,10.0,18.0,18.0,7.0,21.0,3.0,13.0,6.0,8.0,0.16289249410722514,0.6153846153846154,0.1512700865736049,0.5203252032520326,2.0,2.0,True,2024
1,29,2,15.0,26.0,5.0,12.0,8.0,10.0,11.0,19.0,3.0,8.0,12.0,13.0,0.0865857019952782,0.5246800731261426,0.16233401052074675,0.6166328600405679,2.0,2.0,False,2024
0,18,12,10.0,20.0,6.0,9.0,4.0,6.0,11.0,25.0,5.0,11.0,8.0,12.0,0.15885262270475975,0.6263345195729537,0.14717517848759304,0.5590277777777778,3.0,3.0,False,2024
0,2,29,11.0,19.0,3.0,8.0,12.0,13.0,15.0,26.0,5.0,12.0,8.0,10.0,0.16233401052074675,0.6166328600405679,0.06926856159622255,0.5237226277372263,2.0,2.0,True,2024
0,0,20,7.0,21.0,3.0,13.0,6.0,8.0,10.0,18.0,4.0,10.0,18.0,18.0,0.1512700865736049,0.5203252032520326,0.17031399528578012,0.6160558464223386,2.0,2.0,False,2024
1,17,15,12.0,25.0,5.0,12.0,4.0,5.0,16.0,26.0,7.0,15.0,6.0,7.0,0.03629464468568404,0.48405253283302063,0.11084997641225089,0.4457593688362919,3.0,3.0,True,2024
1,8,16,9.0,20.0,3.0,8.0,9.0,12.0,12.0,24.0,5.0,14.0,9.0,10.0,0.1130176969351471,0.47307692307692306,0.11440328936539576,0.4819734345351044,3.0,3.0,False,2024
1,14,10,11.0,20.0,6.0,11.0,4.0,5.0,10.0,22.0,4.0,10.0,6.0,8.0,0.052413809224871474,0.41487279843444225,0.08826956420071144,0.3835616438356164,4.0,3.0,False,2024
1,5,11,9.0,20.0,5.0,10.0,5.0,6.0,12.0,17.0,5.0,9.0,8.0,8.0,0.017102750031503484,0.43664717348927873,0.12565821856564285,0.5701107011070111,3.0,3.0,False,2024
0,11,5,12.0,17.0,5.0,9.0,8.0,8.0,9.0,20.0,5.0,10.0,5.0,6.0,0.12565821856564285,0.5701107011070111,0.013682200025202786,0.4357976653696498,3.0,3.0,True,2024
0,15,17,16.0,26.0,7.0,15.0,6.0,7.0,12.0,25.0,5.0,12.0,4.0,5.0,0.11084997641225089,0.4457593688362919,0.06903571574854724,0.4850187265917603,3.0,3.0,False,2024
1,26,23,14.0,19.0,5.0,6.0,6.0,7.0,7.0,16.0,5.0,7.0,9.0,13.0,0.12568575076600738,0.48554913294797686,0.160321567244774,0.47058823529411764,3.0,3.0,True,2024
0,23,26,7.0,16.0,5.0,7.0,9.0,13.0,14.0,19.0,5.0,6.0,6.0,7.0,0.160321567244774,0.47058823529411764,0.1405486006128059,0.48653846153846153,3.0,3.0,False,2024
0,10,14,10.0,22.0,4.0,10.0,6.0,8.0,11.0,20.0,6.0,11.0,4.0,5.0,0.08826956420071144,0.3835616438356164,0.04193104737989718,0.4140625,3.0,4.0,True,2024
0,21,24,9.0,23.0,3.0,10.0,4.0,4.0,10.0,25.0,6.0,12.0,7.0,8.0,0.017833939440794738,0.42105263157894735,0.11852181355247633,0.576,3.0,3.0,False,2024
1,1,22,11.0,20.0,3.0,7.0,8.0,9.0,13.0,21.0,7.0,13.0,6.0,7.0,0.12297297555109687,0.47866419294990725,0.05229053530062309,0.48747591522157996,3.0,3.0,False,2024
0,22,1,13.0,21.0,7.0,13.0,6.0,7.0,11.0,20.0,3.0,7.0,8.0,9.0,0.05229053530062309,0.48747591522157996,0.0983783804408775,0.4777777777777778,3.0,3.0,True,2024
1,19,6,15.0,21.0,3.0,9.0,8.0,10.0,9.0,14.0,4.0,7.0,9.0,15.0,0.0002709363616411854,0.3246492985971944,0.07576399126456927,0.4990583804143126,3.0,3.0,False,2024
0,6,19,9.0,14.0,4.0,7.0,9.0,15.0,15.0,21.0,3.0,9.0,8.0,10.0,0.07576399126456927,0.4990583804143126,0.00021674908931294833,0.324,3.0,3.0,True,2024
1,27,9,11.0,22.0,2.0,7.0,7.0,8.0,8.0,21.0,3.0,12.0,6.0,7.0,0.11277364143931079,0.4031936127744511,0.06755913015851969,0.42803030303030304,3.0,3.0,True,2024
0,9,27,8.0,21.0,3.0,12.0,6.0,7.0,11.0,22.0,2.0,7.0,7.0,8.0,0.06755913015851969,0.42803030303030304,0.13021891315144862,0.4043824701195219,3.0,3.0,False,2024
0,16,8,12.0,24.0,5.0,14.0,9.0,10.0,9.0,20.0,3.0,8.0,9.0,12.0,0.11440328936539576,0.4819734345351044,0.09041415754811769,0.472168905950096,3.0,3.0,True,2024
1,24,21,10.0,25.0,6.0,12.0,7.0,8.0,9.0,23.0,3.0,10.0,4.0,4.0,0.11852181355247633,0.576,0.01426715155263579,0.4202020202020202,3.0,3.0,True,2024
0,18,10,10.0,23.0,4.0,7.0,2.0,3.0,8.0,21.0,2.0,8.0,7.0,8.0,0.1270820981638078,0.6252220248667851,0.11061565136056917,0.384765625,2.0,1.0,True,2024
0,28,26,9.0,19.0,5.0,9.0,10.0,13.0,13.0,23.0,5.0,5.0,8.0,9.0,0.12406966059145971,0.4227005870841487,0.1405486006128059,0.48653846153846153,2.0,1.0,False,2024
0,25,14,11.0,16.0,4.0,8.0,4.0,5.0,6.0,13.0,2.0,7.0,3.0,4.0,0.044614000805733564,0.5895117540687161,0.04193104737989718,0.4140625,4.0,1.0,True,2024
1,10,18,8.0,21.0,2.0,8.0,7.0,8.0,10.0,23.0,4.0,7.0,2.0,3.0,0.11061565136056917,0.384765625,0.14166567853104622,0.625886524822695,1.0,2.0,False,2024
1,26,28,13.0,23.0,5.0,5.0,8.0,9.0,9.0,19.0,5.0,9.0,10.0,13.0,0.1405486006128059,0.48653846153846153,0.09925572847316777,0.421875,1.0,2.0,True,2024
1,14,25,6.0,13.0,2.0,7.0,3.0,4.0,11.0,16.0,4.0,8.0,4.0,5.0,0.04193104737989718,0.4140625,0.07569120064458686,0.5902527075812274,1.0,4.0,False,2024
0,3,13,9.0,19.0,6.0,11.0,6.0,8.0,14.0,29.0,5.0,10.0,8.0,10.0,0.12800273921211472,0.44933078393881454,0.11586508494391043,0.491588785046729,4.0,2.0,True,2024
1,6,4,7.0,17.0,3.0,9.0,11.0,11.0,11.0,18.0,5.0,9.0,12.0,17.0,0.10061119301165541,0.5,0.14740313423046678,0.6585365853658537,1.0,2.0,False,2024
0,4,6,11.0,18.0,5.0,9.0,12.0,17.0,7.0,17.0,3.0,9.0,11.0,11.0,0.14740313423046678,0.6585365853658537,0.08048895440932433,0.49906191369606,2.0,1.0,True,2024
1,13,3,14.0,29.0,5.0,10.0,8.0,10.0,9.0,19.0,6.0,11.0,6.0,8.0,0.11586508494391043,0.491588785046729,0.14240219136969176,0.45038167938931295,2.0,4.0,False,2024
1,1,7,9.0,20.0,6.0,12.0,5.0,6.0,10.0,19.0,7.0,11.0,6.0,8.0,0.0983783804408775,0.4777777777777778,0.047860143492336436,0.4642857142857143,1.0,2.0,False,2024
0,7,1,10.0,19.0,7.0,11.0,6.0,8.0,9.0,20.0,6.0,12.0,5.0,6.0,0.047860143492336436,0.4642857142857143,0.078702704352702,0.47689463955637706,2.0,1.0,True,2024
0,21,29,7.0,20.0,4.0,10.0,7.0,9.0,11.0,19.0,4.0,7.0,4.0,4.0,0.01426715155263579,0.4202020202020202,0.06926856159622255,0.5237226277372263,2.0,3.0,False,2024
1,29,21,11.0,19.0,4.0,7.0,4.0,4.0,7.0,20.0,4.0,10.0,7.0,9.0,0.06926856159622255,0.5237226277372263,0.011413721242108632,0.41935483870967744,3.0,2.0,True,2024
1,17,5,10.0,23.0,6.0,8.0,10.0,13.0,9.0,16.0,3.0,9.0,10.0,10.0,0.06903571574854724,0.4850187265917603,0.013682200025202786,0.4357976653696498,2.0,2.0,False,2024
0,5,17,9.0,16.0,3.0,9.0,10.0,10.0,10.0,23.0,6.0,8.0,10.0,13.0,0.013682200025202786,0.4357976653696498,0.05522857259883779,0.48411214953271026,2.0,2.0,True,2024
1,8,11,10.0,18.0,4.0,10.0,7.0,7.0,8.0,19.0,3.0,12.0,7.0,9.0,0.09041415754811769,0.472168905950096,0.14052657485251427,0.570902394106814,2.0,2.0,True,2024
0,11,8,8.0,19.0,3.0,12.0,7.0,9.0,10.0,18.0,4.0,10.0,7.0,7.0,0.14052657485251427,0.570902394106814,0.11233132603849413,0.4731800766283525,2.0,2.0,False,2024
0,13,23,11.0,19.0,5.0,11.0,8.0,8.0,12.0,23.0,6.0,11.0,14.0,18.0,0.09269206795512834,0.4906716417910448,0.1282572537958192,0.46966731898238745,1.0,2.0,False,2024
1,23,13,12.0,23.0,6.0,11.0,14.0,18.0,11.0,19.0,5.0,11.0,8.0,8.0,0.1282572537958192,0.46966731898238745,0.07415365436410268,0.4897579143389199,2.0,1.0,True,2024
0,22,27,8.0,17.0,6.0,13.0,7.0,7.0,9.0,19.0,3.0,7.0,7.0,8.0,0.08183242824049847,0.48846153846153845,0.13021891315144862,0.4043824701195219,2.0,2.0,True,2024
1,20,16,11.0,14.0,4.0,10.0,4.0,4.0,9.0,15.0,3.0,6.0,4.0,8.0,0.17031399528578012,0.6160558464223386,0.13152263149231663,0.48295454545454547,3.0,2.0,True,2024
0,16,20,9.0,15.0,3.0,6.0,4.0,8.0,11.0,14.0,4.0,10.0,4.0,4.0,0.13152263149231663,0.48295454545454547,0.17625119622862412,0.6167247386759582,2.0,3.0,False,2024
1,27,22,9.0,19.0,3.0,7.0,7.0,8.0,8.0,17.0,6.0,13.0,7.0,7.0,0.13021891315144862,0.4043824701195219,0.10546594259239879,0.4894433781190019,2.0,2.0,False,2024
1,2,19,13.0,31.0,3.0,11.0,7.0,8.0,12.0,22.0,4.0,12.0,5.0,6.0,0.1698672084165974,0.6174089068825911,0.00021674908931294833,0.324,3.0,2.0,True,2024
0,19,2,12.0,22.0,4.0,12.0,5.0,6.0,13.0,31.0,3.0,11.0,7.0,8.0,0.00021674908931294833,0.324,0.17589376673327792,0.6181818181818182,2.0,3.0,False,2024
1,0,12,5.0,15.0,2.0,8.0,5.0,6.0,10.0,18.0,3.0,7.0,3.0,5.0,0.12101606925888393,0.5161290322580645,0.14717517848759304,0.5590277777777778,3.0,3.0,False,2024
0,12,0,10.0,18.0,3.0,7.0,3.0,5.0,5.0,15.0,2.0,8.0,5.0,6.0,0.14717517848759304,0.5590277777777778,0.09681285540710714,0.512,3.0,3.0,True,2024
1,14,6,11.0,22.0,4.0,10.0,2.0,4.0,6.0,16.0,3.0,10.0,5.0,7.0,0.03354483790391775,0.41325536062378165,0.08048895440932433,0.49906191369606,2.0,2.0,True,2024
0,6,14,6.0,16.0,3.0,10.0,5.0,7.0,11.0,22.0,4.0,10.0,2.0,4.0,0.08048895440932433,0.49906191369606,0.06683587032313419,0.4143968871595331,2.0,2.0,False,2024
1,17,5,9.0,21.0,5.0,7.0,10.0,13.0,9.0,18.0,6.0,8.0,8.0,11.0,0.05522857259883779,0.48411214953271026,0.050945760020162226,0.4368932038834951,1.0,1.0,True,2024
0,16,24,8.0,19.0,4.0,11.0,5.0,6.0,8.0,21.0,3.0,9.0,6.0,8.0,0.1052181051938533,0.4820415879017013,0.13481745084198107,0.5771276595744681,1.0,3.0,False,2024
1,10,28,11.0,19.0,3.0,7.0,9.0,12.0,16.0,25.0,3.0,7.0,12.0,12.0,0.08849252108845533,0.3840155945419103,0.09925572847316777,0.421875,2.0,2.0,True,2024
1,24,16,8.0,21.0,3.0,9.0,6.0,8.0,8.0,19.0,4.0,11.0,5.0,6.0,0.13481745084198107,0.5771276595744681,0.08417448415508264,0.4811320754716981,3.0,1.0,True,2024
1,7,21,10.0,18.0,7.0,12.0,10.0,10.0,14.0,22.0,8.0,12.0,6.0,6.0,0.07828811479386914,0.4827586206896552,0.011413721242108632,0.41935483870967744,2.0,1.0,True,2024
0,21,7,14.0,22.0,8.0,12.0,6.0,6.0,10.0,18.0,7.0,12.0,10.0,10.0,0.011413721242108632,0.41935483870967744,0.10263049183509532,0.5,1.0,2.0,False,2024
0,28,10,16.0,25.0,3.0,7.0,12.0,12.0,11.0,19.0,3.0,7.0,9.0,12.0,0.09925572847316777,0.421875,0.11079401687076426,0.3852140077821012,2.0,2.0,False,2024
0,5,17,9.0,18.0,6.0,8.0,8.0,11.0,9.0,21.0,5.0,7.0,10.0,13.0,0.050945760020162226,0.4368932038834951,0.08418285807907022,0.48507462686567165,1.0,1.0,False,2024
0,25,2,10.0,24.0,7.0,15.0,5.0,8.0,11.0,19.0,5.0,10.0,9.0,9.0,0.07569120064458686,0.5902527075812274,0.17589376673327792,0.6181818181818182,2.0,1.0,False,2024
1,20,26,9.0,15.0,2.0,8.0,4.0,4.0,14.0,20.0,4.0,5.0,10.0,10.0,0.17625119622862412,0.6167247386759582,0.15243888049024473,0.4875239923224568,1.0,2.0,False,2024
1,1,18,12.0,19.0,8.0,12.0,7.0,8.0,13.0,26.0,3.0,9.0,14.0,15.0,0.078702704352702,0.47689463955637706,0.14166567853104622,0.625886524822695,2.0,2.0,False,2024
1,9,15,7.0,20.0,4.0,10.0,7.0,7.0,12.0,20.0,8.0,16.0,3.0,7.0,0.05404730412681576,0.42722117202268434,0.08867998112980072,0.4448818897637795,3.0,3.0,False,2024
0,15,9,12.0,20.0,8.0,16.0,3.0,7.0,7.0,20.0,4.0,10.0,7.0,7.0,0.08867998112980072,0.4448818897637795,0.043237843301452604,0.42641509433962266,3.0,3.0,True,2024
1,2,25,11.0,19.0,5.0,10.0,9.0,9.0,10.0,24.0,7.0,15.0,5.0,8.0,0.17589376673327792,0.6181818181818182,0.06055296051566948,0.5891891891891892,1.0,2.0,True,2024
0,4,3,14.0,22.0,5.0,8.0,11.0,11.0,15.0,23.0,2.0,11.0,4.0,4.0,0.15792250738437344,0.6591304347826087,0.14240219136969176,0.45038167938931295,2.0,2.0,True,2024
1,3,4,15.0,23.0,2.0,11.0,4.0,4.0,14.0,22.0,5.0,8.0,11.0,11.0,0.14240219136969176,0.45038167938931295,0.16633800590749875,0.6597222222222222,2.0,2.0,False,2024
0,26,20,14.0,20.0,4.0,5.0,10.0,10.0,9.0,15.0,2.0,8.0,4.0,4.0,0.15243888049024473,0.4875239923224568,0.1410009569828993,0.6156521739130435,2.0,1.0,True,2024
0,18,1,13.0,26.0,3.0,9.0,14.0,15.0,12.0,19.0,8.0,12.0,7.0,8.0,0.14166567853104622,0.625886524822695,0.0629621634821616,0.47601476014760147,2.0,2.0,True,2024
1,11,12,8.0,14.0,5.0,8.0,5.0,6.0,9.0,22.0,3.0,8.0,14.0,20.0,0.11242125988201142,0.5698529411764706,0.15774014279007442,0.5597920277296361,2.0,2.0,True,2024
1,23,29,10.0,23.0,4.0,9.0,9.0,11.0,12.0,21.0,3.0,6.0,8.0,10.0,0.14260580303665535,0.470703125,0.09541484927697805,0.5245901639344263,2.0,2.0,True,2024
0,29,23,12.0,21.0,3.0,6.0,8.0,10.0,10.0,23.0,4.0,9.0,9.0,11.0,0.09541484927697805,0.5245901639344263,0.1540846424293243,0.47173489278752434,2.0,2.0,False,2024
0,28,22,15.0,22.0,7.0,11.0,9.0,13.0,10.0,17.0,7.0,11.0,4.0,4.0,0.07940458277853421,0.42105263157894735,0.10546594259239879,0.4894433781190019,1.0,2.0,False,2024
0,12,11,9.0,22.0,3.0,8.0,14.0,20.0,8.0,14.0,5.0,8.0,5.0,6.0,0.15774014279007442,0.5597920277296361,0.12993700790560914,0.5706422018348624,2.0,2.0,False,2024
1,22,28,10.0,17.0,7.0,11.0,4.0,4.0,15.0,22.0,7.0,11.0,9.0,13.0,0.10546594259239879,0.4894433781190019,0.06352366622282737,0.42023346303501946,2.0,1.0,True,2024
0,25,19,14.0,24.0,6.0,9.0,5.0,8.0,9.0,20.0,3.0,8.0,10.0,12.0,0.06055296051566948,0.5891891891891892,0.00017339927145035866,0.32335329341317365,1.0,2.0,False,2024
1,27,18,9.0,17.0,3.0,5.0,6.0,10.0,8.0,22.0,3.0,9.0,3.0,5.0,0.1041751305211589,0.40357852882703776,0.153332542824837,0.6265486725663717,2.0,1.0,True,2024
1,0,13,9.0,25.0,6.0,15.0,3.0,4.0,14.0,29.0,5.0,13.0,6.0,7.0,0.09681285540710714,0.512,0.07415365436410268,0.4897579143389199,2.0,2.0,False,2024
0,18,27,8.0,22.0,3.0,9.0,3.0,5.0,9.0,17.0,3.0,5.0,6.0,10.0,0.153332542824837,0.6265486725663717,0.12334010441692711,0.40476190476190477,1.0,2.0,False,2024
1,19,25,9.0,20.0,3.0,8.0,10.0,12.0,14.0,24.0,6.0,9.0,5.0,8.0,0.00017339927145035866,0.32335329341317365,0.04844236841253559,0.5881294964028777,2.0,1.0,True,2024
0,13,0,14.0,29.0,5.0,13.0,6.0,7.0,9.0,25.0,6.0,15.0,3.0,4.0,0.07415365436410268,0.4897579143389199,0.07745028432568571,0.5079365079365079,2.0,2.0,True,2024
0,10,7,12.0,25.0,3.0,8.0,3.0,3.0,12.0,21.0,3.0,8.0,5.0,5.0,0.11079401687076426,0.3852140077821012,0.10263049183509532,0.5,2.0,2.0,False,2024
1,14,9,15.0,31.0,7.0,18.0,5.0,8.0,13.0,21.0,4.0,8.0,14.0,19.0,0.06683587032313419,0.4143968871595331,0.043237843301452604,0.42641509433962266,2.0,2.0,False,2024
0,9,14,13.0,21.0,4.0,8.0,14.0,19.0,15.0,31.0,7.0,18.0,5.0,8.0,0.043237843301452604,0.42641509433962266,0.05346869625850735,0.41359223300970877,2.0,2.0,True,2024
1,5,2,9.0,16.0,3.0,8.0,2.0,3.0,10.0,17.0,5.0,10.0,6.0,6.0,0.04075660801612978,0.436046511627907,0.18071501338662235,0.6189516129032258,2.0,2.0,False,2024
0,2,5,10.0,17.0,5.0,10.0,6.0,6.0,9.0,16.0,3.0,8.0,2.0,3.0,0.18071501338662235,0.6189516129032258,0.03260528641290382,0.43520309477756286,2.0,2.0,True,2024
1,7,10,12.0,21.0,3.0,8.0,5.0,5.0,12.0,25.0,3.0,8.0,3.0,3.0,0.10263049183509532,0.5,0.08863521349661141,0.3844660194174757,2.0,2.0,True,2024
0,6,26,8.0,20.0,3.0,10.0,5.0,10.0,8.0,16.0,4.0,8.0,9.0,9.0,0.06439116352745947,0.49812734082397003,0.1619511043921958,0.4885057471264368,2.0,2.0,False,2024
0,29,8,12.0,24.0,4.0,7.0,7.0,8.0,10.0,19.0,6.0,11.0,10.0,12.0,0.07633187942158244,0.5236363636363637,0.11233132603849413,0.4731800766283525,1.0,3.0,False,2024
1,16,15,6.0,14.0,5.0,8.0,7.0,8.0,10.0,23.0,4.0,8.0,3.0,5.0,0.08417448415508264,0.4811320754716981,0.11094398490384057,0.44597249508840864,2.0,2.0,False,2024
0,15,16,10.0,23.0,4.0,8.0,3.0,5.0,6.0,14.0,5.0,8.0,7.0,8.0,0.11094398490384057,0.44597249508840864,0.06733958732406611,0.480225988700565,2.0,2.0,True,2024
1,26,6,8.0,16.0,4.0,8.0,9.0,9.0,8.0,20.0,3.0,10.0,5.0,10.0,0.1619511043921958,0.4885057471264368,0.051512930821967576,0.497196261682243,2.0,2.0,True,2024
1,8,29,10.0,19.0,6.0,11.0,10.0,12.0,12.0,24.0,4.0,7.0,7.0,8.0,0.11233132603849413,0.4731800766283525,0.061065503537265954,0.5226860254083484,3.0,1.0,True,2024
0,17,7,7.0,18.0,2.0,5.0,4.0,6.0,8.0,16.0,2.0,6.0,5.0,6.0,0.08418285807907022,0.48507462686567165,0.12210439346807625,0.5161290322580645,3.0,1.0,False,2024
1,28,23,14.0,24.0,3.0,9.0,9.0,13.0,11.0,21.0,4.0,9.0,9.0,10.0,0.06352366622282737,0.42023346303501946,0.1540846424293243,0.47173489278752434,2.0,2.0,True,2024
0,23,28,11.0,21.0,4.0,9.0,9.0,10.0,14.0,24.0,3.0,9.0,9.0,13.0,0.1540846424293243,0.47173489278752434,0.0908189329782619,0.42135922330097086,2.0,2.0,False,2024
0,13,11,6.0,20.0,5.0,13.0,4.0,6.0,10.0,16.0,4.0,8.0,6.0,6.0,0.09932292349128215,0.49070631970260226,0.12993700790560914,0.5706422018348624,2.0,2.0,False,2024
1,25,3,13.0,20.0,5.0,8.0,6.0,8.0,12.0,21.0,4.0,9.0,6.0,8.0,0.04844236841253559,0.5881294964028777,0.1139217530957534,0.44952380952380955,2.0,3.0,True,2024
0,3,25,12.0,21.0,4.0,9.0,6.0,8.0,13.0,20.0,5.0,8.0,6.0,8.0,0.1139217530957534,0.44952380952380955,0.07875389473002847,0.5888689407540395,3.0,2.0,False,2024
1,7,17,8.0,16.0,2.0,6.0,5.0,6.0,7.0,18.0,2.0,5.0,4.0,6.0,0.12210439346807625,0.5161290322580645,0.06734628646325617,0.48417132216014896,1.0,3.0,True,2024
1,11,13,10.0,16.0,4.0,8.0,6.0,6.0,6.0,20.0,5.0,13.0,4.0,6.0,0.12993700790560914,0.5706422018348624,0.07945833879302572,0.4897959183673469,2.0,2.0,True,2024
1,4,22,11.0,20.0,4.0,9.0,8.0,11.0,11.0,22.0,1.0,7.0,7.0,9.0,0.16633800590749875,0.6597222222222222,0.12437275407391904,0.4904214559386973,3.0,2.0,False,2024
1,24,12,10.0,19.0,4.0,8.0,6.0,6.0,7.0,17.0,4.0,8.0,9.0,13.0,0.14785396067358486,0.5782493368700266,0.12619211423205953,0.5588235294117647,3.0,2.0,True,2024
0,12,24,7.0,17.0,4.0,8.0,9.0,13.0,10.0,19.0,4.0,8.0,6.0,6.0,0.12619211423205953,0.5588235294117647,0.15828316853886787,0.5793650793650794,2.0,3.0,False,2024
1,1,19,9.0,15.0,5.0,9.0,8.0,9.0,6.0,16.0,3.0,6.0,6.0,6.0,0.0629621634821616,0.47601476014760147,0.04013871941716028,0.3247011952191235,3.0,2.0,True,2024
0,19,1,6.0,16.0,3.0,6.0,6.0,6.0,9.0,15.0,5.0,9.0,8.0,9.0,0.04013871941716028,0.3247011952191235,0.09036973078572927,0.47697974217311234,2.0,3.0,False,2024
0,21,20,10.0,17.0,3.0,9.0,3.0,5.0,8.0,17.0,5.0,11.0,6.0,7.0,0.009130976993686906,0.41851106639839036,0.1410009569828993,0.6156521739130435,3.0,3.0,False,2024
0,22,4,11.0,22.0,1.0,7.0,7.0,9.0,11.0,20.0,4.0,9.0,8.0,11.0,0.12437275407391904,0.4904214559386973,0.13307040472599901,0.658578856152513,2.0,3.0,True,2024
1,20,21,8.0,17.0,5.0,11.0,6.0,7.0,10.0,17.0,3.0,9.0,3.0,5.0,0.1410009569828993,0.6156521739130435,0.007304781594949525,0.41767068273092367,3.0,3.0,True,2024
1,18,27,10.0,20.0,4.0,7.0,9.0,12.0,7.0,15.0,3.0,8.0,6.0,7.0,0.12266603425986959,0.6254416961130742,0.12334010441692711,0.40476190476190477,3.0,3.0,True,2024
1,26,2,14.0,22.0,4.0,7.0,5.0,8.0,12.0,21.0,5.0,9.0,8.0,10.0,0.16956088351375662,0.4894837476099426,0.18457201070929788,0.6197183098591549,2.0,2.0,True,2024
0,21,15,13.0,24.0,3.0,11.0,6.0,6.0,11.0,25.0,3.0,10.0,5.0,8.0,0.007304781594949525,0.41767068273092367,0.12875518792307244,0.4470588235294118,1.0,2.0,True,2024
0,27,18,7.0,15.0,3.0,8.0,6.0,7.0,10.0,20.0,4.0,7.0,9.0,12.0,0.12334010441692711,0.40476190476190477,0.13813282740789568,0.6261022927689595,3.0,3.0,False,2024
0,2,26,12.0,21.0,5.0,9.0,8.0,10.0,14.0,22.0,4.0,7.0,5.0,8.0,0.18457201070929788,0.6197183098591549,0.1756487068110053,0.4904580152671756,2.0,2.0,False,2024
1,15,21,11.0,25.0,3.0,10.0,5.0,8.0,13.0,24.0,3.0,11.0,6.0,6.0,0.12875518792307244,0.4470588235294118,0.04584382527595962,0.4188376753507014,2.0,1.0,False,2024
0,6,8,6.0,12.0,5.0,9.0,3.0,3.0,6.0,13.0,4.0,8.0,3.0,4.0,0.051512930821967576,0.497196261682243,0.12986506083079533,0.47418738049713194,2.0,2.0,False,2024
0,5,16,8.0,16.0,3.0,6.0,4.0,5.0,11.0,17.0,3.0,9.0,9.0,12.0,0.03260528641290382,0.43520309477756286,0.06733958732406611,0.480225988700565,2.0,2.0,False,2024
1,0,10,12.0,20.0,4.0,9.0,8.0,11.0,10.0,20.0,3.0,8.0,8.0,11.0,0.07745028432568571,0.5079365079365079,0.08863521349661141,0.3844660194174757,3.0,2.0,True,2024
1,8,6,6.0,13.0,4.0,8.0,3.0,4.0,6.0,12.0,5.0,9.0,3.0,3.0,0.12986506083079533,0.47418738049713194,0.04121034465757406,0.4962686567164179,2.0,2.0,True,2024
1,16,5,11.0,17.0,3.0,9.0,9.0,12.0,8.0,16.0,3.0,6.0,4.0,5.0,0.06733958732406611,0.480225988700565,0.026084229130323055,0.4343629343629344,2.0,2.0,True,2024
0,10,0,10.0,20.0,3.0,8.0,8.0,11.0,12.0,20.0,4.0,9.0,8.0,11.0,0.08863521349661141,0.3844660194174757,0.10196022746054859,0.5118110236220472,2.0,3.0,False,2024
1,7,24,11.0,20.0,5.0,8.0,8.0,9.0,9.0,16.0,5.0,10.0,12.0,14.0,0.137683514774461,0.53125,0.15828316853886787,0.5793650793650794,2.0,2.0,False,2024
1,11,19,11.0,20.0,4.0,8.0,10.0,11.0,13.0,26.0,8.0,15.0,5.0,5.0,0.1439496063244873,0.5714285714285714,0.03211097553372823,0.3240556660039761,2.0,2.0,True,2024
0,19,11,13.0,26.0,8.0,15.0,5.0,5.0,11.0,20.0,4.0,8.0,10.0,11.0,0.03211097553372823,0.3240556660039761,0.15515968505958982,0.5722120658135283,2.0,2.0,False,2024
1,15,10,13.0,22.0,7.0,13.0,6.0,9.0,13.0,25.0,6.0,12.0,11.0,14.0,0.10300415033845796,0.4461839530332681,0.07090817079728913,0.38372093023255816,1.0,1.0,True,2024
1,16,25,10.0,18.0,4.0,8.0,6.0,6.0,9.0,18.0,5.0,8.0,5.0,6.0,0.09387166985925288,0.48120300751879697,0.07875389473002847,0.5888689407540395,1.0,2.0,False,2024
0,27,28,10.0,19.0,6.0,9.0,5.0,6.0,13.0,23.0,4.0,9.0,6.0,7.0,0.09867208353354169,0.403960396039604,0.0908189329782619,0.42135922330097086,1.0,2.0,False,2024
0,24,7,9.0,16.0,5.0,10.0,12.0,14.0,11.0,20.0,5.0,8.0,8.0,9.0,0.15828316853886787,0.5793650793650794,0.1101468118195688,0.5151515151515151,2.0,2.0,True,2024
1,23,8,11.0,22.0,4.0,7.0,9.0,10.0,11.0,16.0,4.0,6.0,5.0,6.0,0.12326771394345944,0.4708171206225681,0.14389204866463626,0.4751908396946565,2.0,1.0,False,2024
0,8,23,11.0,16.0,4.0,6.0,5.0,6.0,11.0,22.0,4.0,7.0,9.0,10.0,0.14389204866463626,0.4751908396946565,0.09861417115476755,0.46990291262135925,1.0,2.0,True,2024
1,28,27,13.0,23.0,4.0,9.0,6.0,7.0,10.0,19.0,6.0,9.0,5.0,6.0,0.0908189329782619,0.42135922330097086,0.07893766682683336,0.4031620553359684,2.0,1.0,True,2024
0,10,15,13.0,25.0,6.0,12.0,11.0,14.0,13.0,22.0,7.0,13.0,6.0,9.0,0.07090817079728913,0.38372093023255816,0.12240332027076636,0.447265625,1.0,1.0,False,2024
0,25,16,9.0,18.0,5.0,8.0,5.0,6.0,10.0,18.0,4.0,8.0,6.0,6.0,0.07875389473002847,0.5888689407540395,0.0750973358874023,0.4803001876172608,2.0,1.0,True,2024
0,12,29,7.0,19.0,4.0,12.0,5.0,6.0,10.0,18.0,2.0,9.0,9.0,10.0,0.10095369138564762,0.5578583765112263,0.061065503537265954,0.5226860254083484,2.0,3.0,True,2024
1,3,14,9.0,18.0,6.0,9.0,6.0,6.0,7.0,12.0,2.0,6.0,4.0,6.0,0.09113740247660272,0.44866920152091255,0.05346869625850735,0.41359223300970877,2.0,3.0,True,2024
1,29,12,10.0,18.0,2.0,9.0,9.0,10.0,7.0,19.0,4.0,12.0,5.0,6.0,0.061065503537265954,0.5226860254083484,0.1207629531085181,0.5586206896551724,3.0,2.0,False,2024
0,26,9,11.0,24.0,3.0,7.0,9.0,11.0,11.0,18.0,5.0,11.0,10.0,11.0,0.1756487068110053,0.4904580152671756,0.07459027464116208,0.4274952919020716,1.0,3.0,False,2024
1,9,26,11.0,18.0,5.0,11.0,10.0,11.0,11.0,24.0,3.0,7.0,9.0,11.0,0.07459027464116208,0.4274952919020716,0.14051896544880424,0.4895238095238095,3.0,1.0,True,2024
1,22,4,10.0,20.0,5.0,11.0,6.0,6.0,8.0,18.0,4.0,8.0,9.0,13.0,0.13949820325913523,0.491395793499044,0.13307040472599901,0.658578856152513,2.0,2.0,True,2024
0,14,3,7.0,12.0,2.0,6.0,4.0,6.0,9.0,18.0,6.0,9.0,6.0,6.0,0.05346869625850735,0.41359223300970877,0.11290992198128218,0.4497153700189753,3.0,2.0,False,2024
0,17,13,6.0,16.0,4.0,7.0,4.0,4.0,13.0,21.0,4.0,8.0,11.0,14.0,0.06734628646325617,0.48417132216014896,0.07945833879302572,0.4897959183673469,2.0,2.0,False,2024
0,6,1,6.0,18.0,3.0,12.0,4.0,6.0,11.0,17.0,6.0,9.0,8.0,10.0,0.04121034465757406,0.4962686567164179,0.09036973078572927,0.47697974217311234,1.0,2.0,False,2024
1,1,6,11.0,17.0,6.0,9.0,8.0,10.0,6.0,18.0,3.0,12.0,4.0,6.0,0.09036973078572927,0.47697974217311234,0.032968275726059246,0.49534450651769085,2.0,1.0,True,2024
0,4,22,8.0,18.0,4.0,8.0,9.0,13.0,10.0,20.0,5.0,11.0,6.0,6.0,0.13307040472599901,0.658578856152513,0.15159856260730817,0.49236641221374045,2.0,2.0,False,2024
1,13,17,13.0,21.0,4.0,8.0,11.0,14.0,6.0,16.0,4.0,7.0,4.0,4.0,0.07945833879302572,0.4897959183673469,0.05387702917060494,0.483271375464684,2.0,2.0,True,2024
0,4,5,19.0,28.0,2.0,6.0,5.0,6.0,14.0,21.0,6.0,9.0,5.0,6.0,0.10645632378079921,0.657439446366782,0.026084229130323055,0.4343629343629344,1.0,2.0,True,2024
1,5,4,14.0,21.0,6.0,9.0,5.0,6.0,19.0,28.0,2.0,6.0,5.0,6.0,0.026084229130323055,0.4343629343629344,0.12516505902463937,0.6580310880829016,2.0,1.0,False,2024
1,0,20,11.0,23.0,5.0,12.0,6.0,7.0,13.0,17.0,2.0,6.0,8.0,9.0,0.10196022746054859,0.5118110236220472,0.15280076558631944,0.6163194444444444,2.0,3.0,False,2024
0,20,0,13.0,17.0,2.0,6.0,8.0,9.0,11.0,23.0,5.0,12.0,6.0,7.0,0.15280076558631944,0.6163194444444444,0.08156818196843887,0.5078125,3.0,2.0,True,2024
0,9,22,13.0,19.0,2.0,11.0,9.0,10.0,10.0,14.0,3.0,8.0,5.0,5.0,0.09967221971292967,0.42857142857142855,0.15159856260730817,0.49236641221374045,2.0,2.0,False,2024
1,15,25,11.0,20.0,5.0,9.0,3.0,4.0,8.0,17.0,4.0,12.0,6.0,7.0,0.12240332027076636,0.447265625,0.10300311578402277,0.589605734767025,2.0,2.0,True,2024
1,22,9,10.0,14.0,3.0,8.0,5.0,5.0,13.0,19.0,2.0,11.0,9.0,10.0,0.15159856260730817,0.49236641221374045,0.07973777577034373,0.4277673545966229,2.0,2.0,True,2024
0,16,29,11.0,17.0,8.0,14.0,4.0,5.0,13.0,24.0,4.0,9.0,6.0,10.0,0.0750973358874023,0.4803001876172608,0.04885240282981276,0.5217391304347826,2.0,2.0,True,2024
1,29,16,13.0,24.0,4.0,9.0,6.0,10.0,11.0,17.0,8.0,14.0,4.0,5.0,0.04885240282981276,0.5217391304347826,0.10007786870992183,0.4812734082397004,2.0,2.0,False,2024
0,24,8,9.0,15.0,6.0,10.0,4.0,5.0,6.0,13.0,4.0,9.0,6.0,8.0,0.1666265348310943,0.5804749340369393,0.15511363893170899,0.47619047619047616,2.0,2.0,True,2024
1,8,24,6.0,13.0,4.0,9.0,6.0,8.0,9.0,15.0,6.0,10.0,4.0,5.0,0.15511363893170899,0.47619047619047616,0.17330122786487542,0.5815789473684211,2.0,2.0,False,2024
1,18,28,10.0,23.0,3.0,7.0,9.0,12.0,11.0,20.0,4.0,9.0,6.0,6.0,0.13813282740789568,0.6261022927689595,0.11265514638260951,0.42248062015503873,3.0,2.0,False,2024
0,23,1,8.0,17.0,3.0,6.0,6.0,6.0,8.0,17.0,4.0,8.0,3.0,4.0,0.09861417115476755,0.46990291262135925,0.11229578462858343,0.47794117647058826,2.0,2.0,True,2024
0,12,7,11.0,19.0,3.0,7.0,6.0,7.0,11.0,19.0,9.0,14.0,7.0,8.0,0.1207629531085181,0.5586206896551724,0.1101468118195688,0.5151515151515151,2.0,2.0,False,2024
1,7,12,11.0,19.0,9.0,14.0,7.0,8.0,11.0,19.0,3.0,7.0,6.0,7.0,0.1101468118195688,0.5151515151515151,0.09661036248681448,0.5576592082616179,2.0,2.0,True,2024
1,1,23,8.0,17.0,4.0,8.0,3.0,4.0,8.0,17.0,3.0,6.0,6.0,6.0,0.11229578462858343,0.47794117647058826,0.11889133692381404,0.47093023255813954,2.0,2.0,False,2024
0,28,18,11.0,20.0,4.0,9.0,6.0,6.0,10.0,23.0,3.0,7.0,9.0,12.0,0.11265514638260951,0.42248062015503873,0.11050626192631655,0.625,2.0,3.0,True,2024
0,25,15,8.0,17.0,4.0,12.0,6.0,7.0,11.0,20.0,5.0,9.0,3.0,4.0,0.10300311578402277,0.589605734767025,0.1379226562166131,0.44834307992202727,2.0,2.0,False,2024
1,0,19,7.0,19.0,4.0,12.0,8.0,9.0,13.0,22.0,4.0,10.0,3.0,3.0,0.08156818196843887,0.5078125,0.025688780426982583,0.32341269841269843,1.0,2.0,True,2024
0,19,0,13.0,22.0,4.0,10.0,3.0,3.0,7.0,19.0,4.0,12.0,8.0,9.0,0.025688780426982583,0.32341269841269843,0.10525454557475108,0.5116279069767442,2.0,1.0,False,2024
0,14,3,6.0,14.0,4.0,6.0,3.0,4.0,8.0,15.0,5.0,9.0,5.0,8.0,0.04277495700680588,0.4127906976744186,0.11290992198128218,0.4497153700189753,2.0,2.0,False,2024
1,20,10,13.0,23.0,4.0,6.0,4.0,5.0,9.0,21.0,7.0,9.0,15.0,19.0,0.16224061246905558,0.6169844020797227,0.0567265366378313,0.3829787234042553,1.0,2.0,False,2024
0,10,20,9.0,21.0,7.0,9.0,15.0,19.0,13.0,23.0,4.0,6.0,4.0,5.0,0.0567265366378313,0.3829787234042553,0.12979248997524445,0.615916955017301,2.0,1.0,True,2024
1,13,17,10.0,18.0,3.0,7.0,5.0,6.0,7.0,15.0,3.0,7.0,4.0,5.0,0.10356667103442056,0.49074074074074076,0.05387702917060494,0.483271375464684,2.0,2.0,True,2024
1,3,14,8.0,15.0,5.0,9.0,5.0,8.0,6.0,14.0,4.0,6.0,3.0,4.0,0.11290992198128218,0.4497153700189753,0.0342199656054447,0.4119922630560928,2.0,2.0,True,2024
0,17,13,7.0,15.0,3.0,7.0,4.0,5.0,10.0,18.0,3.0,7.0,5.0,6.0,0.05387702917060494,0.483271375464684,0.12285333682753645,0.49168207024029575,2.0,2.0,False,2024
0,21,27,12.0,18.0,3.0,7.0,4.0,4.0,7.0,12.0,3.0,6.0,5.0,6.0,0.04584382527595962,0.4188376753507014,0.07893766682683336,0.4031620553359684,3.0,2.0,False,2024
0,26,6,11.0,19.0,2.0,5.0,10.0,15.0,8.0,15.0,3.0,10.0,7.0,10.0,0.14051896544880424,0.4895238095238095,0.032968275726059246,0.49534450651769085,2.0,2.0,False,2024
1,27,21,7.0,12.0,3.0,6.0,5.0,6.0,12.0,18.0,3.0,7.0,4.0,4.0,0.07893766682683336,0.4031620553359684,0.0366750602207677,0.418,2.0,3.0,True,2024
1,2,11,6.0,12.0,5.0,8.0,13.0,14.0,7.0,16.0,2.0,7.0,6.0,8.0,0.14765760856743831,0.6184738955823293,0.15515968505958982,0.5722120658135283,3.0,2.0,True,2024
0,11,2,7.0,16.0,2.0,7.0,6.0,8.0,6.0,12.0,5.0,8.0,13.0,14.0,0.15515968505958982,0.5722120658135283,0.15812608685395063,0.6192384769539078,2.0,3.0,False,2024
1,6,26,8.0,15.0,3.0,10.0,7.0,10.0,11.0,19.0,2.0,5.0,10.0,15.0,0.032968275726059246,0.49534450651769085,0.11241517235904339,0.48859315589353614,2.0,2.0,True,2024
0,28,14,13.0,23.0,4.0,8.0,10.0,13.0,10.0,21.0,4.0,10.0,3.0,5.0,0.13012411710608762,0.42359767891682787,0.0342199656054447,0.4119922630560928,1.0,1.0,True,2024
0,11,18,12.0,19.0,5.0,9.0,8.0,9.0,9.0,24.0,3.0,8.0,7.0,8.0,0.12412774804767186,0.5711678832116789,0.11050626192631655,0.625,1.0,1.0,True,2024
1,18,11,9.0,24.0,3.0,8.0,7.0,8.0,12.0,19.0,5.0,9.0,8.0,9.0,0.11050626192631655,0.625,0.1393021984381375,0.5719489981785064,1.0,1.0,False,2024
1,14,28,10.0,21.0,4.0,10.0,3.0,5.0,13.0,23.0,4.0,8.0,10.0,13.0,0.0342199656054447,0.4119922630560928,0.1440992936848701,0.4247104247104247,1.0,1.0,False,2024
0,2,22,14.0,23.0,8.0,13.0,4.0,8.0,7.0,17.0,3.0,10.0,6.0,9.0,0.15812608685395063,0.6192384769539078,0.16127885008584655,0.49333333333333335,1.0,1.0,True,2024
0,4,1,16.0,25.0,3.0,8.0,15.0,21.0,7.0,21.0,3.0,10.0,7.0,10.0,0.12516505902463937,0.6580310880829016,0.08983662770286674,0.47706422018348627,2.0,1.0,False,2024
1,22,2,7.0,17.0,3.0,10.0,6.0,9.0,14.0,23.0,8.0,13.0,4.0,8.0,0.16127885008584655,0.49333333333333335,0.1665008694831605,0.62,1.0,1.0,False,2024
1,1,4,7.0,21.0,3.0,10.0,7.0,10.0,16.0,25.0,3.0,8.0,15.0,21.0,0.08983662770286674,0.47706422018348627,0.1001320472197115,0.656896551724138,1.0,2.0,True,2024
1,29,24,11.0,19.0,3.0,9.0,4.0,5.0,9.0,18.0,4.0,11.0,6.0,6.0,0.03908192226385021,0.5207956600361664,0.17330122786487542,0.5815789473684211,2.0,2.0,True,2024
1,10,9,13.0,29.0,7.0,14.0,5.0,7.0,11.0,23.0,4.0,9.0,7.0,10.0,0.08538122931026504,0.3841698841698842,0.07973777577034373,0.4277673545966229,2.0,2.0,True,2024
0,24,29,9.0,18.0,4.0,11.0,6.0,6.0,11.0,19.0,3.0,9.0,4.0,5.0,0.17330122786487542,0.5815789473684211,0.07126553781108017,0.5216606498194946,2.0,2.0,False,2024
1,15,8,8.0,12.0,3.0,6.0,3.0,4.0,11.0,16.0,7.0,10.0,4.0,4.0,0.1379226562166131,0.44834307992202727,0.12409091114536719,0.4752851711026616,2.0,2.0,False,2024
0,8,15,11.0,16.0,7.0,10.0,4.0,4.0,8.0,12.0,3.0,6.0,3.0,4.0,0.12409091114536719,0.4752851711026616,0.11033812497329047,0.4474708171206226,2.0,2.0,True,2024
0,16,7,11.0,20.0,4.0,13.0,5.0,5.0,11.0,23.0,4.0,8.0,4.0,5.0,0.10007786870992183,0.4812734082397004,0.12811744945565504,0.5294117647058824,2.0,2.0,True,2024
0,9,10,11.0,23.0,4.0,9.0,7.0,10.0,13.0,29.0,7.0,14.0,5.0,7.0,0.07973777577034373,0.4277673545966229,0.10830498344821202,0.3853564547206166,2.0,2.0,False,2024
1,0,25,10.0,15.0,5.0,9.0,5.0,5.0,13.0,20.0,5.0,8.0,6.0,8.0,0.10525454557475108,0.5116279069767442,0.08240249262721822,0.5885509838998211,2.0,2.0,False,2024
1,7,16,11.0,23.0,4.0,8.0,4.0,5.0,11.0,20.0,4.0,13.0,5.0,5.0,0.12811744945565504,0.5294117647058824,0.12006229496793748,0.4822429906542056,2.0,2.0,False,2024
1,20,19,14.0,24.0,3.0,8.0,6.0,7.0,8.0,12.0,3.0,6.0,5.0,8.0,0.12979248997524445,0.615916955017301,0.020551024341586066,0.3227722772277228,2.0,2.0,True,2024
1,13,23,14.0,27.0,6.0,12.0,5.0,8.0,14.0,27.0,3.0,9.0,5.0,7.0,0.12285333682753645,0.49168207024029575,0.11889133692381404,0.47093023255813954,2.0,2.0,True,2024
0,23,13,14.0,27.0,3.0,9.0,5.0,7.0,14.0,27.0,6.0,12.0,5.0,8.0,0.11889133692381404,0.47093023255813954,0.13828266946202916,0.492619926199262,2.0,2.0,False,2024
0,25,0,13.0,20.0,5.0,8.0,6.0,8.0,10.0,15.0,5.0,9.0,5.0,5.0,0.08240249262721822,0.5885509838998211,0.08420363645980086,0.5076923076923077,2.0,2.0,True,2024
1,3,5,11.0,19.0,5.0,10.0,7.0,7.0,9.0,19.0,4.0,9.0,10.0,11.0,0.13032793758502575,0.45075757575757575,0.020867383304258445,0.43352601156069365,2.0,3.0,True,2024
0,5,3,9.0,19.0,4.0,9.0,10.0,11.0,11.0,19.0,5.0,10.0,7.0,7.0,0.020867383304258445,0.43352601156069365,0.1442623500680206,0.45179584120982985,3.0,2.0,False,2024
1,6,17,15.0,26.0,4.0,8.0,8.0,8.0,13.0,25.0,5.0,10.0,7.0,8.0,0.0663746205808474,0.4962825278810409,0.04310162333648395,0.48237476808905383,2.0,2.0,False,2024
0,17,6,13.0,25.0,5.0,10.0,7.0,8.0,15.0,26.0,4.0,8.0,8.0,8.0,0.04310162333648395,0.48237476808905383,0.053099696464677916,0.49536178107606677,2.0,2.0,True,2024
0,19,20,8.0,12.0,3.0,6.0,5.0,8.0,14.0,24.0,3.0,8.0,6.0,7.0,0.020551024341586066,0.3227722772277228,0.14383399198019559,0.616580310880829,2.0,2.0,False,2024
1,14,26,10.0,24.0,4.0,8.0,8.0,9.0,11.0,17.0,4.0,7.0,8.0,10.0,0.02737597248435576,0.4111969111969112,0.11241517235904339,0.48859315589353614,2.0,3.0,False,2024
1,4,11,10.0,20.0,5.0,8.0,6.0,9.0,8.0,15.0,4.0,10.0,7.0,8.0,0.1001320472197115,0.656896551724138,0.1393021984381375,0.5719489981785064,2.0,2.0,False,2024
0,11,4,8.0,15.0,4.0,10.0,7.0,8.0,10.0,20.0,5.0,8.0,6.0,9.0,0.1393021984381375,0.5719489981785064,0.0801056377757692,0.6557659208261618,2.0,2.0,True,2024
1,12,1,10.0,20.0,5.0,10.0,6.0,7.0,10.0,22.0,7.0,14.0,5.0,6.0,0.09661036248681448,0.5576592082616179,0.11186930216229338,0.47802197802197804,3.0,2.0,True,2024
0,1,12,10.0,22.0,7.0,14.0,5.0,6.0,10.0,20.0,5.0,10.0,6.0,7.0,0.11186930216229338,0.47802197802197804,0.11728828998945158,0.5584192439862543,2.0,3.0,False,2024
0,26,14,11.0,17.0,4.0,7.0,8.0,10.0,10.0,24.0,4.0,8.0,8.0,9.0,0.11241517235904339,0.48859315589353614,0.021900777987484608,0.41040462427745666,3.0,2.0,True,2024
0,7,24,10.0,17.0,3.0,7.0,7.0,8.0,10.0,19.0,4.0,9.0,4.0,6.0,0.10249395956452403,0.5142857142857142,0.13864098229190033,0.5800524934383202,1.0,1.0,False,2024
1,22,2,8.0,15.0,5.0,9.0,5.0,7.0,17.0,26.0,4.0,8.0,6.0,7.0,0.12902308006867724,0.4923954372623574,0.1665008694831605,0.62,2.0,2.0,True,2024
0,2,22,17.0,26.0,4.0,8.0,6.0,7.0,8.0,15.0,5.0,9.0,5.0,7.0,0.1665008694831605,0.62,0.1432184640549418,0.49335863377609107,2.0,2.0,False,2024
1,21,27,10.0,18.0,7.0,13.0,12.0,12.0,10.0,19.0,3.0,7.0,4.0,5.0,0.0366750602207677,0.418,0.10315013346146666,0.40433925049309666,3.0,3.0,False,2024
1,24,7,10.0,19.0,4.0,9.0,4.0,6.0,10.0,17.0,3.0,7.0,7.0,8.0,0.13864098229190033,0.5800524934383202,0.08199516765161922,0.5,1.0,1.0,True,2024
0,27,21,10.0,19.0,3.0,7.0,4.0,5.0,10.0,18.0,7.0,13.0,12.0,12.0,0.10315013346146666,0.40433925049309666,0.029340048176614158,0.4171656686626746,3.0,3.0,True,2024
0,17,28,8.0,16.0,2.0,7.0,4.0,6.0,9.0,17.0,4.0,9.0,5.0,6.0,0.07448129866918715,0.48333333333333334,0.1440992936848701,0.4247104247104247,2.0,3.0,False,2024
1,10,23,8.0,22.0,4.0,10.0,8.0,11.0,11.0,19.0,5.0,6.0,5.0,6.0,0.10830498344821202,0.3853564547206166,0.09511306953905123,0.4700193423597679,2.0,2.0,False,2024
0,23,10,11.0,19.0,5.0,6.0,5.0,6.0,8.0,22.0,4.0,10.0,8.0,11.0,0.09511306953905123,0.4700193423597679,0.08664398675856962,0.38461538461538464,2.0,2.0,True,2024
1,29,25,13.0,17.0,4.0,6.0,13.0,14.0,11.0,20.0,4.0,7.0,2.0,3.0,0.07126553781108017,0.5216606498194946,0.10592199410177457,0.5892857142857143,2.0,2.0,True,2024
1,28,17,9.0,17.0,4.0,9.0,5.0,6.0,8.0,16.0,2.0,7.0,4.0,6.0,0.1440992936848701,0.4247104247104247,0.05958503893534972,0.4824399260628466,3.0,2.0,True,2024
1,19,15,10.0,17.0,4.0,9.0,6.0,8.0,16.0,21.0,5.0,9.0,4.0,4.0,0.016440819473268854,0.3221343873517787,0.11033812497329047,0.4474708171206226,2.0,2.0,False,2024
1,13,16,11.0,25.0,2.0,8.0,11.0,15.0,11.0,27.0,4.0,9.0,8.0,9.0,0.13828266946202916,0.492619926199262,0.12006229496793748,0.4822429906542056,2.0,2.0,False,2024
0,16,13,11.0,27.0,4.0,9.0,8.0,9.0,11.0,25.0,2.0,8.0,11.0,15.0,0.12006229496793748,0.4822429906542056,0.11062613556962334,0.49171270718232046,2.0,2.0,True,2024
0,25,29,11.0,20.0,4.0,7.0,2.0,3.0,13.0,17.0,4.0,6.0,13.0,14.0,0.10592199410177457,0.5892857142857143,0.09701243024886412,0.5225225225225225,2.0,2.0,False,2024
0,15,19,16.0,21.0,5.0,9.0,4.0,4.0,10.0,17.0,4.0,9.0,6.0,8.0,0.11033812497329047,0.4474708171206226,0.013152655578615082,0.3214990138067061,2.0,2.0,True,2024
1,22,14,7.0,15.0,3.0,6.0,8.0,8.0,11.0,21.0,3.0,8.0,6.0,7.0,0.1432184640549418,0.49335863377609107,0.021900777987484608,0.41040462427745666,2.0,2.0,True,2024
1,0,8,9.0,18.0,4.0,8.0,4.0,6.0,9.0,13.0,4.0,11.0,3.0,5.0,0.08420363645980086,0.5076923076923077,0.13927272891629375,0.476280834914611,3.0,3.0,False,2024
1,11,20,12.0,19.0,3.0,8.0,12.0,12.0,8.0,15.0,2.0,5.0,10.0,12.0,0.15144175875051,0.5727272727272728,0.14383399198019559,0.616580310880829,2.0,3.0,True,2024
0,20,11,8.0,15.0,2.0,5.0,10.0,12.0,12.0,19.0,3.0,8.0,12.0,12.0,0.14383399198019559,0.616580310880829,0.161153407000408,0.573502722323049,3.0,2.0,False,2024
0,14,22,11.0,21.0,3.0,8.0,6.0,7.0,7.0,15.0,3.0,6.0,8.0,8.0,0.021900777987484608,0.41040462427745666,0.1545747712439534,0.4943181818181818,2.0,2.0,False,2024
1,12,26,9.0,21.0,5.0,7.0,7.0,9.0,11.0,17.0,3.0,6.0,4.0,5.0,0.11728828998945158,0.5584192439862543,0.12993213788723473,0.48956356736242884,2.0,2.0,False,2024
0,26,12,11.0,17.0,3.0,6.0,4.0,5.0,9.0,21.0,5.0,7.0,7.0,9.0,0.12993213788723473,0.48956356736242884,0.09383063199156126,0.5574614065180102,2.0,2.0,True,2024
1,24,25,12.0,22.0,5.0,9.0,7.0,7.0,10.0,16.0,4.0,6.0,9.0,9.0,0.15091278583352027,0.581151832460733,0.08473759528141965,0.5882352941176471,2.0,1.0,True,2024
0,25,24,10.0,16.0,4.0,6.0,9.0,9.0,12.0,22.0,5.0,9.0,7.0,7.0,0.08473759528141965,0.5882352941176471,0.16073022866681624,0.5822454308093995,1.0,2.0,False,2024
0,8,0,9.0,13.0,4.0,11.0,3.0,5.0,9.0,18.0,4.0,8.0,4.0,6.0,0.13927272891629375,0.476280834914611,0.06736290916784068,0.5038167938931297,3.0,3.0,True,2024
0,18,9,12.0,29.0,4.0,11.0,7.0,9.0,8.0,22.0,5.0,8.0,12.0,14.0,0.08840500954105324,0.6239015817223199,0.06379022061627498,0.42696629213483145,4.0,3.0,False,2024
0,5,19,7.0,16.0,4.0,5.0,8.0,8.0,10.0,18.0,3.0,10.0,4.0,5.0,0.016693906643406756,0.4326923076923077,0.013152655578615082,0.3214990138067061,3.0,1.0,True,2024
1,21,15,10.0,21.0,4.0,8.0,7.0,8.0,11.0,18.0,3.0,7.0,7.0,7.0,0.029340048176614158,0.4171656686626746,0.12827049997863238,0.44854368932038835,2.0,1.0,False,2024
1,9,18,8.0,22.0,5.0,8.0,12.0,14.0,12.0,29.0,4.0,11.0,7.0,9.0,0.06379022061627498,0.42696629213483145,0.07072400763284259,0.6228070175438597,3.0,4.0,True,2024
0,23,2,11.0,25.0,3.0,7.0,7.0,7.0,13.0,26.0,6.0,11.0,13.0,14.0,0.11609045563124099,0.47104247104247104,0.13320069558652842,0.6187624750499002,1.0,2.0,False,2024
1,2,23,13.0,26.0,6.0,11.0,13.0,14.0,11.0,25.0,3.0,7.0,7.0,7.0,0.13320069558652842,0.6187624750499002,0.09287236450499278,0.4701348747591522,2.0,1.0,True,2024
1,27,1,9.0,19.0,6.0,11.0,6.0,7.0,11.0,19.0,4.0,14.0,3.0,8.0,0.12252010676917333,0.40551181102362205,0.0894954417298347,0.47714808043875684,2.0,2.0,True,2024
0,15,21,11.0,18.0,3.0,7.0,7.0,7.0,10.0,21.0,4.0,8.0,7.0,8.0,0.12827049997863238,0.44854368932038835,0.023472038541291325,0.4163346613545817,1.0,2.0,True,2024
1,19,5,10.0,18.0,3.0,10.0,4.0,5.0,7.0,16.0,4.0,5.0,8.0,8.0,0.013152655578615082,0.3214990138067061,0.0533551253147254,0.43378119001919385,1.0,3.0,False,2024
0,1,27,11.0,19.0,4.0,14.0,3.0,8.0,9.0,19.0,6.0,11.0,6.0,7.0,0.0894954417298347,0.47714808043875684,0.13801608541533866,0.4066797642436149,2.0,2.0,False,2024
1,26,17,11.0,15.0,3.0,5.0,8.0,8.0,4.0,21.0,4.0,9.0,4.0,6.0,0.14394571030978778,0.49053030303030304,0.05958503893534972,0.4824399260628466,1.0,2.0,True,2024
0,17,26,4.0,21.0,4.0,9.0,4.0,6.0,11.0,15.0,3.0,5.0,8.0,8.0,0.05958503893534972,0.4824399260628466,0.15515656824783022,0.4914933837429111,2.0,1.0,False,2024
0,2,4,6.0,14.0,4.0,9.0,7.0,7.0,11.0,18.0,5.0,8.0,6.0,6.0,0.14656055646922272,0.6195219123505976,0.0801056377757692,0.6557659208261618,1.0,3.0,False,2024
1,29,7,7.0,14.0,3.0,8.0,5.0,7.0,14.0,22.0,8.0,10.0,7.0,7.0,0.09701243024886412,0.5225225225225225,0.08199516765161922,0.5,2.0,3.0,False,2024
1,4,2,11.0,18.0,5.0,8.0,6.0,6.0,6.0,14.0,4.0,9.0,7.0,7.0,0.0801056377757692,0.6557659208261618,0.11724844517537818,0.6182902584493042,3.0,1.0,True,2024
1,13,28,15.0,26.0,6.0,13.0,8.0,9.0,12.0,23.0,5.0,10.0,8.0,9.0,0.11062613556962334,0.49171270718232046,0.15527943494789606,0.4258188824662813,2.0,2.0,True,2024
0,28,13,12.0,23.0,5.0,10.0,8.0,9.0,15.0,26.0,6.0,13.0,8.0,9.0,0.15527943494789606,0.4258188824662813,0.12850090845569867,0.49264705882352944,2.0,2.0,False,2024
1,3,6,15.0,30.0,4.0,12.0,11.0,13.0,9.0,21.0,4.0,6.0,12.0,13.0,0.1442623500680206,0.45179584120982985,0.053099696464677916,0.49536178107606677,4.0,4.0,True,2024
0,6,3,9.0,21.0,4.0,6.0,12.0,13.0,15.0,30.0,4.0,12.0,11.0,13.0,0.053099696464677916,0.49536178107606677,0.15540988005441647,0.4528301886792453,4.0,4.0,False,2024
0,7,29,14.0,22.0,8.0,10.0,7.0,7.0,7.0,14.0,3.0,8.0,5.0,7.0,0.08199516765161922,0.5,0.0776099441990913,0.5215827338129496,3.0,2.0,True,2024
0,15,18,6.0,17.0,3.0,7.0,9.0,11.0,14.0,25.0,4.0,8.0,6.0,6.0,0.1426163999829059,0.4496124031007752,0.07072400763284259,0.6228070175438597,2.0,2.0,False,2024
1,12,10,9.0,19.0,4.0,10.0,5.0,6.0,10.0,26.0,4.0,9.0,5.0,6.0,0.09383063199156126,0.5574614065180102,0.08664398675856962,0.38461538461538464,2.0,3.0,True,2024
0,17,23,6.0,15.0,2.0,7.0,5.0,7.0,9.0,11.0,3.0,6.0,6.0,8.0,0.04766803114827978,0.48154981549815495,0.09287236450499278,0.4701348747591522,1.0,2.0,False,2024
1,23,17,9.0,11.0,3.0,6.0,6.0,8.0,6.0,15.0,2.0,7.0,5.0,7.0,0.09287236450499278,0.4701348747591522,0.03813442491862382,0.48066298342541436,2.0,1.0,True,2024
1,11,25,8.0,16.0,5.0,9.0,7.0,8.0,8.0,14.0,5.0,7.0,7.0,11.0,0.161153407000408,0.573502722323049,0.06779007622513572,0.5871886120996441,2.0,2.0,True,2024
1,18,15,14.0,25.0,4.0,8.0,6.0,6.0,6.0,17.0,3.0,7.0,9.0,11.0,0.07072400763284259,0.6228070175438597,0.11409311998632472,0.44874274661508706,2.0,2.0,True,2024
0,21,5,6.0,14.0,3.0,9.0,15.0,16.0,9.0,14.0,4.0,7.0,6.0,6.0,0.023472038541291325,0.4163346613545817,0.0533551253147254,0.43378119001919385,2.0,2.0,False,2024
0,25,11,8.0,14.0,5.0,7.0,7.0,11.0,8.0,16.0,5.0,9.0,7.0,8.0,0.06779007622513572,0.5871886120996441,0.16892272560032642,0.5742753623188406,2.0,2.0,False,2024
1,5,21,9.0,14.0,4.0,7.0,6.0,6.0,6.0,14.0,3.0,9.0,15.0,16.0,0.0533551253147254,0.43378119001919385,0.01877763083303306,0.415506958250497,2.0,2.0,True,2024
0,10,12,10.0,26.0,4.0,9.0,5.0,6.0,9.0,19.0,4.0,10.0,5.0,6.0,0.08664398675856962,0.38461538461538464,0.11506450559324902,0.5582191780821918,3.0,2.0,False,2024
0,24,16,12.0,18.0,7.0,10.0,6.0,6.0,8.0,20.0,3.0,8.0,8.0,10.0,0.16073022866681624,0.5822454308093995,0.13604983597435,0.4832089552238806,2.0,3.0,True,2024
0,1,19,12.0,25.0,3.0,9.0,8.0,9.0,8.0,19.0,5.0,9.0,3.0,4.0,0.07159635338386776,0.4762773722627737,0.010522124462892066,0.32086614173228345,2.0,2.0,True,2024
1,19,1,8.0,19.0,5.0,9.0,3.0,4.0,12.0,25.0,3.0,9.0,8.0,9.0,0.010522124462892066,0.32086614173228345,0.0972770827070942,0.4772313296903461,2.0,2.0,False,2024
1,20,8,11.0,17.0,3.0,6.0,4.0,4.0,13.0,22.0,3.0,8.0,6.0,6.0,0.11506719358415647,0.6155172413793103,0.15141818313303498,0.4772727272727273,2.0,2.0,True,2024
0,22,9,7.0,11.0,4.0,6.0,4.0,5.0,13.0,18.0,3.0,7.0,8.0,9.0,0.1545747712439534,0.4943181818181818,0.09103217649302,0.4280373831775701,2.0,2.0,True,2024
0,8,20,13.0,22.0,3.0,8.0,6.0,6.0,11.0,17.0,3.0,6.0,4.0,4.0,0.15141818313303498,0.4772727272727273,0.13205375486732518,0.6161790017211703,2.0,2.0,False,2024
0,0,27,9.0,24.0,7.0,15.0,5.0,7.0,15.0,21.0,5.0,8.0,7.0,8.0,0.06736290916784068,0.5038167938931297,0.13801608541533866,0.4066797642436149,2.0,2.0,True,2024
1,9,22,13.0,18.0,3.0,7.0,8.0,9.0,7.0,11.0,4.0,6.0,4.0,5.0,0.09103217649302,0.4280373831775701,0.16365981699516277,0.4952741020793951,2.0,2.0,False,2024
1,16,24,8.0,20.0,3.0,8.0,8.0,10.0,12.0,18.0,7.0,10.0,6.0,6.0,0.13604983597435,0.4832089552238806,0.16858418293345298,0.5833333333333334,3.0,2.0,False,2024
1,27,0,15.0,21.0,5.0,8.0,7.0,8.0,9.0,24.0,7.0,15.0,5.0,7.0,0.13801608541533866,0.4066797642436149,0.09389032733427255,0.5075757575757576,2.0,2.0,False,2024
0,10,26,8.0,19.0,4.0,12.0,6.0,8.0,13.0,20.0,2.0,5.0,11.0,12.0,0.06931518940685569,0.3838771593090211,0.15515656824783022,0.4914933837429111,1.0,2.0,False,2024
0,27,5,10.0,19.0,4.0,9.0,3.0,4.0,10.0,15.0,4.0,8.0,6.0,6.0,0.11041286833227093,0.40588235294117647,0.08268410025178032,0.43486590038314177,1.0,1.0,True,2024
1,4,0,13.0,22.0,3.0,6.0,7.0,8.0,10.0,23.0,6.0,17.0,6.0,6.0,0.10408451022061535,0.6563573883161512,0.09389032733427255,0.5075757575757576,2.0,1.0,True,2024
1,11,29,8.0,18.0,3.0,9.0,10.0,11.0,15.0,26.0,6.0,11.0,5.0,6.0,0.16892272560032642,0.5742753623188406,0.0776099441990913,0.5215827338129496,1.0,2.0,True,2024
0,29,11,15.0,26.0,6.0,11.0,5.0,6.0,8.0,18.0,3.0,9.0,10.0,11.0,0.0776099441990913,0.5215827338129496,0.17513818048026114,0.5750452079566004,2.0,1.0,False,2024
1,5,27,10.0,15.0,4.0,8.0,6.0,6.0,10.0,19.0,4.0,9.0,3.0,4.0,0.08268410025178032,0.43486590038314177,0.12833029466581675,0.4070450097847358,1.0,1.0,False,2024
1,26,10,13.0,20.0,2.0,5.0,11.0,12.0,8.0,19.0,4.0,12.0,6.0,8.0,0.15515656824783022,0.4914933837429111,0.05545215152548455,0.3831417624521073,2.0,1.0,True,2024
0,0,4,10.0,23.0,6.0,17.0,6.0,6.0,13.0,22.0,3.0,6.0,7.0,8.0,0.09389032733427255,0.5075757575757576,0.1232676081764923,0.6569468267581475,1.0,2.0,False,2024
1,2,1,11.0,17.0,4.0,8.0,6.0,10.0,8.0,17.0,2.0,7.0,6.0,8.0,0.11724844517537818,0.6182902584493042,0.0972770827070942,0.4772313296903461,2.0,1.0,True,2024
0,28,16,9.0,21.0,4.0,11.0,5.0,6.0,9.0,15.0,2.0,8.0,6.0,8.0,0.12422354795831685,0.425,0.10883986877948,0.4823091247672253,2.0,1.0,True,2024
0,8,13,11.0,19.0,6.0,12.0,6.0,9.0,12.0,27.0,5.0,14.0,5.0,6.0,0.12113454650642799,0.4763705103969754,0.12850090845569867,0.49264705882352944,1.0,2.0,True,2024
1,9,14,6.0,19.0,3.0,10.0,7.0,9.0,10.0,20.0,3.0,6.0,6.0,7.0,0.07282574119441601,0.42723880597014924,0.017520622389987688,0.4096153846153846,1.0,3.0,False,2024
0,14,9,10.0,20.0,3.0,6.0,6.0,7.0,6.0,19.0,3.0,10.0,7.0,9.0,0.017520622389987688,0.4096153846153846,0.058260592955532806,0.4264432029795158,3.0,1.0,True,2024
1,13,8,12.0,27.0,5.0,14.0,5.0,6.0,11.0,19.0,6.0,12.0,6.0,9.0,0.12850090845569867,0.49264705882352944,0.13690763720514237,0.47735849056603774,2.0,1.0,False,2024
1,16,28,9.0,15.0,2.0,8.0,6.0,8.0,9.0,21.0,4.0,11.0,5.0,6.0,0.10883986877948,0.4823091247672253,0.1393788383666535,0.42610364683301344,1.0,2.0,False,2024
0,1,2,8.0,17.0,2.0,7.0,6.0,8.0,11.0,17.0,4.0,8.0,6.0,10.0,0.0972770827070942,0.4772313296903461,0.13379875614030254,0.6190476190476191,1.0,2.0,False,2024
1,4,15,9.0,23.0,5.0,13.0,9.0,14.0,12.0,26.0,6.0,9.0,6.0,10.0,0.1232676081764923,0.6569468267581475,0.11409311998632472,0.44874274661508706,1.0,2.0,True,2024
1,17,7,11.0,31.0,6.0,12.0,7.0,9.0,14.0,22.0,4.0,6.0,8.0,8.0,0.03813442491862382,0.48066298342541436,0.10559613412129538,0.5135135135135135,2.0,3.0,False,2024
0,7,17,14.0,22.0,4.0,6.0,8.0,8.0,11.0,31.0,6.0,12.0,7.0,9.0,0.10559613412129538,0.5135135135135135,0.030507539934899058,0.4797794117647059,3.0,2.0,True,2024
0,24,23,9.0,19.0,6.0,13.0,6.0,6.0,10.0,16.0,2.0,6.0,11.0,14.0,0.16858418293345298,0.5833333333333334,0.11429789160399424,0.47115384615384615,2.0,2.0,False,2024
1,23,24,10.0,16.0,2.0,6.0,11.0,14.0,9.0,19.0,6.0,13.0,6.0,6.0,0.11429789160399424,0.47115384615384615,0.1348673463467624,0.5818181818181818,2.0,2.0,True,2024
0,21,12,9.0,24.0,4.0,13.0,6.0,6.0,9.0,17.0,4.0,9.0,6.0,8.0,0.01877763083303306,0.415506958250497,0.11506450559324902,0.5582191780821918,2.0,2.0,False,2024
0,15,4,12.0,26.0,6.0,9.0,6.0,10.0,9.0,23.0,5.0,13.0,9.0,14.0,0.11409311998632472,0.44874274661508706,0.13861408654119384,0.6575342465753424,2.0,1.0,False,2024
1,12,21,9.0,17.0,4.0,9.0,6.0,8.0,9.0,24.0,4.0,13.0,6.0,6.0,0.11506450559324902,0.5582191780821918,0.015022104666426447,0.4146825396825397,2.0,2.0,True,2024
1,20,22,12.0,18.0,7.0,11.0,6.0,8.0,8.0,16.0,3.0,9.0,5.0,6.0,0.13205375486732518,0.6161790017211703,0.16365981699516277,0.4952741020793951,2.0,2.0,True,2024
0,22,20,8.0,16.0,3.0,9.0,5.0,6.0,12.0,18.0,7.0,11.0,6.0,8.0,0.16365981699516277,0.4952741020793951,0.14564300389386015,0.6168384879725086,2.0,2.0,False,2024
1,25,2,11.0,20.0,2.0,7.0,7.0,8.0,7.0,19.0,5.0,11.0,10.0,12.0,0.054232060980108576,0.5861456483126111,0.13379875614030254,0.6190476190476191,3.0,2.0,False,2024
0,10,28,9.0,19.0,4.0,7.0,4.0,5.0,8.0,18.0,4.0,10.0,4.0,6.0,0.05545215152548455,0.3831417624521073,0.1393788383666535,0.42610364683301344,2.0,2.0,True,2024
0,19,14,11.0,18.0,8.0,12.0,4.0,7.0,9.0,21.0,4.0,10.0,4.0,4.0,0.008417699570313653,0.32023575638506874,0.05401649791199015,0.4107485604606526,3.0,2.0,True,2024
1,11,22,11.0,17.0,4.0,7.0,10.0,10.0,5.0,11.0,3.0,5.0,4.0,6.0,0.17513818048026114,0.5750452079566004,0.1309278535961302,0.49433962264150944,2.0,1.0,True,2024
1,14,19,9.0,21.0,4.0,10.0,4.0,4.0,11.0,18.0,8.0,12.0,4.0,7.0,0.05401649791199015,0.4107485604606526,0.046734159656250926,0.3215686274509804,2.0,3.0,False,2024
0,2,25,7.0,19.0,5.0,11.0,10.0,12.0,11.0,20.0,2.0,7.0,7.0,8.0,0.13379875614030254,0.6190476190476191,0.043385648784086864,0.5851063829787234,2.0,3.0,True,2024
1,18,1,12.0,21.0,6.0,10.0,16.0,17.0,7.0,16.0,2.0,7.0,5.0,7.0,0.09657920610627407,0.6234676007005254,0.07782166616567536,0.4763636363636364,3.0,2.0,True,2024
0,1,18,7.0,16.0,2.0,7.0,5.0,7.0,12.0,21.0,6.0,10.0,16.0,17.0,0.07782166616567536,0.4763636363636364,0.11726336488501925,0.6241258741258742,2.0,3.0,False,2024
1,28,10,8.0,18.0,4.0,10.0,4.0,6.0,9.0,19.0,4.0,7.0,4.0,5.0,0.1393788383666535,0.42610364683301344,0.08436172122038764,0.384321223709369,2.0,2.0,False,2024
1,16,0,6.0,20.0,5.0,14.0,9.0,10.0,11.0,20.0,3.0,9.0,4.0,4.0,0.087071895023584,0.48141263940520446,0.07511226186741804,0.5037593984962406,2.0,2.0,True,2024
0,22,11,5.0,11.0,3.0,5.0,4.0,6.0,11.0,17.0,4.0,7.0,10.0,10.0,0.1309278535961302,0.49433962264150944,0.18011054438420893,0.575812274368231,1.0,2.0,False,2024
1,29,26,12.0,20.0,2.0,7.0,9.0,10.0,10.0,19.0,3.0,8.0,5.0,5.0,0.06208795535927304,0.5206463195691203,0.1641252545982642,0.49245283018867925,2.0,2.0,True,2024
1,9,5,11.0,24.0,6.0,11.0,8.0,9.0,12.0,18.0,5.0,8.0,5.0,5.0,0.058260592955532806,0.4264432029795158,0.06614728020142426,0.4340344168260038,2.0,2.0,True,2024
0,12,6,11.0,22.0,4.0,11.0,15.0,16.0,10.0,23.0,5.0,10.0,7.0,7.0,0.1320516044745992,0.558974358974359,0.042479757171742336,0.49444444444444446,1.0,4.0,True,2024
1,6,12,10.0,23.0,5.0,10.0,7.0,7.0,11.0,22.0,4.0,11.0,15.0,16.0,0.042479757171742336,0.49444444444444446,0.14564128357967937,0.5597269624573379,4.0,1.0,False,2024
0,0,16,11.0,20.0,3.0,9.0,4.0,4.0,6.0,20.0,5.0,14.0,9.0,10.0,0.07511226186741804,0.5037593984962406,0.1096575160188672,0.48237476808905383,2.0,2.0,False,2024
1,3,27,11.0,21.0,4.0,10.0,8.0,8.0,8.0,19.0,3.0,7.0,7.0,9.0,0.15540988005441647,0.4528301886792453,0.12833029466581675,0.4070450097847358,4.0,2.0,True,2024
0,8,13,12.0,17.0,3.0,7.0,9.0,12.0,13.0,28.0,9.0,15.0,13.0,15.0,0.13690763720514237,0.47735849056603774,0.10280072676455894,0.4917431192660551,2.0,2.0,False,2024
1,13,8,13.0,28.0,9.0,15.0,13.0,15.0,12.0,17.0,3.0,7.0,9.0,12.0,0.10280072676455894,0.4917431192660551,0.1095261097641139,0.4764595103578154,2.0,2.0,True,2024
0,27,3,8.0,19.0,3.0,7.0,7.0,9.0,11.0,21.0,4.0,10.0,8.0,8.0,0.12833029466581675,0.4070450097847358,0.1643279040435332,0.4538606403013183,2.0,4.0,False,2024
0,5,9,12.0,18.0,5.0,8.0,5.0,5.0,11.0,24.0,6.0,11.0,8.0,9.0,0.06614728020142426,0.4340344168260038,0.08660847436442624,0.4275092936802974,2.0,2.0,False,2024
0,26,29,10.0,19.0,3.0,8.0,5.0,5.0,12.0,20.0,2.0,7.0,9.0,10.0,0.1641252545982642,0.49245283018867925,0.08967036428741842,0.521505376344086,2.0,2.0,False,2024
0,15,7,12.0,24.0,6.0,10.0,3.0,5.0,10.0,17.0,9.0,14.0,9.0,9.0,0.09127449598905978,0.44787644787644787,0.12447690729703631,0.5263157894736842,2.0,2.0,False,2024
1,7,15,10.0,17.0,9.0,14.0,9.0,9.0,12.0,24.0,6.0,10.0,3.0,5.0,0.12447690729703631,0.5263157894736842,0.07301959679124782,0.44701348747591524,2.0,2.0,True,2024
1,18,20,13.0,22.0,4.0,9.0,12.0,15.0,11.0,20.0,4.0,8.0,4.0,6.0,0.11726336488501925,0.6241258741258742,0.14564300389386015,0.6168384879725086,1.0,2.0,True,2024
0,26,24,10.0,16.0,5.0,8.0,7.0,8.0,15.0,24.0,6.0,12.0,4.0,7.0,0.13130020367861134,0.4915254237288136,0.1348673463467624,0.5818181818181818,1.0,2.0,False,2024
0,20,18,11.0,20.0,4.0,8.0,4.0,6.0,13.0,22.0,4.0,9.0,12.0,15.0,0.14564300389386015,0.6168384879725086,0.1338106919080154,0.62478184991274,2.0,1.0,False,2024
1,24,26,15.0,24.0,6.0,12.0,4.0,7.0,10.0,16.0,5.0,8.0,7.0,8.0,0.1348673463467624,0.5818181818181818,0.10504016294288906,0.4906015037593985,2.0,1.0,True,2024
1,8,21,8.0,19.0,7.0,12.0,5.0,5.0,9.0,20.0,7.0,12.0,9.0,10.0,0.1095261097641139,0.4764595103578154,0.015022104666426447,0.4146825396825397,2.0,3.0,True,2024
1,25,12,10.0,16.0,8.0,9.0,7.0,13.0,7.0,20.0,2.0,9.0,4.0,5.0,0.043385648784086864,0.5851063829787234,0.14564128357967937,0.5597269624573379,2.0,2.0,True,2024
0,21,8,9.0,20.0,7.0,12.0,9.0,10.0,8.0,19.0,7.0,12.0,5.0,5.0,0.015022104666426447,0.4146825396825397,0.12762088781129113,0.4774436090225564,3.0,2.0,False,2024
0,12,25,7.0,20.0,2.0,9.0,4.0,5.0,10.0,16.0,8.0,9.0,7.0,13.0,0.14564128357967937,0.5597269624573379,0.0747085190272695,0.5858407079646017,2.0,2.0,False,2024
1,17,6,14.0,26.0,2.0,7.0,5.0,5.0,7.0,18.0,3.0,9.0,6.0,10.0,0.030507539934899058,0.4797794117647059,0.03398380573739387,0.49353049907578556,3.0,2.0,True,2024
0,6,17,7.0,18.0,3.0,9.0,6.0,10.0,14.0,26.0,2.0,7.0,5.0,5.0,0.03398380573739387,0.49353049907578556,0.06440603194791925,0.48073394495412847,2.0,3.0,False,2024
1,28,1,11.0,21.0,4.0,9.0,5.0,7.0,8.0,19.0,5.0,12.0,4.0,7.0,0.1115030706933228,0.42528735632183906,0.06225733293254029,0.47549909255898365,2.0,2.0,True,2024
0,1,28,8.0,19.0,5.0,12.0,4.0,7.0,11.0,21.0,4.0,9.0,5.0,7.0,0.06225733293254029,0.47549909255898365,0.12920245655465823,0.42638623326959846,2.0,2.0,False,2024
1,29,13,12.0,20.0,5.0,7.0,5.0,8.0,12.0,24.0,2.0,9.0,7.0,9.0,0.08967036428741842,0.521505376344086,0.12224058141164715,0.4926739926739927,2.0,2.0,True,2024
0,13,29,12.0,24.0,2.0,9.0,7.0,9.0,12.0,20.0,5.0,7.0,5.0,8.0,0.12224058141164715,0.4926739926739927,0.11173629142993473,0.5223613595706619,2.0,2.0,False,2024
0,23,19,10.0,24.0,5.0,8.0,4.0,4.0,13.0,22.0,4.0,7.0,5.0,5.0,0.13143831328319538,0.472168905950096,0.046734159656250926,0.3215686274509804,3.0,2.0,True,2024
1,3,4,13.0,19.0,5.0,8.0,3.0,4.0,7.0,20.0,4.0,10.0,3.0,4.0,0.1643279040435332,0.4538606403013183,0.13861408654119384,0.6575342465753424,2.0,3.0,True,2024
0,10,9,8.0,25.0,3.0,7.0,9.0,11.0,11.0,18.0,2.0,6.0,7.0,7.0,0.08436172122038764,0.384321223709369,0.08660847436442624,0.4275092936802974,2.0,2.0,False,2024
1,9,10,11.0,18.0,2.0,6.0,7.0,7.0,8.0,25.0,3.0,7.0,9.0,11.0,0.08660847436442624,0.4275092936802974,0.0674893769763101,0.383587786259542,2.0,2.0,True,2024
1,19,23,13.0,22.0,4.0,7.0,5.0,5.0,10.0,24.0,5.0,8.0,4.0,4.0,0.046734159656250926,0.3215686274509804,0.14515065062655633,0.4731800766283525,2.0,3.0,False,2024
1,2,5,9.0,21.0,6.0,8.0,3.0,5.0,10.0,19.0,2.0,6.0,7.0,8.0,0.14703900491224203,0.6198019801980198,0.0529178241611394,0.43320610687022904,2.0,2.0,True,2024
0,5,2,10.0,19.0,2.0,6.0,7.0,8.0,9.0,21.0,6.0,8.0,3.0,5.0,0.0529178241611394,0.43320610687022904,0.15763120392979363,0.6205533596837944,2.0,2.0,False,2024
0,4,3,7.0,20.0,4.0,10.0,3.0,4.0,13.0,19.0,5.0,8.0,3.0,4.0,0.13861408654119384,0.6575342465753424,0.17146232323482657,0.4548872180451128,3.0,2.0,False,2024
0,27,25,12.0,20.0,2.0,6.0,6.0,7.0,11.0,18.0,2.0,7.0,7.0,9.0,0.1026642357326534,0.40625,0.0747085190272695,0.5858407079646017,3.0,1.0,True,2024
1,11,26,10.0,19.0,4.0,7.0,10.0,11.0,11.0,16.0,4.0,6.0,15.0,17.0,0.18011054438420893,0.575812274368231,0.10504016294288906,0.4906015037593985,3.0,2.0,False,2024
1,25,27,11.0,18.0,2.0,7.0,7.0,9.0,12.0,20.0,2.0,6.0,6.0,7.0,0.0747085190272695,0.5858407079646017,0.12213138858612271,0.4074074074074074,1.0,3.0,False,2024
0,26,11,11.0,16.0,4.0,6.0,15.0,17.0,10.0,19.0,4.0,7.0,10.0,11.0,0.10504016294288906,0.4906015037593985,0.14408843550736714,0.5747747747747748,2.0,3.0,True,2024
0,22,15,11.0,21.0,3.0,8.0,5.0,7.0,11.0,20.0,7.0,12.0,5.0,9.0,0.10474228287690417,0.4934086629001883,0.07301959679124782,0.44701348747591524,3.0,2.0,True,2024
1,23,16,11.0,19.0,4.0,6.0,7.0,10.0,15.0,23.0,5.0,7.0,3.0,5.0,0.14515065062655633,0.4731800766283525,0.1096575160188672,0.48237476808905383,1.0,3.0,True,2024
0,16,23,15.0,23.0,5.0,7.0,3.0,5.0,11.0,19.0,4.0,6.0,7.0,10.0,0.1096575160188672,0.48237476808905383,0.15612052050124506,0.47418738049713194,3.0,1.0,False,2024
1,28,14,14.0,27.0,5.0,12.0,11.0,13.0,10.0,19.0,3.0,9.0,8.0,8.0,0.12920245655465823,0.42638623326959846,0.04321319832959212,0.4099616858237548,1.0,3.0,True,2024
1,15,22,11.0,20.0,7.0,12.0,5.0,9.0,11.0,21.0,3.0,8.0,5.0,7.0,0.07301959679124782,0.44701348747591524,0.12379382630152333,0.4943609022556391,2.0,3.0,False,2024
0,14,28,10.0,19.0,3.0,9.0,8.0,8.0,14.0,27.0,5.0,12.0,11.0,13.0,0.04321319832959212,0.4099616858237548,0.14336196524372657,0.42748091603053434,3.0,1.0,False,2024
0,7,8,18.0,30.0,6.0,11.0,10.0,10.0,11.0,17.0,3.0,8.0,6.0,9.0,0.13958152583762903,0.5384615384615384,0.12762088781129113,0.4774436090225564,3.0,2.0,True,2024
1,12,9,10.0,19.0,4.0,9.0,9.0,10.0,9.0,22.0,3.0,7.0,6.0,7.0,0.1165130268637435,0.5587734241908007,0.109286779491541,0.42857142857142855,2.0,2.0,False,2024
1,17,22,14.0,28.0,2.0,4.0,10.0,11.0,10.0,17.0,6.0,11.0,7.0,9.0,0.06440603194791925,0.48073394495412847,0.12379382630152333,0.4943609022556391,2.0,1.0,True,2024
0,22,17,10.0,17.0,6.0,11.0,7.0,9.0,14.0,28.0,2.0,4.0,10.0,11.0,0.12379382630152333,0.4943609022556391,0.0915248255583354,0.4816849816849817,1.0,2.0,False,2024
0,18,10,12.0,22.0,4.0,10.0,11.0,11.0,9.0,13.0,3.0,5.0,6.0,7.0,0.1338106919080154,0.62478184991274,0.0674893769763101,0.383587786259542,3.0,2.0,True,2024
1,8,7,11.0,17.0,3.0,8.0,6.0,9.0,18.0,30.0,6.0,11.0,10.0,10.0,0.12762088781129113,0.4774436090225564,0.15166522067010324,0.55,2.0,3.0,False,2024
1,10,18,9.0,13.0,3.0,5.0,6.0,7.0,12.0,22.0,4.0,10.0,11.0,11.0,0.0674893769763101,0.383587786259542,0.14704855352641233,0.6254355400696864,2.0,3.0,False,2024
0,6,29,13.0,18.0,4.0,8.0,5.0,5.0,9.0,22.0,3.0,6.0,8.0,11.0,0.027187044589915093,0.492619926199262,0.11173629142993473,0.5223613595706619,2.0,2.0,True,2024
1,21,5,10.0,18.0,4.0,7.0,4.0,5.0,9.0,15.0,4.0,8.0,3.0,6.0,0.012017683733141157,0.41386138613861384,0.04233425932891152,0.43238095238095237,2.0,2.0,True,2024
0,5,21,9.0,15.0,4.0,8.0,3.0,6.0,10.0,18.0,4.0,7.0,4.0,5.0,0.04233425932891152,0.43238095238095237,0.04961414698651293,0.4150197628458498,2.0,2.0,False,2024
0,9,12,9.0,22.0,3.0,7.0,6.0,7.0,10.0,19.0,4.0,9.0,9.0,10.0,0.109286779491541,0.42857142857142855,0.0932104214909948,0.5578231292517006,2.0,2.0,True,2024
1,2,20,9.0,24.0,5.0,12.0,6.0,8.0,15.0,22.0,3.0,7.0,4.0,4.0,0.15763120392979363,0.6205533596837944,0.11651440311508812,0.6157804459691252,2.0,3.0,False,2024
0,20,2,15.0,22.0,3.0,7.0,4.0,4.0,9.0,24.0,5.0,12.0,6.0,8.0,0.11651440311508812,0.6157804459691252,0.1261049631438349,0.6193293885601578,3.0,2.0,True,2024
1,29,6,9.0,22.0,3.0,6.0,8.0,11.0,13.0,18.0,4.0,8.0,5.0,5.0,0.11173629142993473,0.5223613595706619,0.06174963567193208,0.49355432780847147,2.0,2.0,False,2024
0,11,1,12.0,27.0,4.0,11.0,5.0,6.0,15.0,26.0,4.0,10.0,6.0,10.0,0.14408843550736714,0.5747747747747748,0.04980586634603223,0.4746376811594203,2.0,3.0,False,2024
1,1,11,15.0,26.0,4.0,10.0,6.0,10.0,12.0,27.0,4.0,11.0,5.0,6.0,0.04980586634603223,0.4746376811594203,0.11527074840589371,0.5737410071942446,3.0,2.0,True,2024
0,5,14,10.0,21.0,4.0,6.0,6.0,7.0,8.0,19.0,2.0,6.0,7.0,7.0,0.03386740746312922,0.43155893536121676,0.034570558663673694,0.4091778202676864,1.0,2.0,True,2024
1,14,5,8.0,19.0,2.0,6.0,7.0,7.0,10.0,21.0,4.0,6.0,6.0,7.0,0.034570558663673694,0.4091778202676864,0.06709392597050337,0.43263757115749524,2.0,1.0,False,2024
1,28,25,13.0,23.0,5.0,11.0,7.0,7.0,8.0,15.0,4.0,8.0,3.0,9.0,0.14336196524372657,0.42748091603053434,0.059766815221815595,0.5848056537102474,2.0,2.0,True,2024
0,25,28,8.0,15.0,4.0,8.0,3.0,9.0,13.0,23.0,5.0,11.0,7.0,7.0,0.059766815221815595,0.5848056537102474,0.15468957219498125,0.42857142857142855,2.0,2.0,False,2024
1,23,26,7.0,13.0,4.0,9.0,10.0,10.0,10.0,22.0,3.0,7.0,12.0,13.0,0.15612052050124506,0.47418738049713194,0.12403213035431127,0.4915572232645403,2.0,2.0,False,2024
0,26,23,10.0,22.0,3.0,7.0,12.0,13.0,7.0,13.0,4.0,9.0,10.0,10.0,0.12403213035431127,0.4915572232645403,0.12489641640099605,0.4732824427480916,2.0,2.0,True,2024
1,9,3,10.0,19.0,3.0,7.0,3.0,6.0,6.0,17.0,5.0,14.0,6.0,6.0,0.12742942359323278,0.42962962962962964,0.17146232323482657,0.4548872180451128,1.0,3.0,False,2024
0,4,19,12.0,22.0,5.0,11.0,16.0,22.0,10.0,20.0,7.0,14.0,8.0,8.0,0.11089126923295507,0.6564102564102564,0.03738732772500074,0.32093933463796476,3.0,3.0,True,2024
1,21,18,9.0,22.0,5.0,10.0,5.0,5.0,11.0,23.0,1.0,9.0,11.0,12.0,0.04961414698651293,0.4150197628458498,0.14704855352641233,0.6254355400696864,1.0,1.0,False,2024
0,18,21,11.0,23.0,1.0,9.0,11.0,12.0,9.0,22.0,5.0,10.0,5.0,5.0,0.14704855352641233,0.6254355400696864,0.039691317589210344,0.41420118343195267,1.0,1.0,True,2024
1,27,16,7.0,20.0,3.0,7.0,4.0,6.0,8.0,18.0,4.0,7.0,9.0,9.0,0.12213138858612271,0.4074074074074074,0.08772601281509376,0.48148148148148145,2.0,2.0,True,2024
0,16,27,8.0,18.0,4.0,7.0,9.0,9.0,7.0,20.0,3.0,7.0,4.0,6.0,0.08772601281509376,0.48148148148148145,0.13770511086889817,0.4085603112840467,2.0,2.0,False,2024
0,3,9,6.0,17.0,5.0,14.0,6.0,6.0,10.0,19.0,3.0,7.0,3.0,6.0,0.17146232323482657,0.4548872180451128,0.10194353887458622,0.4288354898336414,3.0,1.0,True,2024
1,19,4,10.0,20.0,7.0,14.0,8.0,8.0,12.0,22.0,5.0,11.0,16.0,22.0,0.03738732772500074,0.32093933463796476,0.12871301538636407,0.6569965870307167,3.0,3.0,False,2024
0,22,7,6.0,14.0,5.0,8.0,3.0,4.0,18.0,25.0,4.0,7.0,7.0,9.0,0.09903506104121866,0.49343339587242024,0.15166522067010324,0.55,2.0,2.0,False,2024
1,14,20,7.0,14.0,3.0,6.0,5.0,5.0,15.0,23.0,3.0,8.0,12.0,14.0,0.027656446930938956,0.4083969465648855,0.1332115224920705,0.6164383561643836,1.0,2.0,False,2024
0,20,14,15.0,23.0,3.0,8.0,12.0,14.0,7.0,14.0,3.0,6.0,5.0,5.0,0.1332115224920705,0.6164383561643836,0.022125157544751164,0.4076190476190476,2.0,1.0,True,2024
1,7,22,18.0,25.0,4.0,7.0,7.0,9.0,6.0,14.0,5.0,8.0,3.0,4.0,0.15166522067010324,0.55,0.07922804883297493,0.49250936329588013,2.0,2.0,True,2024
1,10,12,7.0,14.0,3.0,6.0,6.0,8.0,8.0,17.0,4.0,11.0,6.0,6.0,0.05399150158104808,0.38285714285714284,0.0932104214909948,0.5578231292517006,2.0,2.0,True,2024
0,12,10,8.0,17.0,4.0,11.0,6.0,6.0,7.0,14.0,3.0,6.0,6.0,8.0,0.0932104214909948,0.5578231292517006,0.08319320126483847,0.3840304182509506,2.0,2.0,False,2024
1,24,6,10.0,17.0,3.0,7.0,9.0,9.0,9.0,17.0,4.0,7.0,4.0,4.0,0.14789387707740992,0.582901554404145,0.06174963567193208,0.49355432780847147,5.0,2.0,True,2024
0,2,1,11.0,21.0,6.0,12.0,9.0,12.0,10.0,22.0,5.0,15.0,5.0,6.0,0.1261049631438349,0.6193293885601578,0.07984469307682579,0.4755877034358047,2.0,1.0,True,2024
0,17,29,8.0,17.0,3.0,7.0,5.0,5.0,14.0,21.0,6.0,11.0,9.0,10.0,0.0915248255583354,0.4816849816849817,0.08938903314394778,0.5214285714285715,2.0,2.0,False,2024
0,6,24,9.0,17.0,4.0,7.0,4.0,4.0,10.0,17.0,3.0,7.0,9.0,9.0,0.06174963567193208,0.49355432780847147,0.15831510166192791,0.5839793281653747,2.0,5.0,False,2024
1,1,2,10.0,22.0,5.0,15.0,5.0,6.0,11.0,21.0,6.0,12.0,9.0,12.0,0.07984469307682579,0.4755877034358047,0.1408839705150679,0.6200787401574803,1.0,2.0,False,2024
1,29,17,14.0,21.0,6.0,11.0,9.0,10.0,8.0,17.0,3.0,7.0,5.0,5.0,0.08938903314394778,0.5214285714285715,0.07321986044666831,0.48080438756855576,2.0,2.0,True,2024
1,19,4,9.0,17.0,3.0,9.0,7.0,8.0,11.0,25.0,3.0,10.0,8.0,12.0,0.02990986218000059,0.3203125,0.12871301538636407,0.6569965870307167,2.0,2.0,False,2024
1,15,9,10.0,20.0,4.0,8.0,8.0,8.0,11.0,23.0,6.0,10.0,7.0,8.0,0.05841567743299826,0.4461538461538462,0.10194353887458622,0.4288354898336414,4.0,2.0,True,2024
0,4,19,11.0,25.0,3.0,10.0,8.0,12.0,9.0,17.0,3.0,9.0,7.0,8.0,0.12871301538636407,0.6569965870307167,0.023927889744000473,0.31968810916179335,2.0,2.0,True,2024
0,21,23,11.0,23.0,3.0,10.0,5.0,5.0,21.0,35.0,10.0,15.0,10.0,14.0,0.039691317589210344,0.41420118343195267,0.12489641640099605,0.4732824427480916,2.0,2.0,True,2024
1,13,2,12.0,30.0,4.0,8.0,7.0,11.0,13.0,22.0,5.0,12.0,15.0,19.0,0.09779246512931772,0.49177330895795246,0.1408839705150679,0.6200787401574803,5.0,1.0,False,2024
1,23,21,21.0,35.0,10.0,15.0,10.0,14.0,11.0,23.0,3.0,10.0,5.0,5.0,0.12489641640099605,0.4732824427480916,0.07175305407136827,0.4153543307086614,2.0,2.0,False,2024
0,3,10,9.0,19.0,8.0,13.0,4.0,4.0,6.0,14.0,2.0,6.0,6.0,9.0,0.17716985858786125,0.45590994371482174,0.08319320126483847,0.3840304182509506,2.0,1.0,True,2024
0,2,13,13.0,22.0,5.0,12.0,15.0,19.0,12.0,30.0,4.0,8.0,7.0,11.0,0.1408839705150679,0.6200787401574803,0.07823397210345417,0.4908759124087591,1.0,5.0,True,2024
0,5,18,10.0,19.0,3.0,9.0,11.0,12.0,24.0,41.0,2.0,5.0,21.0,23.0,0.06709392597050337,0.43263757115749524,0.15763884282112986,0.6260869565217392,2.0,2.0,False,2024
1,18,5,24.0,41.0,2.0,5.0,21.0,23.0,10.0,19.0,3.0,9.0,11.0,12.0,0.15763884282112986,0.6260869565217392,0.053675140776402695,0.4318181818181818,2.0,2.0,True,2024
0,27,7,10.0,17.0,5.0,11.0,4.0,6.0,16.0,32.0,6.0,15.0,5.0,6.0,0.13770511086889817,0.4085603112840467,0.1613321765360826,0.5609756097560976,2.0,1.0,False,2024
1,7,27,16.0,32.0,6.0,15.0,5.0,6.0,10.0,17.0,5.0,11.0,4.0,6.0,0.1613321765360826,0.5609756097560976,0.11016408869511854,0.4077669902912621,1.0,2.0,True,2024
0,9,15,11.0,23.0,6.0,10.0,7.0,8.0,10.0,20.0,4.0,8.0,8.0,8.0,0.10194353887458622,0.4288354898336414,0.0867325419463986,0.4472168905950096,2.0,4.0,False,2024
0,16,25,12.0,22.0,5.0,13.0,3.0,3.0,12.0,18.0,2.0,6.0,9.0,9.0,0.07018081025207501,0.4805914972273567,0.047813452177452476,0.5837742504409171,2.0,2.0,True,2024
1,25,16,12.0,18.0,2.0,6.0,9.0,9.0,12.0,22.0,5.0,13.0,3.0,3.0,0.047813452177452476,0.5837742504409171,0.09614464820166001,0.48154981549815495,2.0,2.0,False,2024
1,10,3,6.0,14.0,2.0,6.0,6.0,9.0,9.0,19.0,8.0,13.0,4.0,4.0,0.08319320126483847,0.3840304182509506,0.18173588687028902,0.45692883895131087,1.0,2.0,False,2024
1,24,29,11.0,17.0,4.0,8.0,3.0,5.0,12.0,21.0,4.0,10.0,5.0,6.0,0.15831510166192791,0.5839793281653747,0.11151122651515824,0.5222816399286988,2.0,2.0,True,2024
0,11,8,9.0,15.0,5.0,8.0,9.0,10.0,11.0,18.0,9.0,13.0,2.0,4.0,0.11527074840589371,0.5737410071942446,0.10209671024903291,0.47654784240150094,3.0,4.0,False,2024
1,26,17,10.0,24.0,1.0,5.0,13.0,17.0,7.0,18.0,4.0,9.0,6.0,6.0,0.139225704283449,0.49250936329588013,0.07321986044666831,0.48080438756855576,3.0,2.0,True,2024
0,17,26,7.0,18.0,4.0,9.0,6.0,6.0,10.0,24.0,1.0,5.0,13.0,17.0,0.07321986044666831,0.48080438756855576,0.1513805634267592,0.4934579439252336,2.0,3.0,False,2024
1,8,11,11.0,18.0,9.0,13.0,2.0,4.0,9.0,15.0,5.0,8.0,9.0,10.0,0.10209671024903291,0.47654784240150094,0.09221659872471497,0.5727109515260324,4.0,3.0,True,2024
0,28,6,11.0,22.0,3.0,8.0,8.0,8.0,14.0,26.0,7.0,13.0,2.0,2.0,0.15468957219498125,0.42857142857142855,0.04939970853754566,0.49264705882352944,3.0,2.0,True,2024
0,20,22,13.0,24.0,3.0,9.0,6.0,6.0,8.0,18.0,1.0,7.0,6.0,7.0,0.14656921799365638,0.6170940170940171,0.07922804883297493,0.49250936329588013,2.0,2.0,True,2024
1,6,28,14.0,26.0,7.0,13.0,2.0,2.0,11.0,22.0,3.0,8.0,8.0,8.0,0.04939970853754566,0.49264705882352944,0.163751657755985,0.4296577946768061,2.0,3.0,False,2024
1,22,20,8.0,18.0,1.0,7.0,6.0,7.0,13.0,24.0,3.0,9.0,6.0,6.0,0.07922804883297493,0.49250936329588013,0.15725537439492512,0.6177474402730375,2.0,2.0,False,2024
0,29,24,12.0,21.0,4.0,10.0,5.0,6.0,11.0,17.0,4.0,8.0,3.0,5.0,0.11151122651515824,0.5222816399286988,0.16665208132954235,0.5850515463917526,2.0,2.0,False,2024
0,3,4,10.0,24.0,4.0,11.0,4.0,4.0,16.0,24.0,3.0,9.0,10.0,11.0,0.18173588687028902,0.45692883895131087,0.14297041230909124,0.6575809199318569,2.0,2.0,False,2024
0,23,14,11.0,28.0,3.0,10.0,13.0,14.0,7.0,12.0,4.0,8.0,6.0,8.0,0.09991713312079684,0.4723809523809524,0.022125157544751164,0.4076190476190476,2.0,3.0,True,2024
1,5,26,9.0,18.0,2.0,5.0,6.0,8.0,9.0,15.0,4.0,6.0,12.0,12.0,0.053675140776402695,0.4318181818181818,0.1513805634267592,0.4934579439252336,2.0,1.0,False,2024
1,14,23,7.0,12.0,4.0,8.0,6.0,8.0,11.0,28.0,3.0,10.0,13.0,14.0,0.022125157544751164,0.4076190476190476,0.11993370649663748,0.47338403041825095,3.0,2.0,False,2024
0,26,5,9.0,15.0,4.0,6.0,12.0,12.0,9.0,18.0,2.0,5.0,6.0,8.0,0.1513805634267592,0.4934579439252336,0.042940112621122156,0.43100189035916825,1.0,2.0,True,2024
0,16,12,8.0,21.0,5.0,7.0,4.0,5.0,8.0,15.0,3.0,6.0,7.0,11.0,0.09614464820166001,0.48154981549815495,0.07456833719279585,0.5568760611205433,2.0,3.0,True,2024
1,4,3,16.0,24.0,3.0,9.0,10.0,11.0,10.0,24.0,4.0,11.0,4.0,4.0,0.14297041230909124,0.6575809199318569,0.14538870949623123,0.45607476635514016,2.0,2.0,True,2024
1,12,16,8.0,15.0,3.0,6.0,7.0,11.0,8.0,21.0,5.0,7.0,4.0,5.0,0.07456833719279585,0.5568760611205433,0.11691571856132801,0.48250460405156537,3.0,2.0,False,2024
1,19,21,12.0,23.0,5.0,10.0,5.0,6.0,9.0,21.0,5.0,10.0,4.0,4.0,0.023927889744000473,0.31968810916179335,0.07175305407136827,0.4153543307086614,2.0,2.0,True,2024
0,17,1,13.0,20.0,4.0,9.0,9.0,11.0,12.0,24.0,3.0,10.0,7.0,8.0,0.05857588835733465,0.47992700729927007,0.06387575446146063,0.4747292418772563,1.0,3.0,True,2024
0,9,0,8.0,19.0,4.0,9.0,7.0,8.0,11.0,18.0,5.0,10.0,6.0,6.0,0.08155483109966898,0.4280442804428044,0.06008980949393443,0.5,2.0,9.0,False,2024
0,21,19,9.0,21.0,5.0,10.0,4.0,4.0,12.0,23.0,5.0,10.0,5.0,6.0,0.07175305407136827,0.4153543307086614,0.059142311795200374,0.321011673151751,2.0,2.0,False,2024
0,7,13,17.0,23.0,6.0,10.0,6.0,8.0,11.0,24.0,4.0,11.0,8.0,12.0,0.16906574122886606,0.5714285714285714,0.07823397210345417,0.4908759124087591,2.0,2.0,True,2024
1,1,17,12.0,24.0,3.0,10.0,7.0,8.0,13.0,20.0,4.0,9.0,9.0,11.0,0.06387575446146063,0.4747292418772563,0.08686071068586772,0.4808743169398907,3.0,1.0,False,2024
1,0,9,11.0,18.0,5.0,10.0,6.0,6.0,8.0,19.0,4.0,9.0,7.0,8.0,0.06008980949393443,0.5,0.06524386487973519,0.427255985267035,9.0,2.0,True,2024
1,13,7,11.0,24.0,4.0,11.0,8.0,12.0,17.0,23.0,6.0,10.0,6.0,8.0,0.07823397210345417,0.4908759124087591,0.17525259298309287,0.5813953488372093,2.0,2.0,False,2024
0,11,14,11.0,20.0,6.0,12.0,4.0,4.0,12.0,24.0,3.0,8.0,6.0,9.0,0.09221659872471497,0.5727109515260324,0.01770012603580093,0.4068441064638783,2.0,1.0,True,2024
1,14,11,12.0,24.0,3.0,8.0,6.0,9.0,11.0,20.0,6.0,12.0,4.0,4.0,0.01770012603580093,0.4068441064638783,0.11377327897977199,0.5734767025089605,1.0,2.0,False,2024
1,28,20,10.0,18.0,4.0,9.0,6.0,6.0,13.0,18.0,2.0,4.0,3.0,3.0,0.163751657755985,0.4296577946768061,0.15725537439492512,0.6177474402730375,2.0,2.0,True,2024
0,20,28,13.0,18.0,2.0,4.0,3.0,3.0,10.0,18.0,4.0,9.0,6.0,6.0,0.15725537439492512,0.6177474402730375,0.17100132620478797,0.4307400379506641,2.0,2.0,False,2024
1,12,2,8.0,14.0,5.0,10.0,3.0,4.0,7.0,15.0,4.0,9.0,9.0,10.0,0.05965466975423668,0.5559322033898305,0.15270717641205434,0.6208251473477406,1.0,3.0,False,2024
0,2,12,7.0,15.0,4.0,9.0,9.0,10.0,8.0,14.0,5.0,10.0,3.0,4.0,0.15270717641205434,0.6208251473477406,0.047723735803389344,0.5549915397631133,3.0,1.0,True,2024
1,29,27,10.0,19.0,8.0,13.0,4.0,5.0,10.0,18.0,3.0,10.0,11.0,12.0,0.08920898121212659,0.5213523131672598,0.11016408869511854,0.4077669902912621,2.0,3.0,True,2024
0,18,22,11.0,20.0,2.0,8.0,7.0,10.0,9.0,15.0,3.0,6.0,7.0,10.0,0.16611107425690388,0.6267361111111112,0.06338243906637994,0.491588785046729,3.0,2.0,False,2024
1,0,15,13.0,26.0,6.0,14.0,5.0,8.0,14.0,24.0,7.0,12.0,8.0,8.0,0.08807184759514755,0.5037037037037037,0.0867325419463986,0.4472168905950096,1.0,3.0,False,2024
0,15,0,14.0,24.0,7.0,12.0,8.0,8.0,13.0,26.0,6.0,14.0,5.0,8.0,0.0867325419463986,0.4472168905950096,0.07045747807611805,0.5,3.0,1.0,True,2024
1,6,23,8.0,18.0,3.0,8.0,10.0,10.0,12.0,23.0,3.0,7.0,5.0,6.0,0.03951976683003653,0.4917431192660551,0.11993370649663748,0.47338403041825095,2.0,1.0,False,2024
0,23,6,12.0,23.0,3.0,7.0,5.0,6.0,8.0,18.0,3.0,8.0,10.0,10.0,0.11993370649663748,0.47338403041825095,0.031615813464029224,0.4908424908424908,1.0,2.0,True,2024
0,27,29,10.0,18.0,3.0,10.0,11.0,12.0,10.0,19.0,8.0,13.0,4.0,5.0,0.11016408869511854,0.4077669902912621,0.11136718496970129,0.522202486678508,3.0,2.0,False,2024
1,22,18,9.0,15.0,3.0,6.0,7.0,10.0,11.0,20.0,2.0,8.0,7.0,10.0,0.06338243906637994,0.491588785046729,0.1328888594055231,0.6256499133448874,2.0,3.0,True,2024
1,4,3,9.0,24.0,3.0,10.0,6.0,9.0,12.0,27.0,6.0,12.0,6.0,7.0,0.15437632984727298,0.6581632653061225,0.14538870949623123,0.45607476635514016,2.0,2.0,False,2024
1,25,24,9.0,21.0,3.0,8.0,4.0,8.0,8.0,15.0,3.0,9.0,6.0,7.0,0.03825076174196198,0.5827464788732394,0.16665208132954235,0.5850515463917526,4.0,3.0,False,2024
0,24,25,8.0,15.0,3.0,9.0,6.0,7.0,9.0,21.0,3.0,8.0,4.0,8.0,0.16665208132954235,0.5850515463917526,0.030600609393569584,0.5817223198594025,3.0,4.0,True,2024
1,5,17,12.0,20.0,4.0,7.0,6.0,6.0,14.0,27.0,7.0,15.0,5.0,5.0,0.042940112621122156,0.43100189035916825,0.08686071068586772,0.4808743169398907,2.0,2.0,True,2024
0,17,5,14.0,27.0,7.0,15.0,5.0,5.0,12.0,20.0,4.0,7.0,6.0,6.0,0.08686071068586772,0.4808743169398907,0.07435209009689772,0.4320754716981132,2.0,2.0,False,2024
1,8,26,6.0,15.0,2.0,7.0,3.0,5.0,10.0,21.0,3.0,8.0,8.0,9.0,0.12167736819922632,0.47752808988764045,0.16110445074140736,0.4944029850746269,3.0,2.0,False,2024
0,26,8,10.0,21.0,3.0,8.0,8.0,9.0,6.0,15.0,2.0,7.0,3.0,5.0,0.16110445074140736,0.4944029850746269,0.09734189455938105,0.4766355140186916,2.0,3.0,True,2024
0,3,4,12.0,27.0,6.0,12.0,6.0,7.0,9.0,24.0,3.0,10.0,6.0,9.0,0.14538870949623123,0.45607476635514016,0.12350106387781838,0.6570458404074703,2.0,2.0,True,2024
0,13,9,25.0,33.0,8.0,13.0,15.0,16.0,10.0,22.0,4.0,9.0,10.0,11.0,0.06258717768276334,0.4899817850637523,0.06524386487973519,0.427255985267035,2.0,2.0,True,2024
0,10,16,8.0,20.0,4.0,9.0,9.0,11.0,13.0,30.0,5.0,10.0,3.0,4.0,0.06655456101187077,0.38330170777988615,0.11691571856132801,0.48250460405156537,4.0,2.0,False,2024
1,21,1,7.0,16.0,2.0,9.0,8.0,11.0,12.0,20.0,4.0,9.0,11.0,12.0,0.057402443257094614,0.41453831041257366,0.0511006035691685,0.47387387387387386,2.0,2.0,False,2024
0,1,21,12.0,20.0,4.0,9.0,11.0,12.0,7.0,16.0,2.0,9.0,8.0,11.0,0.0511006035691685,0.47387387387387386,0.04592195460567569,0.4137254901960784,2.0,2.0,True,2024
1,9,13,10.0,22.0,4.0,9.0,10.0,11.0,25.0,33.0,8.0,13.0,15.0,16.0,0.06524386487973519,0.427255985267035,0.09006974214621068,0.4909090909090909,2.0,2.0,False,2024
1,16,10,13.0,30.0,5.0,10.0,3.0,4.0,8.0,20.0,4.0,9.0,9.0,11.0,0.11691571856132801,0.48250460405156537,0.05324364880949661,0.38257575757575757,2.0,4.0,True,2024
0,7,22,22.0,37.0,6.0,12.0,12.0,13.0,14.0,22.0,3.0,6.0,3.0,5.0,0.17525259298309287,0.5813953488372093,0.09070595125310396,0.4925373134328358,2.0,1.0,False,2024
1,22,7,14.0,22.0,3.0,6.0,3.0,5.0,22.0,37.0,6.0,12.0,12.0,13.0,0.09070595125310396,0.4925373134328358,0.1402020743864743,0.5681818181818182,1.0,2.0,True,2024
1,19,14,10.0,19.0,4.0,10.0,6.0,7.0,13.0,27.0,3.0,13.0,7.0,8.0,0.059142311795200374,0.321011673151751,0.014160100828640745,0.4060721062618596,3.0,2.0,False,2024
1,5,23,11.0,17.0,3.0,6.0,3.0,5.0,12.0,18.0,6.0,8.0,3.0,4.0,0.07435209009689772,0.4320754716981132,0.13594696519730998,0.47438330170777987,1.0,2.0,True,2024
0,23,5,12.0,18.0,6.0,8.0,3.0,4.0,11.0,17.0,3.0,6.0,3.0,5.0,0.13594696519730998,0.47438330170777987,0.0994816720775182,0.4331450094161959,2.0,1.0,False,2024
1,4,8,11.0,16.0,6.0,9.0,9.0,11.0,9.0,18.0,2.0,6.0,7.0,8.0,0.12350106387781838,0.6570458404074703,0.09734189455938105,0.4766355140186916,1.0,1.0,True,2024
1,0,29,17.0,35.0,9.0,21.0,4.0,6.0,14.0,25.0,5.0,8.0,8.0,9.0,0.07045747807611805,0.5,0.11136718496970129,0.522202486678508,2.0,2.0,False,2024
0,12,28,11.0,20.0,5.0,11.0,5.0,6.0,12.0,22.0,4.0,8.0,4.0,8.0,0.047723735803389344,0.5549915397631133,0.17100132620478797,0.4307400379506641,2.0,2.0,False,2024
0,8,4,9.0,18.0,2.0,6.0,7.0,8.0,11.0,16.0,6.0,9.0,9.0,11.0,0.09734189455938105,0.4766355140186916,0.1388008511022547,0.6576271186440678,1.0,1.0,False,2024
1,28,12,12.0,22.0,4.0,8.0,4.0,8.0,11.0,20.0,5.0,11.0,5.0,6.0,0.17100132620478797,0.4307400379506641,0.03817898864271148,0.5540540540540541,2.0,2.0,True,2024
0,29,0,14.0,25.0,5.0,8.0,8.0,9.0,17.0,35.0,9.0,21.0,4.0,6.0,0.11136718496970129,0.522202486678508,0.056365982460894436,0.49635036496350365,2.0,2.0,True,2024
0,14,19,13.0,27.0,3.0,13.0,7.0,8.0,10.0,19.0,4.0,10.0,6.0,7.0,0.014160100828640745,0.4060721062618596,0.0473138494361603,0.32038834951456313,2.0,3.0,True,2024
1,20,18,8.0,19.0,6.0,12.0,10.0,16.0,14.0,21.0,2.0,5.0,6.0,7.0,0.1258042995159401,0.616695059625213,0.1328888594055231,0.6256499133448874,2.0,2.0,True,2024
0,18,20,14.0,21.0,2.0,5.0,6.0,7.0,8.0,19.0,6.0,12.0,10.0,16.0,0.1328888594055231,0.6256499133448874,0.14064343961275208,0.6173469387755102,2.0,2.0,False,2024
0,11,21,12.0,19.0,7.0,12.0,5.0,5.0,17.0,22.0,7.0,9.0,6.0,8.0,0.11377327897977199,0.5734767025089605,0.04592195460567569,0.4137254901960784,2.0,1.0,True,2024
1,13,15,9.0,26.0,7.0,10.0,9.0,12.0,13.0,24.0,4.0,8.0,7.0,8.0,0.09006974214621068,0.4909090909090909,0.10938603355711887,0.4482758620689655,1.0,2.0,False,2024
1,2,24,8.0,18.0,3.0,7.0,3.0,3.0,10.0,15.0,3.0,6.0,5.0,6.0,0.16216574112964346,0.6215686274509804,0.17332166506363386,0.5861182519280206,2.0,1.0,False,2024
1,6,1,11.0,19.0,4.0,8.0,12.0,15.0,7.0,18.0,4.0,9.0,5.0,6.0,0.031615813464029224,0.4908424908424908,0.0808804828553348,0.4748201438848921,2.0,1.0,True,2024
0,24,2,10.0,15.0,3.0,6.0,5.0,6.0,8.0,18.0,3.0,7.0,3.0,3.0,0.17332166506363386,0.5861182519280206,0.12973259290371478,0.6203522504892368,1.0,2.0,True,2024
1,21,11,17.0,22.0,7.0,9.0,6.0,8.0,12.0,19.0,7.0,12.0,5.0,5.0,0.04592195460567569,0.4137254901960784,0.13101862318381757,0.5742397137745975,1.0,2.0,False,2024
0,15,13,13.0,24.0,4.0,8.0,7.0,8.0,9.0,26.0,7.0,10.0,9.0,12.0,0.10938603355711887,0.4482758620689655,0.07205579371696855,0.4900181488203267,2.0,1.0,True,2024
0,1,6,7.0,18.0,4.0,9.0,5.0,6.0,11.0,19.0,4.0,8.0,12.0,15.0,0.0808804828553348,0.4748201438848921,0.06529265077122337,0.49177330895795246,1.0,2.0,False,2024
1,22,16,9.0,14.0,3.0,6.0,4.0,4.0,8.0,17.0,2.0,7.0,11.0,12.0,0.11256476100248318,0.4934823091247672,0.1335325748490624,0.4834558823529412,2.0,2.0,True,2024
1,17,27,9.0,15.0,2.0,7.0,13.0,16.0,8.0,19.0,2.0,9.0,3.0,4.0,0.06948856854869417,0.48,0.08813127095609483,0.4069767441860465,2.0,3.0,False,2024
0,27,17,8.0,19.0,2.0,9.0,3.0,4.0,9.0,15.0,2.0,7.0,13.0,16.0,0.08813127095609483,0.4069767441860465,0.05559085483895534,0.4791288566243194,3.0,2.0,True,2024
0,7,10,17.0,26.0,1.0,5.0,9.0,11.0,9.0,18.0,2.0,8.0,6.0,9.0,0.1402020743864743,0.5681818181818182,0.05324364880949661,0.38257575757575757,2.0,2.0,False,2024
1,10,7,9.0,18.0,2.0,8.0,6.0,9.0,17.0,26.0,1.0,5.0,9.0,11.0,0.05324364880949661,0.38257575757575757,0.11216165950917945,0.5555555555555556,2.0,2.0,True,2024
1,19,26,9.0,20.0,3.0,7.0,4.0,5.0,13.0,20.0,2.0,5.0,4.0,5.0,0.0473138494361603,0.32038834951456313,0.16888356059312587,0.49534450651769085,1.0,2.0,True,2024
1,9,25,9.0,24.0,4.0,8.0,11.0,15.0,8.0,16.0,4.0,8.0,8.0,8.0,0.05219509190378815,0.4264705882352941,0.030600609393569584,0.5817223198594025,2.0,2.0,True,2024
0,25,9,8.0,16.0,4.0,8.0,8.0,8.0,9.0,24.0,4.0,8.0,11.0,15.0,0.030600609393569584,0.5817223198594025,0.08175607352303052,0.42752293577981654,2.0,2.0,False,2024
0,16,22,8.0,17.0,2.0,7.0,11.0,12.0,9.0,14.0,3.0,6.0,4.0,4.0,0.1335325748490624,0.4834558823529412,0.13005180880198655,0.4944237918215613,2.0,2.0,False,2024
0,26,19,13.0,20.0,2.0,5.0,4.0,5.0,9.0,20.0,3.0,7.0,4.0,5.0,0.16888356059312587,0.49534450651769085,0.07785107954892825,0.32170542635658916,2.0,1.0,False,2024
1,5,14,9.0,19.0,4.0,6.0,5.0,6.0,7.0,18.0,2.0,5.0,5.0,8.0,0.0994816720775182,0.4331450094161959,0.05132808066291259,0.4071969696969697,2.0,2.0,False,2024
0,14,5,7.0,18.0,2.0,5.0,5.0,8.0,9.0,19.0,4.0,6.0,5.0,6.0,0.05132808066291259,0.4071969696969697,0.07958533766201456,0.4323308270676692,2.0,2.0,True,2024
1,17,18,10.0,14.0,3.0,7.0,12.0,13.0,11.0,20.0,1.0,5.0,4.0,4.0,0.05559085483895534,0.4791288566243194,0.1063110875244185,0.6245674740484429,1.0,2.0,True,2024
1,26,23,10.0,18.0,4.0,7.0,15.0,16.0,10.0,20.0,3.0,7.0,7.0,8.0,0.1351068484745007,0.4944237918215613,0.10875757215784798,0.4734848484848485,1.0,2.0,False,2024
0,18,17,11.0,20.0,1.0,5.0,4.0,4.0,10.0,14.0,3.0,7.0,12.0,13.0,0.1063110875244185,0.6245674740484429,0.08447268387116427,0.48007246376811596,2.0,1.0,False,2024
0,7,12,9.0,23.0,5.0,12.0,3.0,4.0,8.0,18.0,5.0,12.0,10.0,10.0,0.11216165950917945,0.5555555555555556,0.03817898864271148,0.5540540540540541,1.0,2.0,True,2024
1,16,15,6.0,18.0,5.0,10.0,10.0,12.0,10.0,15.0,3.0,10.0,6.0,10.0,0.10682605987924991,0.48256880733944957,0.1275088268456951,0.44933078393881454,1.0,2.0,False,2024
0,15,16,10.0,15.0,3.0,10.0,6.0,10.0,6.0,18.0,5.0,10.0,10.0,12.0,0.1275088268456951,0.44933078393881454,0.08546084790339993,0.4816849816849817,2.0,1.0,True,2024
0,28,21,13.0,24.0,5.0,15.0,4.0,5.0,11.0,20.0,3.0,9.0,4.0,5.0,0.1768010609638304,0.4318181818181818,0.03673756368454055,0.41291585127201563,2.0,2.0,True,2024
0,23,26,10.0,20.0,3.0,7.0,7.0,8.0,10.0,18.0,4.0,7.0,15.0,16.0,0.10875757215784798,0.4734848484848485,0.10808547877960055,0.4935064935064935,2.0,1.0,True,2024
1,12,7,8.0,18.0,5.0,12.0,10.0,10.0,9.0,23.0,5.0,12.0,3.0,4.0,0.03817898864271148,0.5540540540540541,0.12972932760734354,0.5652173913043478,2.0,1.0,False,2024
0,29,1,10.0,20.0,3.0,12.0,6.0,8.0,14.0,23.0,4.0,10.0,6.0,6.0,0.12909374797576104,0.5230496453900709,0.06470438628426785,0.473967684021544,2.0,2.0,False,2024
0,8,2,12.0,24.0,3.0,10.0,4.0,5.0,10.0,18.0,4.0,10.0,6.0,7.0,0.07787351564750485,0.47574626865671643,0.12973259290371478,0.6203522504892368,2.0,2.0,False,2024
0,4,20,11.0,19.0,5.0,9.0,6.0,11.0,13.0,25.0,1.0,6.0,9.0,10.0,0.1388008511022547,0.6576271186440678,0.14064343961275208,0.6173469387755102,2.0,2.0,False,2024
0,10,13,13.0,25.0,4.0,8.0,7.0,11.0,12.0,23.0,5.0,9.0,18.0,21.0,0.08259491904759729,0.3837429111531191,0.07205579371696855,0.4900181488203267,1.0,2.0,False,2024
1,3,24,11.0,21.0,3.0,10.0,8.0,11.0,13.0,25.0,4.0,7.0,7.0,8.0,0.15631096759698498,0.457089552238806,0.17865733205090711,0.5871794871794872,3.0,2.0,True,2024
0,24,3,13.0,25.0,4.0,7.0,7.0,8.0,11.0,21.0,3.0,10.0,8.0,11.0,0.17865733205090711,0.5871794871794872,0.16504877407758797,0.4581005586592179,2.0,3.0,False,2024
1,21,28,11.0,20.0,3.0,9.0,4.0,5.0,13.0,24.0,5.0,15.0,4.0,5.0,0.03673756368454055,0.41291585127201563,0.1814408487710643,0.43289224952741023,2.0,2.0,False,2024
1,6,11,12.0,24.0,6.0,14.0,5.0,5.0,7.0,12.0,3.0,7.0,6.0,7.0,0.06529265077122337,0.49177330895795246,0.13101862318381757,0.5742397137745975,2.0,2.0,True,2024
0,11,6,7.0,12.0,3.0,7.0,6.0,7.0,12.0,24.0,6.0,14.0,5.0,5.0,0.13101862318381757,0.5742397137745975,0.0922341206169787,0.4927007299270073,2.0,2.0,False,2024
1,2,8,10.0,18.0,4.0,10.0,6.0,7.0,12.0,24.0,3.0,10.0,4.0,5.0,0.12973259290371478,0.6203522504892368,0.06229881251800388,0.4748603351955307,2.0,2.0,True,2024
1,20,4,13.0,25.0,1.0,6.0,9.0,10.0,11.0,19.0,5.0,9.0,6.0,11.0,0.14064343961275208,0.6173469387755102,0.11104068088180377,0.6565143824027073,2.0,2.0,True,2024
1,13,10,12.0,23.0,5.0,9.0,18.0,21.0,13.0,25.0,4.0,8.0,7.0,11.0,0.07205579371696855,0.4900181488203267,0.06607593523807784,0.38301886792452833,2.0,1.0,True,2024
1,1,29,14.0,23.0,4.0,10.0,6.0,6.0,10.0,20.0,3.0,12.0,6.0,8.0,0.06470438628426785,0.473967684021544,0.10327499838060883,0.5221238938053098,2.0,2.0,True,2024
1,9,29,11.0,20.0,6.0,9.0,7.0,8.0,10.0,19.0,3.0,8.0,5.0,9.0,0.08175607352303052,0.42752293577981654,0.10327499838060883,0.5221238938053098,2.0,1.0,True,2024
0,18,0,10.0,18.0,5.0,6.0,4.0,4.0,12.0,19.0,8.0,13.0,6.0,6.0,0.08504887001953479,0.6234887737478411,0.056365982460894436,0.49635036496350365,1.0,3.0,False,2024
1,28,11,11.0,23.0,9.0,15.0,7.0,8.0,7.0,14.0,4.0,8.0,6.0,8.0,0.1814408487710643,0.43289224952741023,0.10481489854705406,0.5732142857142857,1.0,1.0,True,2024
0,11,28,7.0,14.0,4.0,8.0,6.0,8.0,11.0,23.0,9.0,15.0,7.0,8.0,0.10481489854705406,0.5732142857142857,0.18515267901685142,0.4339622641509434,1.0,1.0,False,2024
1,0,18,12.0,19.0,8.0,13.0,6.0,6.0,10.0,18.0,5.0,6.0,4.0,4.0,0.056365982460894436,0.49635036496350365,0.06803909601562783,0.6224137931034482,3.0,1.0,True,2024
1,27,25,8.0,17.0,4.0,6.0,9.0,12.0,9.0,15.0,6.0,11.0,6.0,7.0,0.11050501676487587,0.4081237911025145,0.024480487514855667,0.5807017543859649,2.0,2.0,False,2024
0,22,2,11.0,18.0,4.0,7.0,4.0,4.0,12.0,19.0,4.0,9.0,7.0,8.0,0.13005180880198655,0.4944237918215613,0.1437860743229718,0.62109375,2.0,1.0,False,2024
0,29,9,10.0,19.0,3.0,8.0,5.0,9.0,11.0,20.0,6.0,9.0,7.0,8.0,0.10327499838060883,0.5221238938053098,0.1054048588184244,0.42857142857142855,1.0,2.0,False,2024
0,25,27,9.0,15.0,6.0,11.0,6.0,7.0,8.0,17.0,4.0,6.0,9.0,12.0,0.024480487514855667,0.5807017543859649,0.0884040134119007,0.40733590733590735,2.0,2.0,True,2024
1,2,22,12.0,19.0,4.0,9.0,7.0,8.0,11.0,18.0,4.0,7.0,4.0,4.0,0.1437860743229718,0.62109375,0.10404144704158924,0.4935064935064935,1.0,2.0,True,2024
0,10,5,9.0,18.0,2.0,4.0,7.0,8.0,8.0,18.0,3.0,8.0,7.0,10.0,0.06607593523807784,0.38301886792452833,0.07958533766201456,0.4323308270676692,2.0,2.0,True,2024
1,14,24,11.0,22.0,3.0,8.0,3.0,3.0,14.0,25.0,5.0,10.0,6.0,6.0,0.08106246453033007,0.40831758034026466,0.14292586564072568,0.5856777493606138,2.0,2.0,False,2024
0,24,14,14.0,25.0,5.0,10.0,6.0,6.0,11.0,22.0,3.0,8.0,3.0,3.0,0.14292586564072568,0.5856777493606138,0.06484997162426406,0.4075471698113208,2.0,2.0,True,2024
1,5,10,8.0,18.0,3.0,8.0,7.0,10.0,9.0,18.0,2.0,4.0,7.0,8.0,0.07958533766201456,0.4323308270676692,0.09286074819046228,0.384180790960452,2.0,2.0,False,2024
1,17,4,10.0,19.0,4.0,9.0,4.0,4.0,10.0,23.0,4.0,13.0,7.0,11.0,0.08447268387116427,0.48007246376811596,0.11104068088180377,0.6565143824027073,2.0,2.0,True,2024
0,4,17,10.0,23.0,4.0,13.0,7.0,11.0,10.0,19.0,4.0,9.0,4.0,4.0,0.11104068088180377,0.6565143824027073,0.1075781470969314,0.4810126582278481,2.0,2.0,False,2024
1,26,20,10.0,22.0,3.0,6.0,12.0,13.0,7.0,17.0,3.0,9.0,4.0,6.0,0.10808547877960055,0.4935064935064935,0.15251475169020165,0.6179966044142614,2.0,2.0,True,2024
0,20,26,7.0,17.0,3.0,9.0,4.0,6.0,10.0,22.0,3.0,6.0,12.0,13.0,0.15251475169020165,0.6179966044142614,0.12646838302368044,0.49444444444444446,2.0,2.0,False,2024
1,23,13,11.0,15.0,4.0,6.0,7.0,12.0,8.0,16.0,2.0,10.0,4.0,7.0,0.12700605772627838,0.47448015122873344,0.09764463497357483,0.49094202898550726,2.0,2.0,True,2024
0,13,23,8.0,16.0,2.0,10.0,4.0,7.0,11.0,15.0,4.0,6.0,7.0,12.0,0.09764463497357483,0.49094202898550726,0.1416048461810227,0.47547169811320755,2.0,2.0,False,2024
0,15,12,12.0,18.0,7.0,11.0,4.0,6.0,10.0,15.0,6.0,10.0,9.0,12.0,0.14200706147655606,0.45038167938931295,0.030543190914169183,0.5531197301854974,2.0,2.0,False,2024
0,8,1,10.0,19.0,3.0,10.0,6.0,9.0,11.0,20.0,5.0,12.0,4.0,4.0,0.06229881251800388,0.4748603351955307,0.09176350902741429,0.47491039426523296,2.0,2.0,True,2024
1,3,19,14.0,25.0,6.0,13.0,11.0,12.0,8.0,16.0,4.0,8.0,4.0,5.0,0.16504877407758797,0.4581005586592179,0.07785107954892825,0.32170542635658916,2.0,3.0,True,2024
0,19,3,8.0,16.0,4.0,8.0,4.0,5.0,14.0,25.0,6.0,13.0,11.0,12.0,0.07785107954892825,0.32170542635658916,0.17203901926207038,0.4591078066914498,3.0,2.0,False,2024
1,21,27,11.0,21.0,6.0,13.0,4.0,4.0,12.0,22.0,4.0,10.0,7.0,9.0,0.02939005094763244,0.412109375,0.0884040134119007,0.40733590733590735,2.0,1.0,False,2024
1,6,7,11.0,19.0,6.0,12.0,3.0,3.0,11.0,17.0,5.0,9.0,11.0,12.0,0.0922341206169787,0.4927007299270073,0.12972932760734354,0.5652173913043478,2.0,2.0,False,2024
0,7,6,11.0,17.0,5.0,9.0,11.0,12.0,11.0,19.0,6.0,12.0,3.0,3.0,0.12972932760734354,0.5652173913043478,0.07378729649358295,0.4918032786885246,2.0,2.0,True,2024
1,12,15,10.0,15.0,6.0,10.0,9.0,12.0,12.0,18.0,7.0,11.0,4.0,6.0,0.030543190914169183,0.5531197301854974,0.11360564918124486,0.44952380952380955,2.0,2.0,True,2024
1,1,8,11.0,20.0,5.0,12.0,4.0,4.0,10.0,19.0,3.0,10.0,6.0,9.0,0.09176350902741429,0.47491039426523296,0.0898390500144031,0.4758364312267658,2.0,2.0,False,2024
0,27,21,12.0,22.0,4.0,10.0,7.0,9.0,11.0,21.0,6.0,13.0,4.0,4.0,0.0884040134119007,0.40733590733590735,0.02351204075810595,0.41130604288499023,1.0,2.0,True,2024
1,11,18,10.0,15.0,4.0,9.0,7.0,7.0,17.0,27.0,7.0,9.0,10.0,11.0,0.08385191883764324,0.5721925133689839,0.06803909601562783,0.6224137931034482,2.0,2.0,False,2024
0,18,11,17.0,27.0,7.0,9.0,10.0,11.0,10.0,15.0,4.0,9.0,7.0,7.0,0.06803909601562783,0.6224137931034482,0.06708153507011459,0.5711743772241993,2.0,2.0,True,2024
1,28,22,15.0,30.0,4.0,16.0,9.0,11.0,9.0,19.0,3.0,7.0,2.0,3.0,0.18515267901685142,0.4339622641509434,0.10404144704158924,0.4935064935064935,2.0,2.0,True,2024
0,22,28,9.0,19.0,3.0,7.0,2.0,3.0,15.0,30.0,4.0,16.0,9.0,11.0,0.10404144704158924,0.4935064935064935,0.18812214321348114,0.4350282485875706,2.0,2.0,False,2024
1,2,29,8.0,21.0,5.0,10.0,2.0,2.0,10.0,20.0,7.0,10.0,5.0,7.0,0.15502885945837747,0.621832358674464,0.08261999870448707,0.5212014134275619,2.0,2.0,False,2024
0,29,2,10.0,20.0,7.0,10.0,5.0,7.0,8.0,21.0,5.0,10.0,2.0,2.0,0.08261999870448707,0.5212014134275619,0.12402308756670197,0.6206225680933852,2.0,2.0,True,2024
0,3,16,10.0,19.0,3.0,9.0,3.0,4.0,10.0,23.0,4.0,8.0,6.0,6.0,0.17203901926207038,0.4591078066914498,0.08546084790339993,0.4816849816849817,1.0,3.0,True,2024
1,16,3,10.0,23.0,4.0,8.0,6.0,6.0,10.0,19.0,3.0,9.0,3.0,4.0,0.08546084790339993,0.4816849816849817,0.17763121540965632,0.4601113172541744,3.0,1.0,False,2024
0,10,23,10.0,20.0,4.0,9.0,5.0,6.0,9.0,18.0,2.0,8.0,10.0,11.0,0.09286074819046228,0.384180790960452,0.1416048461810227,0.47547169811320755,2.0,2.0,True,2024
0,7,9,14.0,24.0,5.0,9.0,5.0,6.0,12.0,17.0,7.0,11.0,7.0,8.0,0.14378346208587484,0.574468085106383,0.1054048588184244,0.42857142857142855,2.0,3.0,False,2024
1,16,0,8.0,21.0,5.0,9.0,9.0,11.0,11.0,16.0,4.0,9.0,6.0,7.0,0.06836867832271995,0.48080438756855576,0.08509278596871554,0.5,1.0,3.0,False,2024
1,14,12,10.0,21.0,6.0,14.0,3.0,4.0,8.0,19.0,3.0,8.0,11.0,13.0,0.06484997162426406,0.4075471698113208,0.06443455273133535,0.5538720538720538,2.0,2.0,False,2024
0,12,14,8.0,19.0,3.0,8.0,11.0,13.0,10.0,21.0,6.0,14.0,3.0,4.0,0.06443455273133535,0.5538720538720538,0.05187997729941125,0.4067796610169492,2.0,2.0,True,2024
1,5,8,11.0,21.0,5.0,10.0,3.0,6.0,12.0,21.0,3.0,10.0,9.0,13.0,0.06366827012961165,0.43151969981238275,0.0898390500144031,0.4758364312267658,2.0,2.0,False,2024
1,26,21,11.0,15.0,3.0,6.0,8.0,10.0,11.0,19.0,5.0,8.0,3.0,4.0,0.12646838302368044,0.49444444444444446,0.02351204075810595,0.41130604288499023,2.0,2.0,True,2024
0,21,26,11.0,19.0,5.0,8.0,3.0,4.0,11.0,15.0,3.0,6.0,8.0,10.0,0.02351204075810595,0.41130604288499023,0.14117470641894436,0.4953789279112754,2.0,2.0,False,2024
1,23,10,9.0,18.0,2.0,8.0,10.0,11.0,10.0,20.0,4.0,9.0,5.0,6.0,0.1416048461810227,0.47547169811320755,0.11428859855236984,0.38533834586466165,2.0,2.0,False,2024
0,0,16,11.0,16.0,4.0,9.0,6.0,7.0,8.0,21.0,5.0,9.0,9.0,11.0,0.08509278596871554,0.5,0.05469494265817596,0.47992700729927007,3.0,1.0,True,2024
1,22,15,10.0,15.0,3.0,8.0,9.0,10.0,11.0,21.0,4.0,7.0,8.0,9.0,0.0832331576332714,0.4925925925925926,0.11360564918124486,0.44952380952380955,1.0,2.0,False,2024
0,15,22,11.0,21.0,4.0,7.0,8.0,9.0,10.0,15.0,3.0,8.0,9.0,10.0,0.11360564918124486,0.44952380952380955,0.06658652610661711,0.49168207024029575,2.0,1.0,True,2024
1,1,25,10.0,17.0,3.0,7.0,4.0,4.0,10.0,17.0,6.0,11.0,7.0,8.0,0.07341080722193143,0.4740608228980322,0.059584390011884536,0.5814360770577933,2.0,3.0,True,2024
0,25,1,10.0,17.0,6.0,11.0,7.0,8.0,10.0,17.0,3.0,7.0,4.0,4.0,0.059584390011884536,0.5814360770577933,0.09872864577754514,0.475,3.0,2.0,False,2024
1,19,24,11.0,18.0,6.0,9.0,8.0,9.0,12.0,17.0,6.0,8.0,4.0,4.0,0.062280863639142606,0.32108317214700194,0.15434069251258056,0.5867346938775511,2.0,2.0,False,2024
0,24,19,12.0,17.0,6.0,8.0,4.0,4.0,11.0,18.0,6.0,9.0,8.0,9.0,0.15434069251258056,0.5867346938775511,0.049824690911314085,0.3204633204633205,2.0,2.0,True,2024
1,20,17,11.0,21.0,3.0,15.0,7.0,7.0,11.0,23.0,4.0,10.0,11.0,12.0,0.12201180135216132,0.6169491525423729,0.1075781470969314,0.4810126582278481,2.0,2.0,True,2024
0,17,20,11.0,23.0,4.0,10.0,11.0,12.0,11.0,21.0,3.0,15.0,7.0,7.0,0.1075781470969314,0.4810126582278481,0.13760944108172907,0.6175972927241963,2.0,2.0,False,2024
1,9,7,12.0,17.0,7.0,11.0,7.0,8.0,14.0,24.0,5.0,9.0,5.0,6.0,0.1054048588184244,0.42857142857142855,0.11502676966869987,0.5625,3.0,2.0,True,2024
0,8,5,12.0,21.0,3.0,10.0,9.0,13.0,11.0,21.0,5.0,10.0,3.0,6.0,0.0898390500144031,0.4758364312267658,0.05093461610368932,0.4307116104868914,2.0,2.0,True,2024
1,13,4,13.0,26.0,4.0,12.0,10.0,11.0,20.0,28.0,5.0,8.0,6.0,10.0,0.07811570797885986,0.49005424954792043,0.08883254470544302,0.6554054054054054,3.0,3.0,False,2024
0,3,5,12.0,20.0,4.0,9.0,3.0,4.0,7.0,16.0,3.0,8.0,7.0,8.0,0.17763121540965632,0.4601113172541744,0.05093461610368932,0.4307116104868914,2.0,1.0,True,2024
1,18,6,8.0,23.0,5.0,8.0,10.0,10.0,14.0,26.0,5.0,12.0,7.0,8.0,0.09443127681250227,0.6230636833046471,0.07378729649358295,0.4918032786885246,2.0,3.0,False,2024
0,6,18,14.0,26.0,5.0,12.0,7.0,8.0,8.0,23.0,5.0,8.0,10.0,10.0,0.07378729649358295,0.4918032786885246,0.07554502145000182,0.6219931271477663,3.0,2.0,True,2024
1,28,29,15.0,31.0,6.0,16.0,5.0,6.0,10.0,19.0,3.0,7.0,7.0,8.0,0.18812214321348114,0.4350282485875706,0.10609599896358965,0.5220458553791887,2.0,2.0,False,2024
0,29,28,10.0,19.0,3.0,7.0,7.0,8.0,15.0,31.0,6.0,16.0,5.0,6.0,0.10609599896358965,0.5220458553791887,0.15049771457078492,0.4342105263157895,2.0,2.0,True,2024
1,5,3,7.0,16.0,3.0,8.0,7.0,8.0,12.0,20.0,4.0,9.0,3.0,4.0,0.05093461610368932,0.4307116104868914,0.18210497232772505,0.46111111111111114,1.0,2.0,False,2024
0,15,27,13.0,24.0,5.0,11.0,10.0,12.0,10.0,18.0,4.0,9.0,14.0,15.0,0.13088451934499587,0.4505703422053232,0.11072321072952056,0.40847784200385356,1.0,3.0,True,2024
1,9,0,12.0,24.0,7.0,11.0,4.0,5.0,22.0,38.0,10.0,23.0,6.0,6.0,0.12432388705473954,0.4296160877513711,0.10807422877497244,0.5035971223021583,1.0,1.0,True,2024
0,0,9,22.0,38.0,10.0,23.0,6.0,6.0,12.0,24.0,7.0,11.0,4.0,5.0,0.10807422877497244,0.5035971223021583,0.13945910964379163,0.4306569343065693,1.0,1.0,False,2024
1,27,15,10.0,18.0,4.0,9.0,14.0,15.0,13.0,24.0,5.0,11.0,10.0,12.0,0.11072321072952056,0.40847784200385356,0.1447076154759967,0.45161290322580644,3.0,1.0,False,2024
0,4,13,20.0,28.0,5.0,8.0,6.0,10.0,13.0,26.0,4.0,12.0,10.0,11.0,0.08883254470544302,0.6554054054054054,0.06249256638308789,0.4891696750902527,3.0,3.0,True,2024
0,4,11,11.0,20.0,4.0,8.0,11.0,15.0,8.0,15.0,5.0,10.0,6.0,7.0,0.1110660357643544,0.6559865092748736,0.06708153507011459,0.5711743772241993,1.0,3.0,False,2024
1,11,4,8.0,15.0,5.0,10.0,6.0,7.0,11.0,20.0,4.0,8.0,11.0,15.0,0.06708153507011459,0.5711743772241993,0.08885282861148353,0.6548821548821548,3.0,1.0,True,2024
1,14,7,10.0,15.0,3.0,7.0,3.0,4.0,16.0,21.0,4.0,5.0,7.0,7.0,0.05187997729941125,0.4067796610169492,0.11502676966869987,0.5625,2.0,2.0,False,2024
0,7,14,16.0,21.0,4.0,5.0,7.0,7.0,10.0,15.0,3.0,7.0,3.0,4.0,0.11502676966869987,0.5625,0.041503981839529004,0.40601503759398494,2.0,2.0,True,2024
1,26,25,9.0,19.0,5.0,12.0,4.0,4.0,9.0,20.0,4.0,9.0,6.0,6.0,0.14117470641894436,0.4953789279112754,0.047667512009507626,0.5804195804195804,2.0,2.0,True,2024
0,25,26,9.0,20.0,4.0,9.0,6.0,6.0,9.0,19.0,5.0,12.0,4.0,4.0,0.047667512009507626,0.5804195804195804,0.15293976513515548,0.496309963099631,2.0,2.0,False,2024
1,23,1,11.0,22.0,4.0,8.0,6.0,8.0,7.0,15.0,3.0,8.0,4.0,6.0,0.11328387694481816,0.4745762711864407,0.09872864577754514,0.475,2.0,2.0,True,2024
0,1,23,7.0,15.0,3.0,8.0,4.0,6.0,11.0,22.0,4.0,8.0,6.0,8.0,0.09872864577754514,0.475,0.13062710155585452,0.4755639097744361,2.0,2.0,False,2024
1,12,24,8.0,19.0,2.0,8.0,4.0,4.0,8.0,16.0,5.0,10.0,6.0,6.0,0.09154764218506826,0.5546218487394958,0.1634725540100644,0.5877862595419847,2.0,2.0,False,2024
1,19,10,7.0,14.0,2.0,7.0,5.0,7.0,17.0,25.0,4.0,7.0,6.0,6.0,0.049824690911314085,0.3204633204633205,0.11428859855236984,0.38533834586466165,2.0,2.0,False,2024
0,10,19,17.0,25.0,4.0,7.0,6.0,6.0,7.0,14.0,2.0,7.0,5.0,7.0,0.11428859855236984,0.38533834586466165,0.03985975272905127,0.3198458574181118,2.0,2.0,True,2024
1,20,17,12.0,20.0,4.0,6.0,4.0,5.0,13.0,19.0,4.0,8.0,6.0,6.0,0.13760944108172907,0.6175972927241963,0.08606251767754512,0.48014440433212996,2.0,2.0,True,2024
0,17,20,13.0,19.0,4.0,8.0,6.0,6.0,12.0,20.0,4.0,6.0,4.0,5.0,0.08606251767754512,0.48014440433212996,0.15008755286538325,0.6182432432432432,2.0,2.0,False,2024
1,21,22,10.0,25.0,5.0,12.0,10.0,12.0,11.0,20.0,3.0,5.0,4.0,6.0,0.01880963260648476,0.41050583657587547,0.06658652610661711,0.49168207024029575,2.0,2.0,False,2024
0,22,21,11.0,20.0,3.0,5.0,4.0,6.0,10.0,25.0,5.0,12.0,10.0,12.0,0.06658652610661711,0.49168207024029575,0.01504770608518781,0.4097087378640777,2.0,2.0,True,2024
0,16,2,8.0,24.0,3.0,10.0,5.0,6.0,12.0,22.0,6.0,12.0,4.0,5.0,0.05469494265817596,0.47992700729927007,0.12402308756670197,0.6206225680933852,2.0,3.0,False,2024
0,24,12,8.0,16.0,5.0,10.0,6.0,6.0,8.0,19.0,2.0,8.0,4.0,4.0,0.1634725540100644,0.5877862595419847,0.07323811374805461,0.5536912751677853,2.0,2.0,True,2024
1,2,16,12.0,22.0,6.0,12.0,4.0,5.0,8.0,24.0,3.0,10.0,5.0,6.0,0.12402308756670197,0.6206225680933852,0.04375595412654077,0.4790528233151184,3.0,2.0,True,2024
0,29,21,12.0,22.0,5.0,12.0,4.0,4.0,16.0,26.0,5.0,11.0,4.0,4.0,0.12487679917087173,0.522887323943662,0.01504770608518781,0.4097087378640777,2.0,1.0,True,2024
0,13,18,10.0,17.0,4.0,10.0,6.0,7.0,8.0,17.0,2.0,7.0,3.0,5.0,0.06249256638308789,0.4891696750902527,0.07554502145000182,0.6219931271477663,2.0,2.0,True,2024
1,8,25,16.0,21.0,8.0,11.0,6.0,6.0,9.0,16.0,4.0,8.0,5.0,6.0,0.11187124001152246,0.47680890538033394,0.0381340096076061,0.5794066317626527,3.0,1.0,True,2024
0,25,8,9.0,16.0,4.0,8.0,5.0,6.0,16.0,21.0,8.0,11.0,6.0,6.0,0.0381340096076061,0.5794066317626527,0.129496992009218,0.4777777777777778,1.0,3.0,False,2024
1,3,15,11.0,20.0,6.0,11.0,3.0,4.0,8.0,20.0,6.0,10.0,3.0,4.0,0.18210497232772505,0.46111111111111114,0.1447076154759967,0.45161290322580644,2.0,2.0,True,2024
0,15,3,8.0,20.0,6.0,10.0,3.0,4.0,11.0,20.0,6.0,11.0,3.0,4.0,0.1447076154759967,0.45161290322580644,0.18568397786218002,0.46210720887245843,2.0,2.0,False,2024
1,6,0,7.0,21.0,5.0,12.0,10.0,11.0,12.0,24.0,4.0,11.0,10.0,12.0,0.09902983719486637,0.49272727272727274,0.08645938301997795,0.5,2.0,2.0,False,2024
0,0,6,12.0,24.0,4.0,11.0,10.0,12.0,7.0,21.0,5.0,12.0,10.0,11.0,0.08645938301997795,0.5,0.0792238697558931,0.49183303085299457,2.0,2.0,True,2024
1,9,24,10.0,18.0,4.0,8.0,6.0,6.0,13.0,20.0,6.0,9.0,10.0,10.0,0.13945910964379163,0.4306569343065693,0.17077804320805154,0.5888324873096447,2.0,1.0,False,2024
0,24,9,13.0,20.0,6.0,9.0,10.0,10.0,10.0,18.0,4.0,8.0,6.0,6.0,0.17077804320805154,0.5888324873096447,0.1115672877150333,0.42987249544626593,1.0,2.0,True,2024
1,21,29,16.0,26.0,5.0,11.0,4.0,4.0,12.0,22.0,5.0,12.0,4.0,4.0,0.01504770608518781,0.4097087378640777,0.13990143933669738,0.523725834797891,1.0,2.0,False,2024
1,18,13,8.0,17.0,2.0,7.0,3.0,5.0,10.0,17.0,4.0,10.0,6.0,7.0,0.07554502145000182,0.6219931271477663,0.08999405310647031,0.4900900900900901,2.0,2.0,False,2024
1,11,26,12.0,18.0,5.0,7.0,5.0,5.0,11.0,22.0,4.0,6.0,4.0,5.0,0.09366522805609169,0.5719360568383659,0.15293976513515548,0.496309963099631,2.0,2.0,True,2024
1,12,10,7.0,13.0,3.0,7.0,9.0,12.0,7.0,16.0,3.0,7.0,8.0,12.0,0.07323811374805461,0.5536912751677853,0.13143087884189586,0.38649155722326456,2.0,2.0,True,2024
0,26,11,11.0,22.0,4.0,6.0,4.0,5.0,12.0,18.0,5.0,7.0,5.0,5.0,0.15293976513515548,0.496309963099631,0.11493218244487333,0.5726950354609929,2.0,2.0,False,2024
1,7,4,12.0,22.0,2.0,8.0,6.0,10.0,13.0,24.0,6.0,14.0,7.0,13.0,0.1320214157349599,0.5714285714285714,0.08885282861148353,0.6548821548821548,2.0,2.0,True,2024
0,4,7,13.0,24.0,6.0,14.0,7.0,13.0,12.0,22.0,2.0,8.0,6.0,10.0,0.08885282861148353,0.6548821548821548,0.1456171325879679,0.58,2.0,2.0,False,2024
0,16,28,6.0,17.0,4.0,6.0,4.0,6.0,12.0,21.0,4.0,9.0,4.0,5.0,0.04375595412654077,0.4790528233151184,0.15049771457078492,0.4342105263157895,2.0,3.0,False,2024
1,28,16,12.0,21.0,4.0,9.0,4.0,5.0,6.0,17.0,4.0,6.0,4.0,6.0,0.15049771457078492,0.4342105263157895,0.035004763301232616,0.4781818181818182,3.0,2.0,True,2024
1,22,1,11.0,16.0,4.0,6.0,3.0,4.0,12.0,21.0,3.0,6.0,6.0,8.0,0.09326922088529369,0.492619926199262,0.07898291662203612,0.4741532976827095,2.0,2.0,True,2024
1,27,23,11.0,21.0,7.0,13.0,17.0,18.0,12.0,26.0,7.0,16.0,9.0,11.0,0.08857856858361644,0.4076923076923077,0.13062710155585452,0.4755639097744361,3.0,2.0,True,2024
0,10,12,7.0,16.0,3.0,7.0,8.0,12.0,7.0,13.0,3.0,7.0,9.0,12.0,0.13143087884189586,0.38649155722326456,0.0985904909984437,0.5544388609715243,2.0,2.0,False,2024
0,1,22,12.0,21.0,3.0,6.0,6.0,8.0,11.0,16.0,4.0,6.0,3.0,4.0,0.07898291662203612,0.4741532976827095,0.11461537670823493,0.49355432780847147,2.0,2.0,False,2024
1,6,13,11.0,21.0,5.0,11.0,3.0,4.0,15.0,27.0,6.0,11.0,5.0,10.0,0.0792238697558931,0.49183303085299457,0.08999405310647031,0.4900900900900901,1.0,1.0,False,2024
0,23,27,12.0,26.0,7.0,16.0,9.0,11.0,11.0,21.0,7.0,13.0,17.0,18.0,0.13062710155585452,0.4755639097744361,0.11086285486689315,0.4088291746641075,2.0,3.0,False,2024
0,13,6,15.0,27.0,6.0,11.0,5.0,10.0,11.0,21.0,5.0,11.0,3.0,4.0,0.08999405310647031,0.4900900900900901,0.06337909580471449,0.49094202898550726,1.0,1.0,True,2024
1,12,5,10.0,15.0,4.0,7.0,6.0,6.0,8.0,18.0,3.0,6.0,3.0,5.0,0.0985904909984437,0.5544388609715243,0.04074769288295146,0.42990654205607476,1.0,4.0,True,2024
0,0,18,9.0,14.0,4.0,7.0,4.0,6.0,6.0,15.0,2.0,7.0,8.0,8.0,0.10916750641598236,0.5035460992907801,0.06043601716000145,0.6209262435677531,2.0,2.0,True,2024
1,14,3,11.0,24.0,5.0,13.0,2.0,4.0,14.0,25.0,5.0,10.0,7.0,7.0,0.041503981839529004,0.40601503759398494,0.18568397786218002,0.46210720887245843,3.0,2.0,False,2024
0,3,14,14.0,25.0,5.0,10.0,7.0,7.0,11.0,24.0,5.0,13.0,2.0,4.0,0.18568397786218002,0.46210720887245843,0.0332031854716232,0.4052532833020638,2.0,3.0,True,2024
0,19,15,13.0,23.0,5.0,7.0,6.0,6.0,11.0,21.0,5.0,10.0,7.0,10.0,0.03985975272905127,0.3198458574181118,0.11576609238079735,0.45075757575757575,3.0,2.0,True,2024
1,24,8,7.0,15.0,5.0,8.0,6.0,8.0,10.0,17.0,5.0,11.0,7.0,10.0,0.17662243456644125,0.589873417721519,0.129496992009218,0.4777777777777778,2.0,2.0,False,2024
1,15,19,11.0,21.0,5.0,10.0,7.0,10.0,13.0,23.0,5.0,7.0,6.0,6.0,0.11576609238079735,0.45075757575757575,0.071887802183241,0.3211538461538462,2.0,3.0,False,2024
0,5,12,8.0,18.0,3.0,6.0,3.0,5.0,10.0,15.0,4.0,7.0,6.0,6.0,0.04074769288295146,0.42990654205607476,0.11887239279875497,0.5551839464882943,4.0,1.0,False,2024
1,21,25,17.0,27.0,6.0,11.0,5.0,7.0,9.0,15.0,4.0,8.0,5.0,7.0,0.012038164868150247,0.40891472868217055,0.03050720768608488,0.578397212543554,2.0,2.0,False,2024
0,25,21,9.0,15.0,4.0,8.0,5.0,7.0,17.0,27.0,6.0,11.0,5.0,7.0,0.03050720768608488,0.578397212543554,0.009630531894520197,0.4081237911025145,2.0,2.0,True,2024
1,2,9,13.0,21.0,5.0,13.0,3.0,4.0,9.0,25.0,4.0,10.0,5.0,6.0,0.13921847005336158,0.6213592233009708,0.1115672877150333,0.42987249544626593,3.0,2.0,True,2024
0,9,2,9.0,25.0,4.0,10.0,5.0,6.0,13.0,21.0,5.0,13.0,3.0,4.0,0.1115672877150333,0.42987249544626593,0.15137477604268929,0.622093023255814,2.0,3.0,False,2024
0,8,24,10.0,17.0,5.0,11.0,7.0,10.0,7.0,15.0,5.0,8.0,6.0,8.0,0.129496992009218,0.4777777777777778,0.141297947653153,0.5883838383838383,2.0,2.0,True,2024
1,18,0,6.0,15.0,2.0,7.0,8.0,8.0,9.0,14.0,4.0,7.0,4.0,6.0,0.06043601716000145,0.6209262435677531,0.1273340051327859,0.5070422535211268,2.0,2.0,False,2024
0,13,28,13.0,24.0,7.0,14.0,7.0,7.0,13.0,26.0,7.0,12.0,4.0,4.0,0.11199524248517626,0.4910071942446043,0.16039817165662792,0.4352720450281426,2.0,2.0,True,2024
0,23,4,9.0,20.0,6.0,11.0,4.0,6.0,9.0,14.0,7.0,9.0,3.0,7.0,0.10450168124468362,0.474671669793621,0.07108226288918681,0.653781512605042,2.0,2.0,True,2024
1,17,19,14.0,29.0,4.0,12.0,18.0,20.0,9.0,21.0,7.0,7.0,9.0,10.0,0.06885001414203609,0.47927927927927927,0.071887802183241,0.3211538461538462,4.0,1.0,False,2024
1,7,11,14.0,23.0,6.0,9.0,2.0,5.0,9.0,15.0,3.0,8.0,5.0,9.0,0.1456171325879679,0.58,0.11493218244487333,0.5726950354609929,2.0,2.0,True,2024
0,11,7,9.0,15.0,3.0,8.0,5.0,9.0,14.0,23.0,6.0,9.0,2.0,5.0,0.11493218244487333,0.5726950354609929,0.15649370607037433,0.5882352941176471,2.0,2.0,False,2024
1,10,5,13.0,17.0,3.0,6.0,5.0,5.0,11.0,18.0,3.0,7.0,5.0,6.0,0.10514470307351668,0.3857677902621723,0.03259815430636116,0.4291044776119403,2.0,1.0,True,2024
0,5,10,11.0,18.0,3.0,7.0,5.0,6.0,13.0,17.0,3.0,6.0,5.0,5.0,0.03259815430636116,0.4291044776119403,0.12411576245881335,0.38691588785046727,1.0,2.0,False,2024
1,28,13,13.0,26.0,7.0,12.0,4.0,4.0,13.0,24.0,7.0,14.0,7.0,7.0,0.16039817165662792,0.4352720450281426,0.12959619398814098,0.4919210053859964,2.0,2.0,False,2024
1,4,23,9.0,14.0,7.0,9.0,3.0,7.0,9.0,20.0,6.0,11.0,4.0,6.0,0.07108226288918681,0.653781512605042,0.12360134499574689,0.4756554307116105,2.0,2.0,False,2024
1,16,27,11.0,22.0,4.0,10.0,5.0,6.0,11.0,19.0,3.0,7.0,6.0,6.0,0.035004763301232616,0.4781818181818182,0.11086285486689315,0.4088291746641075,2.0,2.0,False,2024
1,29,20,14.0,27.0,2.0,7.0,5.0,6.0,12.0,25.0,5.0,9.0,4.0,4.0,0.13990143933669738,0.523725834797891,0.15008755286538325,0.6182432432432432,3.0,4.0,False,2024
0,20,29,12.0,25.0,5.0,9.0,4.0,4.0,14.0,27.0,2.0,7.0,5.0,6.0,0.15008755286538325,0.6182432432432432,0.11192115146935791,0.5228070175438596,4.0,3.0,True,2024
1,22,0,6.0,12.0,2.0,5.0,7.0,8.0,15.0,22.0,11.0,16.0,3.0,4.0,0.11461537670823493,0.49355432780847147,0.1273340051327859,0.5070422535211268,2.0,1.0,False,2024
0,0,22,15.0,22.0,11.0,16.0,3.0,4.0,6.0,12.0,2.0,5.0,7.0,8.0,0.1273340051327859,0.5070422535211268,0.09169230136658794,0.49264705882352944,1.0,2.0,True,2024
1,6,3,10.0,23.0,5.0,13.0,5.0,5.0,10.0,18.0,4.0,10.0,8.0,8.0,0.06337909580471449,0.49094202898550726,0.18854718228974404,0.46309963099630996,2.0,1.0,False,2024
0,3,6,10.0,18.0,4.0,10.0,8.0,8.0,10.0,23.0,5.0,13.0,5.0,5.0,0.18854718228974404,0.46309963099630996,0.05070327664377159,0.49005424954792043,1.0,2.0,True,2024
0,27,16,11.0,19.0,3.0,7.0,6.0,6.0,11.0,22.0,4.0,10.0,5.0,6.0,0.11086285486689315,0.4088291746641075,0.028003810640986095,0.47731397459165154,2.0,2.0,True,2024
0,19,17,9.0,21.0,7.0,7.0,9.0,10.0,14.0,29.0,4.0,12.0,18.0,20.0,0.071887802183241,0.3211538461538462,0.05508001131362887,0.4784172661870504,1.0,4.0,True,2024
0,21,4,7.0,18.0,2.0,8.0,7.0,8.0,9.0,18.0,7.0,9.0,6.0,7.0,0.009630531894520197,0.4081237911025145,0.05686581031134945,0.6526845637583892,2.0,1.0,False,2024
1,15,20,9.0,15.0,3.0,7.0,4.0,5.0,9.0,17.0,3.0,9.0,4.0,6.0,0.09261287390463788,0.4499054820415879,0.1600700422923066,0.6188870151770658,2.0,1.0,True,2024
0,20,15,9.0,17.0,3.0,9.0,4.0,6.0,9.0,15.0,3.0,7.0,4.0,5.0,0.1600700422923066,0.6188870151770658,0.11409029912371031,0.4509433962264151,1.0,2.0,False,2024
1,18,9,8.0,21.0,4.0,12.0,10.0,14.0,10.0,21.0,5.0,12.0,12.0,16.0,0.048348813728001164,0.6198630136986302,0.08925383017202664,0.4290909090909091,2.0,2.0,False,2024
0,9,18,10.0,21.0,5.0,12.0,12.0,16.0,8.0,21.0,4.0,12.0,10.0,14.0,0.08925383017202664,0.4290909090909091,0.03867905098240093,0.6188034188034188,2.0,2.0,True,2024
1,25,1,9.0,19.0,4.0,9.0,5.0,5.0,6.0,13.0,4.0,8.0,4.0,5.0,0.06440576614886791,0.5791304347826087,0.06318633329762889,0.47330960854092524,2.0,3.0,True,2024
1,29,8,10.0,19.0,6.0,13.0,7.0,8.0,12.0,19.0,3.0,9.0,8.0,8.0,0.11192115146935791,0.5228070175438596,0.1435975936073744,0.4787430683918669,1.0,2.0,True,2024
0,14,2,9.0,19.0,4.0,12.0,7.0,8.0,12.0,22.0,3.0,10.0,14.0,14.0,0.0332031854716232,0.4052532833020638,0.15137477604268929,0.622093023255814,2.0,2.0,False,2024
1,4,21,9.0,18.0,7.0,9.0,6.0,7.0,7.0,18.0,2.0,8.0,7.0,8.0,0.05686581031134945,0.6526845637583892,0.007704425515616157,0.40733590733590735,1.0,2.0,True,2024
0,8,29,12.0,19.0,3.0,9.0,8.0,8.0,10.0,19.0,6.0,13.0,7.0,8.0,0.1435975936073744,0.4787430683918669,0.12953692117548632,0.5236427320490368,2.0,1.0,False,2024
1,2,14,12.0,22.0,3.0,10.0,14.0,14.0,9.0,19.0,4.0,12.0,7.0,8.0,0.15137477604268929,0.622093023255814,0.026562548377298562,0.4044943820224719,2.0,2.0,True,2024
0,1,25,6.0,13.0,4.0,8.0,4.0,5.0,9.0,19.0,4.0,9.0,5.0,5.0,0.06318633329762889,0.47330960854092524,0.09152461291909433,0.5798611111111112,3.0,2.0,False,2024
0,22,28,9.0,14.0,4.0,9.0,4.0,5.0,14.0,25.0,4.0,9.0,10.0,10.0,0.09169230136658794,0.49264705882352944,0.12831853732530235,0.4344569288389513,2.0,2.0,True,2024
0,18,14,11.0,25.0,4.0,9.0,5.0,8.0,9.0,17.0,6.0,9.0,7.0,10.0,0.03867905098240093,0.6188034188034188,0.026562548377298562,0.4044943820224719,1.0,1.0,True,2024
1,25,3,9.0,15.0,3.0,6.0,5.0,7.0,9.0,13.0,3.0,6.0,3.0,4.0,0.09152461291909433,0.5798611111111112,0.19083774583179522,0.46408839779005523,1.0,2.0,False,2024
0,3,25,9.0,13.0,3.0,6.0,3.0,4.0,9.0,15.0,3.0,6.0,5.0,7.0,0.19083774583179522,0.46408839779005523,0.07321969033527546,0.5788561525129983,2.0,1.0,True,2024
1,17,8,9.0,18.0,2.0,5.0,8.0,12.0,8.0,21.0,5.0,9.0,5.0,6.0,0.05508001131362887,0.4784172661870504,0.11487807488589952,0.477859778597786,2.0,1.0,False,2024
0,8,17,8.0,21.0,5.0,9.0,5.0,6.0,9.0,18.0,2.0,5.0,8.0,12.0,0.11487807488589952,0.477859778597786,0.044064009050903095,0.47755834829443444,1.0,2.0,True,2024
1,10,27,12.0,22.0,5.0,12.0,7.0,10.0,12.0,25.0,5.0,11.0,5.0,6.0,0.12411576245881335,0.38691588785046727,0.12869028389351453,0.4099616858237548,2.0,2.0,True,2024
1,14,18,9.0,17.0,6.0,9.0,7.0,10.0,11.0,25.0,4.0,9.0,5.0,8.0,0.026562548377298562,0.4044943820224719,0.07094324078592075,0.6194539249146758,1.0,1.0,False,2024
0,27,10,12.0,25.0,5.0,11.0,5.0,6.0,12.0,22.0,5.0,12.0,7.0,10.0,0.12869028389351453,0.4099616858237548,0.13929260996705067,0.3880597014925373,2.0,2.0,False,2024
1,24,19,14.0,24.0,4.0,13.0,7.0,7.0,10.0,21.0,3.0,9.0,3.0,3.0,0.141297947653153,0.5883838383838383,0.09751024174659281,0.32245681381957775,3.0,2.0,True,2024
1,28,22,14.0,25.0,4.0,9.0,10.0,10.0,9.0,14.0,4.0,9.0,4.0,5.0,0.12831853732530235,0.4344569288389513,0.11335384109327036,0.4935779816513762,2.0,2.0,False,2024
1,0,7,10.0,22.0,9.0,16.0,3.0,5.0,11.0,25.0,2.0,8.0,8.0,9.0,0.14186720410622872,0.5104895104895105,0.15649370607037433,0.5882352941176471,2.0,2.0,True,2024
0,7,0,11.0,25.0,2.0,8.0,8.0,9.0,10.0,22.0,9.0,16.0,3.0,5.0,0.15649370607037433,0.5882352941176471,0.153493763284983,0.5138888888888888,2.0,2.0,False,2024
1,13,26,11.0,19.0,4.0,8.0,10.0,13.0,9.0,16.0,3.0,9.0,7.0,8.0,0.12959619398814098,0.4919210053859964,0.12235181210812437,0.4953959484346225,2.0,4.0,True,2024
0,26,13,9.0,16.0,3.0,9.0,7.0,8.0,11.0,19.0,4.0,8.0,10.0,13.0,0.12235181210812437,0.4953959484346225,0.1436769551905128,0.492831541218638,4.0,2.0,False,2024
0,16,21,12.0,23.0,5.0,9.0,3.0,3.0,11.0,13.0,3.0,6.0,2.0,2.0,0.028003810640986095,0.47731397459165154,0.007704425515616157,0.40733590733590735,2.0,1.0,False,2024
1,6,5,10.0,19.0,5.0,10.0,3.0,3.0,7.0,20.0,3.0,6.0,5.0,6.0,0.05070327664377159,0.49005424954792043,0.02607852344508893,0.42830540037243947,2.0,2.0,True,2024
0,5,6,7.0,20.0,3.0,6.0,5.0,6.0,10.0,19.0,5.0,10.0,3.0,3.0,0.02607852344508893,0.42830540037243947,0.08056262131501726,0.49097472924187724,2.0,2.0,False,2024
1,9,1,9.0,19.0,4.0,9.0,12.0,15.0,10.0,22.0,4.0,10.0,4.0,7.0,0.11140306413762131,0.4301270417422868,0.050549066638103116,0.4724689165186501,1.0,1.0,True,2024
0,1,9,10.0,22.0,4.0,10.0,4.0,7.0,9.0,19.0,4.0,9.0,12.0,15.0,0.050549066638103116,0.4724689165186501,0.12912245131009706,0.4311594202898551,1.0,1.0,False,2024
0,19,24,10.0,21.0,3.0,9.0,3.0,3.0,14.0,24.0,4.0,13.0,7.0,7.0,0.09751024174659281,0.32245681381957775,0.1530383581225224,0.5894206549118388,2.0,3.0,False,2024
1,21,16,11.0,13.0,3.0,6.0,2.0,2.0,12.0,23.0,5.0,9.0,3.0,3.0,0.007704425515616157,0.40733590733590735,0.022403048512788876,0.47644927536231885,1.0,2.0,True,2024
0,2,12,11.0,20.0,5.0,8.0,7.0,9.0,10.0,21.0,4.0,12.0,8.0,8.0,0.1610998208341514,0.6228239845261122,0.11887239279875497,0.5551839464882943,2.0,4.0,True,2024
1,26,15,15.0,26.0,3.0,5.0,5.0,9.0,10.0,20.0,6.0,10.0,5.0,5.0,0.0978814496864995,0.4944852941176471,0.11409029912371031,0.4509433962264151,1.0,2.0,True,2024
1,12,2,10.0,21.0,4.0,12.0,8.0,8.0,11.0,20.0,5.0,8.0,7.0,9.0,0.11887239279875497,0.5551839464882943,0.16887985666732114,0.6235521235521235,4.0,2.0,False,2024
0,15,26,10.0,20.0,6.0,10.0,5.0,5.0,15.0,26.0,3.0,5.0,5.0,9.0,0.11409029912371031,0.4509433962264151,0.1183051597491996,0.4954128440366973,2.0,1.0,False,2024
0,23,24,8.0,18.0,3.0,11.0,7.0,8.0,8.0,17.0,3.0,8.0,6.0,6.0,0.12360134499574689,0.4756554307116105,0.1530383581225224,0.5894206549118388,4.0,2.0,True,2024
0,28,1,10.0,25.0,5.0,14.0,5.0,8.0,8.0,15.0,6.0,7.0,8.0,9.0,0.10265482986024188,0.4336448598130841,0.040439253310482495,0.4716312056737589,2.0,2.0,False,2024
1,24,23,8.0,17.0,3.0,8.0,6.0,6.0,8.0,18.0,3.0,11.0,7.0,8.0,0.1530383581225224,0.5894206549118388,0.13888107599659752,0.4766355140186916,2.0,4.0,False,2024
0,0,11,11.0,19.0,7.0,16.0,5.0,6.0,9.0,17.0,4.0,7.0,5.0,5.0,0.153493763284983,0.5138888888888888,0.09194574595589866,0.5716814159292035,2.0,4.0,True,2024
1,11,0,9.0,17.0,4.0,7.0,5.0,5.0,11.0,19.0,7.0,16.0,5.0,6.0,0.09194574595589866,0.5716814159292035,0.16279501062798638,0.5172413793103449,4.0,2.0,False,2024
0,5,25,10.0,15.0,5.0,7.0,5.0,6.0,7.0,15.0,4.0,9.0,4.0,4.0,0.020862818756071145,0.4275092936802974,0.07321969033527546,0.5788561525129983,2.0,2.0,True,2024
0,20,4,13.0,25.0,2.0,8.0,3.0,4.0,14.0,19.0,3.0,7.0,8.0,14.0,0.12805603383384528,0.6178451178451179,0.08549264824907957,0.6532663316582915,3.0,3.0,False,2024
0,8,16,7.0,15.0,3.0,8.0,6.0,7.0,8.0,19.0,4.0,9.0,4.0,5.0,0.1319024599087196,0.47882136279926335,0.022403048512788876,0.47644927536231885,2.0,2.0,True,2024
1,25,5,7.0,15.0,4.0,9.0,4.0,4.0,10.0,15.0,5.0,7.0,5.0,6.0,0.07321969033527546,0.5788561525129983,0.056690255004856915,0.42857142857142855,2.0,2.0,False,2024
1,4,20,14.0,19.0,3.0,7.0,8.0,14.0,13.0,25.0,2.0,8.0,3.0,4.0,0.08549264824907957,0.6532663316582915,0.10244482706707622,0.6168067226890757,3.0,3.0,True,2024
1,13,14,10.0,19.0,2.0,7.0,8.0,11.0,11.0,19.0,2.0,7.0,4.0,6.0,0.1436769551905128,0.492831541218638,0.02125003870183885,0.40373831775700936,2.0,2.0,True,2024
1,3,18,9.0,20.0,4.0,9.0,14.0,17.0,10.0,21.0,5.0,8.0,6.0,6.0,0.1926701966654362,0.4650735294117647,0.07094324078592075,0.6194539249146758,2.0,2.0,False,2024
0,14,13,11.0,19.0,2.0,7.0,4.0,6.0,10.0,19.0,2.0,7.0,8.0,11.0,0.02125003870183885,0.40373831775700936,0.15494156415241025,0.4937388193202147,2.0,2.0,False,2024
0,18,3,10.0,21.0,5.0,8.0,6.0,6.0,9.0,20.0,4.0,9.0,14.0,17.0,0.07094324078592075,0.6194539249146758,0.15413615733234895,0.46422018348623856,2.0,2.0,True,2024
1,21,22,9.0,17.0,2.0,6.0,7.0,8.0,8.0,15.0,3.0,8.0,5.0,7.0,0.04616354041249292,0.40847784200385356,0.11335384109327036,0.4935779816513762,2.0,2.0,True,2024
0,22,21,8.0,15.0,3.0,8.0,5.0,7.0,9.0,17.0,2.0,6.0,7.0,8.0,0.11335384109327036,0.4935779816513762,0.07693083232999434,0.4096153846153846,2.0,2.0,False,2024
1,9,27,11.0,17.0,6.0,10.0,11.0,12.0,12.0,18.0,5.0,7.0,9.0,11.0,0.12912245131009706,0.4311594202898551,0.10295222711481163,0.4091778202676864,2.0,2.0,False,2024
0,27,9,12.0,18.0,5.0,7.0,9.0,11.0,11.0,17.0,6.0,10.0,11.0,12.0,0.10295222711481163,0.4091778202676864,0.10329796104807765,0.43037974683544306,2.0,2.0,True,2024
1,1,28,8.0,15.0,6.0,7.0,8.0,9.0,10.0,25.0,5.0,14.0,5.0,8.0,0.040439253310482495,0.4716312056737589,0.08212386388819351,0.43283582089552236,2.0,2.0,True,2024
1,16,8,8.0,19.0,4.0,9.0,4.0,5.0,7.0,15.0,3.0,8.0,6.0,7.0,0.022403048512788876,0.47644927536231885,0.1455219679269757,0.4797794117647059,2.0,2.0,False,2024
0,26,10,12.0,24.0,3.0,6.0,9.0,10.0,9.0,16.0,4.0,12.0,5.0,6.0,0.1183051597491996,0.4954128440366973,0.13929260996705067,0.3880597014925373,2.0,3.0,True,2024
1,17,23,11.0,19.0,4.0,10.0,7.0,10.0,16.0,27.0,5.0,8.0,8.0,8.0,0.044064009050903095,0.47755834829443444,0.13888107599659752,0.4766355140186916,3.0,1.0,False,2024
0,23,17,16.0,27.0,5.0,8.0,8.0,8.0,11.0,19.0,4.0,10.0,7.0,10.0,0.13888107599659752,0.4766355140186916,0.035251207240722476,0.4767025089605735,1.0,3.0,True,2024
1,7,15,11.0,17.0,4.0,9.0,11.0,13.0,14.0,31.0,5.0,12.0,7.0,10.0,0.12519496485629947,0.5769230769230769,0.09127223929896824,0.4500941619585687,3.0,2.0,True,2024
0,15,7,14.0,31.0,5.0,12.0,7.0,10.0,11.0,17.0,4.0,9.0,11.0,13.0,0.09127223929896824,0.4500941619585687,0.14015597188503956,0.5849056603773585,2.0,3.0,False,2024
1,10,26,9.0,16.0,4.0,12.0,5.0,6.0,12.0,24.0,3.0,6.0,9.0,10.0,0.13929260996705067,0.3880597014925373,0.1346441277993597,0.49633699633699635,3.0,2.0,False,2024
0,12,4,8.0,16.0,6.0,8.0,3.0,4.0,11.0,18.0,4.0,8.0,4.0,4.0,0.09509791423900398,0.5542570951585977,0.10839411859926365,0.6538461538461539,2.0,1.0,True,2024
0,19,29,9.0,16.0,2.0,6.0,4.0,4.0,9.0,18.0,4.0,9.0,7.0,7.0,0.07800819339727424,0.3218390804597701,0.12953692117548632,0.5236427320490368,3.0,4.0,False,2024
1,6,2,10.0,20.0,4.0,8.0,4.0,6.0,14.0,26.0,5.0,11.0,8.0,8.0,0.08056262131501726,0.49097472924187724,0.16887985666732114,0.6235521235521235,3.0,2.0,False,2024
0,2,6,14.0,26.0,5.0,11.0,8.0,8.0,10.0,20.0,4.0,8.0,4.0,6.0,0.16887985666732114,0.6235521235521235,0.06445009705201381,0.4900900900900901,2.0,3.0,True,2024
1,4,12,11.0,18.0,4.0,8.0,4.0,4.0,8.0,16.0,6.0,8.0,3.0,4.0,0.10839411859926365,0.6538461538461539,0.11607833139120319,0.555,1.0,2.0,False,2024
1,29,19,9.0,18.0,4.0,9.0,7.0,7.0,9.0,16.0,2.0,6.0,4.0,4.0,0.12953692117548632,0.5236427320490368,0.0624065547178194,0.32122370936902483,4.0,3.0,True,2024
0,14,8,13.0,24.0,6.0,10.0,11.0,13.0,15.0,21.0,3.0,9.0,6.0,9.0,0.01700003096147108,0.40298507462686567,0.1455219679269757,0.4797794117647059,2.0,2.0,False,2024
1,8,14,15.0,21.0,3.0,9.0,6.0,9.0,13.0,24.0,6.0,10.0,11.0,13.0,0.1455219679269757,0.4797794117647059,0.013600024769176863,0.4022346368715084,2.0,2.0,True,2024
0,28,10,11.0,21.0,5.0,8.0,6.0,7.0,15.0,20.0,6.0,10.0,6.0,6.0,0.08212386388819351,0.43283582089552236,0.11143408797364054,0.38733705772811916,2.0,1.0,False,2024
1,10,28,15.0,20.0,6.0,10.0,6.0,6.0,11.0,21.0,5.0,8.0,6.0,7.0,0.11143408797364054,0.38733705772811916,0.0656990911105548,0.43202979515828677,1.0,2.0,True,2024
0,12,18,10.0,23.0,5.0,10.0,5.0,5.0,12.0,23.0,5.0,11.0,4.0,4.0,0.11607833139120319,0.555,0.09675459262873659,0.6201022146507666,1.0,2.0,True,2024
0,29,11,13.0,25.0,6.0,8.0,10.0,13.0,8.0,15.0,3.0,8.0,2.0,3.0,0.14362953694038905,0.5244755244755245,0.07355659676471893,0.5706713780918727,1.0,2.0,True,2024
0,19,7,7.0,15.0,3.0,7.0,3.0,5.0,8.0,13.0,3.0,6.0,8.0,12.0,0.0624065547178194,0.32122370936902483,0.14015597188503956,0.5849056603773585,1.0,1.0,False,2024
0,22,25,8.0,17.0,5.0,9.0,6.0,9.0,12.0,22.0,2.0,6.0,5.0,8.0,0.09068307287461629,0.4926739926739927,0.05857575226822037,0.5778546712802768,2.0,2.0,True,2024
1,11,29,8.0,15.0,3.0,8.0,2.0,3.0,13.0,25.0,6.0,8.0,10.0,13.0,0.07355659676471893,0.5706713780918727,0.15490362955231124,0.525305410122164,2.0,1.0,False,2024
1,0,24,15.0,31.0,9.0,19.0,3.0,6.0,8.0,17.0,5.0,9.0,8.0,9.0,0.16279501062798638,0.5172413793103449,0.12243068649801792,0.5879396984924623,2.0,2.0,False,2024
1,25,22,12.0,22.0,2.0,6.0,5.0,8.0,8.0,17.0,5.0,9.0,6.0,9.0,0.05857575226822037,0.5778546712802768,0.11254645829969304,0.4936014625228519,2.0,2.0,False,2024
1,7,19,8.0,13.0,3.0,6.0,8.0,12.0,7.0,15.0,3.0,7.0,3.0,5.0,0.14015597188503956,0.5849056603773585,0.049925243774255515,0.32061068702290074,1.0,1.0,True,2024
1,16,1,8.0,15.0,4.0,6.0,10.0,12.0,9.0,17.0,5.0,10.0,7.0,7.0,0.0179224388102311,0.4755877034358047,0.07235140264838599,0.4725663716814159,2.0,2.0,True,2024
0,24,0,8.0,17.0,5.0,9.0,8.0,9.0,15.0,31.0,9.0,19.0,3.0,6.0,0.12243068649801792,0.5879396984924623,0.1302360085023891,0.5136986301369864,2.0,2.0,True,2024
0,27,3,11.0,17.0,5.0,8.0,6.0,7.0,8.0,21.0,4.0,8.0,12.0,13.0,0.1223617816918493,0.41030534351145037,0.15413615733234895,0.46422018348623856,2.0,2.0,False,2024
0,1,16,9.0,17.0,5.0,10.0,7.0,7.0,8.0,15.0,4.0,6.0,10.0,12.0,0.07235140264838599,0.4725663716814159,0.05433795104818488,0.47653429602888087,2.0,2.0,False,2024
0,6,2,5.0,12.0,2.0,6.0,4.0,4.0,11.0,16.0,6.0,10.0,4.0,5.0,0.06445009705201381,0.4900900900900901,0.1751038853338569,0.6242774566473989,1.0,1.0,False,2024
1,2,6,11.0,16.0,6.0,10.0,4.0,5.0,5.0,12.0,2.0,6.0,4.0,4.0,0.1751038853338569,0.6242774566473989,0.051560077641611045,0.4892086330935252,1.0,1.0,True,2024
1,21,9,8.0,19.0,4.0,9.0,6.0,6.0,9.0,18.0,2.0,8.0,7.0,7.0,0.07693083232999434,0.4096153846153846,0.10329796104807765,0.43037974683544306,2.0,2.0,True,2024
0,9,21,9.0,18.0,2.0,8.0,7.0,7.0,8.0,19.0,4.0,9.0,6.0,6.0,0.10329796104807765,0.43037974683544306,0.10154466586399546,0.4107485604606526,2.0,2.0,False,2024
1,3,27,8.0,21.0,4.0,8.0,12.0,13.0,11.0,17.0,5.0,8.0,6.0,7.0,0.15413615733234895,0.46422018348623856,0.09788942535347944,0.4095238095238095,2.0,2.0,True,2024
0,5,13,10.0,21.0,4.0,8.0,4.0,5.0,15.0,22.0,4.0,9.0,4.0,4.0,0.056690255004856915,0.42857142857142855,0.15494156415241025,0.4937388193202147,2.0,2.0,False,2024
1,18,12,12.0,23.0,5.0,11.0,4.0,4.0,10.0,23.0,5.0,10.0,5.0,5.0,0.09675459262873659,0.6201022146507666,0.13286266511296255,0.5557404326123128,2.0,1.0,False,2024
1,13,5,15.0,22.0,4.0,9.0,4.0,4.0,10.0,21.0,4.0,8.0,4.0,5.0,0.15494156415241025,0.4937388193202147,0.04535220400388553,0.42777777777777776,2.0,2.0,True,2024
0,15,20,12.0,26.0,3.0,7.0,5.0,6.0,8.0,17.0,3.0,7.0,8.0,8.0,0.0730177914391746,0.4492481203007519,0.10244482706707622,0.6168067226890757,1.0,2.0,True,2024
1,20,15,8.0,17.0,3.0,7.0,8.0,8.0,12.0,26.0,3.0,7.0,5.0,6.0,0.10244482706707622,0.6168067226890757,0.09841423315133968,0.450281425891182,2.0,1.0,False,2024
0,4,16,15.0,21.0,3.0,13.0,7.0,9.0,10.0,17.0,6.0,10.0,5.0,7.0,0.08671529487941092,0.6527545909849749,0.05433795104818488,0.47653429602888087,2.0,1.0,False,2024
1,16,4,10.0,17.0,6.0,10.0,5.0,7.0,15.0,21.0,3.0,13.0,7.0,9.0,0.05433795104818488,0.47653429602888087,0.06937223590352873,0.6516666666666666,1.0,2.0,True,2024
0,23,17,12.0,21.0,3.0,7.0,7.0,8.0,6.0,15.0,3.0,8.0,6.0,6.0,0.151104860797278,0.47761194029850745,0.035251207240722476,0.4767025089605735,2.0,2.0,True,2024
0,0,11,13.0,22.0,7.0,13.0,6.0,8.0,11.0,23.0,9.0,16.0,12.0,13.0,0.1302360085023891,0.5136986301369864,0.05884527741177514,0.5696649029982364,1.0,1.0,True,2024
1,11,0,11.0,23.0,9.0,16.0,12.0,13.0,13.0,22.0,7.0,13.0,6.0,8.0,0.05884527741177514,0.5696649029982364,0.1441888068019113,0.5170068027210885,1.0,1.0,False,2024
1,17,23,6.0,15.0,3.0,8.0,6.0,6.0,12.0,21.0,3.0,7.0,7.0,8.0,0.035251207240722476,0.4767025089605735,0.1608838886378224,0.478584729981378,2.0,2.0,False,2024
1,8,1,12.0,22.0,4.0,10.0,3.0,6.0,9.0,14.0,2.0,8.0,7.0,10.0,0.15641757434158055,0.48073394495412847,0.05788112211870879,0.4717314487632509,8.0,8.0,True,2024
0,1,8,9.0,14.0,2.0,8.0,7.0,10.0,12.0,22.0,4.0,10.0,3.0,6.0,0.05788112211870879,0.4717314487632509,0.16513405947326443,0.4816849816849817,8.0,8.0,False,2024
0,6,25,8.0,16.0,4.0,10.0,4.0,6.0,9.0,16.0,5.0,8.0,4.0,4.0,0.051560077641611045,0.4892086330935252,0.0468606018145763,0.5768566493955095,8.0,8.0,False,2024
0,21,11,10.0,20.0,6.0,11.0,4.0,4.0,7.0,14.0,2.0,9.0,9.0,10.0,0.10154466586399546,0.4107485604606526,0.04707622192942011,0.5686619718309859,8.0,7.0,True,2024
0,5,15,13.0,21.0,3.0,6.0,3.0,5.0,12.0,18.0,5.0,8.0,4.0,4.0,0.04535220400388553,0.42777777777777776,0.09841423315133968,0.450281425891182,8.0,8.0,False,2024
1,18,28,11.0,24.0,4.0,11.0,9.0,9.0,8.0,18.0,6.0,11.0,11.0,11.0,0.07740367410298928,0.6190476190476191,0.0656990911105548,0.43202979515828677,8.0,8.0,False,2024
0,28,18,8.0,18.0,6.0,11.0,11.0,11.0,11.0,24.0,4.0,11.0,9.0,9.0,0.0656990911105548,0.43202979515828677,0.06192293928239142,0.6179966044142614,8.0,8.0,True,2024
1,11,21,7.0,14.0,2.0,9.0,9.0,10.0,10.0,20.0,6.0,11.0,4.0,4.0,0.04707622192942011,0.5686619718309859,0.12123573269119636,0.4118773946360153,7.0,8.0,False,2024
1,26,24,12.0,19.0,3.0,6.0,4.0,6.0,9.0,16.0,4.0,9.0,4.0,4.0,0.1346441277993597,0.49633699633699635,0.1379445491984143,0.5889724310776943,9.0,8.0,True,2024
0,24,26,9.0,16.0,4.0,9.0,4.0,4.0,12.0,19.0,3.0,6.0,4.0,6.0,0.1379445491984143,0.5889724310776943,0.14771530223948776,0.49725776965265084,8.0,9.0,False,2024
1,25,6,9.0,16.0,5.0,8.0,4.0,4.0,8.0,16.0,4.0,10.0,4.0,6.0,0.0468606018145763,0.5768566493955095,0.04124806211328884,0.4883303411131059,8.0,8.0,True,2024
1,15,5,12.0,18.0,5.0,8.0,4.0,4.0,13.0,21.0,3.0,6.0,3.0,5.0,0.09841423315133968,0.450281425891182,0.03628176320310843,0.4269870609981516,8.0,8.0,True,2024
1,20,14,10.0,17.0,2.0,7.0,4.0,5.0,12.0,25.0,6.0,9.0,7.0,9.0,0.08195586165366098,0.6157718120805369,0.013600024769176863,0.4022346368715084,8.0,8.0,True,2024
0,19,22,13.0,21.0,4.0,9.0,3.0,5.0,10.0,18.0,4.0,10.0,5.0,6.0,0.049925243774255515,0.32061068702290074,0.11254645829969304,0.4936014625228519,8.0,8.0,False,2024
0,14,20,12.0,25.0,6.0,9.0,7.0,9.0,10.0,17.0,2.0,7.0,4.0,5.0,0.013600024769176863,0.4022346368715084,0.10556468932292877,0.6164154103852596,8.0,8.0,False,2024
1,13,7,14.0,27.0,6.0,11.0,7.0,7.0,13.0,22.0,4.0,8.0,7.0,8.0,0.1639532513219282,0.49464285714285716,0.15212477750803166,0.5925925925925926,8.0,8.0,True,2024
0,7,13,13.0,22.0,4.0,8.0,7.0,8.0,14.0,27.0,6.0,11.0,7.0,7.0,0.15212477750803166,0.5925925925925926,0.17116260105754258,0.49554367201426025,8.0,8.0,False,2024
0,2,27,9.0,17.0,5.0,10.0,5.0,6.0,10.0,19.0,4.0,9.0,4.0,4.0,0.1800831082670855,0.625,0.09788942535347944,0.4095238095238095,8.0,8.0,True,2024
0,29,0,11.0,19.0,3.0,9.0,5.0,6.0,12.0,24.0,6.0,13.0,3.0,3.0,0.15490362955231124,0.525305410122164,0.1441888068019113,0.5170068027210885,8.0,7.0,False,2024
1,27,2,10.0,19.0,4.0,9.0,4.0,4.0,9.0,17.0,5.0,10.0,5.0,6.0,0.09788942535347944,0.4095238095238095,0.1840664866136684,0.6257197696737045,8.0,8.0,False,2024
1,0,29,12.0,24.0,6.0,13.0,3.0,3.0,11.0,19.0,3.0,9.0,5.0,6.0,0.1441888068019113,0.5170068027210885,0.12392290364184899,0.524390243902439,7.0,8.0,True,2024
1,22,19,10.0,18.0,4.0,10.0,5.0,6.0,13.0,21.0,4.0,9.0,3.0,5.0,0.11254645829969304,0.4936014625228519,0.03994019501940441,0.32,8.0,8.0,True,2024
1,3,10,7.0,12.0,3.0,5.0,6.0,8.0,7.0,15.0,3.0,4.0,7.0,8.0,0.16330892586587914,0.4652014652014652,0.12914727037891244,0.38847583643122674,8.0,8.0,False,2024
0,10,3,7.0,15.0,3.0,4.0,7.0,8.0,7.0,12.0,3.0,5.0,6.0,8.0,0.12914727037891244,0.38847583643122674,0.1306471406927033,0.4643510054844607,8.0,8.0,True,2024
0,3,18,10.0,16.0,2.0,6.0,6.0,8.0,9.0,22.0,4.0,6.0,4.0,4.0,0.1306471406927033,0.4643510054844607,0.06192293928239142,0.6179966044142614,1.0,1.0,False,2024
1,9,25,10.0,18.0,4.0,11.0,4.0,4.0,9.0,20.0,6.0,11.0,4.0,4.0,0.08263836883846212,0.4296028880866426,0.07748848145166104,0.5775862068965517,9.0,1.0,False,2024
1,8,12,9.0,22.0,3.0,12.0,5.0,6.0,11.0,18.0,5.0,11.0,8.0,12.0,0.16513405947326443,0.4816849816849817,0.13286266511296255,0.5557404326123128,1.0,9.0,False,2024
0,14,26,7.0,19.0,3.0,8.0,5.0,6.0,11.0,17.0,4.0,6.0,9.0,9.0,0.01088001981534149,0.40148698884758366,0.14771530223948776,0.49725776965265084,1.0,1.0,False,2024
0,12,8,11.0,18.0,5.0,11.0,8.0,12.0,9.0,22.0,3.0,12.0,5.0,6.0,0.13286266511296255,0.5557404326123128,0.13210724757861153,0.48080438756855576,9.0,1.0,True,2024
1,23,4,10.0,27.0,4.0,12.0,4.0,6.0,9.0,23.0,4.0,10.0,14.0,21.0,0.1608838886378224,0.478584729981378,0.06937223590352873,0.6516666666666666,8.0,8.0,False,2024
1,18,3,9.0,22.0,4.0,6.0,4.0,4.0,10.0,16.0,2.0,6.0,6.0,8.0,0.06192293928239142,0.6179966044142614,0.10451771255416265,0.4635036496350365,1.0,1.0,True,2024
0,20,17,13.0,21.0,5.0,10.0,4.0,5.0,11.0,21.0,3.0,6.0,4.0,7.0,0.10556468932292877,0.6164154103852596,0.02820096579257798,0.47584973166368516,1.0,8.0,True,2024
0,4,23,9.0,23.0,4.0,10.0,14.0,21.0,10.0,27.0,4.0,12.0,4.0,6.0,0.06937223590352873,0.6516666666666666,0.12870711091025794,0.47769516728624534,8.0,8.0,True,2024
1,17,20,11.0,21.0,3.0,6.0,4.0,7.0,13.0,21.0,5.0,10.0,4.0,5.0,0.02820096579257798,0.47584973166368516,0.12445175145834302,0.617056856187291,8.0,1.0,False,2024
0,24,16,10.0,18.0,4.0,8.0,6.0,7.0,11.0,25.0,2.0,7.0,5.0,7.0,0.11035563935873145,0.5875,0.0834703608385479,0.4774774774774775,1.0,8.0,True,2024
1,0,21,6.0,14.0,3.0,11.0,2.0,2.0,8.0,18.0,3.0,7.0,3.0,3.0,0.15535104544152903,0.5202702702702703,0.12123573269119636,0.4118773946360153,1.0,1.0,True,2024
0,25,9,9.0,20.0,6.0,11.0,4.0,4.0,10.0,18.0,4.0,11.0,4.0,4.0,0.07748848145166104,0.5775862068965517,0.06611069507076969,0.42882882882882883,1.0,9.0,True,2024
1,16,24,11.0,25.0,2.0,7.0,5.0,7.0,10.0,18.0,4.0,8.0,6.0,7.0,0.0834703608385479,0.4774774774774775,0.12828451148698516,0.5885286783042394,8.0,1.0,False,2024
0,21,0,8.0,18.0,3.0,7.0,3.0,3.0,6.0,14.0,3.0,11.0,2.0,2.0,0.12123573269119636,0.4118773946360153,0.16428083635322324,0.5234899328859061,1.0,1.0,False,2024
1,29,5,13.0,22.0,3.0,7.0,8.0,10.0,7.0,16.0,3.0,8.0,10.0,11.0,0.12392290364184899,0.524390243902439,0.03628176320310843,0.4269870609981516,1.0,1.0,True,2024
0,7,1,11.0,24.0,3.0,7.0,11.0,11.0,7.0,18.0,6.0,14.0,7.0,8.0,0.12169982200642533,0.5818181818181818,0.04630489769496703,0.4708994708994709,1.0,1.0,False,2024
1,1,7,7.0,18.0,6.0,14.0,7.0,8.0,11.0,24.0,3.0,7.0,11.0,11.0,0.04630489769496703,0.4708994708994709,0.09735985760514027,0.5714285714285714,1.0,1.0,True,2024
0,5,29,7.0,16.0,3.0,8.0,10.0,11.0,13.0,22.0,3.0,7.0,8.0,10.0,0.03628176320310843,0.4269870609981516,0.1391383229134792,0.5252173913043479,1.0,1.0,False,2024
1,26,14,11.0,17.0,4.0,6.0,9.0,9.0,7.0,19.0,3.0,8.0,5.0,6.0,0.14771530223948776,0.49725776965265084,0.008704015852273192,0.4007421150278293,1.0,1.0,True,2024
1,23,6,11.0,23.0,4.0,8.0,8.0,9.0,7.0,21.0,2.0,11.0,4.0,5.0,0.12870711091025794,0.47769516728624534,0.04124806211328884,0.4883303411131059,1.0,2.0,True,2024
1,28,2,12.0,25.0,4.0,9.0,6.0,6.0,13.0,24.0,3.0,9.0,5.0,5.0,0.09255927288844384,0.43308550185873607,0.1840664866136684,0.6257197696737045,2.0,2.0,False,2024
0,2,28,13.0,24.0,3.0,9.0,5.0,5.0,12.0,25.0,4.0,9.0,6.0,6.0,0.1840664866136684,0.6257197696737045,0.07404741831075508,0.4322820037105751,2.0,2.0,True,2024
0,10,19,6.0,17.0,4.0,5.0,5.0,9.0,11.0,20.0,4.0,7.0,4.0,6.0,0.14331781630312995,0.38961038961038963,0.03994019501940441,0.32,2.0,2.0,True,2024
0,6,23,7.0,21.0,2.0,11.0,4.0,5.0,11.0,23.0,4.0,8.0,8.0,9.0,0.04124806211328884,0.4883303411131059,0.14296568872820634,0.47866419294990725,2.0,1.0,False,2024
1,19,10,11.0,20.0,4.0,7.0,4.0,6.0,6.0,17.0,4.0,5.0,5.0,9.0,0.03994019501940441,0.32,0.15465425304250396,0.3907407407407407,2.0,2.0,False,2024
0,29,7,12.0,19.0,4.0,8.0,2.0,4.0,8.0,20.0,6.0,12.0,6.0,6.0,0.1391383229134792,0.5252173913043479,0.09735985760514027,0.5714285714285714,2.0,2.0,False,2024
0,4,18,10.0,17.0,6.0,8.0,9.0,12.0,8.0,19.0,4.0,9.0,5.0,5.0,0.095497788722823,0.6522462562396006,0.08953835142591313,0.6186440677966102,2.0,2.0,True,2024
1,14,3,11.0,24.0,6.0,13.0,5.0,7.0,11.0,18.0,3.0,9.0,5.0,6.0,0.008704015852273192,0.4007421150278293,0.10451771255416265,0.4635036496350365,2.0,2.0,False,2024
0,3,14,11.0,18.0,3.0,9.0,5.0,6.0,11.0,24.0,6.0,13.0,5.0,7.0,0.10451771255416265,0.4635036496350365,0.006963212681818554,0.4,2.0,2.0,True,2024
1,8,27,9.0,16.0,4.0,9.0,6.0,8.0,10.0,19.0,3.0,9.0,10.0,12.0,0.13210724757861153,0.48080438756855576,0.07831154028278356,0.40874524714828897,2.0,3.0,False,2024
1,11,5,10.0,18.0,5.0,8.0,8.0,8.0,10.0,19.0,4.0,8.0,3.0,5.0,0.03766097754353609,0.5676625659050967,0.029025410562486743,0.4261992619926199,3.0,2.0,True,2024
0,5,11,10.0,19.0,4.0,8.0,3.0,5.0,10.0,18.0,5.0,8.0,8.0,8.0,0.029025410562486743,0.4261992619926199,0.07012878203482888,0.5684210526315789,2.0,3.0,False,2024
1,17,21,11.0,21.0,1.0,8.0,4.0,4.0,8.0,18.0,2.0,6.0,5.0,7.0,0.022560772634062386,0.475,0.0969885861529571,0.4110898661567878,2.0,2.0,False,2024
0,21,17,8.0,18.0,2.0,6.0,5.0,7.0,11.0,21.0,1.0,8.0,4.0,4.0,0.0969885861529571,0.4110898661567878,0.01804861810724991,0.4741532976827095,2.0,2.0,True,2024
1,7,29,8.0,20.0,6.0,12.0,6.0,6.0,12.0,19.0,4.0,8.0,2.0,4.0,0.09735985760514027,0.5714285714285714,0.11131065833078335,0.5243055555555556,2.0,2.0,True,2024
1,18,4,8.0,19.0,4.0,9.0,5.0,5.0,10.0,17.0,6.0,8.0,9.0,12.0,0.08953835142591313,0.6186440677966102,0.11639823097825838,0.6528239202657807,2.0,2.0,False,2024
0,20,0,13.0,24.0,3.0,6.0,6.0,6.0,7.0,19.0,5.0,13.0,9.0,13.0,0.12445175145834302,0.617056856187291,0.16428083635322324,0.5234899328859061,2.0,2.0,True,2024
0,26,1,13.0,23.0,5.0,8.0,8.0,9.0,7.0,16.0,4.0,10.0,6.0,7.0,0.1581722417915902,0.4981751824817518,0.07704391815597364,0.47183098591549294,2.0,2.0,True,2024
1,24,15,8.0,18.0,5.0,10.0,10.0,10.0,12.0,22.0,4.0,7.0,9.0,10.0,0.12828451148698516,0.5885286783042394,0.11873138652107174,0.45131086142322097,2.0,3.0,False,2024
0,10,9,7.0,16.0,4.0,9.0,3.0,5.0,11.0,20.0,3.0,5.0,6.0,6.0,0.15465425304250396,0.3907407407407407,0.06611069507076969,0.42882882882882883,1.0,2.0,False,2024
1,9,10,11.0,20.0,3.0,5.0,6.0,6.0,7.0,16.0,4.0,9.0,3.0,5.0,0.06611069507076969,0.42882882882882883,0.12372340243400318,0.3900184842883549,2.0,1.0,True,2024
1,0,20,7.0,19.0,5.0,13.0,9.0,13.0,13.0,24.0,3.0,6.0,6.0,6.0,0.16428083635322324,0.5234899328859061,0.13956140116667443,0.6176961602671118,2.0,2.0,False,2024
0,27,8,10.0,19.0,3.0,9.0,10.0,12.0,9.0,16.0,4.0,9.0,6.0,8.0,0.07831154028278356,0.40874524714828897,0.10568579806288922,0.47992700729927007,3.0,2.0,True,2024
0,13,22,10.0,22.0,4.0,8.0,9.0,12.0,10.0,15.0,5.0,7.0,11.0,12.0,0.17116260105754258,0.49554367201426025,0.13003716663975443,0.49452554744525545,3.0,3.0,False,2024
1,22,13,10.0,15.0,5.0,7.0,11.0,12.0,10.0,22.0,4.0,8.0,9.0,12.0,0.13003716663975443,0.49452554744525545,0.13693008084603406,0.49466192170818507,3.0,3.0,True,2024
0,15,24,12.0,22.0,4.0,7.0,9.0,10.0,8.0,18.0,5.0,10.0,10.0,10.0,0.11873138652107174,0.45131086142322097,0.10262760918958813,0.5870646766169154,3.0,2.0,True,2024
1,1,26,7.0,16.0,4.0,10.0,6.0,7.0,13.0,23.0,5.0,8.0,8.0,9.0,0.07704391815597364,0.47183098591549294,0.16653779343327216,0.4990892531876138,2.0,2.0,False,2024
0,19,28,10.0,19.0,5.0,7.0,7.0,8.0,11.0,26.0,5.0,11.0,10.0,11.0,0.03195215601552353,0.3193916349809886,0.07404741831075508,0.4322820037105751,2.0,2.0,False,2024
0,6,16,7.0,14.0,3.0,8.0,2.0,4.0,8.0,13.0,2.0,6.0,10.0,13.0,0.03299844969063107,0.4874551971326165,0.06677628867083832,0.4766187050359712,2.0,3.0,True,2024
0,12,15,12.0,18.0,3.0,6.0,6.0,7.0,13.0,24.0,6.0,9.0,2.0,4.0,0.14629013209037003,0.5564784053156147,0.13498510921685739,0.4523364485981308,3.0,1.0,True,2024
1,28,19,11.0,26.0,5.0,11.0,10.0,11.0,10.0,19.0,5.0,7.0,7.0,8.0,0.07404741831075508,0.4322820037105751,0.025561724812418824,0.3187855787476281,2.0,2.0,True,2024
1,22,25,11.0,22.0,5.0,8.0,7.0,9.0,11.0,18.0,4.0,7.0,5.0,5.0,0.14402973331180352,0.49544626593806923,0.10199078516132883,0.5783132530120482,1.0,3.0,False,2024
0,25,22,11.0,18.0,4.0,7.0,5.0,5.0,11.0,22.0,5.0,8.0,7.0,9.0,0.10199078516132883,0.5783132530120482,0.11522378664944281,0.49454545454545457,3.0,1.0,True,2024
1,16,6,8.0,13.0,2.0,6.0,10.0,13.0,7.0,14.0,3.0,8.0,2.0,4.0,0.06677628867083832,0.4766187050359712,0.06639875975250485,0.4883720930232558,3.0,2.0,False,2024
1,15,12,13.0,24.0,6.0,9.0,2.0,4.0,12.0,18.0,3.0,6.0,6.0,7.0,0.13498510921685739,0.4523364485981308,0.15703210567229603,0.5572139303482587,1.0,3.0,False,2024
0,11,9,8.0,16.0,4.0,9.0,5.0,5.0,9.0,19.0,3.0,8.0,7.0,9.0,0.07012878203482888,0.5684210526315789,0.09288855605661575,0.42985611510791366,2.0,2.0,False,2024
0,12,17,7.0,14.0,4.0,6.0,7.0,9.0,10.0,26.0,4.0,11.0,7.0,8.0,0.15703210567229603,0.5572139303482587,0.01804861810724991,0.4741532976827095,1.0,2.0,True,2024
0,0,14,10.0,21.0,6.0,16.0,3.0,4.0,12.0,21.0,4.0,9.0,3.0,3.0,0.1314246690825786,0.52,0.006963212681818554,0.4,2.0,2.0,True,2024
1,17,12,10.0,26.0,4.0,11.0,7.0,8.0,7.0,14.0,4.0,6.0,7.0,9.0,0.01804861810724991,0.4741532976827095,0.16562568453783683,0.5579470198675497,2.0,1.0,False,2024
1,10,6,8.0,12.0,3.0,5.0,8.0,9.0,6.0,13.0,3.0,7.0,6.0,6.0,0.12372340243400318,0.3900184842883549,0.06639875975250485,0.4883720930232558,2.0,1.0,True,2024
0,6,10,6.0,13.0,3.0,7.0,6.0,6.0,8.0,12.0,3.0,5.0,8.0,9.0,0.06639875975250485,0.4883720930232558,0.13897872194720254,0.39114391143911437,1.0,2.0,False,2024
1,26,1,11.0,21.0,4.0,6.0,5.0,6.0,8.0,17.0,2.0,7.0,7.0,12.0,0.16653779343327216,0.4990892531876138,0.06163513452477891,0.4710017574692443,2.0,2.0,True,2024
0,1,26,8.0,17.0,2.0,7.0,7.0,12.0,11.0,21.0,4.0,6.0,5.0,6.0,0.06163513452477891,0.4710017574692443,0.17323023474661775,0.5,2.0,2.0,False,2024
1,28,8,8.0,21.0,7.0,18.0,7.0,8.0,9.0,18.0,6.0,11.0,7.0,8.0,0.09923793464860406,0.43333333333333335,0.10568579806288922,0.47992700729927007,1.0,2.0,False,2024
0,8,28,9.0,18.0,6.0,11.0,7.0,8.0,8.0,21.0,7.0,18.0,7.0,8.0,0.10568579806288922,0.47992700729927007,0.07939034771888324,0.43253234750462105,2.0,1.0,True,2024
1,23,5,13.0,29.0,4.0,10.0,5.0,5.0,9.0,18.0,5.0,11.0,5.0,5.0,0.14296568872820634,0.47866419294990725,0.023220328449989395,0.425414364640884,3.0,2.0,True,2024
1,4,21,9.0,16.0,4.0,9.0,7.0,8.0,6.0,15.0,4.0,9.0,5.0,5.0,0.11639823097825838,0.6528239202657807,0.11759086892236567,0.4122137404580153,2.0,2.0,True,2024
0,5,23,9.0,18.0,5.0,11.0,5.0,5.0,13.0,29.0,4.0,10.0,5.0,5.0,0.023220328449989395,0.425414364640884,0.15437255098256508,0.47962962962962963,2.0,3.0,False,2024
1,14,0,12.0,21.0,4.0,9.0,3.0,3.0,10.0,21.0,6.0,16.0,3.0,4.0,0.006963212681818554,0.4,0.14513973526606289,0.5231788079470199,2.0,2.0,False,2024
0,21,4,6.0,15.0,4.0,9.0,5.0,5.0,9.0,16.0,4.0,9.0,7.0,8.0,0.11759086892236567,0.4122137404580153,0.1331185847826067,0.6533996683250415,2.0,2.0,False,2024
1,3,13,11.0,20.0,7.0,11.0,5.0,6.0,17.0,29.0,6.0,11.0,5.0,5.0,0.12361417004333011,0.4644808743169399,0.13693008084603406,0.49466192170818507,2.0,2.0,True,2024
0,19,27,9.0,13.0,5.0,9.0,6.0,8.0,12.0,23.0,1.0,7.0,7.0,8.0,0.025561724812418824,0.3187855787476281,0.10264923222622684,0.4098671726755218,1.0,2.0,True,2024
1,27,19,12.0,23.0,1.0,7.0,7.0,8.0,9.0,13.0,5.0,9.0,6.0,8.0,0.10264923222622684,0.4098671726755218,0.06044937984993506,0.32007575757575757,2.0,1.0,False,2024
1,9,11,9.0,19.0,3.0,8.0,7.0,9.0,8.0,16.0,4.0,9.0,5.0,5.0,0.09288855605661575,0.42985611510791366,0.0561030256278631,0.5674255691768827,2.0,2.0,True,2024
1,2,18,11.0,20.0,1.0,7.0,12.0,12.0,12.0,24.0,4.0,12.0,4.0,4.0,0.18725318929093474,0.6264367816091954,0.0716306811407305,0.6175972927241963,3.0,2.0,True,2024
0,18,2,12.0,24.0,4.0,12.0,4.0,4.0,11.0,20.0,1.0,7.0,12.0,12.0,0.0716306811407305,0.6175972927241963,0.18980255143274777,0.627151051625239,2.0,3.0,False,2024
0,13,3,17.0,29.0,6.0,11.0,5.0,5.0,11.0,20.0,7.0,11.0,5.0,6.0,0.13693008084603406,0.49466192170818507,0.13889133603466408,0.46545454545454545,2.0,2.0,False,2024
0,16,23,11.0,23.0,3.0,10.0,8.0,10.0,11.0,21.0,4.0,7.0,11.0,11.0,0.05342103093667065,0.4757630161579892,0.15437255098256508,0.47962962962962963,2.0,1.0,False,2024
0,8,22,10.0,21.0,5.0,8.0,13.0,13.0,11.0,18.0,4.0,9.0,4.0,4.0,0.12454863845031139,0.4808743169398907,0.11522378664944281,0.49454545454545457,1.0,2.0,False,2024
1,25,13,10.0,22.0,5.0,11.0,5.0,9.0,11.0,23.0,5.0,10.0,7.0,9.0,0.12159262812906306,0.5790378006872853,0.10954406467682724,0.4937833037300178,2.0,1.0,False,2024
0,13,25,11.0,23.0,5.0,10.0,7.0,9.0,10.0,22.0,5.0,11.0,5.0,9.0,0.10954406467682724,0.4937833037300178,0.09727410250325044,0.5780445969125214,1.0,2.0,True,2024
1,23,16,11.0,21.0,4.0,7.0,11.0,11.0,11.0,23.0,3.0,10.0,8.0,10.0,0.15437255098256508,0.47962962962962963,0.04273682474933652,0.47491039426523296,1.0,2.0,True,2024
1,24,29,11.0,19.0,3.0,9.0,5.0,6.0,13.0,21.0,7.0,12.0,4.0,5.0,0.10262760918958813,0.5870646766169154,0.11131065833078335,0.5243055555555556,3.0,3.0,False,2024
1,27,3,10.0,26.0,4.0,13.0,17.0,19.0,11.0,22.0,7.0,14.0,5.0,7.0,0.08211938578098146,0.4090909090909091,0.13889133603466408,0.46545454545454545,1.0,1.0,True,2024
0,15,20,9.0,17.0,4.0,8.0,3.0,4.0,13.0,15.0,5.0,6.0,4.0,4.0,0.1079880873734859,0.45149253731343286,0.13956140116667443,0.6176961602671118,2.0,3.0,False,2024
0,3,27,11.0,22.0,7.0,14.0,5.0,7.0,10.0,26.0,4.0,13.0,17.0,19.0,0.13889133603466408,0.46545454545454545,0.10569550862478519,0.4102079395085066,1.0,1.0,False,2024
1,22,8,11.0,18.0,4.0,9.0,4.0,4.0,10.0,21.0,5.0,8.0,13.0,13.0,0.11522378664944281,0.49454545454545457,0.09963891076024911,0.48,2.0,1.0,True,2024
1,20,15,13.0,15.0,5.0,6.0,4.0,4.0,9.0,17.0,4.0,8.0,3.0,4.0,0.13956140116667443,0.6176961602671118,0.08639046989878872,0.4506517690875233,3.0,2.0,True,2024
0,29,24,13.0,21.0,7.0,12.0,4.0,5.0,11.0,19.0,3.0,9.0,5.0,6.0,0.11131065833078335,0.5243055555555556,0.0821020873516705,0.5856079404466501,3.0,3.0,True,2024
0,9,6,11.0,19.0,2.0,5.0,4.0,7.0,10.0,15.0,7.0,11.0,3.0,4.0,0.11431084484529261,0.43087971274685816,0.05311900780200388,0.4875,2.0,2.0,False,2024
1,5,26,12.0,20.0,5.0,7.0,5.0,7.0,12.0,22.0,4.0,7.0,6.0,7.0,0.018576262759991517,0.42463235294117646,0.17323023474661775,0.5,2.0,2.0,True,2024
0,26,5,12.0,22.0,4.0,7.0,6.0,7.0,12.0,20.0,5.0,7.0,5.0,7.0,0.17323023474661775,0.5,0.05486101020799321,0.42568807339449544,2.0,2.0,False,2024
1,7,1,13.0,27.0,6.0,11.0,8.0,16.0,10.0,28.0,7.0,17.0,7.0,7.0,0.1178878860841122,0.5789473684210527,0.04930810761982313,0.47017543859649125,4.0,2.0,True,2024
0,1,7,10.0,28.0,7.0,17.0,7.0,7.0,13.0,27.0,6.0,11.0,8.0,16.0,0.04930810761982313,0.47017543859649125,0.13431030886728976,0.5862068965517241,2.0,4.0,False,2024
1,10,11,10.0,16.0,4.0,7.0,8.0,11.0,7.0,15.0,4.0,7.0,7.0,10.0,0.13897872194720254,0.39114391143911437,0.0561030256278631,0.5674255691768827,2.0,2.0,True,2024
0,0,28,12.0,26.0,8.0,18.0,3.0,4.0,11.0,25.0,4.0,12.0,4.0,5.0,0.14513973526606289,0.5231788079470199,0.07939034771888324,0.43253234750462105,2.0,2.0,True,2024
0,11,10,7.0,15.0,4.0,7.0,7.0,10.0,10.0,16.0,4.0,7.0,8.0,11.0,0.0561030256278631,0.5674255691768827,0.15118297755776203,0.39226519337016574,2.0,2.0,False,2024
0,14,29,13.0,26.0,5.0,12.0,3.0,4.0,14.0,24.0,4.0,11.0,12.0,13.0,0.005570570145454843,0.39926062846580407,0.12904852666462668,0.5251299826689775,2.0,1.0,False,2024
1,29,14,14.0,24.0,4.0,11.0,12.0,13.0,13.0,26.0,5.0,12.0,3.0,4.0,0.12904852666462668,0.5251299826689775,0.004456456116363874,0.3985239852398524,1.0,2.0,True,2024
1,6,9,10.0,15.0,7.0,11.0,3.0,4.0,11.0,19.0,2.0,5.0,4.0,7.0,0.05311900780200388,0.4875,0.09144867587623409,0.43010752688172044,2.0,2.0,True,2024
0,4,21,10.0,15.0,5.0,9.0,4.0,5.0,8.0,21.0,3.0,7.0,4.0,6.0,0.1331185847826067,0.6533996683250415,0.09407269513789254,0.4114285714285714,2.0,2.0,True,2024
1,28,0,11.0,25.0,4.0,12.0,4.0,5.0,12.0,26.0,8.0,18.0,3.0,4.0,0.07939034771888324,0.43253234750462105,0.1561117882128503,0.5263157894736842,2.0,2.0,False,2024
0,12,20,8.0,18.0,2.0,8.0,6.0,9.0,12.0,23.0,4.0,10.0,6.0,6.0,0.16562568453783683,0.5579470198675497,0.15164912093333954,0.6183333333333333,2.0,1.0,False,2024
1,20,12,12.0,23.0,4.0,10.0,6.0,6.0,8.0,18.0,2.0,8.0,6.0,9.0,0.15164912093333954,0.6183333333333333,0.13250054763026947,0.5570247933884298,1.0,2.0,True,2024
1,21,4,8.0,21.0,3.0,7.0,4.0,6.0,10.0,15.0,5.0,9.0,4.0,5.0,0.09407269513789254,0.4114285714285714,0.1464948678260854,0.6539735099337748,2.0,2.0,False,2024
1,25,0,9.0,15.0,3.0,11.0,5.0,7.0,9.0,22.0,7.0,15.0,6.0,6.0,0.09727410250325044,0.5780445969125214,0.1561117882128503,0.5263157894736842,2.0,1.0,False,2024
1,24,14,9.0,20.0,6.0,9.0,7.0,7.0,13.0,19.0,5.0,7.0,4.0,5.0,0.0821020873516705,0.5856079404466501,0.004456456116363874,0.3985239852398524,2.0,1.0,True,2024
0,0,25,9.0,22.0,7.0,15.0,6.0,6.0,9.0,15.0,3.0,11.0,5.0,7.0,0.1561117882128503,0.5263157894736842,0.07781928200260035,0.577054794520548,1.0,2.0,True,2024
1,18,21,13.0,29.0,5.0,10.0,6.0,6.0,10.0,18.0,5.0,10.0,4.0,4.0,0.057304544912584396,0.6165540540540541,0.07525815611031403,0.41064638783269963,3.0,1.0,True,2024
1,8,22,13.0,21.0,6.0,12.0,7.0,9.0,6.0,12.0,2.0,8.0,4.0,4.0,0.09963891076024911,0.48,0.13217902931955425,0.4954627949183303,2.0,2.0,True,2024
0,22,8,6.0,12.0,2.0,8.0,4.0,4.0,13.0,21.0,6.0,12.0,7.0,9.0,0.13217902931955425,0.4954627949183303,0.11971112860819928,0.4809437386569873,2.0,2.0,False,2024
1,23,15,9.0,18.0,5.0,7.0,6.0,8.0,16.0,29.0,5.0,8.0,6.0,10.0,0.16349804078605207,0.4805914972273567,0.08639046989878872,0.4506517690875233,2.0,2.0,False,2024
0,15,23,16.0,29.0,5.0,8.0,6.0,10.0,9.0,18.0,5.0,7.0,6.0,8.0,0.08639046989878872,0.4506517690875233,0.13079843262884167,0.4797047970479705,2.0,2.0,True,2024
0,21,18,10.0,18.0,5.0,10.0,4.0,4.0,13.0,29.0,5.0,10.0,6.0,6.0,0.07525815611031403,0.41064638783269963,0.08584363593006752,0.6172006745362564,1.0,3.0,False,2024
0,14,24,13.0,19.0,5.0,7.0,4.0,5.0,9.0,20.0,6.0,9.0,7.0,7.0,0.004456456116363874,0.3985239852398524,0.1056816698813364,0.5866336633663366,1.0,2.0,False,2024
0,3,19,9.0,21.0,8.0,12.0,8.0,11.0,6.0,19.0,4.0,9.0,7.0,7.0,0.11111306882773127,0.4646098003629764,0.06044937984993506,0.32007575757575757,2.0,3.0,True,2024
1,27,4,8.0,18.0,3.0,6.0,6.0,6.0,16.0,22.0,4.0,10.0,12.0,16.0,0.10569550862478519,0.4102079395085066,0.1464948678260854,0.6539735099337748,2.0,1.0,False,2024
0,4,27,16.0,22.0,4.0,10.0,12.0,16.0,8.0,18.0,3.0,6.0,6.0,6.0,0.1464948678260854,0.6539735099337748,0.08455640689982816,0.40943396226415096,1.0,2.0,True,2024
1,2,13,11.0,20.0,5.0,9.0,7.0,7.0,14.0,25.0,3.0,9.0,6.0,8.0,0.18980255143274777,0.627151051625239,0.12763525174146179,0.4946808510638298,3.0,2.0,True,2024
0,13,2,14.0,25.0,3.0,9.0,6.0,8.0,11.0,20.0,5.0,9.0,7.0,7.0,0.12763525174146179,0.4946808510638298,0.19184204114619824,0.6278625954198473,2.0,3.0,False,2024
0,17,16,8.0,16.0,3.0,8.0,4.0,4.0,7.0,13.0,3.0,7.0,4.0,5.0,0.014438894485799927,0.47330960854092524,0.04273682474933652,0.47491039426523296,3.0,2.0,True,2024
1,16,17,7.0,13.0,3.0,7.0,4.0,5.0,8.0,16.0,3.0,8.0,4.0,4.0,0.04273682474933652,0.47491039426523296,0.05155111558863994,0.47424511545293074,2.0,3.0,False,2024
1,19,3,6.0,19.0,4.0,9.0,7.0,7.0,9.0,21.0,8.0,12.0,8.0,11.0,0.06044937984993506,0.32007575757575757,0.12889045506218502,0.46557971014492755,3.0,2.0,False,2024
1,16,17,7.0,15.0,5.0,9.0,8.0,10.0,10.0,23.0,4.0,9.0,6.0,7.0,0.03418945979946922,0.4740608228980322,0.05155111558863994,0.47424511545293074,1.0,1.0,False,2024
1,12,11,12.0,19.0,4.0,9.0,10.0,11.0,12.0,23.0,6.0,14.0,11.0,12.0,0.13250054763026947,0.5570247933884298,0.04488242050229048,0.5664335664335665,2.0,2.0,True,2024
1,7,1,12.0,19.0,4.0,8.0,8.0,8.0,12.0,23.0,6.0,12.0,4.0,4.0,0.13431030886728976,0.5862068965517241,0.039446486095858505,0.46935201401050786,2.0,2.0,False,2024
0,1,7,12.0,23.0,6.0,12.0,4.0,4.0,12.0,19.0,4.0,8.0,8.0,8.0,0.039446486095858505,0.46935201401050786,0.1074482470938318,0.576271186440678,2.0,2.0,True,2024
0,11,12,12.0,23.0,6.0,14.0,11.0,12.0,12.0,19.0,4.0,9.0,10.0,11.0,0.04488242050229048,0.5664335664335665,0.14600043810421556,0.5577557755775577,2.0,2.0,False,2024
1,6,9,14.0,26.0,5.0,10.0,7.0,7.0,8.0,19.0,4.0,8.0,5.0,5.0,0.08249520624160311,0.48841354723707664,0.09144867587623409,0.43010752688172044,2.0,2.0,True,2024
0,20,29,16.0,25.0,5.0,5.0,2.0,2.0,12.0,20.0,3.0,7.0,3.0,4.0,0.16131929674667161,0.6189683860232945,0.14323882133170135,0.5259515570934256,2.0,2.0,True,2024
0,9,6,8.0,19.0,4.0,8.0,5.0,5.0,14.0,26.0,5.0,10.0,7.0,7.0,0.09144867587623409,0.43010752688172044,0.10599616499328249,0.4893238434163701,2.0,2.0,False,2024
1,29,20,12.0,20.0,3.0,7.0,3.0,4.0,16.0,25.0,5.0,5.0,2.0,2.0,0.14323882133170135,0.5259515570934256,0.1690554373973373,0.6196013289036545,2.0,2.0,False,2024
0,17,16,10.0,23.0,4.0,9.0,6.0,7.0,7.0,15.0,5.0,9.0,8.0,10.0,0.05155111558863994,0.47424511545293074,0.027351567839575375,0.4732142857142857,1.0,1.0,True,2024
0,19,10,6.0,13.0,3.0,8.0,4.0,4.0,10.0,16.0,2.0,4.0,8.0,9.0,0.04835950387994804,0.31947069943289225,0.15118297755776203,0.39226519337016574,2.0,3.0,False,2024
1,10,19,10.0,16.0,2.0,4.0,8.0,9.0,6.0,13.0,3.0,8.0,4.0,4.0,0.15118297755776203,0.39226519337016574,0.03868760310395843,0.31886792452830187,3.0,2.0,True,2024
1,25,21,10.0,20.0,3.0,7.0,8.0,8.0,11.0,21.0,4.0,9.0,6.0,7.0,0.07781928200260035,0.577054794520548,0.06020652488825122,0.4098671726755218,2.0,2.0,True,2024
0,21,25,11.0,21.0,4.0,9.0,6.0,7.0,10.0,20.0,3.0,7.0,8.0,8.0,0.06020652488825122,0.4098671726755218,0.10225542560208027,0.5777777777777777,2.0,2.0,False,2024
0,22,5,13.0,17.0,4.0,9.0,9.0,13.0,11.0,20.0,3.0,7.0,6.0,7.0,0.1057432234556434,0.4945652173913043,0.05486101020799321,0.42568807339449544,2.0,3.0,False,2024
1,7,26,10.0,16.0,3.0,8.0,8.0,10.0,15.0,27.0,3.0,8.0,5.0,7.0,0.1074482470938318,0.576271186440678,0.1385841877972942,0.49909255898366606,1.0,3.0,False,2024
0,26,7,15.0,27.0,3.0,8.0,5.0,7.0,10.0,16.0,3.0,8.0,8.0,10.0,0.1385841877972942,0.49909255898366606,0.08595859767506545,0.5666666666666667,3.0,1.0,True,2024
1,5,22,11.0,20.0,3.0,7.0,6.0,7.0,13.0,17.0,4.0,9.0,9.0,13.0,0.05486101020799321,0.42568807339449544,0.08459457876451472,0.4936708860759494,3.0,2.0,True,2024
0,0,2,7.0,16.0,3.0,10.0,3.0,4.0,11.0,19.0,5.0,10.0,5.0,5.0,0.16488943057028024,0.5294117647058824,0.19184204114619824,0.6278625954198473,2.0,2.0,False,2024
0,24,23,12.0,26.0,6.0,11.0,7.0,8.0,9.0,20.0,3.0,10.0,6.0,6.0,0.1056816698813364,0.5866336633663366,0.13079843262884167,0.4797047970479705,2.0,2.0,True,2024
0,18,13,11.0,19.0,3.0,8.0,7.0,7.0,14.0,27.0,5.0,10.0,6.0,6.0,0.08584363593006752,0.6172006745362564,0.10210820139316942,0.49380530973451325,2.0,2.0,True,2024
1,3,28,8.0,14.0,7.0,13.0,2.0,4.0,11.0,22.0,6.0,14.0,3.0,4.0,0.12889045506218502,0.46557971014492755,0.0635122781751066,0.4317343173431734,2.0,3.0,False,2024
0,28,3,11.0,22.0,6.0,14.0,3.0,4.0,8.0,14.0,7.0,13.0,2.0,4.0,0.0635122781751066,0.4317343173431734,0.10311236404974802,0.46473779385171793,3.0,2.0,True,2024
1,23,24,9.0,20.0,3.0,10.0,6.0,6.0,12.0,26.0,6.0,11.0,7.0,8.0,0.13079843262884167,0.4797047970479705,0.12454533590506914,0.5876543209876544,2.0,2.0,False,2024
1,2,0,11.0,19.0,5.0,10.0,5.0,5.0,7.0,16.0,3.0,10.0,3.0,4.0,0.19184204114619824,0.6278625954198473,0.1319115444562242,0.525974025974026,2.0,2.0,True,2024
1,13,18,14.0,27.0,5.0,10.0,6.0,6.0,11.0,19.0,3.0,8.0,7.0,7.0,0.10210820139316942,0.49380530973451325,0.10867490874405401,0.6178451178451179,2.0,2.0,False,2024
1,15,27,8.0,19.0,2.0,7.0,4.0,4.0,14.0,19.0,5.0,9.0,11.0,12.0,0.10911237591903097,0.4516728624535316,0.08455640689982816,0.40943396226415096,3.0,3.0,False,2024
0,27,15,14.0,19.0,5.0,9.0,11.0,12.0,8.0,19.0,2.0,7.0,4.0,4.0,0.08455640689982816,0.40943396226415096,0.08728990073522477,0.45083487940630795,3.0,3.0,True,2024
1,23,17,9.0,13.0,4.0,6.0,7.0,7.0,13.0,26.0,5.0,13.0,3.0,5.0,0.10463874610307333,0.47882136279926335,0.08124089247091196,0.475177304964539,1.0,2.0,True,2024
0,17,23,13.0,26.0,5.0,13.0,3.0,5.0,9.0,13.0,4.0,6.0,7.0,7.0,0.08124089247091196,0.475177304964539,0.12371099688245865,0.4797794117647059,2.0,1.0,False,2024
0,14,11,11.0,18.0,6.0,10.0,7.0,11.0,13.0,26.0,4.0,9.0,8.0,9.0,0.0035651648930910993,0.39779005524861877,0.035905936401832386,0.5654450261780105,3.0,2.0,False,2024
1,4,24,12.0,22.0,4.0,9.0,13.0,13.0,10.0,19.0,6.0,10.0,6.0,9.0,0.1571958942608683,0.6545454545454545,0.12454533590506914,0.5876543209876544,3.0,1.0,True,2024
1,6,16,8.0,15.0,3.0,10.0,5.0,9.0,8.0,12.0,6.0,9.0,6.0,8.0,0.10599616499328249,0.4893238434163701,0.027351567839575375,0.4732142857142857,2.0,2.0,False,2024
0,16,6,8.0,12.0,6.0,9.0,6.0,8.0,8.0,15.0,3.0,10.0,5.0,9.0,0.027351567839575375,0.4732142857142857,0.08479693199462598,0.48845470692717585,2.0,2.0,True,2024
0,26,29,6.0,14.0,5.0,7.0,9.0,9.0,9.0,17.0,5.0,11.0,10.0,11.0,0.15086735023783535,0.5,0.11459105706536107,0.5250431778929189,1.0,2.0,False,2024
1,11,14,13.0,26.0,4.0,9.0,8.0,9.0,11.0,18.0,6.0,10.0,7.0,11.0,0.035905936401832386,0.5654450261780105,0.0028521319144728793,0.39705882352941174,2.0,3.0,True,2024
1,29,26,9.0,17.0,5.0,11.0,10.0,11.0,6.0,14.0,5.0,7.0,9.0,9.0,0.11459105706536107,0.5250431778929189,0.12069388019026828,0.49909584086799275,2.0,1.0,True,2024
0,24,4,10.0,19.0,6.0,10.0,6.0,9.0,12.0,22.0,4.0,9.0,13.0,13.0,0.12454533590506914,0.5876543209876544,0.16575671540869466,0.6551155115511551,1.0,3.0,False,2024
